GO_ID	GO_NAME	ANNOTATION_EXTENSION
GO:0004197	cysteine-type endopeptidase activity	GO:0016540
GO:0017116	single-stranded DNA-dependent ATP-dependent DNA helicase activity	activated_by(CHEBI:14321
GO:0003876	AMP deaminase activity	activated_by(CHEBI:15422
GO:0003938	IMP dehydrogenase activity	activated_by(CHEBI:15422)
GO:0051063	CDP reductase activity	activated_by(CHEBI:15422)
GO:0008017	microtubule binding	activated_by(CHEBI:15422)
GO:0003697	single-stranded DNA binding	activated_by(CHEBI:15422)
GO:0004748	ribonucleoside-diphosphate reductase activity, thioredoxin disulfide as acceptor	activated_by(CHEBI:15422)
GO:0015278	calcium-release channel activity	activated_by(CHEBI:15422)
GO:0005515	protein binding	activated_by(CHEBI:16235)
GO:0003984	acetolactate synthase activity	activated_by(CHEBI:16238
GO:0000982	transcription factor activity, RNA polymerase II core promoter proximal region sequence-specific binding	activated_by(CHEBI:16240
GO:0038181	bile acid receptor activity	activated_by(CHEBI:16325)
GO:0004725	protein tyrosine phosphatase activity	activated_by(CHEBI:16356)
GO:0004143	diacylglycerol kinase activity	activated_by(CHEBI:16393
GO:0004143	diacylglycerol kinase activity	activated_by(CHEBI:16393
GO:0030284	estrogen receptor activity	activated_by(CHEBI:16469)
GO:0038181	bile acid receptor activity	activated_by(CHEBI:16755)
GO:0008553	hydrogen-exporting ATPase activity, phosphorylative mechanism	activated_by(CHEBI:17234)
GO:0004707	MAP kinase activity	activated_by(CHEBI:17489)
GO:0045762	positive regulation of adenylate cyclase activity	activated_by(CHEBI:17489)
GO:0031284	positive regulation of guanylate cyclase activity	activated_by(CHEBI:17489)
GO:0090630	activation of GTPase activity	activated_by(CHEBI:17489)
GO:0005515	protein binding	activated_by(CHEBI:17489)
GO:0031434	mitogen-activated protein kinase kinase binding	activated_by(CHEBI:17489)
GO:0016887	ATPase activity	activated_by(CHEBI:17517)
GO:0015233	pantothenate transmembrane transporter activity	activated_by(CHEBI:17634)
GO:0004016	adenylate cyclase activity	activated_by(CHEBI:17992)
GO:0003882	CDP-diacylglycerol-serine O-phosphatidyltransferase activity	activated_by(CHEBI:18291)
GO:0004359	glutaminase activity	activated_by(CHEBI:18302)
GO:0004143	diacylglycerol kinase activity	activated_by(CHEBI:18303
GO:0004143	diacylglycerol kinase activity	activated_by(CHEBI:18303)
GO:0043565	sequence-specific DNA binding	activated_by(CHEBI:18420
GO:0004743	pyruvate kinase activity	activated_by(CHEBI:18420
GO:0004419	hydroxymethylglutaryl-CoA lyase activity	activated_by(CHEBI:18420
GO:0052658	inositol-1,4,5-trisphosphate 5-phosphatase activity	activated_by(CHEBI:18420)
GO:0005388	calcium-transporting ATPase activity	activated_by(CHEBI:18420)
GO:0052642	lysophosphatidic acid phosphatase activity	activated_by(CHEBI:18420)
GO:0030946	protein tyrosine phosphatase activity, metal-dependent	activated_by(CHEBI:18420)
GO:0043141	ATP-dependent 5'-3' DNA helicase activity	activated_by(CHEBI:18420)
GO:0008441	3'(2'),5'-bisphosphate nucleotidase activity	activated_by(CHEBI:18420)
GO:0003999	adenine phosphoribosyltransferase activity	activated_by(CHEBI:18420)
GO:0000175	3'-5'-exoribonuclease activity	activated_by(CHEBI:18420)
GO:0004788	thiamine diphosphokinase activity	activated_by(CHEBI:18420)
GO:0008821	crossover junction endodeoxyribonuclease activity	activated_by(CHEBI:18420)
GO:0004693	cyclin-dependent protein serine/threonine kinase activity	activated_by(CHEBI:18420)
GO:0004371	glycerone kinase activity	activated_by(CHEBI:18420)
GO:0052657	guanine phosphoribosyltransferase activity	activated_by(CHEBI:18420)
GO:1990439	MAP kinase threonine phosphatase activity	activated_by(CHEBI:18420)
GO:0004651	polynucleotide 5'-phosphatase activity	activated_by(CHEBI:18420)
GO:0004721	phosphoprotein phosphatase activity	activated_by(CHEBI:18420)
GO:0004520	endodeoxyribonuclease activity	activated_by(CHEBI:18420)
GO:0004672	protein kinase activity	activated_by(CHEBI:18420)
GO:0008420	CTD phosphatase activity	activated_by(CHEBI:18420)
GO:0043531	ADP binding	activated_by(CHEBI:18420)
GO:0004035	alkaline phosphatase activity	activated_by(CHEBI:18420)
GO:0043141	ATP-dependent 5'-3' DNA helicase activity	activated_by(CHEBI:18420)
GO:1901671	positive regulation of superoxide dismutase activity	activated_by(CHEBI:23378
GO:0030284	estrogen receptor activity	activated_by(CHEBI:23965
GO:0043547	positive regulation of GTPase activity	activated_by(CHEBI:26034)
GO:0017112	Rab guanyl-nucleotide exchange factor activity	activated_by(CHEBI:26034)
GO:0004016	adenylate cyclase activity	activated_by(CHEBI:26710
GO:0046403	polynucleotide 3'-phosphatase activity	activated_by(CHEBI:26710)
GO:0032450	maltose alpha-glucosidase activity	activated_by(CHEBI:26710)
GO:0001077	transcriptional activator activity, RNA polymerase II core promoter proximal region sequence-specific binding	activated_by(CHEBI:28107)
GO:1990841	promoter-specific chromatin binding	activated_by(CHEBI:28260)
GO:1990841	promoter-specific chromatin binding	activated_by(CHEBI:28260)
GO:0038181	bile acid receptor activity	activated_by(CHEBI:28834)
GO:0051864	histone demethylase activity (H3-K36 specific)	activated_by(CHEBI:29033)
GO:0016706	oxidoreductase activity, acting on paired donors, with incorporation or reduction of molecular oxygen, 2-oxoglutarate as one donor, and incorporation of one atom each of oxygen into both donors	activated_by(CHEBI:29033)
GO:0004674	protein serine/threonine kinase activity	activated_by(CHEBI:29035
GO:0008420	CTD phosphatase activity	activated_by(CHEBI:29035)
GO:0008821	crossover junction endodeoxyribonuclease activity	activated_by(CHEBI:29035)
GO:0004382	guanosine-diphosphatase activity	activated_by(CHEBI:29035)
GO:0016887	ATPase activity	activated_by(CHEBI:29035)
GO:0004016	adenylate cyclase activity	activated_by(CHEBI:29035)
GO:0004651	polynucleotide 5'-phosphatase activity	activated_by(CHEBI:29035)
GO:0004693	cyclin-dependent protein serine/threonine kinase activity	activated_by(CHEBI:29035)
GO:0043141	ATP-dependent 5'-3' DNA helicase activity	activated_by(CHEBI:29035)
GO:0016830	carbon-carbon lyase activity	activated_by(CHEBI:29103
GO:0016830	carbon-carbon lyase activity	activated_by(CHEBI:29103
GO:0004029	aldehyde dehydrogenase (NAD) activity	activated_by(CHEBI:29103)
GO:0008441	3'(2'),5'-bisphosphate nucleotidase activity	activated_by(CHEBI:29103)
GO:0004743	pyruvate kinase activity	activated_by(CHEBI:29103)
GO:0004030	aldehyde dehydrogenase [NAD(P)+] activity	activated_by(CHEBI:29103)
GO:0004598	peptidylamidoglycolate lyase activity	activated_by(CHEBI:29105)
GO:0042500	aspartic endopeptidase activity, intramembrane cleaving	activated_by(CHEBI:29105)
GO:0015276	ligand-gated ion channel activity	activated_by(CHEBI:29105)
GO:0033699	DNA 5'-adenosine monophosphate hydrolase activity	activated_by(CHEBI:29105)
GO:0098744	1-phosphatidylinositol 4-kinase activator activity	activated_by(CHEBI:29108
GO:0005546	phosphatidylinositol-4,5-bisphosphate binding	activated_by(CHEBI:29108
GO:0000149	SNARE binding	activated_by(CHEBI:29108
GO:0004371	glycerone kinase activity	activated_by(CHEBI:29108)
GO:0090630	activation of GTPase activity	activated_by(CHEBI:29108)
GO:0016301	kinase activity	activated_by(CHEBI:29108)
GO:0004030	aldehyde dehydrogenase [NAD(P)+] activity	activated_by(CHEBI:29108)
GO:0001786	phosphatidylserine binding	activated_by(CHEBI:29108)
GO:0003980	UDP-glucose:glycoprotein glucosyltransferase activity	activated_by(CHEBI:29108)
GO:0004382	guanosine-diphosphatase activity	activated_by(CHEBI:29108)
GO:0046982	protein heterodimerization activity	activated_by(CHEBI:29108)
GO:0001849	complement component C1q binding	activated_by(CHEBI:29108)
GO:0042803	protein homodimerization activity	activated_by(CHEBI:29108)
GO:0005515	protein binding	activated_by(CHEBI:29108)
GO:0050839	cell adhesion molecule binding	activated_by(CHEBI:29108)
GO:0046790	virion binding	activated_by(CHEBI:29108)
GO:0005537	mannose binding	activated_by(CHEBI:29108)
GO:0005516	calmodulin binding	activated_by(CHEBI:29108)
GO:0004143	diacylglycerol kinase activity	activated_by(CHEBI:32568
GO:0032450	maltose alpha-glucosidase activity	activated_by(CHEBI:32599)
GO:0004143	diacylglycerol kinase activity	activated_by(CHEBI:32700
GO:0032450	maltose alpha-glucosidase activity	activated_by(CHEBI:3312)
GO:0016990	arginine deiminase activity	activated_by(CHEBI:3312)
GO:0004874	aryl hydrocarbon receptor activity	activated_by(CHEBI:34342
GO:0006919	activation of cysteine-type endopeptidase activity involved in apoptotic process	activated_by(CHEBI:42588)
GO:0070300	phosphatidic acid binding	activated_by(CHEBI:43000)
GO:0008420	CTD phosphatase activity	activated_by(CHEBI:48828)
GO:0016887	ATPase activity	activated_by(CHEBI:48828)
GO:0043547	positive regulation of GTPase activity	activated_by(CHEBI:60568
GO:0017112	Rab guanyl-nucleotide exchange factor activity	activated_by(CHEBI:60568
GO:0016887	ATPase activity	activated_by(CHEBI:60568)
GO:0016887	ATPase activity	activated_by(CHEBI:60568)
GO:0016887	ATPase activity	activated_by(CHEBI:60568)
GO:0033682	ATP-dependent 5'-3' DNA/RNA helicase activity	activated_by(CHEBI:63041)
GO:0004672	protein kinase activity	activated_by(CHEBI:63041)
GO:0046403	polynucleotide 3'-phosphatase activity	activated_by(CHEBI:63041)
GO:0017116	single-stranded DNA-dependent ATP-dependent DNA helicase activity	activated_by(CHEBI:63041)
GO:0032575	ATP-dependent 5'-3' RNA helicase activity	activated_by(CHEBI:63041)
GO:0032450	maltose alpha-glucosidase activity	activated_by(CHEBI:63317)
GO:0016887	ATPase activity	activated_by(CHEBI:64583)
GO:0016887	ATPase activity	activated_by(CHEBI:64583)
GO:0016887	ATPase activity	activated_by(CHEBI:64583)
GO:0004525	ribonuclease III activity	activated_by(CHEBI:6636)
GO:0046403	polynucleotide 3'-phosphatase activity	activated_by(CHEBI:6636)
GO:0017116	single-stranded DNA-dependent ATP-dependent DNA helicase activity	activated_by(CHEBI:6636)
GO:0003906	DNA-(apurinic or apyrimidinic site) lyase activity	activated_by(CHEBI:6636)
GO:0033682	ATP-dependent 5'-3' DNA/RNA helicase activity	activated_by(CHEBI:6636)
GO:0032575	ATP-dependent 5'-3' RNA helicase activity	activated_by(CHEBI:6636)
GO:0016887	ATPase activity	activated_by(CHEBI:74669)
GO:0016887	ATPase activity	activated_by(CHEBI:74669)
GO:0016887	ATPase activity	activated_by(CHEBI:74986)
GO:0016887	ATPase activity	activated_by(CHEBI:74986)
GO:0001671	ATPase activator activity	activated_by(CHEBI:8758)
GO:0032781	positive regulation of ATPase activity	activated_by(CHEBI:8758)
GO:0001833	inner cell mass cell proliferation	acts_on_population_of(CL:0000007)
GO:0008283	cell proliferation	acts_on_population_of(CL:0000007)
GO:0007405	neuroblast proliferation	acts_on_population_of(CL:0000011)
GO:0008283	cell proliferation	acts_on_population_of(CL:0000020)
GO:0007405	neuroblast proliferation	acts_on_population_of(CL:0000031)
GO:0007405	neuroblast proliferation	acts_on_population_of(CL:0000031)
GO:0007405	neuroblast proliferation	acts_on_population_of(CL:0000031)
GO:0007405	neuroblast proliferation	acts_on_population_of(CL:0000031)
GO:0007405	neuroblast proliferation	acts_on_population_of(CL:0000031)
GO:0007405	neuroblast proliferation	acts_on_population_of(CL:0000031)
GO:0007405	neuroblast proliferation	acts_on_population_of(CL:0000031)
GO:0007405	neuroblast proliferation	acts_on_population_of(CL:0000031)
GO:0007405	neuroblast proliferation	acts_on_population_of(CL:0000031)
GO:0008283	cell proliferation	acts_on_population_of(CL:0000034)
GO:0071425	hematopoietic stem cell proliferation	acts_on_population_of(CL:0000037)
GO:0008283	cell proliferation	acts_on_population_of(CL:0000037)
GO:0008283	cell proliferation	acts_on_population_of(CL:0000037)
GO:0008283	cell proliferation	acts_on_population_of(CL:0000037)
GO:0008283	cell proliferation	acts_on_population_of(CL:0000038)
GO:0021846	cell proliferation in forebrain	acts_on_population_of(CL:0000047)
GO:0021846	cell proliferation in forebrain	acts_on_population_of(CL:0000047)
GO:0008283	cell proliferation	acts_on_population_of(CL:0000047)
GO:0061351	neural precursor cell proliferation	acts_on_population_of(CL:0000047)
GO:0001777	T cell homeostatic proliferation	acts_on_population_of(CL:0000051)
GO:0008283	cell proliferation	acts_on_population_of(CL:0000056)
GO:0008283	cell proliferation	acts_on_population_of(CL:0000057)
GO:0008283	cell proliferation	acts_on_population_of(CL:0000057)
GO:1903393	positive regulation of adherens junction organization	acts_on_population_of(CL:0000066
GO:0034113	heterotypic cell-cell adhesion	acts_on_population_of(CL:0000066
GO:0033598	mammary gland epithelial cell proliferation	acts_on_population_of(CL:0000066)
GO:1903387	positive regulation of homophilic cell adhesion	acts_on_population_of(CL:0000066)
GO:0072203	cell proliferation involved in metanephros development	acts_on_population_of(CL:0000066)
GO:0033598	mammary gland epithelial cell proliferation	acts_on_population_of(CL:0000066)
GO:0010632	regulation of epithelial cell migration	acts_on_population_of(CL:0000066)
GO:2001286	regulation of caveolin-mediated endocytosis	acts_on_population_of(CL:0000066)
GO:0033598	mammary gland epithelial cell proliferation	acts_on_population_of(CL:0000066)
GO:0060664	epithelial cell proliferation involved in salivary gland morphogenesis	acts_on_population_of(CL:0000066)
GO:0050673	epithelial cell proliferation	acts_on_population_of(CL:0000066)
GO:0022407	regulation of cell-cell adhesion	acts_on_population_of(CL:0000066)
GO:2000641	regulation of early endosome to late endosome transport	acts_on_population_of(CL:0000066)
GO:0002043	blood vessel endothelial cell proliferation involved in sprouting angiogenesis	acts_on_population_of(CL:0000071)
GO:0046598	positive regulation of viral entry into host cell	acts_on_population_of(CL:0000084
GO:0050798	activated T cell proliferation	acts_on_population_of(CL:0000084)
GO:0060326	cell chemotaxis	acts_on_population_of(CL:0000084)
GO:0001954	positive regulation of cell-matrix adhesion	acts_on_population_of(CL:0000084)
GO:0042267	natural killer cell mediated cytotoxicity	acts_on_population_of(CL:0000084)
GO:0030336	negative regulation of cell migration	acts_on_population_of(CL:0000084)
GO:0034113	heterotypic cell-cell adhesion	acts_on_population_of(CL:0000084)
GO:0042098	T cell proliferation	acts_on_population_of(CL:0000084)
GO:0042098	T cell proliferation	acts_on_population_of(CL:0000084)
GO:0046598	positive regulation of viral entry into host cell	acts_on_population_of(CL:0000084)
GO:0050901	leukocyte tethering or rolling	acts_on_population_of(CL:0000084)
GO:0042098	T cell proliferation	acts_on_population_of(CL:0000084)
GO:0008009	chemokine activity	acts_on_population_of(CL:0000084)
GO:0008283	cell proliferation	acts_on_population_of(CL:0000084)
GO:1903237	negative regulation of leukocyte tethering or rolling	acts_on_population_of(CL:0000084)
GO:0034113	heterotypic cell-cell adhesion	acts_on_population_of(CL:0000084)
GO:0007160	cell-matrix adhesion	acts_on_population_of(CL:0000084)
GO:0033687	osteoblast proliferation	acts_on_population_of(CL:0000092)
GO:0008283	cell proliferation	acts_on_population_of(CL:0000100)
GO:0010812	negative regulation of cell-substrate adhesion	acts_on_population_of(CL:0000101)
GO:1904728	positive regulation of replicative senescence	acts_on_population_of(CL:0000115)
GO:0061041	regulation of wound healing	acts_on_population_of(CL:0000115)
GO:1900025	negative regulation of substrate adhesion-dependent cell spreading	acts_on_population_of(CL:0000115)
GO:0034113	heterotypic cell-cell adhesion	acts_on_population_of(CL:0000115)
GO:0034113	heterotypic cell-cell adhesion	acts_on_population_of(CL:0000115)
GO:0021846	cell proliferation in forebrain	acts_on_population_of(CL:0000117)
GO:0009987	cellular process	acts_on_population_of(CL:0000129)
GO:0032760	positive regulation of tumor necrosis factor production	acts_on_population_of(CL:0000129)
GO:0008284	positive regulation of cell proliferation	acts_on_population_of(CL:0000129)
GO:2000778	positive regulation of interleukin-6 secretion	acts_on_population_of(CL:0000129)
GO:0050673	epithelial cell proliferation	acts_on_population_of(CL:0000132)
GO:0001649	osteoblast differentiation	acts_on_population_of(CL:0000134)
GO:0046007	negative regulation of activated T cell proliferation	acts_on_population_of(CL:0000134)
GO:0008283	cell proliferation	acts_on_population_of(CL:0000138)
GO:0043066	negative regulation of apoptotic process	acts_on_population_of(CL:0000162)
GO:0044342	type B pancreatic cell proliferation	acts_on_population_of(CL:0000169)
GO:0008283	cell proliferation	acts_on_population_of(CL:0000169)
GO:0008283	cell proliferation	acts_on_population_of(CL:0000169)
GO:0008283	cell proliferation	acts_on_population_of(CL:0000171)
GO:0008283	cell proliferation	acts_on_population_of(CL:0000182)
GO:0048659	smooth muscle cell proliferation	acts_on_population_of(CL:0000192)
GO:0045499	chemorepellent activity	acts_on_population_of(CL:0000192)
GO:0050919	negative chemotaxis	acts_on_population_of(CL:0000192)
GO:0048659	smooth muscle cell proliferation	acts_on_population_of(CL:0000192)
GO:0060011	Sertoli cell proliferation	acts_on_population_of(CL:0000216)
GO:0042127	regulation of cell proliferation	acts_on_population_of(CL:0000216)
GO:0008283	cell proliferation	acts_on_population_of(CL:0000221)
GO:0008283	cell proliferation	acts_on_population_of(CL:0000221)
GO:0030336	negative regulation of cell migration	acts_on_population_of(CL:0000235
GO:0002322	B cell proliferation involved in immune response	acts_on_population_of(CL:0000236
GO:0042100	B cell proliferation	acts_on_population_of(CL:0000236)
GO:0002322	B cell proliferation involved in immune response	acts_on_population_of(CL:0000236)
GO:0043616	keratinocyte proliferation	acts_on_population_of(CL:0000312)
GO:0043616	keratinocyte proliferation	acts_on_population_of(CL:0000312)
GO:0030336	negative regulation of cell migration	acts_on_population_of(CL:0000312)
GO:0001558	regulation of cell growth	acts_on_population_of(CL:0000312)
GO:0043616	keratinocyte proliferation	acts_on_population_of(CL:0000312)
GO:0043616	keratinocyte proliferation	acts_on_population_of(CL:0000312)
GO:0022018	lateral ganglionic eminence cell proliferation	acts_on_population_of(CL:0000337)
GO:0007405	neuroblast proliferation	acts_on_population_of(CL:0000337)
GO:0021846	cell proliferation in forebrain	acts_on_population_of(CL:0000337)
GO:0007405	neuroblast proliferation	acts_on_population_of(CL:0000337)
GO:0008283	cell proliferation	acts_on_population_of(CL:0000337)
GO:0008283	cell proliferation	acts_on_population_of(CL:0000337)
GO:0008283	cell proliferation	acts_on_population_of(CL:0000337)
GO:0008283	cell proliferation	acts_on_population_of(CL:0000337)
GO:0002519	natural killer cell tolerance induction	acts_on_population_of(CL:0000351
GO:0032720	negative regulation of tumor necrosis factor production	acts_on_population_of(CL:0000351
GO:0032753	positive regulation of interleukin-4 production	acts_on_population_of(CL:0000351
GO:0010629	negative regulation of gene expression	acts_on_population_of(CL:0000351
GO:0001834	trophectodermal cell proliferation	acts_on_population_of(CL:0000351)
GO:0008283	cell proliferation	acts_on_population_of(CL:0000352)
GO:0034392	negative regulation of smooth muscle cell apoptotic process	acts_on_population_of(CL:0000359
GO:0044663	establishment or maintenance of cell type involved in phenotypic switching	acts_on_population_of(CL:0000359)
GO:0034392	negative regulation of smooth muscle cell apoptotic process	acts_on_population_of(CL:0000359)
GO:0008283	cell proliferation	acts_on_population_of(CL:0000362)
GO:0002053	positive regulation of mesenchymal cell proliferation	acts_on_population_of(CL:0000514
GO:0060916	mesenchymal cell proliferation involved in lung development	acts_on_population_of(CL:0000514)
GO:0051450	myoblast proliferation	acts_on_population_of(CL:0000515)
GO:1903378	positive regulation of oxidative stress-induced neuron intrinsic apoptotic signaling pathway	acts_on_population_of(CL:0000530
GO:0008284	positive regulation of cell proliferation	acts_on_population_of(CL:0000540
GO:2000406	positive regulation of T cell migration	acts_on_population_of(CL:0000546
GO:0051353	positive regulation of oxidoreductase activity	acts_on_population_of(CL:0000546
GO:0008283	cell proliferation	acts_on_population_of(CL:0000557)
GO:0090026	positive regulation of monocyte chemotaxis	acts_on_population_of(CL:0000576
GO:0045785	positive regulation of cell adhesion	acts_on_population_of(CL:0000576
GO:0045785	positive regulation of cell adhesion	acts_on_population_of(CL:0000576)
GO:0045785	positive regulation of cell adhesion	acts_on_population_of(CL:0000576)
GO:0071636	positive regulation of transforming growth factor beta production	acts_on_population_of(CL:0000576)
GO:0060267	positive regulation of respiratory burst	acts_on_population_of(CL:0000576)
GO:0060267	positive regulation of respiratory burst	acts_on_population_of(CL:0000576)
GO:0043011	myeloid dendritic cell differentiation	acts_on_population_of(CL:0000576)
GO:0051450	myoblast proliferation	acts_on_population_of(CL:0000594)
GO:0032689	negative regulation of interferon-gamma production	acts_on_population_of(CL:0000623
GO:0010629	negative regulation of gene expression	acts_on_population_of(CL:0000623
GO:0030246	carbohydrate binding	acts_on_population_of(CL:0000623)
GO:1902714	negative regulation of interferon-gamma secretion	acts_on_population_of(CL:0000623)
GO:0010629	negative regulation of gene expression	acts_on_population_of(CL:0000623)
GO:0043616	keratinocyte proliferation	acts_on_population_of(CL:0000646)
GO:0008283	cell proliferation	acts_on_population_of(CL:0000646)
GO:0043616	keratinocyte proliferation	acts_on_population_of(CL:0000646)
GO:0008283	cell proliferation	acts_on_population_of(CL:0000656)
GO:1903204	negative regulation of oxidative stress-induced neuron death	acts_on_population_of(CL:0000700
GO:0022008	neurogenesis	acts_on_population_of(CL:0000700)
GO:0050767	regulation of neurogenesis	acts_on_population_of(CL:0000700)
GO:1901214	regulation of neuron death	acts_on_population_of(CL:0000700)
GO:0050673	epithelial cell proliferation	acts_on_population_of(CL:0000731)
GO:0045785	positive regulation of cell adhesion	acts_on_population_of(CL:0000738)
GO:0045785	positive regulation of cell adhesion	acts_on_population_of(CL:0000738)
GO:0002687	positive regulation of leukocyte migration	acts_on_population_of(CL:0000738)
GO:0008283	cell proliferation	acts_on_population_of(CL:0000746)
GO:1903206	negative regulation of hydrogen peroxide-induced cell death	acts_on_population_of(CL:0000746)
GO:0060267	positive regulation of respiratory burst	acts_on_population_of(CL:0000775)
GO:2001200	positive regulation of dendritic cell differentiation	acts_on_population_of(CL:0000782
GO:2001184	positive regulation of interleukin-12 secretion	acts_on_population_of(CL:0000782
GO:0010628	positive regulation of gene expression	acts_on_population_of(CL:0000782)
GO:0042130	negative regulation of T cell proliferation	acts_on_population_of(CL:0000811)
GO:0002322	B cell proliferation involved in immune response	acts_on_population_of(CL:0000817)
GO:0042100	B cell proliferation	acts_on_population_of(CL:0000826)
GO:0008283	cell proliferation	acts_on_population_of(CL:0000839)
GO:0021846	cell proliferation in forebrain	acts_on_population_of(CL:0000839)
GO:0010628	positive regulation of gene expression	acts_on_population_of(CL:0000840
GO:0070371	ERK1 and ERK2 cascade	acts_on_population_of(CL:0000840)
GO:0048030	disaccharide binding	acts_on_population_of(CL:0000840)
GO:2000670	positive regulation of dendritic cell apoptotic process	acts_on_population_of(CL:0000840)
GO:0038066	p38MAPK cascade	acts_on_population_of(CL:0000840)
GO:0043032	positive regulation of macrophage activation	acts_on_population_of(CL:0000861)
GO:0042100	B cell proliferation	acts_on_population_of(CL:0000958
GO:0071425	hematopoietic stem cell proliferation	acts_on_population_of(CL:0001008)
GO:2000562	negative regulation of CD4-positive, alpha-beta T cell proliferation	acts_on_population_of(CL:0001044)
GO:0001775	cell activation	acts_on_population_of(CL:0002139)
GO:0010838	positive regulation of keratinocyte proliferation	acts_on_population_of(CL:0002187
GO:0010839	negative regulation of keratinocyte proliferation	acts_on_population_of(CL:0002187
GO:0010839	negative regulation of keratinocyte proliferation	acts_on_population_of(CL:0002187)
GO:0010839	negative regulation of keratinocyte proliferation	acts_on_population_of(CL:0002187)
GO:1902035	positive regulation of hematopoietic stem cell proliferation	acts_on_population_of(CL:0002246)
GO:1902037	negative regulation of hematopoietic stem cell differentiation	acts_on_population_of(CL:0002246)
GO:0008283	cell proliferation	acts_on_population_of(CL:0002322)
GO:0048333	mesodermal cell differentiation	acts_on_population_of(CL:0002322)
GO:1904676	negative regulation of somatic stem cell division	acts_on_population_of(CL:0002322)
GO:0010668	ectodermal cell differentiation	acts_on_population_of(CL:0002322)
GO:1903225	negative regulation of endodermal cell differentiation	acts_on_population_of(CL:0002322)
GO:0035987	endodermal cell differentiation	acts_on_population_of(CL:0002322)
GO:1904673	negative regulation of somatic stem cell population maintenance	acts_on_population_of(CL:0002322)
GO:0033598	mammary gland epithelial cell proliferation	acts_on_population_of(CL:0002327)
GO:0033598	mammary gland epithelial cell proliferation	acts_on_population_of(CL:0002327)
GO:0010996	response to auditory stimulus	acts_on_population_of(CL:0002374)
GO:0090026	positive regulation of monocyte chemotaxis	acts_on_population_of(CL:0002395
GO:0043322	negative regulation of natural killer cell degranulation	acts_on_population_of(CL:0002438
GO:0032689	negative regulation of interferon-gamma production	acts_on_population_of(CL:0002438
GO:0010629	negative regulation of gene expression	acts_on_population_of(CL:0002438
GO:0098586	cellular response to virus	acts_on_population_of(CL:0002438
GO:0008284	positive regulation of cell proliferation	acts_on_population_of(CL:0002453)
GO:0050679	positive regulation of epithelial cell proliferation	acts_on_population_of(CL:0002491)
GO:0060038	cardiac muscle cell proliferation	acts_on_population_of(CL:0002494)
GO:0048662	negative regulation of smooth muscle cell proliferation	acts_on_population_of(CL:0002539
GO:0048662	negative regulation of smooth muscle cell proliferation	acts_on_population_of(CL:0002539)
GO:0010763	positive regulation of fibroblast migration	acts_on_population_of(CL:0002548)
GO:0036446	myofibroblast differentiation	acts_on_population_of(CL:0002548)
GO:1904237	positive regulation of substrate-dependent cell migration, cell attachment to substrate	acts_on_population_of(CL:0002553
GO:0048147	negative regulation of fibroblast proliferation	acts_on_population_of(CL:0002557)
GO:0090004	positive regulation of establishment of protein localization to plasma membrane	acts_on_population_of(CL:0002563
GO:0010628	positive regulation of gene expression	acts_on_population_of(CL:0002563)
GO:1903543	positive regulation of exosomal secretion	acts_on_population_of(CL:0002563)
GO:1902037	negative regulation of hematopoietic stem cell differentiation	acts_on_population_of(CL:0002569)
GO:0043117	positive regulation of vascular permeability	acts_on_population_of(CL:0002585
GO:1905176	positive regulation of vascular smooth muscle cell dedifferentiation	acts_on_population_of(CL:0002591)
GO:1905064	negative regulation of vascular smooth muscle cell differentiation	acts_on_population_of(CL:0002591)
GO:1905065	positive regulation of vascular smooth muscle cell differentiation	acts_on_population_of(CL:0002591)
GO:1905176	positive regulation of vascular smooth muscle cell dedifferentiation	acts_on_population_of(CL:0002591)
GO:0008284	positive regulation of cell proliferation	acts_on_population_of(CL:0002600)
GO:1904237	positive regulation of substrate-dependent cell migration, cell attachment to substrate	acts_on_population_of(CL:0002600)
GO:0034113	heterotypic cell-cell adhesion	acts_on_population_of(CL:0002618)
GO:0034113	heterotypic cell-cell adhesion	acts_on_population_of(CL:0002618)
GO:0034113	heterotypic cell-cell adhesion	acts_on_population_of(CL:0002618)
GO:0034115	negative regulation of heterotypic cell-cell adhesion	acts_on_population_of(CL:0002618)
GO:0008283	cell proliferation	acts_on_population_of(CL:0005014)
GO:1902287	semaphorin-plexin signaling pathway involved in axon guidance	acts_on_population_of(CL:0005023)
GO:1902287	semaphorin-plexin signaling pathway involved in axon guidance	acts_on_population_of(CL:0005023)
GO:0008045	motor neuron axon guidance	acts_on_population_of(CL:0005025)
GO:1902287	semaphorin-plexin signaling pathway involved in axon guidance	acts_on_population_of(CL:0005025)
GO:0061351	neural precursor cell proliferation	acts_on_population_of(CL:0013000)
GO:0014009	glial cell proliferation	acts_on_population_of(CL:0013000)
GO:0034113	heterotypic cell-cell adhesion	acts_on_population_of(CL:1001568)
GO:0034113	heterotypic cell-cell adhesion	acts_on_population_of(CL:1001568)
GO:0034113	heterotypic cell-cell adhesion	acts_on_population_of(CL:1001568)
GO:0034113	heterotypic cell-cell adhesion	acts_on_population_of(CL:1001568)
GO:0043117	positive regulation of vascular permeability	acts_on_population_of(CL:1001602)
GO:0010628	positive regulation of gene expression	acts_on_population_of(CL:2000001
GO:0010629	negative regulation of gene expression	acts_on_population_of(CL:2000001
GO:0010628	positive regulation of gene expression	acts_on_population_of(CL:2000001
GO:0010629	negative regulation of gene expression	acts_on_population_of(CL:2000001
GO:0071636	positive regulation of transforming growth factor beta production	acts_on_population_of(CL:2000001)
GO:1903140	regulation of establishment of endothelial barrier	acts_on_population_of(CL:2000008)
GO:0034113	heterotypic cell-cell adhesion	acts_on_population_of(CL:2000008)
GO:0034113	heterotypic cell-cell adhesion	acts_on_population_of(CL:2000008)
GO:0030866	cortical actin cytoskeleton organization	acts_on_population_of(CL:2000008)
GO:1903347	negative regulation of bicellular tight junction assembly	acts_on_population_of(CL:2000008)
GO:0034113	heterotypic cell-cell adhesion	acts_on_population_of(CL:2000008)
GO:0000122	negative regulation of transcription from RNA polymerase II promoter	acts_on_population_of(CL:2000016)
GO:0010629	negative regulation of gene expression	acts_on_population_of(CL:2000016)
GO:0008083	growth factor activity	acts_on_population_of(CL:2000097)
GO:0010468	regulation of gene expression	acts_on_population_of(GO:0005739
GO:0033043	regulation of organelle organization	acts_on_population_of(GO:0005776)
GO:0048284	organelle fusion	acts_on_population_of(GO:0055037)
GO:1902667	regulation of axon guidance	acts_on_population_of(WBbt:0003832)
GO:1902667	regulation of axon guidance	acts_on_population_of(WBbt:0003832)
GO:0030334	regulation of cell migration	acts_on_population_of(WBbt:0004054)
GO:0030334	regulation of cell migration	acts_on_population_of(WBbt:0004056)
GO:0043065	positive regulation of apoptotic process	acts_on_population_of(WBbt:0004512
GO:0043065	positive regulation of apoptotic process	acts_on_population_of(WBbt:0004512
GO:0043065	positive regulation of apoptotic process	acts_on_population_of(WBbt:0004512)
GO:0043065	positive regulation of apoptotic process	acts_on_population_of(WBbt:0004513
GO:0043065	positive regulation of apoptotic process	acts_on_population_of(WBbt:0004513
GO:0043065	positive regulation of apoptotic process	acts_on_population_of(WBbt:0004513)
GO:0030334	regulation of cell migration	acts_on_population_of(WBbt:0005232)
GO:0030336	negative regulation of cell migration	acts_on_population_of(WBbt:0005232)
GO:0048666	neuron development	acts_on_population_of(WBbt:0005237)
GO:1902855	regulation of non-motile cilium assembly	acts_on_population_of(WBbt:0005671)
GO:0019827	stem cell population maintenance	acts_on_population_of(WBbt:0005753)
GO:0030334	regulation of cell migration	acts_on_population_of(WBbt:0006830)
GO:1902667	regulation of axon guidance	acts_on_population_of(WBbt:0006830)
GO:1902667	regulation of axon guidance	acts_on_population_of(WBbt:0006830)
GO:0030334	regulation of cell migration	acts_on_population_of(WBbt:0006863)
GO:0030334	regulation of cell migration	acts_on_population_of(WBbt:0006865)
GO:1901074	regulation of engulfment of apoptotic cell	acts_on_population_of(WBbt:0006865)
GO:0030334	regulation of cell migration	acts_on_population_of(WBbt:0008598)
GO:0005615	extracellular space	adjacent_to(CL:0000019)
GO:0005578	proteinaceous extracellular matrix	adjacent_to(CL:0000117)
GO:0005615	extracellular space	adjacent_to(CL:0000117)
GO:0005576	extracellular region	adjacent_to(CL:0000134)
GO:0005615	extracellular space	adjacent_to(CL:0000540)
GO:0005615	extracellular space	adjacent_to(CL:0001031)
GO:0005578	proteinaceous extracellular matrix	adjacent_to(CL:0002138)
GO:0005615	extracellular space	adjacent_to(CL:0002618)
GO:0005615	extracellular space	adjacent_to(CL:1001561)
GO:0055037	recycling endosome	adjacent_to(GO:0000922
GO:0005874	microtubule	adjacent_to(GO:0005925)
GO:0031410	cytoplasmic vesicle	adjacent_to(GO:0005925)
GO:0045177	apical part of cell	adjacent_to(GO:0032421)
GO:0000784	nuclear chromosome, telomeric region	adjacent_to(GO:0034399)
GO:0090636	outer dense plaque of desmosome	adjacent_to(GO:0042383)
GO:0009986	cell surface	adjacent_to(GO:0044291)
GO:0098793	presynapse	adjacent_to(GO:0048786
GO:0005737	cytoplasm	adjacent_to(GO:0055120)
GO:0045177	apical part of cell	adjacent_to(GO:0060091)
GO:0055037	recycling endosome	adjacent_to(GO:0072686
GO:0043205	fibril	adjacent_to(GO:1990794
GO:0005578	proteinaceous extracellular matrix	adjacent_to(WBbt:0004522
GO:0016324	apical plasma membrane	adjacent_to(WBbt:0005662)
GO:0060102	collagen and cuticulin-based cuticle extracellular matrix	adjacent_to(WBbt:0006748
GO:0060102	collagen and cuticulin-based cuticle extracellular matrix	adjacent_to(WBbt:0006941
GO:0005578	proteinaceous extracellular matrix	adjacent_to(WBbt:0008125)
GO:0071222	cellular response to lipopolysaccharide	causally_upstream_of(GO:0000060)
GO:1904628	cellular response to phorbol 13-acetate 12-myristate	causally_upstream_of(GO:0000060)
GO:0071217	cellular response to external biotic stimulus	causally_upstream_of(GO:0000060)
GO:1990858	cellular response to lectin	causally_upstream_of(GO:0000060)
GO:0035195	gene silencing by miRNA	causally_upstream_of(GO:0001649
GO:1903231	mRNA binding involved in posttranscriptional gene silencing	causally_upstream_of(GO:0001649
GO:0061024	membrane organization	causally_upstream_of(GO:0001696)
GO:1900426	positive regulation of defense response to bacterium	causally_upstream_of(GO:0001819
GO:0035425	autocrine signaling	causally_upstream_of(GO:0001837)
GO:0038001	paracrine signaling	causally_upstream_of(GO:0001837)
GO:0042594	response to starvation	causally_upstream_of(GO:0001934
GO:0035195	gene silencing by miRNA	causally_upstream_of(GO:0001937)
GO:0035195	gene silencing by miRNA	causally_upstream_of(GO:0001937)
GO:0035278	miRNA mediated inhibition of translation	causally_upstream_of(GO:0002027)
GO:0035278	miRNA mediated inhibition of translation	causally_upstream_of(GO:0002027)
GO:0046579	positive regulation of Ras protein signal transduction	causally_upstream_of(GO:0002370)
GO:0004190	aspartic-type endopeptidase activity	causally_upstream_of(GO:0002778)
GO:1990579	peptidyl-serine trans-autophosphorylation	causally_upstream_of(GO:0004521)
GO:0004674	protein serine/threonine kinase activity	causally_upstream_of(GO:0004521)
GO:0034605	cellular response to heat	causally_upstream_of(GO:0005229
GO:0007200	phospholipase C-activating G-protein coupled receptor signaling pathway	causally_upstream_of(GO:0005229
GO:2001259	positive regulation of cation channel activity	causally_upstream_of(GO:0005248
GO:0090002	establishment of protein localization to plasma membrane	causally_upstream_of(GO:0005248)
GO:0071477	cellular hypotonic salinity response	causally_upstream_of(GO:0005262)
GO:0071360	cellular response to exogenous dsRNA	causally_upstream_of(GO:0005515
GO:0042803	protein homodimerization activity	causally_upstream_of(GO:0006379)
GO:0033138	positive regulation of peptidyl-serine phosphorylation	causally_upstream_of(GO:0006412)
GO:0005515	protein binding	causally_upstream_of(GO:0006611)
GO:0035195	gene silencing by miRNA	causally_upstream_of(GO:0006919)
GO:0009593	detection of chemical stimulus	causally_upstream_of(GO:0006935)
GO:0070781	response to biotin	causally_upstream_of(GO:0006935)
GO:0010035	response to inorganic substance	causally_upstream_of(GO:0006935)
GO:0031291	Ran protein signal transduction	causally_upstream_of(GO:0007079
GO:0031291	Ran protein signal transduction	causally_upstream_of(GO:0007080
GO:0048815	hermaphrodite genitalia morphogenesis	causally_upstream_of(GO:0007113
GO:0035195	gene silencing by miRNA	causally_upstream_of(GO:0008284
GO:0035195	gene silencing by miRNA	causally_upstream_of(GO:0008285)
GO:0035195	gene silencing by miRNA	causally_upstream_of(GO:0008285)
GO:0042542	response to hydrogen peroxide	causally_upstream_of(GO:0008340
GO:0042594	response to starvation	causally_upstream_of(GO:0008340)
GO:0035278	miRNA mediated inhibition of translation	causally_upstream_of(GO:0008360)
GO:0006935	chemotaxis	causally_upstream_of(GO:0010226)
GO:0007635	chemosensory behavior	causally_upstream_of(GO:0010226)
GO:0035666	TRIF-dependent toll-like receptor signaling pathway	causally_upstream_of(GO:0010506)
GO:1903935	response to sodium arsenite	causally_upstream_of(GO:0010628
GO:0004843	thiol-dependent ubiquitin-specific protease activity	causally_upstream_of(GO:0010628)
GO:0071356	cellular response to tumor necrosis factor	causally_upstream_of(GO:0010628)
GO:0071321	cellular response to cGMP	causally_upstream_of(GO:0010628)
GO:0032495	response to muramyl dipeptide	causally_upstream_of(GO:0010628)
GO:0098586	cellular response to virus	causally_upstream_of(GO:0010628)
GO:0032496	response to lipopolysaccharide	causally_upstream_of(GO:0010628)
GO:0032496	response to lipopolysaccharide	causally_upstream_of(GO:0010629
GO:0002519	natural killer cell tolerance induction	causally_upstream_of(GO:0010629
GO:0043518	negative regulation of DNA damage response, signal transduction by p53 class mediator	causally_upstream_of(GO:0010629
GO:0002519	natural killer cell tolerance induction	causally_upstream_of(GO:0010629)
GO:0050729	positive regulation of inflammatory response	causally_upstream_of(GO:0010759)
GO:0010994	free ubiquitin chain polymerization	causally_upstream_of(GO:0010800
GO:0018105	peptidyl-serine phosphorylation	causally_upstream_of(GO:0010801
GO:0031647	regulation of protein stability	causally_upstream_of(GO:0010826)
GO:0035195	gene silencing by miRNA	causally_upstream_of(GO:0014910
GO:0035195	gene silencing by miRNA	causally_upstream_of(GO:0014910
GO:0035195	gene silencing by miRNA	causally_upstream_of(GO:0014910
GO:0000722	telomere maintenance via recombination	causally_upstream_of(GO:0016233)
GO:2001259	positive regulation of cation channel activity	causally_upstream_of(GO:0016286)
GO:2001259	positive regulation of cation channel activity	causally_upstream_of(GO:0016286)
GO:0035195	gene silencing by miRNA	causally_upstream_of(GO:0016477)
GO:1903231	mRNA binding involved in posttranscriptional gene silencing	causally_upstream_of(GO:0016477)
GO:0051572	negative regulation of histone H3-K4 methylation	causally_upstream_of(GO:0019216)
GO:0061086	negative regulation of histone H3-K27 methylation	causally_upstream_of(GO:0019216)
GO:0045815	positive regulation of gene expression, epigenetic	causally_upstream_of(GO:0019216)
GO:0003031	detection of carbon dioxide	causally_upstream_of(GO:0019722
GO:0003031	detection of carbon dioxide	causally_upstream_of(GO:0019722
GO:0050907	detection of chemical stimulus involved in sensory perception	causally_upstream_of(GO:0019722
GO:0050907	detection of chemical stimulus involved in sensory perception	causally_upstream_of(GO:0019722
GO:1902161	positive regulation of cyclic nucleotide-gated ion channel activity	causally_upstream_of(GO:0030073
GO:1902161	positive regulation of cyclic nucleotide-gated ion channel activity	causally_upstream_of(GO:0030073
GO:0010628	positive regulation of gene expression	causally_upstream_of(GO:0030198)
GO:0010628	positive regulation of gene expression	causally_upstream_of(GO:0030198)
GO:0035195	gene silencing by miRNA	causally_upstream_of(GO:0030335)
GO:0035195	gene silencing by miRNA	causally_upstream_of(GO:0030335)
GO:0071560	cellular response to transforming growth factor beta stimulus	causally_upstream_of(GO:0030335)
GO:0045987	positive regulation of smooth muscle contraction	causally_upstream_of(GO:0030728)
GO:0042542	response to hydrogen peroxide	causally_upstream_of(GO:0030827)
GO:0014065	phosphatidylinositol 3-kinase signaling	causally_upstream_of(GO:0031929
GO:0034198	cellular response to amino acid starvation	causally_upstream_of(GO:0032006)
GO:0034198	cellular response to amino acid starvation	causally_upstream_of(GO:0032007)
GO:0034198	cellular response to amino acid starvation	causally_upstream_of(GO:0032008)
GO:0070433	negative regulation of nucleotide-binding oligomerization domain containing 2 signaling pathway	causally_upstream_of(GO:0032088)
GO:0042393	histone binding	causally_upstream_of(GO:0032092
GO:0005515	protein binding	causally_upstream_of(GO:0032092
GO:0019904	protein domain specific binding	causally_upstream_of(GO:0032092
GO:0006508	proteolysis	causally_upstream_of(GO:0032461)
GO:0042993	positive regulation of transcription factor import into nucleus	causally_upstream_of(GO:0032496
GO:0098586	cellular response to virus	causally_upstream_of(GO:0032682
GO:0032496	response to lipopolysaccharide	causally_upstream_of(GO:0032720
GO:0002519	natural killer cell tolerance induction	causally_upstream_of(GO:0032720
GO:0002519	natural killer cell tolerance induction	causally_upstream_of(GO:0032720
GO:1900426	positive regulation of defense response to bacterium	causally_upstream_of(GO:0032722)
GO:0002519	natural killer cell tolerance induction	causally_upstream_of(GO:0032753
GO:0032496	response to lipopolysaccharide	causally_upstream_of(GO:0032753)
GO:0002519	natural killer cell tolerance induction	causally_upstream_of(GO:0032753)
GO:0035195	gene silencing by miRNA	causally_upstream_of(GO:0032755
GO:0070434	positive regulation of nucleotide-binding oligomerization domain containing 2 signaling pathway	causally_upstream_of(GO:0032757)
GO:2001190	positive regulation of T cell activation via T cell receptor contact with antigen bound to MHC molecule on antigen presenting cell	causally_upstream_of(GO:0032760
GO:2000563	positive regulation of CD4-positive, alpha-beta T cell proliferation	causally_upstream_of(GO:0032760
GO:0035195	gene silencing by miRNA	causally_upstream_of(GO:0034260)
GO:0035195	gene silencing by miRNA	causally_upstream_of(GO:0034392)
GO:1905612	positive regulation of mRNA cap binding	causally_upstream_of(GO:0035278)
GO:0035195	gene silencing by miRNA	causally_upstream_of(GO:0035313)
GO:0002230	positive regulation of defense response to virus by host	causally_upstream_of(GO:0035549
GO:0006935	chemotaxis	causally_upstream_of(GO:0035864)
GO:0007635	chemosensory behavior	causally_upstream_of(GO:0035864)
GO:0035195	gene silencing by miRNA	causally_upstream_of(GO:0036446
GO:0035791	platelet-derived growth factor receptor-beta signaling pathway	causally_upstream_of(GO:0038083)
GO:0031291	Ran protein signal transduction	causally_upstream_of(GO:0040001
GO:0045184	establishment of protein localization	causally_upstream_of(GO:0040001
GO:0006468	protein phosphorylation	causally_upstream_of(GO:0042307)
GO:0098586	cellular response to virus	causally_upstream_of(GO:0042346
GO:1900426	positive regulation of defense response to bacterium	causally_upstream_of(GO:0043032
GO:0043518	negative regulation of DNA damage response, signal transduction by p53 class mediator	causally_upstream_of(GO:0043066
GO:0043518	negative regulation of DNA damage response, signal transduction by p53 class mediator	causally_upstream_of(GO:0043066)
GO:0035195	gene silencing by miRNA	causally_upstream_of(GO:0043087)
GO:0035195	gene silencing by miRNA	causally_upstream_of(GO:0043087)
GO:0035195	gene silencing by miRNA	causally_upstream_of(GO:0043087)
GO:1903077	negative regulation of protein localization to plasma membrane	causally_upstream_of(GO:0043117)
GO:0050731	positive regulation of peptidyl-tyrosine phosphorylation	causally_upstream_of(GO:0043117)
GO:0035195	gene silencing by miRNA	causally_upstream_of(GO:0043154
GO:0035195	gene silencing by miRNA	causally_upstream_of(GO:0043507)
GO:0071225	cellular response to muramyl dipeptide	causally_upstream_of(GO:0043508
GO:0035195	gene silencing by miRNA	causally_upstream_of(GO:0043508)
GO:0005088	Ras guanyl-nucleotide exchange factor activity	causally_upstream_of(GO:0043547)
GO:0008333	endosome to lysosome transport	causally_upstream_of(GO:0044257)
GO:0035195	gene silencing by miRNA	causally_upstream_of(GO:0045066)
GO:0035195	gene silencing by miRNA	causally_upstream_of(GO:0045066)
GO:0035195	gene silencing by miRNA	causally_upstream_of(GO:0045066)
GO:0035195	gene silencing by miRNA	causally_upstream_of(GO:0045066)
GO:0006914	autophagy	causally_upstream_of(GO:0045071)
GO:1900426	positive regulation of defense response to bacterium	causally_upstream_of(GO:0045089
GO:0035195	gene silencing by miRNA	causally_upstream_of(GO:0045444
GO:1903231	mRNA binding involved in posttranscriptional gene silencing	causally_upstream_of(GO:0045444
GO:0051091	positive regulation of sequence-specific DNA binding transcription factor activity	causally_upstream_of(GO:0045892)
GO:0050907	detection of chemical stimulus involved in sensory perception	causally_upstream_of(GO:0045921)
GO:0033173	calcineurin-NFAT signaling cascade	causally_upstream_of(GO:0045944
GO:0014068	positive regulation of phosphatidylinositol 3-kinase signaling	causally_upstream_of(GO:0048661
GO:0035655	interleukin-18-mediated signaling pathway	causally_upstream_of(GO:0048661
GO:0014065	phosphatidylinositol 3-kinase signaling	causally_upstream_of(GO:0048661
GO:0032148	activation of protein kinase B activity	causally_upstream_of(GO:0048661
GO:0051897	positive regulation of protein kinase B signaling	causally_upstream_of(GO:0048661
GO:0035195	gene silencing by miRNA	causally_upstream_of(GO:0048680
GO:0051897	positive regulation of protein kinase B signaling	causally_upstream_of(GO:0050679)
GO:0035195	gene silencing by miRNA	causally_upstream_of(GO:0050727)
GO:2000311	regulation of alpha-amino-3-hydroxy-5-methyl-4-isoxazole propionate selective glutamate receptor activity	causally_upstream_of(GO:0050795)
GO:0051291	protein heterooligomerization	causally_upstream_of(GO:0050817)
GO:0051291	protein heterooligomerization	causally_upstream_of(GO:0050817)
GO:0001921	positive regulation of receptor recycling	causally_upstream_of(GO:0050862)
GO:0035195	gene silencing by miRNA	causally_upstream_of(GO:0051005
GO:0045727	positive regulation of translation	causally_upstream_of(GO:0051091)
GO:0070434	positive regulation of nucleotide-binding oligomerization domain containing 2 signaling pathway	causally_upstream_of(GO:0051092
GO:0098586	cellular response to virus	causally_upstream_of(GO:0051092)
GO:0036435	K48-linked polyubiquitin binding	causally_upstream_of(GO:0051260)
GO:1901989	positive regulation of cell cycle phase transition	causally_upstream_of(GO:0051319)
GO:0035195	gene silencing by miRNA	causally_upstream_of(GO:0051497)
GO:0035195	gene silencing by miRNA	causally_upstream_of(GO:0051897)
GO:0035278	miRNA mediated inhibition of translation	causally_upstream_of(GO:0060044
GO:0010994	free ubiquitin chain polymerization	causally_upstream_of(GO:0060340)
GO:0051091	positive regulation of sequence-specific DNA binding transcription factor activity	causally_upstream_of(GO:0061051
GO:0009266	response to temperature stimulus	causally_upstream_of(GO:0061065)
GO:0009266	response to temperature stimulus	causally_upstream_of(GO:0061067)
GO:0035195	gene silencing by miRNA	causally_upstream_of(GO:0061754)
GO:1990440	positive regulation of transcription from RNA polymerase II promoter in response to endoplasmic reticulum stress	causally_upstream_of(GO:0070059)
GO:0014065	phosphatidylinositol 3-kinase signaling	causally_upstream_of(GO:0070371
GO:0014065	phosphatidylinositol 3-kinase signaling	causally_upstream_of(GO:0070371
GO:0005088	Ras guanyl-nucleotide exchange factor activity	causally_upstream_of(GO:0070372
GO:0043547	positive regulation of GTPase activity	causally_upstream_of(GO:0070372)
GO:0035195	gene silencing by miRNA	causally_upstream_of(GO:0070373
GO:2000778	positive regulation of interleukin-6 secretion	causally_upstream_of(GO:0070374
GO:0031663	lipopolysaccharide-mediated signaling pathway	causally_upstream_of(GO:0070374)
GO:0071225	cellular response to muramyl dipeptide	causally_upstream_of(GO:0070374)
GO:0035278	miRNA mediated inhibition of translation	causally_upstream_of(GO:0070374)
GO:0071225	cellular response to muramyl dipeptide	causally_upstream_of(GO:0070374)
GO:0035195	gene silencing by miRNA	causally_upstream_of(GO:0070374)
GO:0034644	cellular response to UV	causally_upstream_of(GO:0071318)
GO:0032757	positive regulation of interleukin-8 production	causally_upstream_of(GO:0071356)
GO:0035195	gene silencing by miRNA	causally_upstream_of(GO:0071639)
GO:0035195	gene silencing by miRNA	causally_upstream_of(GO:0072434)
GO:0070585	protein localization to mitochondrion	causally_upstream_of(GO:0090140)
GO:0035195	gene silencing by miRNA	causally_upstream_of(GO:0090198)
GO:0045944	positive regulation of transcription from RNA polymerase II promoter	causally_upstream_of(GO:0090263)
GO:0035195	gene silencing by miRNA	causally_upstream_of(GO:0090263)
GO:0031291	Ran protein signal transduction	causally_upstream_of(GO:0090307)
GO:0035195	gene silencing by miRNA	causally_upstream_of(GO:0090370)
GO:0004674	protein serine/threonine kinase activity	causally_upstream_of(GO:0098779)
GO:2001190	positive regulation of T cell activation via T cell receptor contact with antigen bound to MHC molecule on antigen presenting cell	causally_upstream_of(GO:1900042)
GO:2000563	positive regulation of CD4-positive, alpha-beta T cell proliferation	causally_upstream_of(GO:1900042)
GO:0010737	protein kinase A signaling	causally_upstream_of(GO:1900087
GO:0032487	regulation of Rap protein signal transduction	causally_upstream_of(GO:1900087)
GO:0032487	regulation of Rap protein signal transduction	causally_upstream_of(GO:1900087)
GO:0035195	gene silencing by miRNA	causally_upstream_of(GO:1901299
GO:1902661	positive regulation of glucose mediated signaling pathway	causally_upstream_of(GO:1901838
GO:0042393	histone binding	causally_upstream_of(GO:1901838)
GO:1902661	positive regulation of glucose mediated signaling pathway	causally_upstream_of(GO:1901838)
GO:0005515	protein binding	causally_upstream_of(GO:1901838)
GO:0019904	protein domain specific binding	causally_upstream_of(GO:1901838)
GO:0043518	negative regulation of DNA damage response, signal transduction by p53 class mediator	causally_upstream_of(GO:1902230)
GO:0038190	VEGF-activated neuropilin signaling pathway	causally_upstream_of(GO:1902336)
GO:0042393	histone binding	causally_upstream_of(GO:1902661
GO:0005515	protein binding	causally_upstream_of(GO:1902661
GO:0019904	protein domain specific binding	causally_upstream_of(GO:1902661
GO:2001190	positive regulation of T cell activation via T cell receptor contact with antigen bound to MHC molecule on antigen presenting cell	causally_upstream_of(GO:1902715
GO:2000563	positive regulation of CD4-positive, alpha-beta T cell proliferation	causally_upstream_of(GO:1902715
GO:0002230	positive regulation of defense response to virus by host	causally_upstream_of(GO:1902741
GO:0035509	negative regulation of myosin-light-chain-phosphatase activity	causally_upstream_of(GO:1903140
GO:0030866	cortical actin cytoskeleton organization	causally_upstream_of(GO:1903140
GO:0090002	establishment of protein localization to plasma membrane	causally_upstream_of(GO:1903140
GO:0090002	establishment of protein localization to plasma membrane	causally_upstream_of(GO:1903140
GO:0090002	establishment of protein localization to plasma membrane	causally_upstream_of(GO:1903140
GO:0090002	establishment of protein localization to plasma membrane	causally_upstream_of(GO:1903140
GO:0035509	negative regulation of myosin-light-chain-phosphatase activity	causally_upstream_of(GO:1903140
GO:1903140	regulation of establishment of endothelial barrier	causally_upstream_of(GO:1903140
GO:0090002	establishment of protein localization to plasma membrane	causally_upstream_of(GO:1903140
GO:0007249	I-kappaB kinase/NF-kappaB signaling	causally_upstream_of(GO:1903140)
GO:0070498	interleukin-1-mediated signaling pathway	causally_upstream_of(GO:1903140)
GO:0061098	positive regulation of protein tyrosine kinase activity	causally_upstream_of(GO:1903406)
GO:0035195	gene silencing by miRNA	causally_upstream_of(GO:1903609
GO:0035278	miRNA mediated inhibition of translation	causally_upstream_of(GO:1903609)
GO:0035195	gene silencing by miRNA	causally_upstream_of(GO:1903671)
GO:0031663	lipopolysaccharide-mediated signaling pathway	causally_upstream_of(GO:1903753
GO:0071225	cellular response to muramyl dipeptide	causally_upstream_of(GO:1903753
GO:0035278	miRNA mediated inhibition of translation	causally_upstream_of(GO:1904705)
GO:0035278	miRNA mediated inhibition of translation	causally_upstream_of(GO:1904752)
GO:1905474	canonical Wnt signaling pathway involved in stem cell proliferation	causally_upstream_of(GO:1904948)
GO:0035195	gene silencing by miRNA	causally_upstream_of(GO:1904995)
GO:0035195	gene silencing by miRNA	causally_upstream_of(GO:1904995)
GO:0010628	positive regulation of gene expression	causally_upstream_of(GO:1904997
GO:0031293	membrane protein intracellular domain proteolysis	causally_upstream_of(GO:1990440)
GO:0031293	membrane protein intracellular domain proteolysis	causally_upstream_of(GO:1990440)
GO:1903912	negative regulation of endoplasmic reticulum stress-induced eIF2 alpha phosphorylation	causally_upstream_of(GO:1990441)
GO:0042803	protein homodimerization activity	causally_upstream_of(GO:1990579
GO:0035195	gene silencing by miRNA	causally_upstream_of(GO:2000134
GO:0035195	gene silencing by miRNA	causally_upstream_of(GO:2000134)
GO:0046827	positive regulation of protein export from nucleus	causally_upstream_of(GO:2000352)
GO:0035195	gene silencing by miRNA	causally_upstream_of(GO:2000353)
GO:0035278	miRNA mediated inhibition of translation	causally_upstream_of(GO:2000379)
GO:0098586	cellular response to virus	causally_upstream_of(GO:2000510
GO:0098586	cellular response to virus	causally_upstream_of(GO:2000510)
GO:0070374	positive regulation of ERK1 and ERK2 cascade	causally_upstream_of(GO:2000510)
GO:0035195	gene silencing by miRNA	causally_upstream_of(GO:2000545)
GO:0035195	gene silencing by miRNA	causally_upstream_of(GO:2000773)
GO:0035278	miRNA mediated inhibition of translation	causally_upstream_of(GO:2000773)
GO:0035195	gene silencing by miRNA	causally_upstream_of(GO:2000780)
GO:0098586	cellular response to virus	causally_upstream_of(GO:2001184
GO:2001200	positive regulation of dendritic cell differentiation	causally_upstream_of(GO:2001184)
GO:0000790	nuclear chromatin	coincident_with(ENSEMBL:ENSG00000063660)
GO:0000790	nuclear chromatin	coincident_with(ENSEMBL:ENSG00000113810)
GO:0000790	nuclear chromatin	coincident_with(ENSEMBL:ENSG00000113810)
GO:0000790	nuclear chromatin	coincident_with(ENSEMBL:ENSG00000124762
GO:0000790	nuclear chromatin	coincident_with(ENSEMBL:ENSG00000124762
GO:0000790	nuclear chromatin	coincident_with(ENSEMBL:ENSG00000125968
GO:0000790	nuclear chromatin	coincident_with(ENSEMBL:ENSG00000130766)
GO:0000790	nuclear chromatin	coincident_with(ENSEMBL:ENSG00000142515
GO:0000790	nuclear chromatin	coincident_with(ENSEMBL:ENSG00000142515
GO:0000790	nuclear chromatin	coincident_with(ENSEMBL:ENSG00000142798
GO:0000790	nuclear chromatin	coincident_with(ENSEMBL:ENSG00000158571
GO:0000790	nuclear chromatin	coincident_with(ENSEMBL:ENSG00000160014
GO:0000790	nuclear chromatin	coincident_with(ENSEMBL:ENSG00000164362)
GO:0000790	nuclear chromatin	coincident_with(ENSEMBL:ENSG00000168646)
GO:0000790	nuclear chromatin	coincident_with(ENSEMBL:ENSG00000169554)
GO:0000790	nuclear chromatin	coincident_with(ENSEMBL:ENSG00000170855)
GO:0000785	chromatin	coincident_with(ENSEMBL:ENSG00000171105)
GO:0000790	nuclear chromatin	coincident_with(ENSEMBL:ENSG00000177595)
GO:0000790	nuclear chromatin	coincident_with(ENSEMBL:ENSG00000196576)
GO:0000790	nuclear chromatin	coincident_with(ENSEMBL:ENSG00000198625)
GO:0000790	nuclear chromatin	coincident_with(ENSEMBL:ENSG00000205076
GO:0000790	nuclear chromatin	coincident_with(ENSEMBL:ENSG00000206075
GO:0000790	nuclear chromatin	coincident_with(ENSEMBL:ENSG00000207725
GO:0000790	nuclear chromatin	coincident_with(ENSEMBL:ENSG00000207870
GO:0000790	nuclear chromatin	coincident_with(ENSEMBL:ENSG00000208005
GO:0000790	nuclear chromatin	coincident_with(ENSEMBL:ENSG00000228849
GO:0000790	nuclear chromatin	coincident_with(ENSEMBL:ENSG00000231607)
GO:0000790	nuclear chromatin	coincident_with(ENSEMBL:ENSG00000244734)
GO:0000785	chromatin	coincident_with(ENSEMBL:ENSMUSG00000005534)
GO:0000790	nuclear chromatin	coincident_with(ENSEMBL:ENSMUSG00000038193)
GO:0000790	nuclear chromatin	coincident_with(ENSEMBL:ENSMUSG00000056501
GO:0000790	nuclear chromatin	coincident_with(ENSEMBL:ENSMUSG00000065397
GO:0000790	nuclear chromatin	coincident_with(ENSEMBL:ENSMUSG00000093007)
GO:0000790	nuclear chromatin	coincident_with(ENSEMBL:ENSRNOG00000020388
GO:0000790	nuclear chromatin	coincident_with(PomBase:SPAC1705.03c)
GO:0000790	nuclear chromatin	coincident_with(PomBase:SPAC1782.07
GO:0000790	nuclear chromatin	coincident_with(PomBase:SPAC19B12.02c)
GO:0000790	nuclear chromatin	coincident_with(PomBase:SPAC1F7.05)
GO:0000790	nuclear chromatin	coincident_with(PomBase:SPAC1F7.08
GO:0000790	nuclear chromatin	coincident_with(PomBase:SPAC2E12.02
GO:0000790	nuclear chromatin	coincident_with(PomBase:SPAC3A11.07
GO:0005720	nuclear heterochromatin	coincident_with(PomBase:SPAC664.01c)
GO:0000790	nuclear chromatin	coincident_with(PomBase:SPAC664.11
GO:0000790	nuclear chromatin	coincident_with(PomBase:SPAC6G10.12c)
GO:0000790	nuclear chromatin	coincident_with(PomBase:SPAC821.08c)
GO:0000790	nuclear chromatin	coincident_with(PomBase:SPAPB1E7.04c)
GO:0000790	nuclear chromatin	coincident_with(PomBase:SPAPB1E7.05)
GO:0000790	nuclear chromatin	coincident_with(PomBase:SPAPB2B4.03
GO:0000790	nuclear chromatin	coincident_with(PomBase:SPBC1105.05)
GO:0000790	nuclear chromatin	coincident_with(PomBase:SPBC14C8.07c
GO:0000790	nuclear chromatin	coincident_with(PomBase:SPBC1E8.05)
GO:0000790	nuclear chromatin	coincident_with(PomBase:SPBC27.04)
GO:0000790	nuclear chromatin	coincident_with(PomBase:SPBC32C12.02
GO:0000790	nuclear chromatin	coincident_with(PomBase:SPBC32H8.12c)
GO:0000790	nuclear chromatin	coincident_with(PomBase:SPBC428.18
GO:0000790	nuclear chromatin	coincident_with(PomBase:SPBP35G2.16c
GO:0000790	nuclear chromatin	coincident_with(PomBase:SPCC191.07
GO:0000790	nuclear chromatin	coincident_with(PomBase:SPCC306.11)
GO:0000790	nuclear chromatin	coincident_with(PomBase:SPCC338.08)
GO:0000790	nuclear chromatin	coincident_with(PomBase:SPCC622.08c)
GO:0000790	nuclear chromatin	coincident_with(PomBase:SPCC622.09)
GO:0000790	nuclear chromatin	coincident_with(PomBase:SPCC825.03c)
GO:0000781	chromosome, telomeric region	coincident_with(SGD:S000002379)
GO:0005724	nuclear telomeric heterochromatin	coincident_with(SO:0000003)
GO:1902377	nuclear rDNA heterochromatin	coincident_with(SO:0000003)
GO:0000790	nuclear chromatin	coincident_with(SO:0000101)
GO:0000790	nuclear chromatin	coincident_with(SO:0000141)
GO:0000790	nuclear chromatin	coincident_with(SO:0000165)
GO:0000790	nuclear chromatin	coincident_with(SO:0000167
GO:0000790	nuclear chromatin	coincident_with(SO:0000167
GO:0000785	chromatin	coincident_with(SO:0000167
GO:0000785	chromatin	coincident_with(SO:0000167
GO:0000790	nuclear chromatin	coincident_with(SO:0000167
GO:0000790	nuclear chromatin	coincident_with(SO:0000167
GO:0000790	nuclear chromatin	coincident_with(SO:0000167
GO:0000790	nuclear chromatin	coincident_with(SO:0000167
GO:0000790	nuclear chromatin	coincident_with(SO:0000167
GO:0000790	nuclear chromatin	coincident_with(SO:0000167
GO:0000790	nuclear chromatin	coincident_with(SO:0000167
GO:0000790	nuclear chromatin	coincident_with(SO:0000167
GO:0000790	nuclear chromatin	coincident_with(SO:0000167
GO:0000790	nuclear chromatin	coincident_with(SO:0000167)
GO:0000790	nuclear chromatin	coincident_with(SO:0000167)
GO:0000790	nuclear chromatin	coincident_with(SO:0000167)
GO:0000790	nuclear chromatin	coincident_with(SO:0000170
GO:0000790	nuclear chromatin	coincident_with(SO:0000170)
GO:0000790	nuclear chromatin	coincident_with(SO:0000170)
GO:0000790	nuclear chromatin	coincident_with(SO:0000173)
GO:0000790	nuclear chromatin	coincident_with(SO:0000186)
GO:0000790	nuclear chromatin	coincident_with(SO:0000204)
GO:0000790	nuclear chromatin	coincident_with(SO:0000205)
GO:0000790	nuclear chromatin	coincident_with(SO:0000236)
GO:0000790	nuclear chromatin	coincident_with(SO:0000253)
GO:0000790	nuclear chromatin	coincident_with(SO:0000286)
GO:0000790	nuclear chromatin	coincident_with(SO:0000296
GO:0000790	nuclear chromatin	coincident_with(SO:0000296
GO:0000790	nuclear chromatin	coincident_with(SO:0000296
GO:0000790	nuclear chromatin	coincident_with(SO:0000296
GO:0000790	nuclear chromatin	coincident_with(SO:0000296
GO:0000790	nuclear chromatin	coincident_with(SO:0000296
GO:0000790	nuclear chromatin	coincident_with(SO:0000296
GO:0000790	nuclear chromatin	coincident_with(SO:0000296
GO:0000790	nuclear chromatin	coincident_with(SO:0000296
GO:0000790	nuclear chromatin	coincident_with(SO:0000296)
GO:0000790	nuclear chromatin	coincident_with(SO:0000315)
GO:0000790	nuclear chromatin	coincident_with(SO:0000336)
GO:0005720	nuclear heterochromatin	coincident_with(SO:0000577)
GO:0000790	nuclear chromatin	coincident_with(SO:0000605)
GO:0005720	nuclear heterochromatin	coincident_with(SO:0000624)
GO:0000790	nuclear chromatin	coincident_with(SO:0000624)
GO:0000790	nuclear chromatin	coincident_with(SO:0001003)
GO:0000790	nuclear chromatin	coincident_with(SO:0001055
GO:0000790	nuclear chromatin	coincident_with(SO:0001158)
GO:0000790	nuclear chromatin	coincident_with(SO:0001158)
GO:0000790	nuclear chromatin	coincident_with(SO:0001158)
GO:0000790	nuclear chromatin	coincident_with(SO:0001158)
GO:0000790	nuclear chromatin	coincident_with(SO:0001217)
GO:0000790	nuclear chromatin	coincident_with(SO:0001263)
GO:0000790	nuclear chromatin	coincident_with(SO:0001267)
GO:0000790	nuclear chromatin	coincident_with(SO:0001268)
GO:0000790	nuclear chromatin	coincident_with(SO:0001272)
GO:0000784	nuclear chromosome, telomeric region	coincident_with(SO:0001496)
GO:0000790	nuclear chromatin	coincident_with(SO:0001637)
GO:0000790	nuclear chromatin	coincident_with(SO:0001668
GO:0000790	nuclear chromatin	coincident_with(SO:0001668
GO:0000790	nuclear chromatin	coincident_with(SO:0001668)
GO:0000790	nuclear chromatin	coincident_with(SO:0001789)
GO:0035861	site of double-strand break	coincident_with(SO:0001789)
GO:0000780	condensed nuclear chromosome, centromeric region	coincident_with(SO:0001796
GO:0000780	condensed nuclear chromosome, centromeric region	coincident_with(SO:0001796
GO:0000780	condensed nuclear chromosome, centromeric region	coincident_with(SO:0001796
GO:0000790	nuclear chromatin	coincident_with(SO:0001796)
GO:0034506	chromosome, centromeric core domain	coincident_with(SO:0001798
GO:0000780	condensed nuclear chromosome, centromeric region	coincident_with(SO:0001798
GO:0000780	condensed nuclear chromosome, centromeric region	coincident_with(SO:0001798
GO:0000780	condensed nuclear chromosome, centromeric region	coincident_with(SO:0001798
GO:0000790	nuclear chromatin	coincident_with(SO:0001798)
GO:0000790	nuclear chromatin	coincident_with(SO:0001799
GO:0000790	nuclear chromatin	coincident_with(SO:0001799)
GO:0005719	nuclear euchromatin	coincident_with(SO:0001843)
GO:0000790	nuclear chromatin	coincident_with(SO:0001846)
GO:0000790	nuclear chromatin	coincident_with(SO:0001848)
GO:0000790	nuclear chromatin	coincident_with(SO:0001871)
GO:0000790	nuclear chromatin	coincident_with(SO:0001899)
GO:0000790	nuclear chromatin	coincident_with(SO:0001901)
GO:0000790	nuclear chromatin	coincident_with(SO:0001914)
GO:0000790	nuclear chromatin	coincident_with(SO:0001997)
GO:0000790	nuclear chromatin	coincident_with(SO:0002020)
GO:0000790	nuclear chromatin	coincident_with(SO:0002021)
GO:2000650	negative regulation of sodium ion transmembrane transporter activity	directly_regulates(GO:0005308)
GO:0045429	positive regulation of nitric oxide biosynthetic process	during(GO:0001774)
GO:0032760	positive regulation of tumor necrosis factor production	during(GO:0001774)
GO:0035235	ionotropic glutamate receptor signaling pathway	during(GO:0002931)
GO:0005515	protein binding	during(GO:0002931)
GO:0038083	peptidyl-tyrosine autophosphorylation	during(GO:0002931)
GO:0005829	cytosol	during(GO:0002931)
GO:0043524	negative regulation of neuron apoptotic process	during(GO:0002931)
GO:0004972	NMDA glutamate receptor activity	during(GO:0002931)
GO:0043406	positive regulation of MAP kinase activity	during(GO:0002931)
GO:0018108	peptidyl-tyrosine phosphorylation	during(GO:0002931)
GO:0032587	ruffle membrane	during(GO:0006909)
GO:1900223	positive regulation of beta-amyloid clearance	during(GO:0006909)
GO:0001891	phagocytic cup	during(GO:0006909)
GO:0030426	growth cone	during(GO:0021766)
GO:1901627	negative regulation of postsynaptic membrane organization	during(GO:0034205)
GO:1901630	negative regulation of presynaptic membrane organization	during(GO:0034205)
GO:1901215	negative regulation of neuron death	during(GO:0034205)
GO:1901628	positive regulation of postsynaptic membrane organization	during(GO:0034205)
GO:1901216	positive regulation of neuron death	during(GO:0034205)
GO:1901631	positive regulation of presynaptic membrane organization	during(GO:0034205)
GO:0031143	pseudopodium	during(GO:0034446)
GO:0005829	cytosol	during(GO:0034446)
GO:0030027	lamellipodium	during(GO:0034446)
GO:0038083	peptidyl-tyrosine autophosphorylation	during(GO:0043157)
GO:0006968	cellular defense response	during(GO:0043157)
GO:0061000	negative regulation of dendritic spine development	during(GO:0048666)
GO:0060999	positive regulation of dendritic spine development	during(GO:0048666)
GO:0038083	peptidyl-tyrosine autophosphorylation	during(GO:0051899)
GO:0097114	NMDA glutamate receptor clustering	during(GO:0060996)
GO:0097113	AMPA glutamate receptor clustering	during(GO:0060996)
GO:0016020	membrane	exists_during(GO:0000045)
GO:0000790	nuclear chromatin	exists_during(GO:0000080
GO:0005634	nucleus	exists_during(GO:0000080)
GO:0005654	nucleoplasm	exists_during(GO:0000080)
GO:0000930	gamma-tubulin complex	exists_during(GO:0000080)
GO:0043505	CENP-A containing nucleosome	exists_during(GO:0000080)
GO:0016605	PML body	exists_during(GO:0000080)
GO:0000776	kinetochore	exists_during(GO:0000080)
GO:0005730	nucleolus	exists_during(GO:0000080)
GO:0030875	rDNA protrusion	exists_during(GO:0000080)
GO:0005814	centriole	exists_during(GO:0000080)
GO:0000790	nuclear chromatin	exists_during(GO:0000080)
GO:0000790	nuclear chromatin	exists_during(GO:0000080)
GO:0000131	incipient cellular bud site	exists_during(GO:0000080)
GO:0000790	nuclear chromatin	exists_during(GO:0000082)
GO:0000790	nuclear chromatin	exists_during(GO:0000082)
GO:0000790	nuclear chromatin	exists_during(GO:0000082)
GO:0000790	nuclear chromatin	exists_during(GO:0000082)
GO:0000790	nuclear chromatin	exists_during(GO:0000082)
GO:0005737	cytoplasm	exists_during(GO:0000082)
GO:0035861	site of double-strand break	exists_during(GO:0000084
GO:0000790	nuclear chromatin	exists_during(GO:0000084)
GO:0034399	nuclear periphery	exists_during(GO:0000084)
GO:0043596	nuclear replication fork	exists_during(GO:0000084)
GO:0031618	nuclear pericentric heterochromatin	exists_during(GO:0000084)
GO:0000784	nuclear chromosome, telomeric region	exists_during(GO:0000084)
GO:0000790	nuclear chromatin	exists_during(GO:0000084)
GO:0005634	nucleus	exists_during(GO:0000084)
GO:0000930	gamma-tubulin complex	exists_during(GO:0000084)
GO:1902377	nuclear rDNA heterochromatin	exists_during(GO:0000084)
GO:0005724	nuclear telomeric heterochromatin	exists_during(GO:0000084)
GO:0000784	nuclear chromosome, telomeric region	exists_during(GO:0000084)
GO:0016605	PML body	exists_during(GO:0000084)
GO:0005814	centriole	exists_during(GO:0000084)
GO:0000784	nuclear chromosome, telomeric region	exists_during(GO:0000084)
GO:0000775	chromosome, centromeric region	exists_during(GO:0000084)
GO:0000790	nuclear chromatin	exists_during(GO:0000084)
GO:0031934	mating-type region heterochromatin	exists_during(GO:0000084)
GO:0005737	cytoplasm	exists_during(GO:0000084)
GO:0035861	site of double-strand break	exists_during(GO:0000085
GO:0034399	nuclear periphery	exists_during(GO:0000085)
GO:0031520	plasma membrane of cell tip	exists_during(GO:0000085)
GO:0034506	chromosome, centromeric core domain	exists_during(GO:0000085)
GO:0000930	gamma-tubulin complex	exists_during(GO:0000085)
GO:0071341	medial cortical node	exists_during(GO:0000085)
GO:0035327	transcriptionally active chromatin	exists_during(GO:0000085)
GO:0016605	PML body	exists_during(GO:0000085)
GO:0005730	nucleolus	exists_during(GO:0000085)
GO:0035861	site of double-strand break	exists_during(GO:0000085)
GO:0005814	centriole	exists_during(GO:0000085)
GO:0005634	nucleus	exists_during(GO:0000085)
GO:0043505	CENP-A containing nucleosome	exists_during(GO:0000085)
GO:0000790	nuclear chromatin	exists_during(GO:0000085)
GO:0005654	nucleoplasm	exists_during(GO:0000085)
GO:0031422	RecQ helicase-Topo III complex	exists_during(GO:0000086)
GO:0060187	cell pole	exists_during(GO:0000087)
GO:0034507	chromosome, centromeric outer repeat region	exists_during(GO:0000087)
GO:0000775	chromosome, centromeric region	exists_during(GO:0000087)
GO:0055037	recycling endosome	exists_during(GO:0000087)
GO:0005654	nucleoplasm	exists_during(GO:0000087)
GO:0042729	DASH complex	exists_during(GO:0000087)
GO:0005826	actomyosin contractile ring	exists_during(GO:0000087)
GO:0035327	transcriptionally active chromatin	exists_during(GO:0000087)
GO:0000777	condensed chromosome kinetochore	exists_during(GO:0000087)
GO:0061673	mitotic spindle astral microtubule	exists_during(GO:0000087)
GO:0072686	mitotic spindle	exists_during(GO:0000087)
GO:0005730	nucleolus	exists_during(GO:0000087)
GO:0005737	cytoplasm	exists_during(GO:0000087)
GO:0005634	nucleus	exists_during(GO:0000087)
GO:0032153	cell division site	exists_during(GO:0000087)
GO:0071341	medial cortical node	exists_during(GO:0000087)
GO:0034506	chromosome, centromeric core domain	exists_during(GO:0000087)
GO:0030875	rDNA protrusion	exists_during(GO:0000087)
GO:1902377	nuclear rDNA heterochromatin	exists_during(GO:0000087)
GO:0000778	condensed nuclear chromosome kinetochore	exists_during(GO:0000087)
GO:0000235	astral microtubule	exists_during(GO:0000087)
GO:0005935	cellular bud neck	exists_during(GO:0000087)
GO:0005829	cytosol	exists_during(GO:0000087)
GO:0044732	mitotic spindle pole body	exists_during(GO:0000087)
GO:1990023	mitotic spindle midzone	exists_during(GO:0000087)
GO:0055037	recycling endosome	exists_during(GO:0000087)
GO:0000780	condensed nuclear chromosome, centromeric region	exists_during(GO:0000087)
GO:0031097	medial cortex	exists_during(GO:0000087)
GO:0000796	condensin complex	exists_during(GO:0000087)
GO:0044732	mitotic spindle pole body	exists_during(GO:0000088
GO:0005694	chromosome	exists_during(GO:0000088
GO:0000778	condensed nuclear chromosome kinetochore	exists_during(GO:0000088
GO:0005634	nucleus	exists_during(GO:0000088
GO:0005654	nucleoplasm	exists_during(GO:0000088)
GO:0005813	centrosome	exists_during(GO:0000088)
GO:0032153	cell division site	exists_during(GO:0000088)
GO:0071957	old mitotic spindle pole body	exists_during(GO:0000088)
GO:0005813	centrosome	exists_during(GO:0000088)
GO:0000778	condensed nuclear chromosome kinetochore	exists_during(GO:0000088)
GO:0000779	condensed chromosome, centromeric region	exists_during(GO:0000088)
GO:0000922	spindle pole	exists_during(GO:0000088)
GO:0005634	nucleus	exists_during(GO:0000088)
GO:0005737	cytoplasm	exists_during(GO:0000088)
GO:0005634	nucleus	exists_during(GO:0000088)
GO:0051286	cell tip	exists_during(GO:0000088)
GO:0000228	nuclear chromosome	exists_during(GO:0000088)
GO:0000780	condensed nuclear chromosome, centromeric region	exists_during(GO:0000088)
GO:0000777	condensed chromosome kinetochore	exists_during(GO:0000088)
GO:0005829	cytosol	exists_during(GO:0000088)
GO:0044732	mitotic spindle pole body	exists_during(GO:0000089
GO:0044732	mitotic spindle pole body	exists_during(GO:0000089
GO:0005654	nucleoplasm	exists_during(GO:0000089
GO:1990023	mitotic spindle midzone	exists_during(GO:0000089
GO:0000778	condensed nuclear chromosome kinetochore	exists_during(GO:0000089
GO:0072686	mitotic spindle	exists_during(GO:0000089)
GO:0005813	centrosome	exists_during(GO:0000089)
GO:0000793	condensed chromosome	exists_during(GO:0000089)
GO:0005737	cytoplasm	exists_during(GO:0000089)
GO:0072686	mitotic spindle	exists_during(GO:0000089)
GO:0005634	nucleus	exists_during(GO:0000089)
GO:0005880	nuclear microtubule	exists_during(GO:0000089)
GO:0000778	condensed nuclear chromosome kinetochore	exists_during(GO:0000089)
GO:0000939	condensed chromosome inner kinetochore	exists_during(GO:0000089)
GO:0032153	cell division site	exists_during(GO:0000089)
GO:1990537	mitotic spindle polar microtubule	exists_during(GO:0000089)
GO:0000942	condensed nuclear chromosome outer kinetochore	exists_during(GO:0000089)
GO:0000235	astral microtubule	exists_during(GO:0000089)
GO:0005730	nucleolus	exists_during(GO:0000089)
GO:0000777	condensed chromosome kinetochore	exists_during(GO:0000089)
GO:0000775	chromosome, centromeric region	exists_during(GO:0000089)
GO:0005635	nuclear envelope	exists_during(GO:0000089)
GO:0044732	mitotic spindle pole body	exists_during(GO:0000089)
GO:0000776	kinetochore	exists_during(GO:0000089)
GO:0031097	medial cortex	exists_during(GO:0000089)
GO:0034506	chromosome, centromeric core domain	exists_during(GO:0000089)
GO:0000778	condensed nuclear chromosome kinetochore	exists_during(GO:0000089)
GO:0000775	chromosome, centromeric region	exists_during(GO:0000089)
GO:0072686	mitotic spindle	exists_during(GO:0000089)
GO:0005876	spindle microtubule	exists_during(GO:0000089)
GO:0000777	condensed chromosome kinetochore	exists_during(GO:0000089)
GO:0005829	cytosol	exists_during(GO:0000089)
GO:0000790	nuclear chromatin	exists_during(GO:0000089)
GO:0005654	nucleoplasm	exists_during(GO:0000089)
GO:0061673	mitotic spindle astral microtubule	exists_during(GO:0000089)
GO:1990941	mitotic spindle kinetochore microtubule	exists_during(GO:0000089)
GO:0000922	spindle pole	exists_during(GO:0000089)
GO:0000790	nuclear chromatin	exists_during(GO:0000090)
GO:0044732	mitotic spindle pole body	exists_during(GO:0000090)
GO:0005826	actomyosin contractile ring	exists_during(GO:0000090)
GO:0000942	condensed nuclear chromosome outer kinetochore	exists_during(GO:0000090)
GO:1990023	mitotic spindle midzone	exists_during(GO:0000090)
GO:0061673	mitotic spindle astral microtubule	exists_during(GO:0000090)
GO:1990023	mitotic spindle midzone	exists_during(GO:0000090)
GO:0034506	chromosome, centromeric core domain	exists_during(GO:0000090)
GO:0035839	non-growing cell tip	exists_during(GO:0000090)
GO:0005816	spindle pole body	exists_during(GO:0000090)
GO:0005813	centrosome	exists_during(GO:0000090)
GO:1990498	mitotic spindle microtubule	exists_during(GO:0000090)
GO:0005829	cytosol	exists_during(GO:0000090)
GO:1990023	mitotic spindle midzone	exists_during(GO:0000090)
GO:0005935	cellular bud neck	exists_during(GO:0000090)
GO:0030496	midbody	exists_during(GO:0000090)
GO:0072686	mitotic spindle	exists_during(GO:0000090)
GO:0005634	nucleus	exists_during(GO:0000090)
GO:0005876	spindle microtubule	exists_during(GO:0000090)
GO:0000923	equatorial microtubule organizing center	exists_during(GO:0000090)
GO:0000775	chromosome, centromeric region	exists_during(GO:0000090)
GO:0030496	midbody	exists_during(GO:0000090)
GO:0051233	spindle midzone	exists_during(GO:0000090)
GO:1990023	mitotic spindle midzone	exists_during(GO:0000090)
GO:0071958	new mitotic spindle pole body	exists_during(GO:0000090)
GO:0044732	mitotic spindle pole body	exists_during(GO:0000090)
GO:0005880	nuclear microtubule	exists_during(GO:0000090)
GO:1990537	mitotic spindle polar microtubule	exists_during(GO:0000090)
GO:1990023	mitotic spindle midzone	exists_during(GO:0000090)
GO:0000778	condensed nuclear chromosome kinetochore	exists_during(GO:0000090)
GO:0030874	nucleolar chromatin	exists_during(GO:0000090)
GO:0000777	condensed chromosome kinetochore	exists_during(GO:0000090)
GO:0005829	cytosol	exists_during(GO:0000090)
GO:0005818	aster	exists_during(GO:0000090)
GO:0032153	cell division site	exists_during(GO:0000090)
GO:0031097	medial cortex	exists_during(GO:0000090)
GO:1990941	mitotic spindle kinetochore microtubule	exists_during(GO:0000090)
GO:0005826	actomyosin contractile ring	exists_during(GO:0000091)
GO:0044732	mitotic spindle pole body	exists_during(GO:0000091)
GO:0071958	new mitotic spindle pole body	exists_during(GO:0000091)
GO:1990023	mitotic spindle midzone	exists_during(GO:0000091)
GO:0044732	mitotic spindle pole body	exists_during(GO:0000091)
GO:0000778	condensed nuclear chromosome kinetochore	exists_during(GO:0000091)
GO:0005654	nucleoplasm	exists_during(GO:0000091)
GO:0071957	old mitotic spindle pole body	exists_during(GO:0000091)
GO:0034506	chromosome, centromeric core domain	exists_during(GO:0000092)
GO:0061497	inner plaque of mitotic spindle pole body	exists_during(GO:0000092)
GO:0005826	actomyosin contractile ring	exists_during(GO:0000092)
GO:0000790	nuclear chromatin	exists_during(GO:0000092)
GO:1990023	mitotic spindle midzone	exists_during(GO:0000092)
GO:0032153	cell division site	exists_during(GO:0000092)
GO:1990295	post-anaphase microtubule array	exists_during(GO:0000092)
GO:0036391	medial cortex septin ring	exists_during(GO:0000092)
GO:0044732	mitotic spindle pole body	exists_during(GO:0000092)
GO:0072686	mitotic spindle	exists_during(GO:0000092)
GO:0000923	equatorial microtubule organizing center	exists_during(GO:0000093
GO:0005737	cytoplasm	exists_during(GO:0000093)
GO:0030496	midbody	exists_during(GO:0000093)
GO:0005635	nuclear envelope	exists_during(GO:0000093)
GO:0005813	centrosome	exists_during(GO:0000093)
GO:1990023	mitotic spindle midzone	exists_during(GO:0000093)
GO:1990295	post-anaphase microtubule array	exists_during(GO:0000093)
GO:0000780	condensed nuclear chromosome, centromeric region	exists_during(GO:0000093)
GO:0000790	nuclear chromatin	exists_during(GO:0000093)
GO:0005634	nucleus	exists_during(GO:0000093)
GO:0032153	cell division site	exists_during(GO:0000093)
GO:1990023	mitotic spindle midzone	exists_during(GO:0000093)
GO:0005818	aster	exists_during(GO:0000093)
GO:0036391	medial cortex septin ring	exists_during(GO:0000093)
GO:0000923	equatorial microtubule organizing center	exists_during(GO:0000093)
GO:0000942	condensed nuclear chromosome outer kinetochore	exists_during(GO:0000236)
GO:0072686	mitotic spindle	exists_during(GO:0000236)
GO:0072686	mitotic spindle	exists_during(GO:0000236)
GO:0034506	chromosome, centromeric core domain	exists_during(GO:0000236)
GO:0000779	condensed chromosome, centromeric region	exists_during(GO:0000236)
GO:0000242	pericentriolar material	exists_during(GO:0000236)
GO:0000777	condensed chromosome kinetochore	exists_during(GO:0000236)
GO:0005654	nucleoplasm	exists_during(GO:0000236)
GO:0005694	chromosome	exists_during(GO:0000236)
GO:0000235	astral microtubule	exists_during(GO:0000236)
GO:0071958	new mitotic spindle pole body	exists_during(GO:0000236)
GO:0072686	mitotic spindle	exists_during(GO:0000236)
GO:0005634	nucleus	exists_during(GO:0000236)
GO:0000778	condensed nuclear chromosome kinetochore	exists_during(GO:0000236)
GO:0001741	XY body	exists_during(GO:0000239)
GO:0001741	XY body	exists_during(GO:0000239)
GO:0043073	germ cell nucleus	exists_during(GO:0000239)
GO:0001741	XY body	exists_during(GO:0000240)
GO:0043073	germ cell nucleus	exists_during(GO:0000240)
GO:0043073	germ cell nucleus	exists_during(GO:0000241)
GO:0000794	condensed nuclear chromosome	exists_during(GO:0000241)
GO:0005730	nucleolus	exists_during(GO:0000278
GO:0005634	nucleus	exists_during(GO:0000278
GO:0005643	nuclear pore	exists_during(GO:0000278)
GO:0000775	chromosome, centromeric region	exists_during(GO:0000278)
GO:0032153	cell division site	exists_during(GO:0000278)
GO:0000778	condensed nuclear chromosome kinetochore	exists_during(GO:0000278)
GO:0005639	integral component of nuclear inner membrane	exists_during(GO:0000278)
GO:0031258	lamellipodium membrane	exists_during(GO:0000278)
GO:0005876	spindle microtubule	exists_during(GO:0000278)
GO:0005739	mitochondrion	exists_during(GO:0000278)
GO:0000790	nuclear chromatin	exists_during(GO:0000278)
GO:0009986	cell surface	exists_during(GO:0000278)
GO:0005634	nucleus	exists_during(GO:0000278)
GO:0051286	cell tip	exists_during(GO:0000278)
GO:0005737	cytoplasm	exists_during(GO:0000278)
GO:0031527	filopodium membrane	exists_during(GO:0000278)
GO:0032587	ruffle membrane	exists_during(GO:0000278)
GO:0005635	nuclear envelope	exists_during(GO:0000278)
GO:0005881	cytoplasmic microtubule	exists_during(GO:0000278)
GO:0000923	equatorial microtubule organizing center	exists_during(GO:0000278)
GO:0000780	condensed nuclear chromosome, centromeric region	exists_during(GO:0000278)
GO:0043073	germ cell nucleus	exists_during(GO:0000278)
GO:0000776	kinetochore	exists_during(GO:0000278)
GO:1990251	Mmi1 nuclear focus complex	exists_during(GO:0000278)
GO:0005654	nucleoplasm	exists_during(GO:0000278)
GO:0005886	plasma membrane	exists_during(GO:0000278)
GO:0000935	barrier septum	exists_during(GO:0000278)
GO:0005829	cytosol	exists_during(GO:0000278)
GO:0034399	nuclear periphery	exists_during(GO:0000278)
GO:0031528	microvillus membrane	exists_during(GO:0000278)
GO:1990023	mitotic spindle midzone	exists_during(GO:0000278)
GO:0031021	interphase microtubule organizing center	exists_during(GO:0000278)
GO:0005813	centrosome	exists_during(GO:0000278)
GO:0005737	cytoplasm	exists_during(GO:0000278)
GO:0071944	cell periphery	exists_during(GO:0000278)
GO:0000779	condensed chromosome, centromeric region	exists_during(GO:0000278)
GO:0000928	gamma-tubulin small complex, spindle pole body	exists_during(GO:0000278)
GO:0000790	nuclear chromatin	exists_during(GO:0000278)
GO:0031097	medial cortex	exists_during(GO:0000278)
GO:0005826	actomyosin contractile ring	exists_during(GO:0000278)
GO:0044732	mitotic spindle pole body	exists_during(GO:0000278)
GO:0005634	nucleus	exists_during(GO:0000279)
GO:0005826	actomyosin contractile ring	exists_during(GO:0000281)
GO:0005813	centrosome	exists_during(GO:0000281)
GO:1990023	mitotic spindle midzone	exists_during(GO:0000281)
GO:0005813	centrosome	exists_during(GO:0000281)
GO:0031097	medial cortex	exists_during(GO:0000281)
GO:0044732	mitotic spindle pole body	exists_during(GO:0000281)
GO:0051285	cell cortex of cell tip	exists_during(GO:0000281)
GO:0005634	nucleus	exists_during(GO:0000281)
GO:0032153	cell division site	exists_during(GO:0000281)
GO:0005938	cell cortex	exists_during(GO:0000281)
GO:0060187	cell pole	exists_during(GO:0000281)
GO:0000923	equatorial microtubule organizing center	exists_during(GO:0000281)
GO:0000935	barrier septum	exists_during(GO:0000281)
GO:0005935	cellular bud neck	exists_during(GO:0000281)
GO:0044732	mitotic spindle pole body	exists_during(GO:0000320)
GO:0005737	cytoplasm	exists_during(GO:0000741)
GO:1990574	meiotic spindle astral microtubule	exists_during(GO:0000741)
GO:0043332	mating projection tip	exists_during(GO:0000742)
GO:0005739	mitochondrion	exists_during(GO:0000747)
GO:0005634	nucleus	exists_during(GO:0000747)
GO:0005937	mating projection	exists_during(GO:0000747)
GO:0043332	mating projection tip	exists_during(GO:0000747)
GO:0051286	cell tip	exists_during(GO:0000747)
GO:0070867	mating projection tip membrane	exists_during(GO:0000749)
GO:0043332	mating projection tip	exists_during(GO:0000749)
GO:0000790	nuclear chromatin	exists_during(GO:0000751)
GO:0032153	cell division site	exists_during(GO:0000910)
GO:0031097	medial cortex	exists_during(GO:0000910)
GO:0060187	cell pole	exists_during(GO:0000910)
GO:0005737	cytoplasm	exists_during(GO:0000910)
GO:0030496	midbody	exists_during(GO:0000910)
GO:0051233	spindle midzone	exists_during(GO:0000910)
GO:0030496	midbody	exists_during(GO:0000910)
GO:0090543	Flemming body	exists_during(GO:0000910)
GO:0005826	actomyosin contractile ring	exists_during(GO:0000915)
GO:0032153	cell division site	exists_during(GO:0000915)
GO:0032153	cell division site	exists_during(GO:0000916)
GO:0031097	medial cortex	exists_during(GO:0000920)
GO:0005829	cytosol	exists_during(GO:0001302)
GO:0070971	endoplasmic reticulum exit site	exists_during(GO:0001556)
GO:0005829	cytosol	exists_during(GO:0001666)
GO:0005886	plasma membrane	exists_during(GO:0001700
GO:0098794	postsynapse	exists_during(GO:0002164
GO:0005634	nucleus	exists_during(GO:0002164)
GO:0005700	polytene chromosome	exists_during(GO:0002168)
GO:0030175	filopodium	exists_during(GO:0003376)
GO:0005886	plasma membrane	exists_during(GO:0003376)
GO:0045179	apical cortex	exists_during(GO:0003382)
GO:0045180	basal cortex	exists_during(GO:0003382)
GO:0005768	endosome	exists_during(GO:0004697)
GO:0005634	nucleus	exists_during(GO:0006279)
GO:0000790	nuclear chromatin	exists_during(GO:0006279)
GO:0005730	nucleolus	exists_during(GO:0006281)
GO:0000790	nuclear chromatin	exists_during(GO:0006302)
GO:0005694	chromosome	exists_during(GO:0006351)
GO:0005741	mitochondrial outer membrane	exists_during(GO:0006468)
GO:0005634	nucleus	exists_during(GO:0006470
GO:0005634	nucleus	exists_during(GO:0006470
GO:0005829	cytosol	exists_during(GO:0006470
GO:0005829	cytosol	exists_during(GO:0006470
GO:0048471	perinuclear region of cytoplasm	exists_during(GO:0006914)
GO:0000407	pre-autophagosomal structure	exists_during(GO:0006914)
GO:0005739	mitochondrion	exists_during(GO:0006915)
GO:0005829	cytosol	exists_during(GO:0006915)
GO:0009898	cytoplasmic side of plasma membrane	exists_during(GO:0006915)
GO:0016020	membrane	exists_during(GO:0006935)
GO:0031252	cell leading edge	exists_during(GO:0006935)
GO:0005737	cytoplasm	exists_during(GO:0006955)
GO:0048471	perinuclear region of cytoplasm	exists_during(GO:0006955)
GO:0032991	macromolecular complex	exists_during(GO:0006956)
GO:0005634	nucleus	exists_during(GO:0006974
GO:0005634	nucleus	exists_during(GO:0006974
GO:0000785	chromatin	exists_during(GO:0006974)
GO:0034399	nuclear periphery	exists_during(GO:0006974)
GO:0005634	nucleus	exists_during(GO:0006974)
GO:0000790	nuclear chromatin	exists_during(GO:0006974)
GO:0035861	site of double-strand break	exists_during(GO:0006974)
GO:0031464	Cul4A-RING E3 ubiquitin ligase complex	exists_during(GO:0006974)
GO:0005743	mitochondrial inner membrane	exists_during(GO:0006979
GO:0005759	mitochondrial matrix	exists_during(GO:0006979
GO:0048471	perinuclear region of cytoplasm	exists_during(GO:0006995)
GO:0005634	nucleus	exists_during(GO:0006995)
GO:0005886	plasma membrane	exists_during(GO:0006995)
GO:0031520	plasma membrane of cell tip	exists_during(GO:0006995)
GO:0005773	vacuole	exists_during(GO:0006995)
GO:0009986	cell surface	exists_during(GO:0006995)
GO:0000790	nuclear chromatin	exists_during(GO:0006995)
GO:0005737	cytoplasm	exists_during(GO:0006995)
GO:0035371	microtubule plus-end	exists_during(GO:0007019)
GO:0000790	nuclear chromatin	exists_during(GO:0007049)
GO:0005654	nucleoplasm	exists_during(GO:0007067)
GO:0035371	microtubule plus-end	exists_during(GO:0007067)
GO:0005813	centrosome	exists_during(GO:0007067)
GO:0005813	centrosome	exists_during(GO:0007067)
GO:0005634	nucleus	exists_during(GO:0007067)
GO:0000775	chromosome, centromeric region	exists_during(GO:0007067)
GO:0000793	condensed chromosome	exists_during(GO:0007067)
GO:0000776	kinetochore	exists_during(GO:0007067)
GO:0005694	chromosome	exists_during(GO:0007067)
GO:0072686	mitotic spindle	exists_during(GO:0007067)
GO:0005635	nuclear envelope	exists_during(GO:0007067)
GO:0000242	pericentriolar material	exists_during(GO:0007067)
GO:0000922	spindle pole	exists_during(GO:0007067)
GO:0005737	cytoplasm	exists_during(GO:0007067)
GO:0005876	spindle microtubule	exists_during(GO:0007067)
GO:0000790	nuclear chromatin	exists_during(GO:0007089)
GO:0000777	condensed chromosome kinetochore	exists_during(GO:0007094)
GO:0035838	growing cell tip	exists_during(GO:0007124)
GO:0035839	non-growing cell tip	exists_during(GO:0007124)
GO:0000778	condensed nuclear chromosome kinetochore	exists_during(GO:0007127)
GO:0005938	cell cortex	exists_during(GO:0007127)
GO:0000228	nuclear chromosome	exists_during(GO:0007127)
GO:0000777	condensed chromosome kinetochore	exists_during(GO:0007127)
GO:0090619	meiotic spindle pole	exists_during(GO:0007127)
GO:0005737	cytoplasm	exists_during(GO:0007127)
GO:0005634	nucleus	exists_during(GO:0007127)
GO:0005634	nucleus	exists_during(GO:0007127)
GO:0000793	condensed chromosome	exists_during(GO:0007127)
GO:0005886	plasma membrane	exists_during(GO:0007127)
GO:0000784	nuclear chromosome, telomeric region	exists_during(GO:0007128
GO:0000784	nuclear chromosome, telomeric region	exists_during(GO:0007128)
GO:1990574	meiotic spindle astral microtubule	exists_during(GO:0007128)
GO:0005694	chromosome	exists_during(GO:0007128)
GO:0005737	cytoplasm	exists_during(GO:0007128)
GO:0071687	horsetail nucleus leading edge	exists_during(GO:0007128)
GO:0071686	horsetail nucleus	exists_during(GO:0007128)
GO:0005634	nucleus	exists_during(GO:0007128)
GO:0005938	cell cortex	exists_during(GO:0007128)
GO:0030981	cortical microtubule cytoskeleton	exists_during(GO:0007128)
GO:0035974	meiotic spindle pole body	exists_during(GO:0007128)
GO:0033620	Mei2 nuclear dot complex	exists_during(GO:0007128)
GO:0005868	cytoplasmic dynein complex	exists_during(GO:0007128)
GO:0005737	cytoplasm	exists_during(GO:0007132
GO:0035974	meiotic spindle pole body	exists_during(GO:0007132)
GO:0000775	chromosome, centromeric region	exists_during(GO:0007132)
GO:1990574	meiotic spindle astral microtubule	exists_during(GO:0007132)
GO:0000775	chromosome, centromeric region	exists_during(GO:0007132)
GO:0000777	condensed chromosome kinetochore	exists_during(GO:0007132)
GO:0072687	meiotic spindle	exists_during(GO:0007132)
GO:0005737	cytoplasm	exists_during(GO:0007132)
GO:0005634	nucleus	exists_during(GO:0007132)
GO:0005730	nucleolus	exists_during(GO:0007132)
GO:1990385	meiotic spindle midzone	exists_during(GO:0007133)
GO:0005634	nucleus	exists_during(GO:0007133)
GO:0000790	nuclear chromatin	exists_during(GO:0007133)
GO:0000777	condensed chromosome kinetochore	exists_during(GO:0007133)
GO:0072687	meiotic spindle	exists_during(GO:0007133)
GO:0005628	prospore membrane	exists_during(GO:0007133)
GO:0005730	nucleolus	exists_during(GO:0007133)
GO:0005634	nucleus	exists_during(GO:0007134)
GO:0005628	prospore membrane	exists_during(GO:0007134)
GO:0005730	nucleolus	exists_during(GO:0007134)
GO:0034399	nuclear periphery	exists_during(GO:0007135)
GO:0005628	prospore membrane	exists_during(GO:0007135)
GO:0090619	meiotic spindle pole	exists_during(GO:0007135)
GO:0005634	nucleus	exists_during(GO:0007135)
GO:0035974	meiotic spindle pole body	exists_during(GO:0007135)
GO:0070056	prospore membrane leading edge	exists_during(GO:0007135)
GO:0000793	condensed chromosome	exists_during(GO:0007135)
GO:0005634	nucleus	exists_during(GO:0007136)
GO:0005737	cytoplasm	exists_during(GO:0007136)
GO:0070057	prospore membrane spindle pole body attachment site	exists_during(GO:0007136)
GO:0005628	prospore membrane	exists_during(GO:0007136)
GO:0005634	nucleus	exists_during(GO:0007137)
GO:0005737	cytoplasm	exists_during(GO:0007137)
GO:0000790	nuclear chromatin	exists_during(GO:0007137)
GO:0005730	nucleolus	exists_during(GO:0007137)
GO:0035974	meiotic spindle pole body	exists_during(GO:0007137)
GO:0072687	meiotic spindle	exists_during(GO:0007137)
GO:0070057	prospore membrane spindle pole body attachment site	exists_during(GO:0007137)
GO:0005628	prospore membrane	exists_during(GO:0007137)
GO:0000775	chromosome, centromeric region	exists_during(GO:0007137)
GO:0005737	cytoplasm	exists_during(GO:0007137)
GO:0005634	nucleus	exists_during(GO:0007138
GO:0000790	nuclear chromatin	exists_during(GO:0007138)
GO:0005634	nucleus	exists_during(GO:0007138)
GO:0005730	nucleolus	exists_during(GO:0007138)
GO:0005829	cytosol	exists_during(GO:0007138)
GO:0070057	prospore membrane spindle pole body attachment site	exists_during(GO:0007138)
GO:0005628	prospore membrane	exists_during(GO:0007138)
GO:0005737	cytoplasm	exists_during(GO:0007138)
GO:0005730	nucleolus	exists_during(GO:0007139)
GO:0005634	nucleus	exists_during(GO:0007139)
GO:0005737	cytoplasm	exists_during(GO:0007139)
GO:0000785	chromatin	exists_during(GO:0007140)
GO:0005739	mitochondrion	exists_during(GO:0007286)
GO:0005930	axoneme	exists_during(GO:0007290)
GO:0032154	cleavage furrow	exists_during(GO:0007349)
GO:0005886	plasma membrane	exists_during(GO:0007352
GO:0009986	cell surface	exists_during(GO:0007390
GO:0005886	plasma membrane	exists_during(GO:0007390
GO:0016234	inclusion body	exists_during(GO:0007569)
GO:1905286	serine-type peptidase complex	exists_during(GO:0007596)
GO:0005737	cytoplasm	exists_during(GO:0008283)
GO:0005737	cytoplasm	exists_during(GO:0008283)
GO:0005634	nucleus	exists_during(GO:0008406)
GO:0048471	perinuclear region of cytoplasm	exists_during(GO:0008630)
GO:0005737	cytoplasm	exists_during(GO:0008630)
GO:0048471	perinuclear region of cytoplasm	exists_during(GO:0009267
GO:0005776	autophagosome	exists_during(GO:0009267)
GO:0009986	cell surface	exists_during(GO:0009267)
GO:0010494	cytoplasmic stress granule	exists_during(GO:0009408)
GO:0005737	cytoplasm	exists_during(GO:0009408)
GO:0000790	nuclear chromatin	exists_during(GO:0009408)
GO:0005829	cytosol	exists_during(GO:0009408)
GO:0005615	extracellular space	exists_during(GO:0009408)
GO:0005886	plasma membrane	exists_during(GO:0009408)
GO:0005829	cytosol	exists_during(GO:0009411)
GO:0097225	sperm midpiece	exists_during(GO:0009566)
GO:0020003	symbiont-containing vacuole	exists_during(GO:0009617)
GO:0030666	endocytic vesicle membrane	exists_during(GO:0009617)
GO:0030139	endocytic vesicle	exists_during(GO:0009617)
GO:0005634	nucleus	exists_during(GO:0009790
GO:0030017	sarcomere	exists_during(GO:0009790)
GO:0005887	integral component of plasma membrane	exists_during(GO:0009790)
GO:0009986	cell surface	exists_during(GO:0009790)
GO:0005859	muscle myosin complex	exists_during(GO:0009790)
GO:0009986	cell surface	exists_during(GO:0009791)
GO:0005886	plasma membrane	exists_during(GO:0010106)
GO:0005737	cytoplasm	exists_during(GO:0010106)
GO:0005634	nucleus	exists_during(GO:0010106)
GO:0000790	nuclear chromatin	exists_during(GO:0010458)
GO:0030875	rDNA protrusion	exists_during(GO:0010458)
GO:0005634	nucleus	exists_during(GO:0012501)
GO:0005634	nucleus	exists_during(GO:0016032)
GO:0031410	cytoplasmic vesicle	exists_during(GO:0016055)
GO:1903561	extracellular vesicle	exists_during(GO:0016477)
GO:0031254	cell trailing edge	exists_during(GO:0016477)
GO:0030027	lamellipodium	exists_during(GO:0016477)
GO:0030175	filopodium	exists_during(GO:0016477)
GO:0001726	ruffle	exists_during(GO:0016477)
GO:0005634	nucleus	exists_during(GO:0019933)
GO:0005829	cytosol	exists_during(GO:0019933)
GO:0005737	cytoplasm	exists_during(GO:0019954)
GO:0048471	perinuclear region of cytoplasm	exists_during(GO:0019954)
GO:0005634	nucleus	exists_during(GO:0022008)
GO:0016323	basolateral plasma membrane	exists_during(GO:0022612
GO:0005737	cytoplasm	exists_during(GO:0022612
GO:0016324	apical plasma membrane	exists_during(GO:0022612
GO:0005634	nucleus	exists_during(GO:0022612
GO:0005886	plasma membrane	exists_during(GO:0030154
GO:0005737	cytoplasm	exists_during(GO:0030154)
GO:0005829	cytosol	exists_during(GO:0030218)
GO:0005634	nucleus	exists_during(GO:0030218)
GO:0005628	prospore membrane	exists_during(GO:0030437)
GO:0005619	ascospore wall	exists_during(GO:0030476)
GO:0005576	extracellular region	exists_during(GO:0030583)
GO:0005634	nucleus	exists_during(GO:0030587)
GO:0031982	vesicle	exists_during(GO:0030587)
GO:0005773	vacuole	exists_during(GO:0030587)
GO:0005829	cytosol	exists_during(GO:0030587)
GO:0045179	apical cortex	exists_during(GO:0031150
GO:0045180	basal cortex	exists_during(GO:0031150
GO:0005912	adherens junction	exists_during(GO:0031150)
GO:0044291	cell-cell contact zone	exists_during(GO:0031152)
GO:0031012	extracellular matrix	exists_during(GO:0031153)
GO:0005634	nucleus	exists_during(GO:0031153)
GO:0031143	pseudopodium	exists_during(GO:0031270)
GO:0000790	nuclear chromatin	exists_during(GO:0031297
GO:0043596	nuclear replication fork	exists_during(GO:0031297
GO:0005634	nucleus	exists_during(GO:0031321)
GO:0032153	cell division site	exists_during(GO:0033554)
GO:0051285	cell cortex of cell tip	exists_during(GO:0033554)
GO:0005634	nucleus	exists_during(GO:0033554)
GO:0005737	cytoplasm	exists_during(GO:0033554)
GO:1902716	cell cortex of growing cell tip	exists_during(GO:0033554)
GO:0005730	nucleolus	exists_during(GO:0033554)
GO:0005886	plasma membrane	exists_during(GO:0033554)
GO:0000932	P-body	exists_during(GO:0033554)
GO:0005774	vacuolar membrane	exists_during(GO:0034198)
GO:0005634	nucleus	exists_during(GO:0034514)
GO:0005634	nucleus	exists_during(GO:0034599
GO:0016605	PML body	exists_during(GO:0034599
GO:0005634	nucleus	exists_during(GO:0034599)
GO:0005739	mitochondrion	exists_during(GO:0034599)
GO:1902716	cell cortex of growing cell tip	exists_during(GO:0034605
GO:0005634	nucleus	exists_during(GO:0034605
GO:0005829	cytosol	exists_during(GO:0034605
GO:0032153	cell division site	exists_during(GO:0034605)
GO:0005829	cytosol	exists_during(GO:0034605)
GO:0000790	nuclear chromatin	exists_during(GO:0034605)
GO:0051286	cell tip	exists_during(GO:0034605)
GO:0034399	nuclear periphery	exists_during(GO:0034605)
GO:0005622	intracellular	exists_during(GO:0034605)
GO:0000790	nuclear chromatin	exists_during(GO:0034605)
GO:0005634	nucleus	exists_during(GO:0034605)
GO:0005737	cytoplasm	exists_during(GO:0034605)
GO:0000790	nuclear chromatin	exists_during(GO:0034605)
GO:0010494	cytoplasmic stress granule	exists_during(GO:0034605)
GO:0097575	lateral cell cortex	exists_during(GO:0034605)
GO:0005615	extracellular space	exists_during(GO:0034614)
GO:0005634	nucleus	exists_during(GO:0034614)
GO:0000790	nuclear chromatin	exists_during(GO:0034614)
GO:0000790	nuclear chromatin	exists_during(GO:0034644
GO:0000790	nuclear chromatin	exists_during(GO:0034644
GO:0000790	nuclear chromatin	exists_during(GO:0034644
GO:0000790	nuclear chromatin	exists_during(GO:0034644
GO:0000790	nuclear chromatin	exists_during(GO:0034644
GO:0000790	nuclear chromatin	exists_during(GO:0034644
GO:0000790	nuclear chromatin	exists_during(GO:0034644
GO:0000790	nuclear chromatin	exists_during(GO:0034644)
GO:0000790	nuclear chromatin	exists_during(GO:0034644)
GO:0000790	nuclear chromatin	exists_during(GO:0034644)
GO:1990604	IRE1-TRAF2-ASK1 complex	exists_during(GO:0034976)
GO:1990589	ATF4-CREB1 transcription factor complex	exists_during(GO:0034976)
GO:0032993	protein-DNA complex	exists_during(GO:0034976)
GO:0005634	nucleus	exists_during(GO:0034976)
GO:0032993	protein-DNA complex	exists_during(GO:0034976)
GO:0005783	endoplasmic reticulum	exists_during(GO:0034976)
GO:1990590	ATF1-ATF4 transcription factor complex	exists_during(GO:0034976)
GO:1990597	AIP1-IRE1 complex	exists_during(GO:0034976)
GO:0005794	Golgi apparatus	exists_during(GO:0034976)
GO:0005703	polytene chromosome puff	exists_during(GO:0035075)
GO:0005634	nucleus	exists_during(GO:0035874)
GO:0000329	fungal-type vacuole membrane	exists_during(GO:0035874)
GO:0005886	plasma membrane	exists_during(GO:0035874)
GO:0009898	cytoplasmic side of plasma membrane	exists_during(GO:0038028)
GO:0030864	cortical actin cytoskeleton	exists_during(GO:0042110)
GO:0000790	nuclear chromatin	exists_during(GO:0042149)
GO:0005737	cytoplasm	exists_during(GO:0042149)
GO:0009277	fungal-type cell wall	exists_during(GO:0042149)
GO:0000932	P-body	exists_during(GO:0042149)
GO:0005634	nucleus	exists_during(GO:0042149)
GO:0071561	nucleus-vacuole junction	exists_during(GO:0042149)
GO:0005773	vacuole	exists_during(GO:0042149)
GO:0031520	plasma membrane of cell tip	exists_during(GO:0042149)
GO:0010494	cytoplasmic stress granule	exists_during(GO:0042149)
GO:0044297	cell body	exists_during(GO:0042297
GO:0044297	cell body	exists_during(GO:0042297
GO:0044297	cell body	exists_during(GO:0042297
GO:0044297	cell body	exists_during(GO:0042297)
GO:0044297	cell body	exists_during(GO:0042297)
GO:0044297	cell body	exists_during(GO:0042297)
GO:0001931	uropod	exists_during(GO:0042594)
GO:0031143	pseudopodium	exists_during(GO:0042594)
GO:0031252	cell leading edge	exists_during(GO:0042594)
GO:0005743	mitochondrial inner membrane	exists_during(GO:0042769)
GO:0005759	mitochondrial matrix	exists_during(GO:0042769)
GO:1902716	cell cortex of growing cell tip	exists_during(GO:0042814)
GO:0005657	replication fork	exists_during(GO:0043111)
GO:0043204	perikaryon	exists_during(GO:0043279
GO:0060187	cell pole	exists_during(GO:0043326)
GO:0031252	cell leading edge	exists_during(GO:0043327)
GO:0005783	endoplasmic reticulum	exists_during(GO:0043327)
GO:0005886	plasma membrane	exists_during(GO:0043327)
GO:0031257	cell trailing edge membrane	exists_during(GO:0043327)
GO:0005737	cytoplasm	exists_during(GO:0043403)
GO:0005794	Golgi apparatus	exists_during(GO:0043562)
GO:0044732	mitotic spindle pole body	exists_during(GO:0044810)
GO:0099070	static microtubule bundle	exists_during(GO:0044838)
GO:0005737	cytoplasm	exists_during(GO:0044838)
GO:0034399	nuclear periphery	exists_during(GO:0044838)
GO:0005737	cytoplasm	exists_during(GO:0044838)
GO:0000790	nuclear chromatin	exists_during(GO:0044838)
GO:0005634	nucleus	exists_during(GO:0044843)
GO:0005768	endosome	exists_during(GO:0044844)
GO:0005623	cell	exists_during(GO:0045087)
GO:0000784	nuclear chromosome, telomeric region	exists_during(GO:0045141)
GO:0035974	meiotic spindle pole body	exists_during(GO:0045141)
GO:0016323	basolateral plasma membrane	exists_during(GO:0045198
GO:0005737	cytoplasm	exists_during(GO:0045198
GO:0016324	apical plasma membrane	exists_during(GO:0045198
GO:0005634	nucleus	exists_during(GO:0045198
GO:0005737	cytoplasm	exists_during(GO:0045445
GO:0005886	plasma membrane	exists_during(GO:0046685)
GO:0035371	microtubule plus-end	exists_during(GO:0046785)
GO:0005874	microtubule	exists_during(GO:0047496)
GO:0045177	apical part of cell	exists_during(GO:0048240)
GO:0005737	cytoplasm	exists_during(GO:0048477
GO:0009986	cell surface	exists_during(GO:0048598)
GO:0005938	cell cortex	exists_during(GO:0048839
GO:0005634	nucleus	exists_during(GO:0048839
GO:0005634	nucleus	exists_during(GO:0050829)
GO:0005634	nucleus	exists_during(GO:0050830)
GO:0005829	cytosol	exists_during(GO:0050849)
GO:0005634	nucleus	exists_during(GO:0050850)
GO:0016607	nuclear speck	exists_during(GO:0051301)
GO:0005737	cytoplasm	exists_during(GO:0051318
GO:0005824	outer plaque of spindle pole body	exists_during(GO:0051318)
GO:0005737	cytoplasm	exists_during(GO:0051318)
GO:0030874	nucleolar chromatin	exists_during(GO:0051318)
GO:0005634	nucleus	exists_during(GO:0051319)
GO:0005634	nucleus	exists_during(GO:0051319)
GO:0005634	nucleus	exists_during(GO:0051320)
GO:0031618	nuclear pericentric heterochromatin	exists_during(GO:0051320)
GO:0005886	plasma membrane	exists_during(GO:0051321
GO:0005886	plasma membrane	exists_during(GO:0051321)
GO:0035974	meiotic spindle pole body	exists_during(GO:0051321)
GO:0005737	cytoplasm	exists_during(GO:0051321)
GO:0000779	condensed chromosome, centromeric region	exists_during(GO:0051321)
GO:0000928	gamma-tubulin small complex, spindle pole body	exists_during(GO:0051321)
GO:0000775	chromosome, centromeric region	exists_during(GO:0051321)
GO:0005635	nuclear envelope	exists_during(GO:0051321)
GO:0005639	integral component of nuclear inner membrane	exists_during(GO:0051321)
GO:0005628	prospore membrane	exists_during(GO:0051321)
GO:0005737	cytoplasm	exists_during(GO:0051321)
GO:0005730	nucleolus	exists_during(GO:0051321)
GO:0000790	nuclear chromatin	exists_during(GO:0051321)
GO:0005643	nuclear pore	exists_during(GO:0051321)
GO:0033620	Mei2 nuclear dot complex	exists_during(GO:0051321)
GO:0000784	nuclear chromosome, telomeric region	exists_during(GO:0051321)
GO:0000776	kinetochore	exists_during(GO:0051321)
GO:0005634	nucleus	exists_during(GO:0051321)
GO:0005634	nucleus	exists_during(GO:0051321)
GO:0005773	vacuole	exists_during(GO:0051321)
GO:0031618	nuclear pericentric heterochromatin	exists_during(GO:0051321)
GO:0000780	condensed nuclear chromosome, centromeric region	exists_during(GO:0051321)
GO:0030981	cortical microtubule cytoskeleton	exists_during(GO:0051321)
GO:0005789	endoplasmic reticulum membrane	exists_during(GO:0051321)
GO:0034399	nuclear periphery	exists_during(GO:0051321)
GO:0031291	Ran protein signal transduction	exists_during(GO:0051323
GO:0005813	centrosome	exists_during(GO:0051323)
GO:0000922	spindle pole	exists_during(GO:0051323)
GO:0005634	nucleus	exists_during(GO:0051323)
GO:0000776	kinetochore	exists_during(GO:0051323)
GO:0005737	cytoplasm	exists_during(GO:0051323)
GO:0097431	mitotic spindle pole	exists_during(GO:0051323)
GO:0005813	centrosome	exists_during(GO:0051323)
GO:0005694	chromosome	exists_during(GO:0051323)
GO:0005938	cell cortex	exists_during(GO:0051323)
GO:0005813	centrosome	exists_during(GO:0051323)
GO:0005813	centrosome	exists_during(GO:0051324)
GO:0000776	kinetochore	exists_during(GO:0051324)
GO:0034399	nuclear periphery	exists_during(GO:0051325
GO:0031592	centrosomal corona	exists_during(GO:0051325)
GO:0005652	nuclear lamina	exists_during(GO:0051325)
GO:0005634	nucleus	exists_during(GO:0051325)
GO:0005634	nucleus	exists_during(GO:0051325)
GO:0005881	cytoplasmic microtubule	exists_during(GO:0051325)
GO:0035371	microtubule plus-end	exists_during(GO:0051325)
GO:0005654	nucleoplasm	exists_during(GO:0051325)
GO:0005737	cytoplasm	exists_during(GO:0051325)
GO:0044291	cell-cell contact zone	exists_during(GO:0051325)
GO:0030496	midbody	exists_during(GO:0051326)
GO:0000775	chromosome, centromeric region	exists_during(GO:0051326)
GO:1990023	mitotic spindle midzone	exists_during(GO:0051326)
GO:0000790	nuclear chromatin	exists_during(GO:0051327)
GO:0035974	meiotic spindle pole body	exists_during(GO:0051327)
GO:1990295	post-anaphase microtubule array	exists_during(GO:0051329)
GO:0035838	growing cell tip	exists_during(GO:0051329)
GO:0030479	actin cortical patch	exists_during(GO:0051329)
GO:0034399	nuclear periphery	exists_during(GO:0051329)
GO:0031520	plasma membrane of cell tip	exists_during(GO:0051329)
GO:0035840	old growing cell tip	exists_during(GO:0051329)
GO:0005813	centrosome	exists_during(GO:0051329)
GO:0005737	cytoplasm	exists_during(GO:0051329)
GO:0000776	kinetochore	exists_during(GO:0051329)
GO:0000780	condensed nuclear chromosome, centromeric region	exists_during(GO:0051329)
GO:0005881	cytoplasmic microtubule	exists_during(GO:0051329)
GO:0060187	cell pole	exists_during(GO:0051329)
GO:0005938	cell cortex	exists_during(GO:0051329)
GO:0005794	Golgi apparatus	exists_during(GO:0051329)
GO:1903754	cortical microtubule plus-end	exists_during(GO:0051329)
GO:0000235	astral microtubule	exists_during(GO:0051329)
GO:0000780	condensed nuclear chromosome, centromeric region	exists_during(GO:0051329)
GO:0000922	spindle pole	exists_during(GO:0051329)
GO:0005634	nucleus	exists_during(GO:0051329)
GO:0000784	nuclear chromosome, telomeric region	exists_during(GO:0051329)
GO:0000790	nuclear chromatin	exists_during(GO:0051329)
GO:0051285	cell cortex of cell tip	exists_during(GO:0051329)
GO:0005730	nucleolus	exists_during(GO:0051329)
GO:0051286	cell tip	exists_during(GO:0051329)
GO:0071341	medial cortical node	exists_during(GO:0051329)
GO:0005826	actomyosin contractile ring	exists_during(GO:0051329)
GO:0031021	interphase microtubule organizing center	exists_during(GO:0051329)
GO:0005737	cytoplasm	exists_during(GO:0051329)
GO:0005814	centriole	exists_during(GO:0051329)
GO:0005721	pericentric heterochromatin	exists_during(GO:0051329)
GO:0005634	nucleus	exists_during(GO:0051329)
GO:0031965	nuclear membrane	exists_during(GO:0051329)
GO:0000778	condensed nuclear chromosome kinetochore	exists_during(GO:0051329)
GO:0015630	microtubule cytoskeleton	exists_during(GO:0051329)
GO:1902716	cell cortex of growing cell tip	exists_during(GO:0051329)
GO:0005654	nucleoplasm	exists_during(GO:0051329)
GO:0031097	medial cortex	exists_during(GO:0051329)
GO:0005643	nuclear pore	exists_during(GO:0051329)
GO:0055028	cortical microtubule	exists_during(GO:0051329)
GO:0005634	nucleus	exists_during(GO:0051329)
GO:0044732	mitotic spindle pole body	exists_during(GO:0051329)
GO:0005829	cytosol	exists_during(GO:0051329)
GO:0005884	actin filament	exists_during(GO:0051329)
GO:0000796	condensin complex	exists_during(GO:0051329)
GO:0034506	chromosome, centromeric core domain	exists_during(GO:0051329)
GO:0005634	nucleus	exists_during(GO:0051332)
GO:0000790	nuclear chromatin	exists_during(GO:0051332)
GO:0005634	nucleus	exists_during(GO:0051450
GO:0005938	cell cortex	exists_during(GO:0051591)
GO:0015629	actin cytoskeleton	exists_during(GO:0051591)
GO:0005886	plasma membrane	exists_during(GO:0051591)
GO:0005829	cytosol	exists_during(GO:0051591)
GO:0005730	nucleolus	exists_during(GO:0051592)
GO:0005886	plasma membrane	exists_during(GO:0051593)
GO:0031143	pseudopodium	exists_during(GO:0051593)
GO:0005829	cytosol	exists_during(GO:0051593)
GO:0005739	mitochondrion	exists_during(GO:0051882)
GO:0032154	cleavage furrow	exists_during(GO:0055059)
GO:0070938	contractile ring	exists_during(GO:0055059)
GO:0005634	nucleus	exists_during(GO:0060274)
GO:0005737	cytoplasm	exists_during(GO:0060274)
GO:0016323	basolateral plasma membrane	exists_during(GO:0060438
GO:0005634	nucleus	exists_during(GO:0061481)
GO:0098575	lumenal side of lysosomal membrane	exists_during(GO:0061684)
GO:0098857	membrane microdomain	exists_during(GO:0061684)
GO:0005764	lysosome	exists_during(GO:0061684)
GO:0005634	nucleus	exists_during(GO:0070301
GO:0005829	cytosol	exists_during(GO:0070301
GO:0005758	mitochondrial intermembrane space	exists_during(GO:0070301)
GO:0005654	nucleoplasm	exists_during(GO:0070301)
GO:0005774	vacuolar membrane	exists_during(GO:0070301)
GO:0005743	mitochondrial inner membrane	exists_during(GO:0070301)
GO:0005856	cytoskeleton	exists_during(GO:0070301)
GO:0005759	mitochondrial matrix	exists_during(GO:0070301)
GO:0005634	nucleus	exists_during(GO:0070301)
GO:0031966	mitochondrial membrane	exists_during(GO:0070301)
GO:0000329	fungal-type vacuole membrane	exists_during(GO:0070301)
GO:0005737	cytoplasm	exists_during(GO:0070301)
GO:0000324	fungal-type vacuole	exists_during(GO:0070301)
GO:0005737	cytoplasm	exists_during(GO:0070314)
GO:0005886	plasma membrane	exists_during(GO:0070830)
GO:0016323	basolateral plasma membrane	exists_during(GO:0070830)
GO:0005615	extracellular space	exists_during(GO:0071219)
GO:0005615	extracellular space	exists_during(GO:0071219)
GO:0005886	plasma membrane	exists_during(GO:0071277)
GO:0005737	cytoplasm	exists_during(GO:0071280)
GO:0005634	nucleus	exists_during(GO:0071281)
GO:0005737	cytoplasm	exists_during(GO:0071281)
GO:0000790	nuclear chromatin	exists_during(GO:0071281)
GO:0005737	cytoplasm	exists_during(GO:0071292)
GO:0005634	nucleus	exists_during(GO:0071313)
GO:0005938	cell cortex	exists_during(GO:0071320)
GO:0005829	cytosol	exists_during(GO:0071320)
GO:0005737	cytoplasm	exists_during(GO:0071333)
GO:0000790	nuclear chromatin	exists_during(GO:0071333)
GO:0072563	endothelial microparticle	exists_during(GO:0071333)
GO:1990816	vacuole-mitochondrion membrane contact site	exists_during(GO:0071333)
GO:0005615	extracellular space	exists_during(GO:0071360
GO:0000932	P-body	exists_during(GO:0071361)
GO:0000790	nuclear chromatin	exists_during(GO:0071383
GO:0000790	nuclear chromatin	exists_during(GO:0071383
GO:0005634	nucleus	exists_during(GO:0071393
GO:0005788	endoplasmic reticulum lumen	exists_during(GO:0071456)
GO:0005829	cytosol	exists_during(GO:0071456)
GO:0009986	cell surface	exists_during(GO:0071456)
GO:0000790	nuclear chromatin	exists_during(GO:0071456)
GO:0005634	nucleus	exists_during(GO:0071456)
GO:0000790	nuclear chromatin	exists_during(GO:0071456)
GO:0000790	nuclear chromatin	exists_during(GO:0071456)
GO:0005737	cytoplasm	exists_during(GO:0071470)
GO:0010494	cytoplasmic stress granule	exists_during(GO:0071470)
GO:0000790	nuclear chromatin	exists_during(GO:0071470)
GO:0005737	cytoplasm	exists_during(GO:0071471)
GO:0051285	cell cortex of cell tip	exists_during(GO:0071472)
GO:0051286	cell tip	exists_during(GO:0071472)
GO:0005737	cytoplasm	exists_during(GO:0071472)
GO:0005634	nucleus	exists_during(GO:0071472)
GO:0032153	cell division site	exists_during(GO:0071472)
GO:0010494	cytoplasmic stress granule	exists_during(GO:0071475)
GO:0035861	site of double-strand break	exists_during(GO:0071479)
GO:0035861	site of double-strand break	exists_during(GO:0071479)
GO:0031941	filamentous actin	exists_during(GO:0071526)
GO:0043293	apoptosome	exists_during(GO:0071874
GO:0000777	condensed chromosome kinetochore	exists_during(GO:0072480)
GO:0005634	nucleus	exists_during(GO:0072690
GO:0005737	cytoplasm	exists_during(GO:0072690)
GO:0005758	mitochondrial intermembrane space	exists_during(GO:0072690)
GO:0005886	plasma membrane	exists_during(GO:0072690)
GO:0000790	nuclear chromatin	exists_during(GO:0072690)
GO:0005759	mitochondrial matrix	exists_during(GO:0072690)
GO:0031966	mitochondrial membrane	exists_during(GO:0072690)
GO:0032153	cell division site	exists_during(GO:0072690)
GO:0005634	nucleus	exists_during(GO:0072690)
GO:0005829	cytosol	exists_during(GO:0072690)
GO:0005730	nucleolus	exists_during(GO:0072690)
GO:0005743	mitochondrial inner membrane	exists_during(GO:0072690)
GO:0034399	nuclear periphery	exists_during(GO:0072690)
GO:0000932	P-body	exists_during(GO:0072690)
GO:0051286	cell tip	exists_during(GO:0072690)
GO:0035861	site of double-strand break	exists_during(GO:0072703)
GO:0005634	nucleus	exists_during(GO:0072703)
GO:0005938	cell cortex	exists_during(GO:0072708)
GO:0035861	site of double-strand break	exists_during(GO:0072711)
GO:0051286	cell tip	exists_during(GO:0072711)
GO:0032153	cell division site	exists_during(GO:0072711)
GO:0000790	nuclear chromatin	exists_during(GO:0072711)
GO:0005737	cytoplasm	exists_during(GO:0072711)
GO:0005634	nucleus	exists_during(GO:0072711)
GO:0005654	nucleoplasm	exists_during(GO:0072711)
GO:0005730	nucleolus	exists_during(GO:0072717)
GO:0005634	nucleus	exists_during(GO:0072721)
GO:0000784	nuclear chromosome, telomeric region	exists_during(GO:0090399)
GO:0005739	mitochondrion	exists_during(GO:0097193)
GO:0005634	nucleus	exists_during(GO:0097238)
GO:0005634	nucleus	exists_during(GO:0098542
GO:0005634	nucleus	exists_during(GO:0098586)
GO:0005737	cytoplasm	exists_during(GO:0098586)
GO:0035974	meiotic spindle pole body	exists_during(GO:0098764)
GO:0035974	meiotic spindle pole body	exists_during(GO:0098765)
GO:0005634	nucleus	exists_during(GO:0098765)
GO:0099073	mitochondrion-derived vesicle	exists_during(GO:0099074)
GO:0005634	nucleus	exists_during(GO:1901215)
GO:0031097	medial cortex	exists_during(GO:1902404)
GO:0005814	centriole	exists_during(GO:1902410)
GO:0000790	nuclear chromatin	exists_during(GO:1902975)
GO:0016323	basolateral plasma membrane	exists_during(GO:1903702)
GO:0005737	cytoplasm	exists_during(GO:1903957)
GO:0044732	mitotic spindle pole body	exists_during(GO:1903957)
GO:0005634	nucleus	exists_during(GO:1903968)
GO:0043204	perikaryon	exists_during(GO:1904014)
GO:0005886	plasma membrane	exists_during(GO:1990051)
GO:0009898	cytoplasmic side of plasma membrane	exists_during(GO:1990051)
GO:0016363	nuclear matrix	exists_during(GO:1990090)
GO:0005634	nucleus	exists_during(GO:1990090)
GO:0005634	nucleus	exists_during(GO:1990090)
GO:0005634	nucleus	exists_during(GO:1990394)
GO:0000778	condensed nuclear chromosome kinetochore	exists_during(GO:1990942)
GO:0005829	cytosol	exists_during(GO:2000210)
GO:0005634	nucleus	exists_during(GO:2000811)
GO:0005829	cytosol	exists_during(GO:2000811)
GO:0016324	apical plasma membrane	exists_during(WBls:0000003
GO:0005737	cytoplasm	exists_during(WBls:0000003)
GO:0005938	cell cortex	exists_during(WBls:0000003)
GO:0005634	nucleus	exists_during(WBls:0000003)
GO:0005783	endoplasmic reticulum	exists_during(WBls:0000004)
GO:0005886	plasma membrane	exists_during(WBls:0000004)
GO:0005813	centrosome	exists_during(WBls:0000006
GO:0005634	nucleus	exists_during(WBls:0000006
GO:0000776	kinetochore	exists_during(WBls:0000006
GO:0005694	chromosome	exists_during(WBls:0000006
GO:0005694	chromosome	exists_during(WBls:0000006
GO:0000776	kinetochore	exists_during(WBls:0000006
GO:0005938	cell cortex	exists_during(WBls:0000006)
GO:0005938	cell cortex	exists_during(WBls:0000006)
GO:0005694	chromosome	exists_during(WBls:0000006)
GO:0005737	cytoplasm	exists_during(WBls:0000006)
GO:0072686	mitotic spindle	exists_during(WBls:0000006)
GO:0005634	nucleus	exists_during(WBls:0000006)
GO:0005654	nucleoplasm	exists_during(WBls:0000007)
GO:0005938	cell cortex	exists_during(WBls:0000008)
GO:0005730	nucleolus	exists_during(WBls:0000041
GO:0005654	nucleoplasm	exists_during(WBls:0000041
GO:0030424	axon	exists_during(WBls:0000041)
GO:0060102	collagen and cuticulin-based cuticle extracellular matrix	exists_during(WBls:0000056)
GO:0060111	alae of collagen and cuticulin-based cuticle extracellular matrix	exists_during(WBls:0000056)
GO:0060107	annuli extracellular matrix	exists_during(WBls:0000056)
GO:0060108	annular furrow extracellular matrix	exists_during(WBls:0000057)
GO:0060102	collagen and cuticulin-based cuticle extracellular matrix	exists_during(WBls:0000057)
GO:0060111	alae of collagen and cuticulin-based cuticle extracellular matrix	exists_during(WBls:0000057)
GO:0060107	annuli extracellular matrix	exists_during(WBls:0000057)
GO:0005829	cytosol	exists_during(WBls:0000058)
GO:0043025	neuronal cell body	exists_during(WBls:0000058)
GO:0005634	nucleus	exists_during(WBls:0000058)
GO:0000776	kinetochore	exists_during(WBls:0000102)
GO:0034399	nuclear periphery	exists_during(WBls:0000102)
GO:1904668	positive regulation of ubiquitin protein ligase activity	happens_during(GO:0000080
GO:0004672	protein kinase activity	happens_during(GO:0000080
GO:0031848	protection from non-homologous end joining at telomere	happens_during(GO:0000080)
GO:0097680	double-strand break repair via classical nonhomologous end joining	happens_during(GO:0000080)
GO:0034184	positive regulation of maintenance of mitotic sister chromatid cohesion	happens_during(GO:0000080)
GO:0000079	regulation of cyclin-dependent protein serine/threonine kinase activity	happens_during(GO:0000080)
GO:1904668	positive regulation of ubiquitin protein ligase activity	happens_during(GO:0000080)
GO:0016538	cyclin-dependent protein serine/threonine kinase regulator activity	happens_during(GO:0000080)
GO:0071850	mitotic cell cycle arrest	happens_during(GO:0000080)
GO:0071158	positive regulation of cell cycle arrest	happens_during(GO:0000080)
GO:0006302	double-strand break repair	happens_during(GO:0000080)
GO:0004693	cyclin-dependent protein serine/threonine kinase activity	happens_during(GO:0000082
GO:0071459	protein localization to chromosome, centromeric region	happens_during(GO:0000084
GO:1903364	positive regulation of cellular protein catabolic process	happens_during(GO:0000084
GO:0000978	RNA polymerase II core promoter proximal region sequence-specific DNA binding	happens_during(GO:0000084
GO:0019237	centromeric DNA binding	happens_during(GO:0000084
GO:0004674	protein serine/threonine kinase activity	happens_during(GO:0000084
GO:0006974	cellular response to DNA damage stimulus	happens_during(GO:0000084)
GO:0006261	DNA-dependent DNA replication	happens_during(GO:0000084)
GO:0071166	ribonucleoprotein complex localization	happens_during(GO:0000084)
GO:1990426	mitotic recombination-dependent replication fork processing	happens_during(GO:0000084)
GO:0090657	telomeric loop disassembly	happens_during(GO:0000084)
GO:0071481	cellular response to X-ray	happens_during(GO:0000084)
GO:0097043	histone H3-K56 acetylation	happens_during(GO:0000084)
GO:0006281	DNA repair	happens_during(GO:0000084)
GO:0005515	protein binding	happens_during(GO:0000084)
GO:1902975	mitotic DNA replication initiation	happens_during(GO:0000084)
GO:1902983	DNA strand elongation involved in mitotic DNA replication	happens_during(GO:0000084)
GO:0003682	chromatin binding	happens_during(GO:0000084)
GO:0034080	CENP-A containing nucleosome assembly	happens_during(GO:0000084)
GO:0006260	DNA replication	happens_during(GO:0000084)
GO:0051220	cytoplasmic sequestering of protein	happens_during(GO:0000085
GO:0004674	protein serine/threonine kinase activity	happens_during(GO:0000085
GO:0005515	protein binding	happens_during(GO:0000085
GO:0004674	protein serine/threonine kinase activity	happens_during(GO:0000085
GO:0034080	CENP-A containing nucleosome assembly	happens_during(GO:0000085)
GO:0007050	cell cycle arrest	happens_during(GO:0000085)
GO:2001033	negative regulation of double-strand break repair via nonhomologous end joining	happens_during(GO:0000085)
GO:0034183	negative regulation of maintenance of mitotic sister chromatid cohesion	happens_during(GO:0000085)
GO:0005515	protein binding	happens_during(GO:0000085)
GO:2000719	negative regulation of maintenance of mitotic sister chromatid cohesion, centromeric	happens_during(GO:0000085)
GO:2000720	positive regulation of maintenance of mitotic sister chromatid cohesion, centromeric	happens_during(GO:0000085)
GO:0018105	peptidyl-serine phosphorylation	happens_during(GO:0000086
GO:1904911	negative regulation of establishment of RNA localization to telomere	happens_during(GO:0000086
GO:0070262	peptidyl-serine dephosphorylation	happens_during(GO:0000086
GO:1904914	negative regulation of establishment of macromolecular complex localization to telomere	happens_during(GO:0000086
GO:1903869	negative regulation of methylenetetrahydrofolate reductase (NAD(P)H) activity	happens_during(GO:0000086)
GO:2000198	negative regulation of ribonucleoprotein complex localization	happens_during(GO:0000086)
GO:0034990	nuclear mitotic cohesin complex	happens_during(GO:0000086)
GO:0001077	transcriptional activator activity, RNA polymerase II core promoter proximal region sequence-specific binding	happens_during(GO:0000087
GO:0001077	transcriptional activator activity, RNA polymerase II core promoter proximal region sequence-specific binding	happens_during(GO:0000087
GO:0004674	protein serine/threonine kinase activity	happens_during(GO:0000087
GO:0001077	transcriptional activator activity, RNA polymerase II core promoter proximal region sequence-specific binding	happens_during(GO:0000087
GO:0004693	cyclin-dependent protein serine/threonine kinase activity	happens_during(GO:0000087
GO:0001077	transcriptional activator activity, RNA polymerase II core promoter proximal region sequence-specific binding	happens_during(GO:0000087
GO:0004674	protein serine/threonine kinase activity	happens_during(GO:0000087
GO:0045737	positive regulation of cyclin-dependent protein serine/threonine kinase activity	happens_during(GO:0000087
GO:0001077	transcriptional activator activity, RNA polymerase II core promoter proximal region sequence-specific binding	happens_during(GO:0000087
GO:1904537	negative regulation of mitotic telomere tethering at nuclear periphery	happens_during(GO:0000087)
GO:0008017	microtubule binding	happens_during(GO:0000087)
GO:0045184	establishment of protein localization	happens_during(GO:0000087)
GO:0004674	protein serine/threonine kinase activity	happens_during(GO:0000087)
GO:0090149	mitochondrial membrane fission	happens_during(GO:0000087)
GO:0019237	centromeric DNA binding	happens_during(GO:0000087)
GO:1902543	negative regulation of protein localization to mitotic spindle pole body	happens_during(GO:0000089
GO:0018107	peptidyl-threonine phosphorylation	happens_during(GO:0000089)
GO:0007059	chromosome segregation	happens_during(GO:0000089)
GO:0005515	protein binding	happens_during(GO:0000089)
GO:0035307	positive regulation of protein dephosphorylation	happens_during(GO:0000090
GO:0005515	protein binding	happens_during(GO:0000090)
GO:0001100	negative regulation of exit from mitosis	happens_during(GO:0000090)
GO:0032932	negative regulation of astral microtubule depolymerization	happens_during(GO:0000090)
GO:0051228	mitotic spindle disassembly	happens_during(GO:0000090)
GO:0031536	positive regulation of exit from mitosis	happens_during(GO:0000090)
GO:0007069	negative regulation of transcription from RNA polymerase I promoter during mitotic cell cycle	happens_during(GO:0000090)
GO:0072766	centromere clustering at the mitotic nuclear envelope	happens_during(GO:0000092)
GO:1902817	negative regulation of protein localization to microtubule	happens_during(GO:0000093
GO:0034501	protein localization to kinetochore	happens_during(GO:0000236
GO:0035308	negative regulation of protein dephosphorylation	happens_during(GO:0000236
GO:0034501	protein localization to kinetochore	happens_during(GO:0000236
GO:0006915	apoptotic process	happens_during(GO:0000239)
GO:0051985	negative regulation of chromosome segregation	happens_during(GO:0000240)
GO:0006626	protein targeting to mitochondrion	happens_during(GO:0000266)
GO:0045944	positive regulation of transcription from RNA polymerase II promoter	happens_during(GO:0000278
GO:0045944	positive regulation of transcription from RNA polymerase II promoter	happens_during(GO:0000278
GO:0045944	positive regulation of transcription from RNA polymerase II promoter	happens_during(GO:0000278
GO:0045944	positive regulation of transcription from RNA polymerase II promoter	happens_during(GO:0000278
GO:0045944	positive regulation of transcription from RNA polymerase II promoter	happens_during(GO:0000278
GO:0045944	positive regulation of transcription from RNA polymerase II promoter	happens_during(GO:0000278
GO:0045944	positive regulation of transcription from RNA polymerase II promoter	happens_during(GO:0000278
GO:0019706	protein-cysteine S-palmitoyltransferase activity	happens_during(GO:0000278
GO:0045944	positive regulation of transcription from RNA polymerase II promoter	happens_during(GO:0000278
GO:0045944	positive regulation of transcription from RNA polymerase II promoter	happens_during(GO:0000278
GO:0006897	endocytosis	happens_during(GO:0000278)
GO:0000226	microtubule cytoskeleton organization	happens_during(GO:0000278)
GO:0045892	negative regulation of transcription, DNA-templated	happens_during(GO:0000278)
GO:0003700	transcription factor activity, sequence-specific DNA binding	happens_during(GO:0000278)
GO:0003700	transcription factor activity, sequence-specific DNA binding	happens_during(GO:0000278)
GO:0003700	transcription factor activity, sequence-specific DNA binding	happens_during(GO:0000278)
GO:0003700	transcription factor activity, sequence-specific DNA binding	happens_during(GO:0000278)
GO:0003700	transcription factor activity, sequence-specific DNA binding	happens_during(GO:0000278)
GO:0003700	transcription factor activity, sequence-specific DNA binding	happens_during(GO:0000278)
GO:0003700	transcription factor activity, sequence-specific DNA binding	happens_during(GO:0000278)
GO:0003700	transcription factor activity, sequence-specific DNA binding	happens_during(GO:0000278)
GO:0006355	regulation of transcription, DNA-templated	happens_during(GO:0000278)
GO:0070199	establishment of protein localization to chromosome	happens_during(GO:0000278)
GO:0003700	transcription factor activity, sequence-specific DNA binding	happens_during(GO:0000278)
GO:0045893	positive regulation of transcription, DNA-templated	happens_during(GO:0000278)
GO:0007062	sister chromatid cohesion	happens_during(GO:0000278)
GO:0006366	transcription from RNA polymerase II promoter	happens_during(GO:0000278)
GO:0010824	regulation of centrosome duplication	happens_during(GO:0000278)
GO:0035024	negative regulation of Rho protein signal transduction	happens_during(GO:0000281)
GO:0071709	membrane assembly	happens_during(GO:0000281)
GO:0004672	protein kinase activity	happens_during(GO:0000281)
GO:0071709	membrane assembly	happens_during(GO:0000281)
GO:0035023	regulation of Rho protein signal transduction	happens_during(GO:0000281)
GO:0060588	negative regulation of lipoprotein lipid oxidation	happens_during(GO:0000302)
GO:1903955	positive regulation of protein targeting to mitochondrion	happens_during(GO:0000422)
GO:0045143	homologous chromosome segregation	happens_during(GO:0000705)
GO:1990166	protein localization to site of double-strand break	happens_during(GO:0000724)
GO:0003682	chromatin binding	happens_during(GO:0000724)
GO:0070212	protein poly-ADP-ribosylation	happens_during(GO:0000729)
GO:0031138	negative regulation of conjugation with cellular fusion	happens_during(GO:0000749
GO:0004707	MAP kinase activity	happens_during(GO:0000750)
GO:0004707	MAP kinase activity	happens_during(GO:0000750)
GO:0004707	MAP kinase activity	happens_during(GO:0000750)
GO:0004708	MAP kinase kinase activity	happens_during(GO:0000750)
GO:0006468	protein phosphorylation	happens_during(GO:0000750)
GO:0030010	establishment of cell polarity	happens_during(GO:0000753)
GO:0009838	abscission	happens_during(GO:0000910)
GO:0004674	protein serine/threonine kinase activity	happens_during(GO:0001100
GO:0007163	establishment or maintenance of cell polarity	happens_during(GO:0001403)
GO:0030234	enzyme regulator activity	happens_during(GO:0001403)
GO:0003796	lysozyme activity	happens_during(GO:0001562)
GO:0032496	response to lipopolysaccharide	happens_during(GO:0001562)
GO:0070374	positive regulation of ERK1 and ERK2 cascade	happens_during(GO:0001649)
GO:0048754	branching morphogenesis of an epithelial tube	happens_during(GO:0001656)
GO:0001934	positive regulation of protein phosphorylation	happens_during(GO:0001666
GO:0044212	transcription regulatory region DNA binding	happens_during(GO:0001666)
GO:0045944	positive regulation of transcription from RNA polymerase II promoter	happens_during(GO:0001666)
GO:0043117	positive regulation of vascular permeability	happens_during(GO:0001666)
GO:1902463	protein localization to cell leading edge	happens_during(GO:0001764)
GO:1904261	positive regulation of basement membrane assembly involved in embryonic body morphogenesis	happens_during(GO:0001837
GO:0090002	establishment of protein localization to plasma membrane	happens_during(GO:0001837
GO:0090002	establishment of protein localization to plasma membrane	happens_during(GO:0001837
GO:0007179	transforming growth factor beta receptor signaling pathway	happens_during(GO:0001837)
GO:0016476	regulation of embryonic cell shape	happens_during(GO:0001837)
GO:0070507	regulation of microtubule cytoskeleton organization	happens_during(GO:0001837)
GO:1903053	regulation of extracellular matrix organization	happens_during(GO:0002044)
GO:0097402	neuroblast migration	happens_during(GO:0002119)
GO:0006289	nucleotide-excision repair	happens_during(GO:0002119)
GO:0002119	nematode larval development	happens_during(GO:0002119)
GO:1902806	regulation of cell cycle G1/S phase transition	happens_during(GO:0002119)
GO:0097402	neuroblast migration	happens_during(GO:0002119)
GO:0044843	cell cycle G1/S phase transition	happens_during(GO:0002119)
GO:0032875	regulation of DNA endoreduplication	happens_during(GO:0002119)
GO:0032877	positive regulation of DNA endoreduplication	happens_during(GO:0002119)
GO:0002119	nematode larval development	happens_during(GO:0002119)
GO:0009887	animal organ morphogenesis	happens_during(GO:0002119)
GO:0032876	negative regulation of DNA endoreduplication	happens_during(GO:0002119)
GO:1902807	negative regulation of cell cycle G1/S phase transition	happens_during(GO:0002119)
GO:0051222	positive regulation of protein transport	happens_during(GO:0002164
GO:0051964	negative regulation of synapse assembly	happens_during(GO:0002164
GO:1902473	regulation of protein localization to synapse	happens_during(GO:0002164
GO:0051965	positive regulation of synapse assembly	happens_during(GO:0002164
GO:1904799	regulation of neuron remodeling	happens_during(GO:0002164
GO:2000331	regulation of terminal button organization	happens_during(GO:0002164
GO:2000331	regulation of terminal button organization	happens_during(GO:0002164
GO:0003677	DNA binding	happens_during(GO:0002165)
GO:0010628	positive regulation of gene expression	happens_during(GO:0002168)
GO:0051571	positive regulation of histone H3-K4 methylation	happens_during(GO:0002168)
GO:0002230	positive regulation of defense response to virus by host	happens_during(GO:0002230
GO:0010800	positive regulation of peptidyl-threonine phosphorylation	happens_during(GO:0002230
GO:2000778	positive regulation of interleukin-6 secretion	happens_during(GO:0002230
GO:0090197	positive regulation of chemokine secretion	happens_during(GO:0002230
GO:0002741	positive regulation of cytokine secretion involved in immune response	happens_during(GO:0002230)
GO:0032760	positive regulation of tumor necrosis factor production	happens_during(GO:0002230)
GO:2000566	positive regulation of CD8-positive, alpha-beta T cell proliferation	happens_during(GO:0002230)
GO:0033138	positive regulation of peptidyl-serine phosphorylation	happens_during(GO:0002230)
GO:0035458	cellular response to interferon-beta	happens_during(GO:0002230)
GO:0071639	positive regulation of monocyte chemotactic protein-1 production	happens_during(GO:0002230)
GO:0002903	negative regulation of B cell apoptotic process	happens_during(GO:0002329)
GO:0010800	positive regulation of peptidyl-threonine phosphorylation	happens_during(GO:0003376
GO:0010800	positive regulation of peptidyl-threonine phosphorylation	happens_during(GO:0003376
GO:0031532	actin cytoskeleton reorganization	happens_during(GO:0003376)
GO:0046847	filopodium assembly	happens_during(GO:0003376)
GO:1903078	positive regulation of protein localization to plasma membrane	happens_during(GO:0004697)
GO:0090618	DNA clamp unloading	happens_during(GO:0006260)
GO:0003682	chromatin binding	happens_during(GO:0006302)
GO:0071168	protein localization to chromatin	happens_during(GO:0006303)
GO:0043066	negative regulation of apoptotic process	happens_during(GO:0006305)
GO:0043066	negative regulation of apoptotic process	happens_during(GO:0006305)
GO:0042770	signal transduction in response to DNA damage	happens_during(GO:0006305)
GO:0010629	negative regulation of gene expression	happens_during(GO:0006305)
GO:0043518	negative regulation of DNA damage response, signal transduction by p53 class mediator	happens_during(GO:0006305)
GO:0010629	negative regulation of gene expression	happens_during(GO:0006305)
GO:0006338	chromatin remodeling	happens_during(GO:0006368)
GO:0005515	protein binding	happens_during(GO:0006468
GO:0006468	protein phosphorylation	happens_during(GO:0006914)
GO:0010917	negative regulation of mitochondrial membrane potential	happens_during(GO:0006915)
GO:0032874	positive regulation of stress-activated MAPK cascade	happens_during(GO:0006915)
GO:0006469	negative regulation of protein kinase activity	happens_during(GO:0006915)
GO:0002548	monocyte chemotaxis	happens_during(GO:0006915)
GO:0035864	response to potassium ion	happens_during(GO:0006935)
GO:0051592	response to calcium ion	happens_during(GO:0006935)
GO:0005522	profilin binding	happens_during(GO:0006939)
GO:0005515	protein binding	happens_during(GO:0006939)
GO:0002685	regulation of leukocyte migration	happens_during(GO:0006954
GO:0090026	positive regulation of monocyte chemotaxis	happens_during(GO:0006954)
GO:0090026	positive regulation of monocyte chemotaxis	happens_during(GO:0006954)
GO:0010628	positive regulation of gene expression	happens_during(GO:0006954)
GO:0010759	positive regulation of macrophage chemotaxis	happens_during(GO:0006954)
GO:0010759	positive regulation of macrophage chemotaxis	happens_during(GO:0006954)
GO:0090073	positive regulation of protein homodimerization activity	happens_during(GO:0006954)
GO:0090073	positive regulation of protein homodimerization activity	happens_during(GO:0006954)
GO:0010629	negative regulation of gene expression	happens_during(GO:0006954)
GO:0002685	regulation of leukocyte migration	happens_during(GO:0006954)
GO:2000329	negative regulation of T-helper 17 cell lineage commitment	happens_during(GO:0006954)
GO:2000508	regulation of dendritic cell chemotaxis	happens_during(GO:0006954)
GO:0070373	negative regulation of ERK1 and ERK2 cascade	happens_during(GO:0006955)
GO:0010468	regulation of gene expression	happens_during(GO:0006955)
GO:0006884	cell volume homeostasis	happens_during(GO:0006971)
GO:1904894	positive regulation of STAT cascade	happens_during(GO:0006972)
GO:0016925	protein sumoylation	happens_during(GO:0006974
GO:0004674	protein serine/threonine kinase activity	happens_during(GO:0006974
GO:1903364	positive regulation of cellular protein catabolic process	happens_during(GO:0006974
GO:1903363	negative regulation of cellular protein catabolic process	happens_during(GO:0006974
GO:0003682	chromatin binding	happens_during(GO:0006974)
GO:0043161	proteasome-mediated ubiquitin-dependent protein catabolic process	happens_during(GO:0006974)
GO:0031065	positive regulation of histone deacetylation	happens_during(GO:0006974)
GO:0010629	negative regulation of gene expression	happens_during(GO:0006974)
GO:1990294	peptidyl-threonine trans-autophosphorylation	happens_during(GO:0006974)
GO:2000134	negative regulation of G1/S transition of mitotic cell cycle	happens_during(GO:0006974)
GO:0030544	Hsp70 protein binding	happens_during(GO:0006979)
GO:0045739	positive regulation of DNA repair	happens_during(GO:0006979)
GO:0038071	MAP kinase activity involved in conjugation with cellular fusion	happens_during(GO:0006995
GO:0001077	transcriptional activator activity, RNA polymerase II core promoter proximal region sequence-specific binding	happens_during(GO:0006995
GO:0016427	tRNA (cytosine) methyltransferase activity	happens_during(GO:0006995
GO:0036003	positive regulation of transcription from RNA polymerase II promoter in response to stress	happens_during(GO:0006995
GO:0034497	protein localization to pre-autophagosomal structure	happens_during(GO:0006995
GO:0030674	protein binding, bridging	happens_during(GO:0006995
GO:0004694	eukaryotic translation initiation factor 2alpha kinase activity	happens_during(GO:0006995
GO:0001077	transcriptional activator activity, RNA polymerase II core promoter proximal region sequence-specific binding	happens_during(GO:0006995
GO:0001077	transcriptional activator activity, RNA polymerase II core promoter proximal region sequence-specific binding	happens_during(GO:0006995
GO:0016427	tRNA (cytosine) methyltransferase activity	happens_during(GO:0006995
GO:0071444	cellular response to pheromone	happens_during(GO:0006995
GO:1904262	negative regulation of TORC1 signaling	happens_during(GO:0006995)
GO:0006914	autophagy	happens_during(GO:0006995)
GO:0000122	negative regulation of transcription from RNA polymerase II promoter	happens_during(GO:0006995)
GO:0006511	ubiquitin-dependent protein catabolic process	happens_during(GO:0006995)
GO:0000045	autophagosome assembly	happens_during(GO:0006995)
GO:0016236	macroautophagy	happens_during(GO:0006995)
GO:0046580	negative regulation of Ras protein signal transduction	happens_during(GO:0006995)
GO:1903940	negative regulation of TORC2 signaling	happens_during(GO:0006995)
GO:0010507	negative regulation of autophagy	happens_during(GO:0006995)
GO:1905287	positive regulation of G2/M transition of mitotic cell cycle involved in cellular response to nitrogen starvation	happens_during(GO:0006995)
GO:0034629	cellular protein complex localization	happens_during(GO:0006995)
GO:0032258	CVT pathway	happens_during(GO:0006995)
GO:0071619	phosphorylation of RNA polymerase II C-terminal domain serine 2 residues	happens_during(GO:0006995)
GO:2001165	positive regulation of phosphorylation of RNA polymerase II C-terminal domain serine 2 residues	happens_during(GO:0006995)
GO:0090656	t-circle formation	happens_during(GO:0007049)
GO:1904431	positive regulation of t-circle formation	happens_during(GO:0007049)
GO:1904430	negative regulation of t-circle formation	happens_during(GO:0007049)
GO:0003682	chromatin binding	happens_during(GO:0007049)
GO:0070199	establishment of protein localization to chromosome	happens_during(GO:0007067
GO:0007019	microtubule depolymerization	happens_during(GO:0007067)
GO:0060623	regulation of chromosome condensation	happens_during(GO:0007067)
GO:0004674	protein serine/threonine kinase activity	happens_during(GO:0007067)
GO:0008104	protein localization	happens_during(GO:0007067)
GO:0051225	spindle assembly	happens_during(GO:0007067)
GO:0070199	establishment of protein localization to chromosome	happens_during(GO:0007067)
GO:0000183	chromatin silencing at rDNA	happens_during(GO:0007067)
GO:0006468	protein phosphorylation	happens_during(GO:0007067)
GO:0098813	nuclear chromosome segregation	happens_during(GO:0007067)
GO:0010697	negative regulation of spindle pole body separation	happens_during(GO:0007067)
GO:0019237	centromeric DNA binding	happens_during(GO:0007067)
GO:0005515	protein binding	happens_during(GO:0007089)
GO:0030474	spindle pole body duplication	happens_during(GO:0007127)
GO:0031145	anaphase-promoting complex-dependent catabolic process	happens_during(GO:0007128)
GO:1904145	negative regulation of meiotic cell cycle process involved in oocyte maturation	happens_during(GO:0007128)
GO:0004674	protein serine/threonine kinase activity	happens_during(GO:0007128)
GO:0030989	dynein-driven meiotic oscillatory nuclear movement	happens_during(GO:0007128)
GO:0031145	anaphase-promoting complex-dependent catabolic process	happens_during(GO:0007133
GO:0031145	anaphase-promoting complex-dependent catabolic process	happens_during(GO:0007133
GO:0010032	meiotic chromosome condensation	happens_during(GO:0007133)
GO:0051307	meiotic chromosome separation	happens_during(GO:0007133)
GO:0031145	anaphase-promoting complex-dependent catabolic process	happens_during(GO:0007137)
GO:0071156	regulation of cell cycle arrest	happens_during(GO:0007137)
GO:1902120	negative regulation of meiotic spindle elongation	happens_during(GO:0007137)
GO:0031145	anaphase-promoting complex-dependent catabolic process	happens_during(GO:0007138
GO:1902120	negative regulation of meiotic spindle elongation	happens_during(GO:0007138)
GO:0051229	meiotic spindle disassembly	happens_during(GO:0007139)
GO:0000187	activation of MAPK activity	happens_during(GO:0007143
GO:0000187	activation of MAPK activity	happens_during(GO:0007143)
GO:0043409	negative regulation of MAPK cascade	happens_during(GO:0007143)
GO:0031647	regulation of protein stability	happens_during(GO:0007143)
GO:0070884	regulation of calcineurin-NFAT signaling cascade	happens_during(GO:0007143)
GO:0000188	inactivation of MAPK activity	happens_during(GO:0007143)
GO:0051296	establishment of meiotic spindle orientation	happens_during(GO:0007144)
GO:1902103	negative regulation of metaphase/anaphase transition of meiotic cell cycle	happens_during(GO:0007147)
GO:0006325	chromatin organization	happens_during(GO:0007147)
GO:0000212	meiotic spindle organization	happens_during(GO:0007147)
GO:0043149	stress fiber assembly	happens_during(GO:0007179
GO:0007160	cell-matrix adhesion	happens_during(GO:0007179
GO:0035195	gene silencing by miRNA	happens_during(GO:0007179
GO:0023019	signal transduction involved in regulation of gene expression	happens_during(GO:0007179)
GO:0023019	signal transduction involved in regulation of gene expression	happens_during(GO:0007179)
GO:0023019	signal transduction involved in regulation of gene expression	happens_during(GO:0007179)
GO:0023019	signal transduction involved in regulation of gene expression	happens_during(GO:0007179)
GO:0023019	signal transduction involved in regulation of gene expression	happens_during(GO:0007179)
GO:0023019	signal transduction involved in regulation of gene expression	happens_during(GO:0007179)
GO:0023019	signal transduction involved in regulation of gene expression	happens_during(GO:0007179)
GO:0023019	signal transduction involved in regulation of gene expression	happens_during(GO:0007179)
GO:2000270	negative regulation of fibroblast apoptotic process	happens_during(GO:0007179)
GO:0090281	negative regulation of calcium ion import	happens_during(GO:0007179)
GO:0043113	receptor clustering	happens_during(GO:0007229)
GO:0043149	stress fiber assembly	happens_during(GO:0007229)
GO:0007160	cell-matrix adhesion	happens_during(GO:0007229)
GO:0043113	receptor clustering	happens_during(GO:0007229)
GO:1903140	regulation of establishment of endothelial barrier	happens_during(GO:0007249
GO:0030866	cortical actin cytoskeleton organization	happens_during(GO:0007249)
GO:0035509	negative regulation of myosin-light-chain-phosphatase activity	happens_during(GO:0007249)
GO:1903347	negative regulation of bicellular tight junction assembly	happens_during(GO:0007249)
GO:1901995	positive regulation of meiotic cell cycle phase transition	happens_during(GO:0007286)
GO:0006703	estrogen biosynthetic process	happens_during(GO:0007296)
GO:0070330	aromatase activity	happens_during(GO:0007296)
GO:0016476	regulation of embryonic cell shape	happens_during(GO:0007369
GO:0010717	regulation of epithelial to mesenchymal transition	happens_during(GO:0007369
GO:1904261	positive regulation of basement membrane assembly involved in embryonic body morphogenesis	happens_during(GO:0007369
GO:0070507	regulation of microtubule cytoskeleton organization	happens_during(GO:0007369
GO:0090002	establishment of protein localization to plasma membrane	happens_during(GO:0007369
GO:0090002	establishment of protein localization to plasma membrane	happens_during(GO:0007369
GO:0072358	cardiovascular system development	happens_during(GO:0007369)
GO:1902473	regulation of protein localization to synapse	happens_during(GO:0007416
GO:0048755	branching morphogenesis of a nerve	happens_during(GO:0007416
GO:0007179	transforming growth factor beta receptor signaling pathway	happens_during(GO:0007507)
GO:0010628	positive regulation of gene expression	happens_during(GO:0007528)
GO:0045893	positive regulation of transcription, DNA-templated	happens_during(GO:0007565
GO:0031394	positive regulation of prostaglandin biosynthetic process	happens_during(GO:0007565
GO:1903576	response to L-arginine	happens_during(GO:0007565)
GO:0005515	protein binding	happens_during(GO:0007568)
GO:1903496	response to 11-deoxycorticosterone	happens_during(GO:0007595
GO:0043066	negative regulation of apoptotic process	happens_during(GO:0007595
GO:0045723	positive regulation of fatty acid biosynthetic process	happens_during(GO:0007595
GO:1903494	response to dehydroepiandrosterone	happens_during(GO:0007595
GO:0009058	biosynthetic process	happens_during(GO:0007595
GO:0071073	positive regulation of phospholipid biosynthetic process	happens_during(GO:0007595
GO:0045723	positive regulation of fatty acid biosynthetic process	happens_during(GO:0007595
GO:0043066	negative regulation of apoptotic process	happens_during(GO:0007595
GO:0043066	negative regulation of apoptotic process	happens_during(GO:0007595
GO:0032868	response to insulin	happens_during(GO:0007595)
GO:0010628	positive regulation of gene expression	happens_during(GO:0007595)
GO:0045723	positive regulation of fatty acid biosynthetic process	happens_during(GO:0007595)
GO:0070294	renal sodium ion absorption	happens_during(GO:0007595)
GO:1900482	positive regulation of diacylglycerol biosynthetic process	happens_during(GO:0007595)
GO:1903544	response to butyrate	happens_during(GO:0007595)
GO:0030072	peptide hormone secretion	happens_during(GO:0007595)
GO:0031667	response to nutrient levels	happens_during(GO:0007595)
GO:1903524	positive regulation of blood circulation	happens_during(GO:0007595)
GO:1903496	response to 11-deoxycorticosterone	happens_during(GO:0007595)
GO:0032355	response to estradiol	happens_during(GO:0007595)
GO:0005158	insulin receptor binding	happens_during(GO:0007595)
GO:0035938	estradiol secretion	happens_during(GO:0007595)
GO:0043559	insulin binding	happens_during(GO:0007595)
GO:0043066	negative regulation of apoptotic process	happens_during(GO:0007595)
GO:0045542	positive regulation of cholesterol biosynthetic process	happens_during(GO:0007595)
GO:1903489	positive regulation of lactation	happens_during(GO:0007595)
GO:2000253	positive regulation of feeding behavior	happens_during(GO:0007595)
GO:0007631	feeding behavior	happens_during(GO:0007595)
GO:0032099	negative regulation of appetite	happens_during(GO:0007595)
GO:1903488	negative regulation of lactation	happens_during(GO:0007595)
GO:0050709	negative regulation of protein secretion	happens_during(GO:0007595)
GO:0010757	negative regulation of plasminogen activation	happens_during(GO:0007595)
GO:0032570	response to progesterone	happens_during(GO:0007595)
GO:0010867	positive regulation of triglyceride biosynthetic process	happens_during(GO:0007595)
GO:0009408	response to heat	happens_during(GO:0007595)
GO:0004674	protein serine/threonine kinase activity	happens_during(GO:0007595)
GO:0018105	peptidyl-serine phosphorylation	happens_during(GO:0007595)
GO:0009058	biosynthetic process	happens_during(GO:0007595)
GO:0090277	positive regulation of peptide hormone secretion	happens_during(GO:0007595)
GO:1903494	response to dehydroepiandrosterone	happens_during(GO:0007595)
GO:0045723	positive regulation of fatty acid biosynthetic process	happens_during(GO:0007595)
GO:0051602	response to electrical stimulus	happens_during(GO:0007595)
GO:0032008	positive regulation of TOR signaling	happens_during(GO:0007595)
GO:2000767	positive regulation of cytoplasmic translation	happens_during(GO:0007595)
GO:0008283	cell proliferation	happens_during(GO:0007595)
GO:0035811	negative regulation of urine volume	happens_during(GO:0007595)
GO:0045717	negative regulation of fatty acid biosynthetic process	happens_during(GO:0007595)
GO:0050995	negative regulation of lipid catabolic process	happens_during(GO:0007595)
GO:0060416	response to growth hormone	happens_during(GO:0007595)
GO:0071000	response to magnetism	happens_during(GO:0007595)
GO:0010628	positive regulation of gene expression	happens_during(GO:0007595)
GO:0010628	positive regulation of gene expression	happens_during(GO:0007595)
GO:0010628	positive regulation of gene expression	happens_during(GO:0007595)
GO:0043410	positive regulation of MAPK cascade	happens_during(GO:0007595)
GO:0043410	positive regulation of MAPK cascade	happens_during(GO:0007595)
GO:0043410	positive regulation of MAPK cascade	happens_during(GO:0007595)
GO:0050996	positive regulation of lipid catabolic process	happens_during(GO:0007595)
GO:2000860	positive regulation of aldosterone secretion	happens_during(GO:0007595)
GO:0032024	positive regulation of insulin secretion	happens_during(GO:0007595)
GO:0050714	positive regulation of protein secretion	happens_during(GO:0007595)
GO:0010629	negative regulation of gene expression	happens_during(GO:0007595)
GO:0032507	maintenance of protein location in cell	happens_during(GO:0008283
GO:0003682	chromatin binding	happens_during(GO:0008355)
GO:0008105	asymmetric protein localization	happens_during(GO:0008356
GO:0008105	asymmetric protein localization	happens_during(GO:0008356
GO:0008105	asymmetric protein localization	happens_during(GO:0008356
GO:0051653	spindle localization	happens_during(GO:0008356)
GO:0008105	asymmetric protein localization	happens_during(GO:0008356)
GO:0072089	stem cell proliferation	happens_during(GO:0008543)
GO:0032461	positive regulation of protein oligomerization	happens_during(GO:0008637)
GO:0003987	acetate-CoA ligase activity	happens_during(GO:0009060)
GO:0035719	tRNA import into nucleus	happens_during(GO:0009267)
GO:0003876	AMP deaminase activity	happens_during(GO:0009267)
GO:0019287	isopentenyl diphosphate biosynthetic process, mevalonate pathway	happens_during(GO:0009267)
GO:2000786	positive regulation of autophagosome assembly	happens_during(GO:0009267)
GO:0009167	purine ribonucleoside monophosphate metabolic process	happens_during(GO:0009267)
GO:0006353	DNA-templated transcription, termination	happens_during(GO:0009302)
GO:0045944	positive regulation of transcription from RNA polymerase II promoter	happens_during(GO:0009408
GO:0042992	negative regulation of transcription factor import into nucleus	happens_during(GO:0009408
GO:0034497	protein localization to pre-autophagosomal structure	happens_during(GO:0009408
GO:0034629	cellular protein complex localization	happens_during(GO:0009408
GO:0032258	CVT pathway	happens_during(GO:0009408
GO:0016236	macroautophagy	happens_during(GO:0009408)
GO:0006611	protein export from nucleus	happens_during(GO:0009408)
GO:1990841	promoter-specific chromatin binding	happens_during(GO:0009408)
GO:1990841	promoter-specific chromatin binding	happens_during(GO:0009408)
GO:0061067	negative regulation of dauer larval development	happens_during(GO:0009408)
GO:1903863	P granule assembly	happens_during(GO:0009408)
GO:0010628	positive regulation of gene expression	happens_during(GO:0009410)
GO:0010628	positive regulation of gene expression	happens_during(GO:0009410)
GO:0010628	positive regulation of gene expression	happens_during(GO:0009410)
GO:0010942	positive regulation of cell death	happens_during(GO:0009411)
GO:0008236	serine-type peptidase activity	happens_during(GO:0009411)
GO:2000544	regulation of endothelial cell chemotaxis to fibroblast growth factor	happens_during(GO:0009611
GO:2000544	regulation of endothelial cell chemotaxis to fibroblast growth factor	happens_during(GO:0009611)
GO:1902096	positive regulation of cartilage homeostasis	happens_during(GO:0009612)
GO:0031625	ubiquitin protein ligase binding	happens_during(GO:0009615)
GO:0019901	protein kinase binding	happens_during(GO:0009615)
GO:0033668	negative regulation by symbiont of host apoptotic process	happens_during(GO:0009617
GO:0010628	positive regulation of gene expression	happens_during(GO:0009617)
GO:0071615	oxidative deethylation	happens_during(GO:0009636
GO:0004340	glucokinase activity	happens_during(GO:0009749
GO:0004743	pyruvate kinase activity	happens_during(GO:0009749
GO:0008105	asymmetric protein localization	happens_during(GO:0009790
GO:0035414	negative regulation of catenin import into nucleus	happens_during(GO:0009790
GO:0051653	spindle localization	happens_during(GO:0009790
GO:0008105	asymmetric protein localization	happens_during(GO:0009790
GO:1904776	regulation of protein localization to cell cortex	happens_during(GO:0009790
GO:0008105	asymmetric protein localization	happens_during(GO:0009790
GO:0008105	asymmetric protein localization	happens_during(GO:0009790
GO:0008105	asymmetric protein localization	happens_during(GO:0009790
GO:1904888	cranial skeletal system development	happens_during(GO:0009790)
GO:0034504	protein localization to nucleus	happens_during(GO:0009790)
GO:0090263	positive regulation of canonical Wnt signaling pathway	happens_during(GO:0009790)
GO:0004089	carbonate dehydratase activity	happens_during(GO:0009790)
GO:0030901	midbrain development	happens_during(GO:0009790)
GO:0030182	neuron differentiation	happens_during(GO:0009790)
GO:0010628	positive regulation of gene expression	happens_during(GO:0009790)
GO:1902742	apoptotic process involved in development	happens_during(GO:0009790)
GO:1904776	regulation of protein localization to cell cortex	happens_during(GO:0009790)
GO:0051321	meiotic cell cycle	happens_during(GO:0009790)
GO:1904746	negative regulation of apoptotic process involved in development	happens_during(GO:0009790)
GO:0071244	cellular response to carbon dioxide	happens_during(GO:0009790)
GO:0060972	left/right pattern formation	happens_during(GO:0009790)
GO:0044333	Wnt signaling pathway involved in digestive tract morphogenesis	happens_during(GO:0009790)
GO:1904948	midbrain dopaminergic neuron differentiation	happens_during(GO:0009790)
GO:1904748	regulation of apoptotic process involved in development	happens_during(GO:0009790)
GO:2000057	negative regulation of Wnt signaling pathway involved in digestive tract morphogenesis	happens_during(GO:0009790)
GO:0051782	negative regulation of cell division	happens_during(GO:0009790)
GO:0061550	cranial ganglion development	happens_during(GO:0009790)
GO:1990791	dorsal root ganglion development	happens_during(GO:0009790)
GO:0051445	regulation of meiotic cell cycle	happens_during(GO:0009790)
GO:1904781	positive regulation of protein localization to centrosome	happens_during(GO:0009790)
GO:0030155	regulation of cell adhesion	happens_during(GO:0009790)
GO:0030902	hindbrain development	happens_during(GO:0009790)
GO:0045666	positive regulation of neuron differentiation	happens_during(GO:0009790)
GO:0010628	positive regulation of gene expression	happens_during(GO:0009790)
GO:0030590	first cell cycle pseudocleavage	happens_during(GO:0009790)
GO:0001764	neuron migration	happens_during(GO:0009792
GO:0097475	motor neuron migration	happens_during(GO:0009792
GO:0042276	error-prone translesion synthesis	happens_during(GO:0009792)
GO:0001764	neuron migration	happens_during(GO:0009792)
GO:1904936	interneuron migration	happens_during(GO:0009792)
GO:0097475	motor neuron migration	happens_during(GO:0009792)
GO:1904937	sensory neuron migration	happens_during(GO:0009792)
GO:2000481	positive regulation of cAMP-dependent protein kinase activity	happens_during(GO:0009847
GO:0006935	chemotaxis	happens_during(GO:0010035
GO:0007635	chemosensory behavior	happens_during(GO:0010035
GO:0007635	chemosensory behavior	happens_during(GO:0010035)
GO:0006935	chemotaxis	happens_during(GO:0010035)
GO:0006935	chemotaxis	happens_during(GO:0010035)
GO:0006935	chemotaxis	happens_during(GO:0010035)
GO:0007635	chemosensory behavior	happens_during(GO:0010035)
GO:1902074	response to salt	happens_during(GO:0010035)
GO:0006935	chemotaxis	happens_during(GO:0010035)
GO:0007635	chemosensory behavior	happens_during(GO:0010035)
GO:0007635	chemosensory behavior	happens_during(GO:0010035)
GO:0036086	positive regulation of transcription from RNA polymerase II promoter in response to iron ion starvation	happens_during(GO:0010106
GO:0005515	protein binding	happens_during(GO:0010106
GO:1903026	negative regulation of RNA polymerase II regulatory region sequence-specific DNA binding	happens_during(GO:0010106
GO:0018105	peptidyl-serine phosphorylation	happens_during(GO:0010106)
GO:0033215	iron assimilation by reduction and transport	happens_during(GO:0010106)
GO:1904334	heme import across plasma membrane	happens_during(GO:0010106)
GO:0018107	peptidyl-threonine phosphorylation	happens_during(GO:0010106)
GO:0043518	negative regulation of DNA damage response, signal transduction by p53 class mediator	happens_during(GO:0010212
GO:0043066	negative regulation of apoptotic process	happens_during(GO:0010212)
GO:0008630	intrinsic apoptotic signaling pathway in response to DNA damage	happens_during(GO:0010225)
GO:0050850	positive regulation of calcium-mediated signaling	happens_during(GO:0010226
GO:0007635	chemosensory behavior	happens_during(GO:0010226)
GO:0006935	chemotaxis	happens_during(GO:0010226)
GO:0006935	chemotaxis	happens_during(GO:0010226)
GO:0007635	chemosensory behavior	happens_during(GO:0010226)
GO:0001046	core promoter sequence-specific DNA binding	happens_during(GO:0010243
GO:0070207	protein homotrimerization	happens_during(GO:0010243
GO:0045944	positive regulation of transcription from RNA polymerase II promoter	happens_during(GO:0010458
GO:0006357	regulation of transcription from RNA polymerase II promoter	happens_during(GO:0010458)
GO:0045184	establishment of protein localization	happens_during(GO:0010631
GO:1900041	negative regulation of interleukin-2 secretion	happens_during(GO:0010737
GO:0003677	DNA binding	happens_during(GO:0010737)
GO:0043122	regulation of I-kappaB kinase/NF-kappaB signaling	happens_during(GO:0010803)
GO:0001934	positive regulation of protein phosphorylation	happens_during(GO:0014065)
GO:0001046	core promoter sequence-specific DNA binding	happens_during(GO:0014070)
GO:0070207	protein homotrimerization	happens_during(GO:0014070)
GO:0045820	negative regulation of glycolytic process	happens_during(GO:0014883)
GO:1903715	regulation of aerobic respiration	happens_during(GO:0014883)
GO:1904025	positive regulation of glucose catabolic process to lactate via pyruvate	happens_during(GO:0014883)
GO:0016791	phosphatase activity	happens_during(GO:0016036)
GO:0003993	acid phosphatase activity	happens_during(GO:0016036)
GO:0004861	cyclin-dependent protein serine/threonine kinase inhibitor activity	happens_during(GO:0016036)
GO:0071072	negative regulation of phospholipid biosynthetic process	happens_during(GO:0016036)
GO:0008020	G-protein coupled photoreceptor activity	happens_during(GO:0016039)
GO:0001932	regulation of protein phosphorylation	happens_during(GO:0016236)
GO:0006654	phosphatidic acid biosynthetic process	happens_during(GO:0016310)
GO:0034334	adherens junction maintenance	happens_during(GO:0016331)
GO:0010862	positive regulation of pathway-restricted SMAD protein phosphorylation	happens_during(GO:0016358)
GO:0046827	positive regulation of protein export from nucleus	happens_during(GO:0018105
GO:1903026	negative regulation of RNA polymerase II regulatory region sequence-specific DNA binding	happens_during(GO:0018107)
GO:0036369	transcription factor catabolic process	happens_during(GO:0019100)
GO:0036369	transcription factor catabolic process	happens_during(GO:0019102)
GO:0010628	positive regulation of gene expression	happens_during(GO:0019933)
GO:0071901	negative regulation of protein serine/threonine kinase activity	happens_during(GO:0019933)
GO:0030838	positive regulation of actin filament polymerization	happens_during(GO:0019933)
GO:0070650	actin filament bundle distribution	happens_during(GO:0019933)
GO:0046580	negative regulation of Ras protein signal transduction	happens_during(GO:0019954)
GO:0000724	double-strand break repair via homologous recombination	happens_during(GO:0019954)
GO:0045499	chemorepellent activity	happens_during(GO:0019954)
GO:0050919	negative chemotaxis	happens_during(GO:0019954)
GO:0042704	uterine wall breakdown	happens_during(GO:0022601)
GO:0051683	establishment of Golgi localization	happens_during(GO:0022612
GO:0035414	negative regulation of catenin import into nucleus	happens_during(GO:0022612
GO:0008360	regulation of cell shape	happens_during(GO:0022612
GO:0008361	regulation of cell size	happens_during(GO:0022612
GO:0090002	establishment of protein localization to plasma membrane	happens_during(GO:0022612
GO:0040023	establishment of nucleus localization	happens_during(GO:0022612
GO:0045930	negative regulation of mitotic cell cycle	happens_during(GO:0022612
GO:0045198	establishment of epithelial cell apical/basal polarity	happens_during(GO:0022612)
GO:1903864	P granule disassembly	happens_during(GO:0030010
GO:1903863	P granule assembly	happens_during(GO:0030010
GO:0006904	vesicle docking involved in exocytosis	happens_during(GO:0030073)
GO:0045921	positive regulation of exocytosis	happens_during(GO:0030073)
GO:0071933	Arp2/3 complex binding	happens_during(GO:0030168)
GO:0005525	GTP binding	happens_during(GO:0030168)
GO:0034314	Arp2/3 complex-mediated actin nucleation	happens_during(GO:0030168)
GO:0017048	Rho GTPase binding	happens_during(GO:0030168)
GO:0048365	Rac GTPase binding	happens_during(GO:0030168)
GO:0051015	actin filament binding	happens_during(GO:0030168)
GO:0043124	negative regulation of I-kappaB kinase/NF-kappaB signaling	happens_during(GO:0030225)
GO:0043124	negative regulation of I-kappaB kinase/NF-kappaB signaling	happens_during(GO:0030225)
GO:0006517	protein deglycosylation	happens_during(GO:0030433)
GO:0006998	nuclear envelope organization	happens_during(GO:0030437)
GO:0022407	regulation of cell-cell adhesion	happens_during(GO:0030587)
GO:0071285	cellular response to lithium ion	happens_during(GO:0030587)
GO:0046982	protein heterodimerization activity	happens_during(GO:0030587)
GO:0098609	cell-cell adhesion	happens_during(GO:0030587)
GO:0042803	protein homodimerization activity	happens_during(GO:0030587)
GO:0006970	response to osmotic stress	happens_during(GO:0030587)
GO:0007157	heterophilic cell-cell adhesion via plasma membrane cell adhesion molecules	happens_during(GO:0030587)
GO:0046982	protein heterodimerization activity	happens_during(GO:0030587)
GO:0043157	response to cation stress	happens_during(GO:0030587)
GO:0010592	positive regulation of lamellipodium assembly	happens_during(GO:0030593
GO:0034446	substrate adhesion-dependent cell spreading	happens_during(GO:0030593)
GO:0000774	adenyl-nucleotide exchange factor activity	happens_during(GO:0030837)
GO:0032781	positive regulation of ATPase activity	happens_during(GO:0030837)
GO:0000977	RNA polymerase II regulatory region sequence-specific DNA binding	happens_during(GO:0030901)
GO:0000977	RNA polymerase II regulatory region sequence-specific DNA binding	happens_during(GO:0030901)
GO:0097102	endothelial tip cell fate specification	happens_during(GO:0030902
GO:0001569	branching involved in blood vessel morphogenesis	happens_during(GO:0030902
GO:0002042	cell migration involved in sprouting angiogenesis	happens_during(GO:0030902
GO:0000977	RNA polymerase II regulatory region sequence-specific DNA binding	happens_during(GO:0030968
GO:0006471	protein ADP-ribosylation	happens_during(GO:0030968)
GO:0006471	protein ADP-ribosylation	happens_during(GO:0030968)
GO:0043539	protein serine/threonine kinase activator activity	happens_during(GO:0030968)
GO:0043539	protein serine/threonine kinase activator activity	happens_during(GO:0030968)
GO:0071902	positive regulation of protein serine/threonine kinase activity	happens_during(GO:0030968)
GO:0071902	positive regulation of protein serine/threonine kinase activity	happens_during(GO:0030968)
GO:0060548	negative regulation of cell death	happens_during(GO:0030968)
GO:0050679	positive regulation of epithelial cell proliferation	happens_during(GO:0031016
GO:0034613	cellular protein localization	happens_during(GO:0031150)
GO:0034613	cellular protein localization	happens_during(GO:0031150)
GO:0034613	cellular protein localization	happens_during(GO:0031150)
GO:0034613	cellular protein localization	happens_during(GO:0031150)
GO:0098609	cell-cell adhesion	happens_during(GO:0031152)
GO:0007156	homophilic cell adhesion via plasma membrane adhesion molecules	happens_during(GO:0031152)
GO:0098632	protein binding involved in cell-cell adhesion	happens_during(GO:0031152)
GO:0019933	cAMP-mediated signaling	happens_during(GO:0031152)
GO:0000976	transcription regulatory region sequence-specific DNA binding	happens_during(GO:0031152)
GO:0003677	DNA binding	happens_during(GO:0031153
GO:0098609	cell-cell adhesion	happens_during(GO:0031153)
GO:0010628	positive regulation of gene expression	happens_during(GO:0031153)
GO:0010629	negative regulation of gene expression	happens_during(GO:0031153)
GO:0007165	signal transduction	happens_during(GO:0031154
GO:0030154	cell differentiation	happens_during(GO:0031154)
GO:0008603	cAMP-dependent protein kinase regulator activity	happens_during(GO:0031154)
GO:0004871	signal transducer activity	happens_during(GO:0031154)
GO:0005515	protein binding	happens_during(GO:0031154)
GO:0007165	signal transduction	happens_during(GO:0031154)
GO:0004691	cAMP-dependent protein kinase activity	happens_during(GO:0031154)
GO:0003682	chromatin binding	happens_during(GO:0031297
GO:1901838	positive regulation of transcription of nuclear large rRNA transcript from RNA polymerase I promoter	happens_during(GO:0031334)
GO:0051656	establishment of organelle localization	happens_during(GO:0031529)
GO:0000281	mitotic cytokinesis	happens_during(GO:0031589)
GO:0001934	positive regulation of protein phosphorylation	happens_during(GO:0032007
GO:0010628	positive regulation of gene expression	happens_during(GO:0032007)
GO:0010628	positive regulation of gene expression	happens_during(GO:0032007)
GO:0050850	positive regulation of calcium-mediated signaling	happens_during(GO:0032026
GO:0050850	positive regulation of calcium-mediated signaling	happens_during(GO:0032026
GO:0007635	chemosensory behavior	happens_during(GO:0032026)
GO:0006935	chemotaxis	happens_during(GO:0032026)
GO:0007635	chemosensory behavior	happens_during(GO:0032026)
GO:1902074	response to salt	happens_during(GO:0032026)
GO:0006935	chemotaxis	happens_during(GO:0032026)
GO:0006935	chemotaxis	happens_during(GO:0032026)
GO:0007635	chemosensory behavior	happens_during(GO:0032026)
GO:0004396	hexokinase activity	happens_during(GO:0032094
GO:0004743	pyruvate kinase activity	happens_during(GO:0032094
GO:0004340	glucokinase activity	happens_during(GO:0032094
GO:0010628	positive regulation of gene expression	happens_during(GO:0032355
GO:0010628	positive regulation of gene expression	happens_during(GO:0032355
GO:0010628	positive regulation of gene expression	happens_during(GO:0032355
GO:0051092	positive regulation of NF-kappaB transcription factor activity	happens_during(GO:0032495
GO:0032757	positive regulation of interleukin-8 production	happens_during(GO:0032495
GO:0032757	positive regulation of interleukin-8 production	happens_during(GO:0032495
GO:0070433	negative regulation of nucleotide-binding oligomerization domain containing 2 signaling pathway	happens_during(GO:0032495
GO:0032088	negative regulation of NF-kappaB transcription factor activity	happens_during(GO:0032495)
GO:0071638	negative regulation of monocyte chemotactic protein-1 production	happens_during(GO:0032495)
GO:0002741	positive regulation of cytokine secretion involved in immune response	happens_during(GO:0032496
GO:0002519	natural killer cell tolerance induction	happens_during(GO:0032496
GO:0045785	positive regulation of cell adhesion	happens_during(GO:0032496
GO:0010628	positive regulation of gene expression	happens_during(GO:0032496
GO:0010628	positive regulation of gene expression	happens_during(GO:0032496
GO:0010628	positive regulation of gene expression	happens_during(GO:0032496
GO:1902523	positive regulation of protein K63-linked ubiquitination	happens_during(GO:0032496
GO:0010628	positive regulation of gene expression	happens_during(GO:0032496
GO:1902523	positive regulation of protein K63-linked ubiquitination	happens_during(GO:0032496
GO:0035458	cellular response to interferon-beta	happens_during(GO:0032496
GO:0031625	ubiquitin protein ligase binding	happens_during(GO:0032496)
GO:0032720	negative regulation of tumor necrosis factor production	happens_during(GO:0032496)
GO:0032753	positive regulation of interleukin-4 production	happens_during(GO:0032496)
GO:0010629	negative regulation of gene expression	happens_during(GO:0032496)
GO:0019901	protein kinase binding	happens_during(GO:0032496)
GO:0043032	positive regulation of macrophage activation	happens_during(GO:0032732
GO:0001933	negative regulation of protein phosphorylation	happens_during(GO:0032869)
GO:0046325	negative regulation of glucose import	happens_during(GO:0032869)
GO:0090005	negative regulation of establishment of protein localization to plasma membrane	happens_during(GO:0032869)
GO:0072600	establishment of protein localization to Golgi	happens_during(GO:0032933)
GO:0010629	negative regulation of gene expression	happens_during(GO:0033173)
GO:1903799	negative regulation of production of miRNAs involved in gene silencing by miRNA	happens_during(GO:0033173)
GO:1903799	negative regulation of production of miRNAs involved in gene silencing by miRNA	happens_during(GO:0033173)
GO:1903799	negative regulation of production of miRNAs involved in gene silencing by miRNA	happens_during(GO:0033173)
GO:0006979	response to oxidative stress	happens_during(GO:0033194
GO:0030866	cortical actin cytoskeleton organization	happens_during(GO:0033209
GO:0010629	negative regulation of gene expression	happens_during(GO:0033554
GO:0010628	positive regulation of gene expression	happens_during(GO:0033554
GO:0010629	negative regulation of gene expression	happens_during(GO:0033554
GO:0010628	positive regulation of gene expression	happens_during(GO:0033554)
GO:0061063	positive regulation of nematode larval development	happens_during(GO:0033554)
GO:0010629	negative regulation of gene expression	happens_during(GO:0033554)
GO:0010629	negative regulation of gene expression	happens_during(GO:0033554)
GO:0010629	negative regulation of gene expression	happens_during(GO:0033554)
GO:0010629	negative regulation of gene expression	happens_during(GO:0033554)
GO:0010629	negative regulation of gene expression	happens_during(GO:0033554)
GO:0030544	Hsp70 protein binding	happens_during(GO:0033554)
GO:0008285	negative regulation of cell proliferation	happens_during(GO:0033554)
GO:0071963	establishment or maintenance of cell polarity regulating cell shape	happens_during(GO:0033554)
GO:0001934	positive regulation of protein phosphorylation	happens_during(GO:0033554)
GO:0005515	protein binding	happens_during(GO:0033554)
GO:2000134	negative regulation of G1/S transition of mitotic cell cycle	happens_during(GO:0033554)
GO:0071940	fungal-type cell wall assembly	happens_during(GO:0033554)
GO:0010994	free ubiquitin chain polymerization	happens_during(GO:0033554)
GO:0010628	positive regulation of gene expression	happens_during(GO:0033554)
GO:0010628	positive regulation of gene expression	happens_during(GO:0033554)
GO:0010628	positive regulation of gene expression	happens_during(GO:0033554)
GO:0010628	positive regulation of gene expression	happens_during(GO:0033554)
GO:0010628	positive regulation of gene expression	happens_during(GO:0033554)
GO:0051087	chaperone binding	happens_during(GO:0033554)
GO:0045944	positive regulation of transcription from RNA polymerase II promoter	happens_during(GO:0033554)
GO:0060355	positive regulation of cell adhesion molecule production	happens_during(GO:0034138
GO:0060355	positive regulation of cell adhesion molecule production	happens_during(GO:0034138
GO:0001819	positive regulation of cytokine production	happens_during(GO:0034138
GO:0001934	positive regulation of protein phosphorylation	happens_during(GO:0034138
GO:0032728	positive regulation of interferon-beta production	happens_during(GO:0034138)
GO:0010628	positive regulation of gene expression	happens_during(GO:0034157)
GO:0006468	protein phosphorylation	happens_during(GO:0034198
GO:0097236	positive regulation of transcription from RNA polymerase II promoter in response to zinc ion starvation	happens_during(GO:0034224
GO:0045944	positive regulation of transcription from RNA polymerase II promoter	happens_during(GO:0034224)
GO:0000981	RNA polymerase II transcription factor activity, sequence-specific DNA binding	happens_during(GO:0034224)
GO:0010629	negative regulation of gene expression	happens_during(GO:0034341)
GO:0045184	establishment of protein localization	happens_during(GO:0034446)
GO:0034260	negative regulation of GTPase activity	happens_during(GO:0034446)
GO:0034260	negative regulation of GTPase activity	happens_during(GO:0034446)
GO:0043547	positive regulation of GTPase activity	happens_during(GO:0034446)
GO:0001077	transcriptional activator activity, RNA polymerase II core promoter proximal region sequence-specific binding	happens_during(GO:0034599
GO:0004672	protein kinase activity	happens_during(GO:0034599
GO:0051091	positive regulation of sequence-specific DNA binding transcription factor activity	happens_during(GO:0034599
GO:0004708	MAP kinase kinase activity	happens_during(GO:0034599
GO:0001077	transcriptional activator activity, RNA polymerase II core promoter proximal region sequence-specific binding	happens_during(GO:0034599
GO:0001077	transcriptional activator activity, RNA polymerase II core promoter proximal region sequence-specific binding	happens_during(GO:0034599
GO:0005515	protein binding	happens_during(GO:0034599
GO:0003729	mRNA binding	happens_during(GO:0034599
GO:0001077	transcriptional activator activity, RNA polymerase II core promoter proximal region sequence-specific binding	happens_during(GO:0034599
GO:0001077	transcriptional activator activity, RNA polymerase II core promoter proximal region sequence-specific binding	happens_during(GO:0034599
GO:0001077	transcriptional activator activity, RNA polymerase II core promoter proximal region sequence-specific binding	happens_during(GO:0034599
GO:1902047	polyamine transmembrane transport	happens_during(GO:0034599)
GO:0010918	positive regulation of mitochondrial membrane potential	happens_during(GO:0034599)
GO:0005993	trehalose catabolic process	happens_during(GO:0034599)
GO:0045944	positive regulation of transcription from RNA polymerase II promoter	happens_during(GO:0034605
GO:0045944	positive regulation of transcription from RNA polymerase II promoter	happens_during(GO:0034605
GO:0004707	MAP kinase activity	happens_during(GO:0034605
GO:0045944	positive regulation of transcription from RNA polymerase II promoter	happens_during(GO:0034605
GO:0045944	positive regulation of transcription from RNA polymerase II promoter	happens_during(GO:0034605
GO:0042787	protein ubiquitination involved in ubiquitin-dependent protein catabolic process	happens_during(GO:0034605
GO:0001077	transcriptional activator activity, RNA polymerase II core promoter proximal region sequence-specific binding	happens_during(GO:0034605
GO:0045944	positive regulation of transcription from RNA polymerase II promoter	happens_during(GO:0034605
GO:0045944	positive regulation of transcription from RNA polymerase II promoter	happens_during(GO:0034605
GO:0045944	positive regulation of transcription from RNA polymerase II promoter	happens_during(GO:0034605
GO:0000978	RNA polymerase II core promoter proximal region sequence-specific DNA binding	happens_during(GO:0034605
GO:0032874	positive regulation of stress-activated MAPK cascade	happens_during(GO:0034605)
GO:0071636	positive regulation of transforming growth factor beta production	happens_during(GO:0034605)
GO:1901215	negative regulation of neuron death	happens_during(GO:0034605)
GO:0035617	stress granule disassembly	happens_during(GO:0034605)
GO:0070202	regulation of establishment of protein localization to chromosome	happens_during(GO:0034605)
GO:0042787	protein ubiquitination involved in ubiquitin-dependent protein catabolic process	happens_during(GO:0034605)
GO:1900035	negative regulation of cellular response to heat	happens_during(GO:0034605)
GO:0000122	negative regulation of transcription from RNA polymerase II promoter	happens_during(GO:0034605)
GO:0045944	positive regulation of transcription from RNA polymerase II promoter	happens_during(GO:0034605)
GO:0045944	positive regulation of transcription from RNA polymerase II promoter	happens_during(GO:0034605)
GO:0004555	alpha,alpha-trehalase activity	happens_during(GO:0034605)
GO:0051403	stress-activated MAPK cascade	happens_during(GO:0034605)
GO:0070262	peptidyl-serine dephosphorylation	happens_during(GO:0034605)
GO:0060548	negative regulation of cell death	happens_during(GO:0034605)
GO:0070202	regulation of establishment of protein localization to chromosome	happens_during(GO:0034605)
GO:0045019	negative regulation of nitric oxide biosynthetic process	happens_during(GO:0034605)
GO:1900038	negative regulation of cellular response to hypoxia	happens_during(GO:0034605)
GO:0006606	protein import into nucleus	happens_during(GO:0034605)
GO:0005515	protein binding	happens_during(GO:0034605)
GO:0035970	peptidyl-threonine dephosphorylation	happens_during(GO:0034605)
GO:0008217	regulation of blood pressure	happens_during(GO:0034605)
GO:0032720	negative regulation of tumor necrosis factor production	happens_during(GO:0034605)
GO:0032436	positive regulation of proteasomal ubiquitin-dependent protein catabolic process	happens_during(GO:0034605)
GO:0030195	negative regulation of blood coagulation	happens_during(GO:0034605)
GO:0032733	positive regulation of interleukin-10 production	happens_during(GO:0034605)
GO:0010941	regulation of cell death	happens_during(GO:0034605)
GO:0032873	negative regulation of stress-activated MAPK cascade	happens_during(GO:0034605)
GO:0030476	ascospore wall assembly	happens_during(GO:0034605)
GO:0000979	RNA polymerase II core promoter sequence-specific DNA binding	happens_during(GO:0034605)
GO:0000979	RNA polymerase II core promoter sequence-specific DNA binding	happens_during(GO:0034605)
GO:0000979	RNA polymerase II core promoter sequence-specific DNA binding	happens_during(GO:0034605)
GO:0000979	RNA polymerase II core promoter sequence-specific DNA binding	happens_during(GO:0034605)
GO:0004672	protein kinase activity	happens_during(GO:0034644)
GO:0004694	eukaryotic translation initiation factor 2alpha kinase activity	happens_during(GO:0034644)
GO:0004842	ubiquitin-protein transferase activity	happens_during(GO:0034644)
GO:0008284	positive regulation of cell proliferation	happens_during(GO:0034694)
GO:0005515	protein binding	happens_during(GO:0034976
GO:0044325	ion channel binding	happens_during(GO:0034976)
GO:0019901	protein kinase binding	happens_during(GO:0034976)
GO:0005515	protein binding	happens_during(GO:0034976)
GO:0010629	negative regulation of gene expression	happens_during(GO:0034976)
GO:0043507	positive regulation of JUN kinase activity	happens_during(GO:0034976)
GO:0019901	protein kinase binding	happens_during(GO:0034976)
GO:0006468	protein phosphorylation	happens_during(GO:0034976)
GO:0051219	phosphoprotein binding	happens_during(GO:0034976)
GO:0031435	mitogen-activated protein kinase kinase kinase binding	happens_during(GO:0034976)
GO:0010628	positive regulation of gene expression	happens_during(GO:0035051)
GO:0010628	positive regulation of gene expression	happens_during(GO:0035051)
GO:0010628	positive regulation of gene expression	happens_during(GO:0035051)
GO:0010628	positive regulation of gene expression	happens_during(GO:0035051)
GO:0010800	positive regulation of peptidyl-threonine phosphorylation	happens_during(GO:0035456
GO:0010628	positive regulation of gene expression	happens_during(GO:0035456)
GO:0033138	positive regulation of peptidyl-serine phosphorylation	happens_during(GO:0035456)
GO:0048469	cell maturation	happens_during(GO:0035457)
GO:0097028	dendritic cell differentiation	happens_during(GO:0035457)
GO:0045944	positive regulation of transcription from RNA polymerase II promoter	happens_during(GO:0035690)
GO:0045944	positive regulation of transcription from RNA polymerase II promoter	happens_during(GO:0035690)
GO:0045944	positive regulation of transcription from RNA polymerase II promoter	happens_during(GO:0035690)
GO:0045944	positive regulation of transcription from RNA polymerase II promoter	happens_during(GO:0035690)
GO:0045944	positive regulation of transcription from RNA polymerase II promoter	happens_during(GO:0035690)
GO:0045944	positive regulation of transcription from RNA polymerase II promoter	happens_during(GO:0035690)
GO:0070233	negative regulation of T cell apoptotic process	happens_during(GO:0035710)
GO:0004713	protein tyrosine kinase activity	happens_during(GO:0035791
GO:0038083	peptidyl-tyrosine autophosphorylation	happens_during(GO:0035791)
GO:0018108	peptidyl-tyrosine phosphorylation	happens_during(GO:0035791)
GO:0036051	protein localization to trailing edge	happens_during(GO:0035864)
GO:0045944	positive regulation of transcription from RNA polymerase II promoter	happens_during(GO:0035874
GO:0045944	positive regulation of transcription from RNA polymerase II promoter	happens_during(GO:0035874
GO:0045944	positive regulation of transcription from RNA polymerase II promoter	happens_during(GO:0035874
GO:0000978	RNA polymerase II core promoter proximal region sequence-specific DNA binding	happens_during(GO:0035874)
GO:0045814	negative regulation of gene expression, epigenetic	happens_during(GO:0035987
GO:0000977	RNA polymerase II regulatory region sequence-specific DNA binding	happens_during(GO:0035987)
GO:0006289	nucleotide-excision repair	happens_during(GO:0036093)
GO:0000122	negative regulation of transcription from RNA polymerase II promoter	happens_during(GO:0036295
GO:0000122	negative regulation of transcription from RNA polymerase II promoter	happens_during(GO:0036295
GO:0000122	negative regulation of transcription from RNA polymerase II promoter	happens_during(GO:0036295
GO:0000122	negative regulation of transcription from RNA polymerase II promoter	happens_during(GO:0036295
GO:0000122	negative regulation of transcription from RNA polymerase II promoter	happens_during(GO:0036295
GO:0000122	negative regulation of transcription from RNA polymerase II promoter	happens_during(GO:0036295
GO:0000122	negative regulation of transcription from RNA polymerase II promoter	happens_during(GO:0036295
GO:0000122	negative regulation of transcription from RNA polymerase II promoter	happens_during(GO:0036295
GO:0000122	negative regulation of transcription from RNA polymerase II promoter	happens_during(GO:0036295)
GO:0000122	negative regulation of transcription from RNA polymerase II promoter	happens_during(GO:0036295)
GO:0000122	negative regulation of transcription from RNA polymerase II promoter	happens_during(GO:0036295)
GO:0000122	negative regulation of transcription from RNA polymerase II promoter	happens_during(GO:0036295)
GO:0000122	negative regulation of transcription from RNA polymerase II promoter	happens_during(GO:0036295)
GO:0000122	negative regulation of transcription from RNA polymerase II promoter	happens_during(GO:0036295)
GO:0050265	RNA uridylyltransferase activity	happens_during(GO:0036450
GO:0050265	RNA uridylyltransferase activity	happens_during(GO:0036450
GO:0050265	RNA uridylyltransferase activity	happens_during(GO:0036450
GO:0050265	RNA uridylyltransferase activity	happens_during(GO:0036450
GO:0050265	RNA uridylyltransferase activity	happens_during(GO:0036450
GO:0050265	RNA uridylyltransferase activity	happens_during(GO:0036450
GO:0070374	positive regulation of ERK1 and ERK2 cascade	happens_during(GO:0038084)
GO:0051897	positive regulation of protein kinase B signaling	happens_during(GO:0038084)
GO:0030336	negative regulation of cell migration	happens_during(GO:0038146)
GO:0090026	positive regulation of monocyte chemotaxis	happens_during(GO:0038151
GO:0036369	transcription factor catabolic process	happens_during(GO:0040021)
GO:0036369	transcription factor catabolic process	happens_during(GO:0042001
GO:1904996	positive regulation of leukocyte adhesion to vascular endothelial cell	happens_during(GO:0042044
GO:0035584	calcium-mediated signaling using intracellular calcium source	happens_during(GO:0042117)
GO:0001077	transcriptional activator activity, RNA polymerase II core promoter proximal region sequence-specific binding	happens_during(GO:0042149
GO:2001216	negative regulation of hydroxymethylglutaryl-CoA reductase (NADPH) activity	happens_during(GO:0042149
GO:0001077	transcriptional activator activity, RNA polymerase II core promoter proximal region sequence-specific binding	happens_during(GO:0042149
GO:0045943	positive regulation of transcription from RNA polymerase I promoter	happens_during(GO:0042149
GO:0001077	transcriptional activator activity, RNA polymerase II core promoter proximal region sequence-specific binding	happens_during(GO:0042149
GO:0045943	positive regulation of transcription from RNA polymerase I promoter	happens_during(GO:0042149
GO:0045943	positive regulation of transcription from RNA polymerase I promoter	happens_during(GO:0042149
GO:0001934	positive regulation of protein phosphorylation	happens_during(GO:0042149
GO:0046827	positive regulation of protein export from nucleus	happens_during(GO:0042149
GO:0004694	eukaryotic translation initiation factor 2alpha kinase activity	happens_during(GO:0042149
GO:0004674	protein serine/threonine kinase activity	happens_during(GO:0042149)
GO:0019901	protein kinase binding	happens_during(GO:0042149)
GO:0005086	ARF guanyl-nucleotide exchange factor activity	happens_during(GO:0042149)
GO:0000122	negative regulation of transcription from RNA polymerase II promoter	happens_during(GO:0042149)
GO:0008298	intracellular mRNA localization	happens_during(GO:0042149)
GO:0045943	positive regulation of transcription from RNA polymerase I promoter	happens_during(GO:0042149)
GO:0010628	positive regulation of gene expression	happens_during(GO:0042149)
GO:0010628	positive regulation of gene expression	happens_during(GO:0042149)
GO:0019564	aerobic glycerol catabolic process	happens_during(GO:0042149)
GO:0043565	sequence-specific DNA binding	happens_during(GO:0042149)
GO:0005515	protein binding	happens_during(GO:0042149)
GO:0010575	positive regulation of vascular endothelial growth factor production	happens_during(GO:0042149)
GO:0045943	positive regulation of transcription from RNA polymerase I promoter	happens_during(GO:0042149)
GO:0045943	positive regulation of transcription from RNA polymerase I promoter	happens_during(GO:0042149)
GO:0004674	protein serine/threonine kinase activity	happens_during(GO:0042149)
GO:0030248	cellulose binding	happens_during(GO:0042244)
GO:0032956	regulation of actin cytoskeleton organization	happens_during(GO:0042476)
GO:0032874	positive regulation of stress-activated MAPK cascade	happens_during(GO:0042542)
GO:0008340	determination of adult lifespan	happens_during(GO:0042542)
GO:2000872	positive regulation of progesterone secretion	happens_during(GO:0042594
GO:0004396	hexokinase activity	happens_during(GO:0042594
GO:0001934	positive regulation of protein phosphorylation	happens_during(GO:0042594
GO:0010628	positive regulation of gene expression	happens_during(GO:0042594
GO:0010628	positive regulation of gene expression	happens_during(GO:0042594
GO:0036003	positive regulation of transcription from RNA polymerase II promoter in response to stress	happens_during(GO:0042594
GO:0004743	pyruvate kinase activity	happens_during(GO:0042594
GO:0042132	fructose 1,6-bisphosphate 1-phosphatase activity	happens_during(GO:0042594
GO:2000866	positive regulation of estradiol secretion	happens_during(GO:0042594
GO:0004340	glucokinase activity	happens_during(GO:0042594
GO:0030512	negative regulation of transforming growth factor beta receptor signaling pathway	happens_during(GO:0042594)
GO:0033686	positive regulation of luteinizing hormone secretion	happens_during(GO:0042594)
GO:0008340	determination of adult lifespan	happens_during(GO:0042594)
GO:0048870	cell motility	happens_during(GO:0042594)
GO:0048023	positive regulation of melanin biosynthetic process	happens_during(GO:0042640
GO:0010629	negative regulation of gene expression	happens_during(GO:0042742
GO:0045807	positive regulation of endocytosis	happens_during(GO:0042742
GO:0045807	positive regulation of endocytosis	happens_during(GO:0042742)
GO:0061630	ubiquitin protein ligase activity	happens_during(GO:0042787
GO:0061630	ubiquitin protein ligase activity	happens_during(GO:0042787
GO:1900050	negative regulation of histone exchange	happens_during(GO:0042789)
GO:0043407	negative regulation of MAP kinase activity	happens_during(GO:0042987)
GO:1901207	regulation of heart looping	happens_during(GO:0043009)
GO:0035054	embryonic heart tube anterior/posterior pattern specification	happens_during(GO:0043009)
GO:0060971	embryonic heart tube left/right pattern formation	happens_during(GO:0043009)
GO:0005515	protein binding	happens_during(GO:0043065)
GO:0008233	peptidase activity	happens_during(GO:0043065)
GO:0051562	negative regulation of mitochondrial calcium ion concentration	happens_during(GO:0043066)
GO:0005102	receptor binding	happens_during(GO:0043066)
GO:0010917	negative regulation of mitochondrial membrane potential	happens_during(GO:0043066)
GO:0051280	negative regulation of release of sequestered calcium ion into cytosol	happens_during(GO:0043066)
GO:0016310	phosphorylation	happens_during(GO:0043066)
GO:0005515	protein binding	happens_during(GO:0043123)
GO:0042326	negative regulation of phosphorylation	happens_during(GO:0043247)
GO:0097230	cell motility in response to potassium ion	happens_during(GO:0043327)
GO:0031276	negative regulation of lateral pseudopodium assembly	happens_during(GO:0043327)
GO:0048741	skeletal muscle fiber development	happens_during(GO:0043403
GO:0018105	peptidyl-serine phosphorylation	happens_during(GO:0043491)
GO:0008284	positive regulation of cell proliferation	happens_during(GO:0043627)
GO:0045944	positive regulation of transcription from RNA polymerase II promoter	happens_during(GO:0043934)
GO:0045944	positive regulation of transcription from RNA polymerase II promoter	happens_during(GO:0043934)
GO:0045944	positive regulation of transcription from RNA polymerase II promoter	happens_during(GO:0043934)
GO:0045944	positive regulation of transcription from RNA polymerase II promoter	happens_during(GO:0043934)
GO:0045944	positive regulation of transcription from RNA polymerase II promoter	happens_during(GO:0043934)
GO:0045944	positive regulation of transcription from RNA polymerase II promoter	happens_during(GO:0043934)
GO:0045944	positive regulation of transcription from RNA polymerase II promoter	happens_during(GO:0043934)
GO:0045944	positive regulation of transcription from RNA polymerase II promoter	happens_during(GO:0043934)
GO:0045944	positive regulation of transcription from RNA polymerase II promoter	happens_during(GO:0043934)
GO:0030261	chromosome condensation	happens_during(GO:0043934)
GO:0034720	histone H3-K4 demethylation	happens_during(GO:0043934)
GO:1904388	negative regulation of ncRNA transcription associated with protein coding gene TSS/TES	happens_during(GO:0043934)
GO:0045944	positive regulation of transcription from RNA polymerase II promoter	happens_during(GO:0043934)
GO:0051683	establishment of Golgi localization	happens_during(GO:0044319)
GO:0090168	Golgi reassembly	happens_during(GO:0044319)
GO:1902364	negative regulation of protein localization to spindle pole body	happens_during(GO:0044810
GO:0031030	negative regulation of septation initiation signaling	happens_during(GO:0044810)
GO:0001046	core promoter sequence-specific DNA binding	happens_during(GO:0044838
GO:0005049	nuclear export signal receptor activity	happens_during(GO:0044838
GO:0000122	negative regulation of transcription from RNA polymerase II promoter	happens_during(GO:0044838)
GO:0045944	positive regulation of transcription from RNA polymerase II promoter	happens_during(GO:0044838)
GO:0010628	positive regulation of gene expression	happens_during(GO:0044838)
GO:0031392	regulation of prostaglandin biosynthetic process	happens_during(GO:0044849
GO:0031394	positive regulation of prostaglandin biosynthetic process	happens_during(GO:0044849
GO:1901253	negative regulation of intracellular transport of viral material	happens_during(GO:0045022)
GO:0035414	negative regulation of catenin import into nucleus	happens_during(GO:0045198
GO:0090002	establishment of protein localization to plasma membrane	happens_during(GO:0045198
GO:0051683	establishment of Golgi localization	happens_during(GO:0045198)
GO:0008360	regulation of cell shape	happens_during(GO:0045198)
GO:0008361	regulation of cell size	happens_during(GO:0045198)
GO:0040023	establishment of nucleus localization	happens_during(GO:0045198)
GO:0045930	negative regulation of mitotic cell cycle	happens_during(GO:0045198)
GO:0010629	negative regulation of gene expression	happens_during(GO:0045445)
GO:0003730	mRNA 3'-UTR binding	happens_during(GO:0045450)
GO:0043066	negative regulation of apoptotic process	happens_during(GO:0045648
GO:0008233	peptidase activity	happens_during(GO:0045651)
GO:0042308	negative regulation of protein import into nucleus	happens_during(GO:0048008)
GO:0048662	negative regulation of smooth muscle cell proliferation	happens_during(GO:0048008)
GO:0001937	negative regulation of endothelial cell proliferation	happens_during(GO:0048010)
GO:1990869	cellular response to chemokine	happens_during(GO:0048568
GO:0008009	chemokine activity	happens_during(GO:0048568
GO:0014812	muscle cell migration	happens_during(GO:0048568
GO:0030335	positive regulation of cell migration	happens_during(GO:0048568
GO:0007154	cell communication	happens_during(GO:0048568
GO:1901863	positive regulation of muscle tissue development	happens_during(GO:0048568)
GO:0007189	adenylate cyclase-activating G-protein coupled receptor signaling pathway	happens_during(GO:0048661)
GO:0045944	positive regulation of transcription from RNA polymerase II promoter	happens_during(GO:0048678)
GO:0010628	positive regulation of gene expression	happens_during(GO:0050829
GO:0010628	positive regulation of gene expression	happens_during(GO:0050829
GO:0004517	nitric-oxide synthase activity	happens_during(GO:0050829)
GO:0003254	regulation of membrane depolarization	happens_during(GO:0050829)
GO:0008284	positive regulation of cell proliferation	happens_during(GO:0050829)
GO:0045429	positive regulation of nitric oxide biosynthetic process	happens_during(GO:0050829)
GO:0042993	positive regulation of transcription factor import into nucleus	happens_during(GO:0050829)
GO:0008340	determination of adult lifespan	happens_during(GO:0050830)
GO:0042993	positive regulation of transcription factor import into nucleus	happens_during(GO:0050830)
GO:0032760	positive regulation of tumor necrosis factor production	happens_during(GO:0050848
GO:0071639	positive regulation of monocyte chemotactic protein-1 production	happens_during(GO:0050848
GO:2000778	positive regulation of interleukin-6 secretion	happens_during(GO:0050848)
GO:2000778	positive regulation of interleukin-6 secretion	happens_during(GO:0050848)
GO:0090197	positive regulation of chemokine secretion	happens_during(GO:0050848)
GO:0032743	positive regulation of interleukin-2 production	happens_during(GO:0050852)
GO:0032729	positive regulation of interferon-gamma production	happens_during(GO:0050852)
GO:0032754	positive regulation of interleukin-5 production	happens_during(GO:0050852)
GO:1903753	negative regulation of p38MAPK cascade	happens_during(GO:0050852)
GO:0050848	regulation of calcium-mediated signaling	happens_during(GO:0050860)
GO:0070373	negative regulation of ERK1 and ERK2 cascade	happens_during(GO:0050860)
GO:0045944	positive regulation of transcription from RNA polymerase II promoter	happens_during(GO:0050862
GO:0071158	positive regulation of cell cycle arrest	happens_during(GO:0051145)
GO:0051895	negative regulation of focal adhesion assembly	happens_during(GO:0051216)
GO:0033365	protein localization to organelle	happens_during(GO:0051301
GO:2000234	positive regulation of rRNA processing	happens_during(GO:0051318)
GO:0000729	DNA double-strand break processing	happens_during(GO:0051318)
GO:0000729	DNA double-strand break processing	happens_during(GO:0051319)
GO:0005515	protein binding	happens_during(GO:0051320)
GO:0010468	regulation of gene expression	happens_during(GO:0051320)
GO:0019706	protein-cysteine S-palmitoyltransferase activity	happens_during(GO:0051321
GO:0034613	cellular protein localization	happens_during(GO:0051321
GO:0019706	protein-cysteine S-palmitoyltransferase activity	happens_during(GO:0051321
GO:0007015	actin filament organization	happens_during(GO:0051321)
GO:0006897	endocytosis	happens_during(GO:0051321)
GO:0006355	regulation of transcription, DNA-templated	happens_during(GO:0051321)
GO:0045944	positive regulation of transcription from RNA polymerase II promoter	happens_during(GO:0051321)
GO:0045892	negative regulation of transcription, DNA-templated	happens_during(GO:0051321)
GO:0006338	chromatin remodeling	happens_during(GO:0051321)
GO:0032889	regulation of vacuole fusion, non-autophagic	happens_during(GO:0051321)
GO:0005515	protein binding	happens_during(GO:0051321)
GO:0000122	negative regulation of transcription from RNA polymerase II promoter	happens_during(GO:0051321)
GO:0048255	mRNA stabilization	happens_during(GO:0051321)
GO:0045893	positive regulation of transcription, DNA-templated	happens_during(GO:0051321)
GO:1902373	negative regulation of mRNA catabolic process	happens_during(GO:0051321)
GO:0016926	protein desumoylation	happens_during(GO:0051322
GO:0045184	establishment of protein localization	happens_during(GO:0051323
GO:1900182	positive regulation of protein localization to nucleus	happens_during(GO:0051325
GO:0031122	cytoplasmic microtubule organization	happens_during(GO:0051325)
GO:0019901	protein kinase binding	happens_during(GO:0051325)
GO:1900182	positive regulation of protein localization to nucleus	happens_during(GO:0051325)
GO:0004674	protein serine/threonine kinase activity	happens_during(GO:0051328
GO:0034613	cellular protein localization	happens_during(GO:0051329
GO:0010938	cytoplasmic microtubule depolymerization	happens_during(GO:0051329)
GO:0051017	actin filament bundle assembly	happens_during(GO:0051329)
GO:0071963	establishment or maintenance of cell polarity regulating cell shape	happens_during(GO:0051329)
GO:0043622	cortical microtubule organization	happens_during(GO:0051329)
GO:0098863	nuclear migration by microtubule mediated pushing forces	happens_during(GO:0051329)
GO:0007026	negative regulation of microtubule depolymerization	happens_during(GO:0051329)
GO:0031122	cytoplasmic microtubule organization	happens_during(GO:0051329)
GO:0031115	negative regulation of microtubule polymerization	happens_during(GO:0051329)
GO:0090149	mitochondrial membrane fission	happens_during(GO:0051329)
GO:0008568	microtubule-severing ATPase activity	happens_during(GO:0051329)
GO:0051908	double-stranded DNA 5'-3' exodeoxyribonuclease activity	happens_during(GO:0051331)
GO:2000406	positive regulation of T cell migration	happens_during(GO:0051353
GO:0046580	negative regulation of Ras protein signal transduction	happens_during(GO:0051591
GO:0030837	negative regulation of actin filament polymerization	happens_during(GO:0051591
GO:0090630	activation of GTPase activity	happens_during(GO:0051591
GO:1905511	positive regulation of myosin II filament assembly	happens_during(GO:0051591
GO:0010468	regulation of gene expression	happens_during(GO:0051591)
GO:0007190	activation of adenylate cyclase activity	happens_during(GO:0051591)
GO:0030041	actin filament polymerization	happens_during(GO:0051591)
GO:0007166	cell surface receptor signaling pathway	happens_during(GO:0051591)
GO:0002031	G-protein coupled receptor internalization	happens_during(GO:0051591)
GO:0030036	actin cytoskeleton organization	happens_during(GO:0051591)
GO:0072657	protein localization to membrane	happens_during(GO:0051591)
GO:0072657	protein localization to membrane	happens_during(GO:0051591)
GO:0090630	activation of GTPase activity	happens_during(GO:0051591)
GO:0006935	chemotaxis	happens_during(GO:0051592)
GO:0010629	negative regulation of gene expression	happens_during(GO:0051592)
GO:0007186	G-protein coupled receptor signaling pathway	happens_during(GO:0051593)
GO:0000187	activation of MAPK activity	happens_during(GO:0051593)
GO:0007190	activation of adenylate cyclase activity	happens_during(GO:0051593)
GO:0032880	regulation of protein localization	happens_during(GO:0051882
GO:0031397	negative regulation of protein ubiquitination	happens_during(GO:0051882
GO:0005515	protein binding	happens_during(GO:0051882
GO:0072655	establishment of protein localization to mitochondrion	happens_during(GO:0051882)
GO:1903147	negative regulation of mitophagy	happens_during(GO:0051882)
GO:0072656	maintenance of protein location in mitochondrion	happens_during(GO:0051882)
GO:1903146	regulation of mitophagy	happens_during(GO:0051882)
GO:0043065	positive regulation of apoptotic process	happens_during(GO:0055059
GO:0051653	spindle localization	happens_during(GO:0055059)
GO:1990179	protein localization to actomyosin contractile ring	happens_during(GO:0055059)
GO:0031536	positive regulation of exit from mitosis	happens_during(GO:0055059)
GO:0033601	positive regulation of mammary gland epithelial cell proliferation	happens_during(GO:0060056)
GO:0048146	positive regulation of fibroblast proliferation	happens_during(GO:0060056)
GO:0003682	chromatin binding	happens_during(GO:0060056)
GO:0009612	response to mechanical stimulus	happens_during(GO:0060156)
GO:0043207	response to external biotic stimulus	happens_during(GO:0060156)
GO:0071399	cellular response to linoleic acid	happens_during(GO:0060242)
GO:0010629	negative regulation of gene expression	happens_during(GO:0060317)
GO:0010628	positive regulation of gene expression	happens_during(GO:0060317)
GO:0032147	activation of protein kinase activity	happens_during(GO:0060545)
GO:2000379	positive regulation of reactive oxygen species metabolic process	happens_during(GO:0060545)
GO:2000378	negative regulation of reactive oxygen species metabolic process	happens_during(GO:0060546)
GO:0042327	positive regulation of phosphorylation	happens_during(GO:0060546)
GO:0042326	negative regulation of phosphorylation	happens_during(GO:0060546)
GO:0010628	positive regulation of gene expression	happens_during(GO:0060911)
GO:0060840	artery development	happens_during(GO:0061298)
GO:0001974	blood vessel remodeling	happens_during(GO:0061298)
GO:0060841	venous blood vessel development	happens_during(GO:0061298)
GO:0007613	memory	happens_during(GO:0061477)
GO:1901224	positive regulation of NIK/NF-kappaB signaling	happens_during(GO:0061481)
GO:2000394	positive regulation of lamellipodium morphogenesis	happens_during(GO:0061582)
GO:0032403	protein complex binding	happens_during(GO:0070266)
GO:0005096	GTPase activator activity	happens_during(GO:0070266)
GO:0010922	positive regulation of phosphatase activity	happens_during(GO:0070266)
GO:1990000	amyloid fibril formation	happens_during(GO:0070266)
GO:0032403	protein complex binding	happens_during(GO:0070266)
GO:0004672	protein kinase activity	happens_during(GO:0070266)
GO:0032403	protein complex binding	happens_during(GO:0070266)
GO:0016791	phosphatase activity	happens_during(GO:0070266)
GO:0032403	protein complex binding	happens_during(GO:0070266)
GO:0004672	protein kinase activity	happens_during(GO:0070266)
GO:0004672	protein kinase activity	happens_during(GO:0070266)
GO:0004672	protein kinase activity	happens_during(GO:0070266)
GO:0004707	MAP kinase activity	happens_during(GO:0070301
GO:0015035	protein disulfide oxidoreductase activity	happens_during(GO:0070301
GO:0004707	MAP kinase activity	happens_during(GO:0070301
GO:0070374	positive regulation of ERK1 and ERK2 cascade	happens_during(GO:0070301
GO:0051091	positive regulation of sequence-specific DNA binding transcription factor activity	happens_during(GO:0070301
GO:0045860	positive regulation of protein kinase activity	happens_during(GO:0070301
GO:0043433	negative regulation of sequence-specific DNA binding transcription factor activity	happens_during(GO:0070301
GO:0010507	negative regulation of autophagy	happens_during(GO:0070301
GO:0015035	protein disulfide oxidoreductase activity	happens_during(GO:0070301
GO:0044025	histone kinase activity (H2B-S14 specific)	happens_during(GO:0070301)
GO:0032874	positive regulation of stress-activated MAPK cascade	happens_during(GO:0070301)
GO:0002127	wobble base cytosine methylation	happens_during(GO:0070301)
GO:0005515	protein binding	happens_during(GO:0070301)
GO:0070534	protein K63-linked ubiquitination	happens_during(GO:0070301)
GO:0032872	regulation of stress-activated MAPK cascade	happens_during(GO:0070301)
GO:0010992	ubiquitin homeostasis	happens_during(GO:0070301)
GO:0004694	eukaryotic translation initiation factor 2alpha kinase activity	happens_during(GO:0070314
GO:0004694	eukaryotic translation initiation factor 2alpha kinase activity	happens_during(GO:0070314
GO:0004694	eukaryotic translation initiation factor 2alpha kinase activity	happens_during(GO:0070314
GO:0005515	protein binding	happens_during(GO:0070314)
GO:0000122	negative regulation of transcription from RNA polymerase II promoter	happens_during(GO:0070314)
GO:2000045	regulation of G1/S transition of mitotic cell cycle	happens_during(GO:0070346)
GO:0006809	nitric oxide biosynthetic process	happens_during(GO:0070370)
GO:0002090	regulation of receptor internalization	happens_during(GO:0070528
GO:0045807	positive regulation of endocytosis	happens_during(GO:0070528
GO:0032226	positive regulation of synaptic transmission, dopaminergic	happens_during(GO:0070528)
GO:0032226	positive regulation of synaptic transmission, dopaminergic	happens_during(GO:0070528)
GO:0002090	regulation of receptor internalization	happens_during(GO:0070528)
GO:0045807	positive regulation of endocytosis	happens_during(GO:0070528)
GO:0005515	protein binding	happens_during(GO:0070849
GO:0035335	peptidyl-tyrosine dephosphorylation	happens_during(GO:0070849
GO:0051219	phosphoprotein binding	happens_during(GO:0070849)
GO:0019901	protein kinase binding	happens_during(GO:0070849)
GO:0003684	damaged DNA binding	happens_during(GO:0070914)
GO:0051865	protein autoubiquitination	happens_during(GO:0071173)
GO:0000209	protein polyubiquitination	happens_during(GO:0071218)
GO:2000778	positive regulation of interleukin-6 secretion	happens_during(GO:0071222
GO:1901222	regulation of NIK/NF-kappaB signaling	happens_during(GO:0071222)
GO:0010629	negative regulation of gene expression	happens_during(GO:0071222)
GO:1901224	positive regulation of NIK/NF-kappaB signaling	happens_during(GO:0071224)
GO:1901222	regulation of NIK/NF-kappaB signaling	happens_during(GO:0071225
GO:0010629	negative regulation of gene expression	happens_during(GO:0071225
GO:0010629	negative regulation of gene expression	happens_during(GO:0071225
GO:0010628	positive regulation of gene expression	happens_during(GO:0071225
GO:0010628	positive regulation of gene expression	happens_during(GO:0071225
GO:1900165	negative regulation of interleukin-6 secretion	happens_during(GO:0071225)
GO:0032720	negative regulation of tumor necrosis factor production	happens_during(GO:0071225)
GO:0043508	negative regulation of JUN kinase activity	happens_during(GO:0071225)
GO:0070374	positive regulation of ERK1 and ERK2 cascade	happens_during(GO:0071225)
GO:1902715	positive regulation of interferon-gamma secretion	happens_during(GO:0071225)
GO:2000483	negative regulation of interleukin-8 secretion	happens_during(GO:0071225)
GO:2000483	negative regulation of interleukin-8 secretion	happens_during(GO:0071225)
GO:0032720	negative regulation of tumor necrosis factor production	happens_during(GO:0071225)
GO:0016791	phosphatase activity	happens_during(GO:0071225)
GO:0070433	negative regulation of nucleotide-binding oligomerization domain containing 2 signaling pathway	happens_during(GO:0071225)
GO:1904263	positive regulation of TORC1 signaling	happens_during(GO:0071230)
GO:1904262	negative regulation of TORC1 signaling	happens_during(GO:0071238)
GO:0004711	ribosomal protein S6 kinase activity	happens_during(GO:0071242
GO:0004674	protein serine/threonine kinase activity	happens_during(GO:0071242
GO:0004711	ribosomal protein S6 kinase activity	happens_during(GO:0071242
GO:0034334	adherens junction maintenance	happens_during(GO:0071260
GO:0045944	positive regulation of transcription from RNA polymerase II promoter	happens_during(GO:0071276
GO:0001077	transcriptional activator activity, RNA polymerase II core promoter proximal region sequence-specific binding	happens_during(GO:0071276
GO:0006750	glutathione biosynthetic process	happens_during(GO:0071276)
GO:0046938	phytochelatin biosynthetic process	happens_during(GO:0071276)
GO:0031584	activation of phospholipase D activity	happens_during(GO:0071277
GO:0070374	positive regulation of ERK1 and ERK2 cascade	happens_during(GO:0071277)
GO:0030216	keratinocyte differentiation	happens_during(GO:0071277)
GO:0005049	nuclear export signal receptor activity	happens_during(GO:0071280
GO:0031648	protein destabilization	happens_during(GO:0071280)
GO:0001078	transcriptional repressor activity, RNA polymerase II core promoter proximal region sequence-specific binding	happens_during(GO:0071281
GO:0001078	transcriptional repressor activity, RNA polymerase II core promoter proximal region sequence-specific binding	happens_during(GO:0071281
GO:0001078	transcriptional repressor activity, RNA polymerase II core promoter proximal region sequence-specific binding	happens_during(GO:0071281
GO:0001214	RNA polymerase II transcriptional repressor activity, metal ion regulated core promoter proximal region sequence-specific binding	happens_during(GO:0071281
GO:0001078	transcriptional repressor activity, RNA polymerase II core promoter proximal region sequence-specific binding	happens_during(GO:0071281
GO:0000978	RNA polymerase II core promoter proximal region sequence-specific DNA binding	happens_during(GO:0071281
GO:0001078	transcriptional repressor activity, RNA polymerase II core promoter proximal region sequence-specific binding	happens_during(GO:0071281
GO:0005515	protein binding	happens_during(GO:0071281
GO:0070374	positive regulation of ERK1 and ERK2 cascade	happens_during(GO:0071294)
GO:1904778	positive regulation of protein localization to cell cortex	happens_during(GO:0071320
GO:0030041	actin filament polymerization	happens_during(GO:0071320)
GO:0016338	calcium-independent cell-cell adhesion via plasma membrane cell-adhesion molecules	happens_during(GO:0071320)
GO:1900041	negative regulation of interleukin-2 secretion	happens_during(GO:0071320)
GO:0004708	MAP kinase kinase activity	happens_during(GO:0071320)
GO:0010628	positive regulation of gene expression	happens_during(GO:0071321
GO:0010629	negative regulation of gene expression	happens_during(GO:0071321
GO:0010629	negative regulation of gene expression	happens_during(GO:0071321)
GO:0010628	positive regulation of gene expression	happens_during(GO:0071321)
GO:0010628	positive regulation of gene expression	happens_during(GO:0071321)
GO:0010628	positive regulation of gene expression	happens_during(GO:0071321)
GO:0004672	protein kinase activity	happens_during(GO:0071333
GO:1900490	positive regulation of hydroxymethylglutaryl-CoA reductase (NADPH) activity	happens_during(GO:0071333
GO:0005515	protein binding	happens_during(GO:0071333
GO:0004555	alpha,alpha-trehalase activity	happens_during(GO:0071333)
GO:0097405	malate import into cell	happens_during(GO:0071333)
GO:1904515	positive regulation of TORC2 signaling	happens_during(GO:0071333)
GO:0042511	positive regulation of tyrosine phosphorylation of Stat1 protein	happens_during(GO:0071356
GO:0045785	positive regulation of cell adhesion	happens_during(GO:0071356
GO:0002687	positive regulation of leukocyte migration	happens_during(GO:0071356
GO:0051092	positive regulation of NF-kappaB transcription factor activity	happens_during(GO:0071356)
GO:0032757	positive regulation of interleukin-8 production	happens_during(GO:0071356)
GO:0071347	cellular response to interleukin-1	happens_during(GO:0071356)
GO:0045944	positive regulation of transcription from RNA polymerase II promoter	happens_during(GO:0071356)
GO:0045184	establishment of protein localization	happens_during(GO:0071391
GO:0045815	positive regulation of gene expression, epigenetic	happens_during(GO:0071391)
GO:0000979	RNA polymerase II core promoter sequence-specific DNA binding	happens_during(GO:0071391)
GO:0071442	positive regulation of histone H3-K14 acetylation	happens_during(GO:0071391)
GO:0045944	positive regulation of transcription from RNA polymerase II promoter	happens_during(GO:0071391)
GO:0033142	progesterone receptor binding	happens_during(GO:0071393)
GO:0030544	Hsp70 protein binding	happens_during(GO:0071393)
GO:0010628	positive regulation of gene expression	happens_during(GO:0071394
GO:0001934	positive regulation of protein phosphorylation	happens_during(GO:0071394
GO:0031940	positive regulation of chromatin silencing at telomere	happens_during(GO:0071400)
GO:0000978	RNA polymerase II core promoter proximal region sequence-specific DNA binding	happens_during(GO:0071400)
GO:0001077	transcriptional activator activity, RNA polymerase II core promoter proximal region sequence-specific binding	happens_during(GO:0071400)
GO:0043433	negative regulation of sequence-specific DNA binding transcription factor activity	happens_during(GO:0071456
GO:0061419	positive regulation of transcription from RNA polymerase II promoter in response to hypoxia	happens_during(GO:0071456
GO:0061419	positive regulation of transcription from RNA polymerase II promoter in response to hypoxia	happens_during(GO:0071456
GO:0035195	gene silencing by miRNA	happens_during(GO:0071456
GO:0035195	gene silencing by miRNA	happens_during(GO:0071456
GO:0061419	positive regulation of transcription from RNA polymerase II promoter in response to hypoxia	happens_during(GO:0071456
GO:0061419	positive regulation of transcription from RNA polymerase II promoter in response to hypoxia	happens_during(GO:0071456
GO:0001078	transcriptional repressor activity, RNA polymerase II core promoter proximal region sequence-specific binding	happens_during(GO:0071456
GO:0001078	transcriptional repressor activity, RNA polymerase II core promoter proximal region sequence-specific binding	happens_during(GO:0071456
GO:0061419	positive regulation of transcription from RNA polymerase II promoter in response to hypoxia	happens_during(GO:0071456
GO:0061419	positive regulation of transcription from RNA polymerase II promoter in response to hypoxia	happens_during(GO:0071456
GO:0061419	positive regulation of transcription from RNA polymerase II promoter in response to hypoxia	happens_during(GO:0071456
GO:0061419	positive regulation of transcription from RNA polymerase II promoter in response to hypoxia	happens_during(GO:0071456
GO:0061419	positive regulation of transcription from RNA polymerase II promoter in response to hypoxia	happens_during(GO:0071456
GO:0061419	positive regulation of transcription from RNA polymerase II promoter in response to hypoxia	happens_during(GO:0071456
GO:0010620	negative regulation of transcription by transcription factor catabolism	happens_during(GO:0071456
GO:0061419	positive regulation of transcription from RNA polymerase II promoter in response to hypoxia	happens_during(GO:0071456
GO:0061419	positive regulation of transcription from RNA polymerase II promoter in response to hypoxia	happens_during(GO:0071456
GO:0061419	positive regulation of transcription from RNA polymerase II promoter in response to hypoxia	happens_during(GO:0071456
GO:0061419	positive regulation of transcription from RNA polymerase II promoter in response to hypoxia	happens_during(GO:0071456
GO:0061419	positive regulation of transcription from RNA polymerase II promoter in response to hypoxia	happens_during(GO:0071456
GO:1904707	positive regulation of vascular smooth muscle cell proliferation	happens_during(GO:0071456
GO:0006888	ER to Golgi vesicle-mediated transport	happens_during(GO:0071456)
GO:0032436	positive regulation of proteasomal ubiquitin-dependent protein catabolic process	happens_during(GO:0071456)
GO:2000679	positive regulation of transcription regulatory region DNA binding	happens_during(GO:0071456)
GO:0005515	protein binding	happens_during(GO:0071456)
GO:2000678	negative regulation of transcription regulatory region DNA binding	happens_during(GO:0071456)
GO:1904754	positive regulation of vascular associated smooth muscle cell migration	happens_during(GO:0071456)
GO:0051091	positive regulation of sequence-specific DNA binding transcription factor activity	happens_during(GO:0071470
GO:0004708	MAP kinase kinase activity	happens_during(GO:0071470
GO:1904360	negative regulation of spore germination	happens_during(GO:0071470
GO:0033262	regulation of nuclear cell cycle DNA replication	happens_during(GO:0071470)
GO:0004707	MAP kinase activity	happens_during(GO:0071470)
GO:0061393	positive regulation of transcription from RNA polymerase II promoter in response to osmotic stress	happens_during(GO:0071470)
GO:1902096	positive regulation of cartilage homeostasis	happens_during(GO:0071470)
GO:0000122	negative regulation of transcription from RNA polymerase II promoter	happens_during(GO:0071470)
GO:0006468	protein phosphorylation	happens_during(GO:0071470)
GO:0003682	chromatin binding	happens_during(GO:0071470)
GO:0006468	protein phosphorylation	happens_during(GO:0071470)
GO:0061392	regulation of transcription from RNA polymerase II promoter in response to osmotic stress	happens_during(GO:0071470)
GO:2000481	positive regulation of cAMP-dependent protein kinase activity	happens_during(GO:0071470)
GO:0006468	protein phosphorylation	happens_during(GO:0071470)
GO:0006171	cAMP biosynthetic process	happens_during(GO:0071470)
GO:0051403	stress-activated MAPK cascade	happens_during(GO:0071470)
GO:0006468	protein phosphorylation	happens_during(GO:0071470)
GO:0016241	regulation of macroautophagy	happens_during(GO:0071470)
GO:0097201	negative regulation of transcription from RNA polymerase II promoter in response to stress	happens_during(GO:0071472
GO:0004674	protein serine/threonine kinase activity	happens_during(GO:0071472
GO:0046827	positive regulation of protein export from nucleus	happens_during(GO:0071472
GO:0004707	MAP kinase activity	happens_during(GO:0071472
GO:0032092	positive regulation of protein binding	happens_during(GO:0071472
GO:0032874	positive regulation of stress-activated MAPK cascade	happens_during(GO:0071472)
GO:0005515	protein binding	happens_during(GO:0071472)
GO:0004709	MAP kinase kinase kinase activity	happens_during(GO:0071474)
GO:0051019	mitogen-activated protein kinase binding	happens_during(GO:0071474)
GO:0005516	calmodulin binding	happens_during(GO:0071474)
GO:0061586	positive regulation of transcription by transcription factor localization	happens_during(GO:0071475
GO:1900182	positive regulation of protein localization to nucleus	happens_during(GO:0071475
GO:0007204	positive regulation of cytosolic calcium ion concentration	happens_during(GO:0071476)
GO:0045794	negative regulation of cell volume	happens_during(GO:0071476)
GO:0032308	positive regulation of prostaglandin secretion	happens_during(GO:0071476)
GO:0061098	positive regulation of protein tyrosine kinase activity	happens_during(GO:0071476)
GO:1903408	positive regulation of sodium:potassium-exchanging ATPase activity	happens_during(GO:0071476)
GO:0005262	calcium channel activity	happens_during(GO:0071477)
GO:0004674	protein serine/threonine kinase activity	happens_during(GO:0071479
GO:1902504	regulation of signal transduction involved in mitotic G2 DNA damage checkpoint	happens_during(GO:0071480)
GO:0008630	intrinsic apoptotic signaling pathway in response to DNA damage	happens_during(GO:0071493)
GO:1901203	positive regulation of extracellular matrix assembly	happens_during(GO:0071560)
GO:0032967	positive regulation of collagen biosynthetic process	happens_during(GO:0071560)
GO:0060965	negative regulation of gene silencing by miRNA	happens_during(GO:0071560)
GO:0060965	negative regulation of gene silencing by miRNA	happens_during(GO:0071560)
GO:0060965	negative regulation of gene silencing by miRNA	happens_during(GO:0071560)
GO:0060965	negative regulation of gene silencing by miRNA	happens_during(GO:0071560)
GO:0060965	negative regulation of gene silencing by miRNA	happens_during(GO:0071560)
GO:0035195	gene silencing by miRNA	happens_during(GO:0071560)
GO:0035195	gene silencing by miRNA	happens_during(GO:0071560)
GO:0035195	gene silencing by miRNA	happens_during(GO:0071560)
GO:0035195	gene silencing by miRNA	happens_during(GO:0071560)
GO:0035195	gene silencing by miRNA	happens_during(GO:0071560)
GO:0035195	gene silencing by miRNA	happens_during(GO:0071560)
GO:0035195	gene silencing by miRNA	happens_during(GO:0071560)
GO:0010628	positive regulation of gene expression	happens_during(GO:0071560)
GO:0010628	positive regulation of gene expression	happens_during(GO:0071560)
GO:0034315	regulation of Arp2/3 complex-mediated actin nucleation	happens_during(GO:0071670)
GO:0008284	positive regulation of cell proliferation	happens_during(GO:0071799
GO:0051897	positive regulation of protein kinase B signaling	happens_during(GO:0071799)
GO:1901385	regulation of voltage-gated calcium channel activity	happens_during(GO:0071875)
GO:0090382	phagosome maturation	happens_during(GO:0072382)
GO:0030041	actin filament polymerization	happens_during(GO:0072583)
GO:2000643	positive regulation of early endosome to late endosome transport	happens_during(GO:0072584)
GO:0043068	positive regulation of programmed cell death	happens_during(GO:0072593)
GO:0034315	regulation of Arp2/3 complex-mediated actin nucleation	happens_during(GO:0072673
GO:0015035	protein disulfide oxidoreductase activity	happens_during(GO:0072690
GO:0001077	transcriptional activator activity, RNA polymerase II core promoter proximal region sequence-specific binding	happens_during(GO:0072690
GO:0005049	nuclear export signal receptor activity	happens_during(GO:0072690
GO:0005515	protein binding	happens_during(GO:0072690
GO:0004674	protein serine/threonine kinase activity	happens_during(GO:0072690
GO:0015035	protein disulfide oxidoreductase activity	happens_during(GO:0072690
GO:0051220	cytoplasmic sequestering of protein	happens_during(GO:0072690
GO:0046826	negative regulation of protein export from nucleus	happens_during(GO:0072690
GO:0015035	protein disulfide oxidoreductase activity	happens_during(GO:0072690
GO:0001077	transcriptional activator activity, RNA polymerase II core promoter proximal region sequence-specific binding	happens_during(GO:0072690
GO:0045944	positive regulation of transcription from RNA polymerase II promoter	happens_during(GO:0072690
GO:0005515	protein binding	happens_during(GO:0072690)
GO:0003993	acid phosphatase activity	happens_during(GO:0072690)
GO:0010628	positive regulation of gene expression	happens_during(GO:0072708
GO:0010628	positive regulation of gene expression	happens_during(GO:0072708
GO:0010628	positive regulation of gene expression	happens_during(GO:0072708
GO:0010628	positive regulation of gene expression	happens_during(GO:0072708
GO:0010628	positive regulation of gene expression	happens_during(GO:0072708
GO:0010628	positive regulation of gene expression	happens_during(GO:0072708
GO:0010628	positive regulation of gene expression	happens_during(GO:0072708
GO:0010628	positive regulation of gene expression	happens_during(GO:0072708
GO:0010628	positive regulation of gene expression	happens_during(GO:0072708)
GO:0010628	positive regulation of gene expression	happens_during(GO:0072708)
GO:0010628	positive regulation of gene expression	happens_during(GO:0072708)
GO:0010628	positive regulation of gene expression	happens_during(GO:0072708)
GO:0010628	positive regulation of gene expression	happens_during(GO:0072708)
GO:0010628	positive regulation of gene expression	happens_during(GO:0072708)
GO:0007260	tyrosine phosphorylation of STAT protein	happens_during(GO:0072708)
GO:0030587	sorocarp development	happens_during(GO:0072708)
GO:0010628	positive regulation of gene expression	happens_during(GO:0072708)
GO:0010628	positive regulation of gene expression	happens_during(GO:0072708)
GO:0010628	positive regulation of gene expression	happens_during(GO:0072708)
GO:2000366	positive regulation of STAT protein import into nucleus	happens_during(GO:0072708)
GO:0005515	protein binding	happens_during(GO:0072711
GO:0004674	protein serine/threonine kinase activity	happens_during(GO:0072711
GO:0001934	positive regulation of protein phosphorylation	happens_during(GO:0072711
GO:0004674	protein serine/threonine kinase activity	happens_during(GO:0072711
GO:0004674	protein serine/threonine kinase activity	happens_during(GO:0072711
GO:0004674	protein serine/threonine kinase activity	happens_during(GO:0072711
GO:0005515	protein binding	happens_during(GO:0072711)
GO:0048478	replication fork protection	happens_during(GO:0072711)
GO:0046513	ceramide biosynthetic process	happens_during(GO:0072711)
GO:0012501	programmed cell death	happens_during(GO:0072733)
GO:0004674	protein serine/threonine kinase activity	happens_during(GO:0072757
GO:0043392	negative regulation of DNA binding	happens_during(GO:0072757
GO:2000134	negative regulation of G1/S transition of mitotic cell cycle	happens_during(GO:0072759)
GO:0032930	positive regulation of superoxide anion generation	happens_during(GO:0090258
GO:1901216	positive regulation of neuron death	happens_during(GO:0090258)
GO:0004565	beta-galactosidase activity	happens_during(GO:0090398
GO:1903770	negative regulation of beta-galactosidase activity	happens_during(GO:0090398
GO:0051000	positive regulation of nitric-oxide synthase activity	happens_during(GO:0090398
GO:0044262	cellular carbohydrate metabolic process	happens_during(GO:0090398
GO:1902461	negative regulation of mesenchymal stem cell proliferation	happens_during(GO:0090398)
GO:0001786	phosphatidylserine binding	happens_during(GO:0090630)
GO:0019992	diacylglycerol binding	happens_during(GO:0090630)
GO:0031210	phosphatidylcholine binding	happens_during(GO:0090630)
GO:0004743	pyruvate kinase activity	happens_during(GO:0090664)
GO:0009749	response to glucose	happens_during(GO:0090664)
GO:0032868	response to insulin	happens_during(GO:0090664)
GO:0032487	regulation of Rap protein signal transduction	happens_during(GO:0097067
GO:0032487	regulation of Rap protein signal transduction	happens_during(GO:0097067
GO:0010737	protein kinase A signaling	happens_during(GO:0097067)
GO:0030335	positive regulation of cell migration	happens_during(GO:0097067)
GO:1900087	positive regulation of G1/S transition of mitotic cell cycle	happens_during(GO:0097067)
GO:0045184	establishment of protein localization	happens_during(GO:0097178)
GO:0045184	establishment of protein localization	happens_during(GO:0097178)
GO:2001184	positive regulation of interleukin-12 secretion	happens_during(GO:0098586
GO:0032682	negative regulation of chemokine production	happens_during(GO:0098586
GO:0070374	positive regulation of ERK1 and ERK2 cascade	happens_during(GO:0098586
GO:0010628	positive regulation of gene expression	happens_during(GO:0098586
GO:0042346	positive regulation of NF-kappaB import into nucleus	happens_during(GO:0098586
GO:0010628	positive regulation of gene expression	happens_during(GO:0098586
GO:0051092	positive regulation of NF-kappaB transcription factor activity	happens_during(GO:0098586)
GO:0019901	protein kinase binding	happens_during(GO:0098586)
GO:2000510	positive regulation of dendritic cell chemotaxis	happens_during(GO:0098586)
GO:2000510	positive regulation of dendritic cell chemotaxis	happens_during(GO:0098586)
GO:0031625	ubiquitin protein ligase binding	happens_during(GO:0098586)
GO:1990948	ubiquitin ligase inhibitor activity	happens_during(GO:0098764
GO:0004674	protein serine/threonine kinase activity	happens_during(GO:0098764
GO:1904145	negative regulation of meiotic cell cycle process involved in oocyte maturation	happens_during(GO:0098764)
GO:1904146	positive regulation of meiotic cell cycle process involved in oocyte maturation	happens_during(GO:0098764)
GO:0033129	positive regulation of histone phosphorylation	happens_during(GO:0098765)
GO:1902103	negative regulation of metaphase/anaphase transition of meiotic cell cycle	happens_during(GO:0098765)
GO:1904145	negative regulation of meiotic cell cycle process involved in oocyte maturation	happens_during(GO:0098765)
GO:0006468	protein phosphorylation	happens_during(GO:1900067)
GO:0001819	positive regulation of cytokine production	happens_during(GO:1900426
GO:0032722	positive regulation of chemokine production	happens_during(GO:1900426
GO:0032732	positive regulation of interleukin-1 production	happens_during(GO:1900426
GO:0045089	positive regulation of innate immune response	happens_during(GO:1900426)
GO:0006935	chemotaxis	happens_during(GO:1902074)
GO:0007635	chemosensory behavior	happens_during(GO:1902074)
GO:1900110	negative regulation of histone H3-K9 dimethylation	happens_during(GO:1902661)
GO:2000617	positive regulation of histone H3-K9 acetylation	happens_during(GO:1902661)
GO:0051569	regulation of histone H3-K4 methylation	happens_during(GO:1902661)
GO:1900113	negative regulation of histone H3-K9 trimethylation	happens_during(GO:1902661)
GO:0033138	positive regulation of peptidyl-serine phosphorylation	happens_during(GO:1903047)
GO:0010800	positive regulation of peptidyl-threonine phosphorylation	happens_during(GO:1903047)
GO:0005515	protein binding	happens_during(GO:1903122)
GO:1904456	negative regulation of neuronal action potential	happens_during(GO:1903351)
GO:1904457	positive regulation of neuronal action potential	happens_during(GO:1903351)
GO:1901202	negative regulation of extracellular matrix assembly	happens_during(GO:1903845
GO:0032966	negative regulation of collagen biosynthetic process	happens_during(GO:1903845)
GO:1901838	positive regulation of transcription of nuclear large rRNA transcript from RNA polymerase I promoter	happens_during(GO:1904263
GO:0031334	positive regulation of protein complex assembly	happens_during(GO:1904263)
GO:0006468	protein phosphorylation	happens_during(GO:1904547)
GO:0001666	response to hypoxia	happens_during(GO:1904576)
GO:0032752	positive regulation of interleukin-3 production	happens_during(GO:1904628)
GO:0032753	positive regulation of interleukin-4 production	happens_during(GO:1904628)
GO:0032755	positive regulation of interleukin-6 production	happens_during(GO:1904628)
GO:0032760	positive regulation of tumor necrosis factor production	happens_during(GO:1904628)
GO:0000987	core promoter proximal region sequence-specific DNA binding	happens_during(GO:1904628)
GO:0007635	chemosensory behavior	happens_during(GO:1904640)
GO:0006935	chemotaxis	happens_during(GO:1904640)
GO:0004674	protein serine/threonine kinase activity	happens_during(GO:1904976
GO:1900182	positive regulation of protein localization to nucleus	happens_during(GO:1990090)
GO:0000977	RNA polymerase II regulatory region sequence-specific DNA binding	happens_during(GO:1990403
GO:0000977	RNA polymerase II regulatory region sequence-specific DNA binding	happens_during(GO:1990403
GO:0046651	lymphocyte proliferation	happens_during(GO:1990858
GO:1990757	ubiquitin ligase activator activity	happens_during(GO:1990949
GO:0004197	cysteine-type endopeptidase activity	happens_during(GO:2001238)
GO:0090201	negative regulation of release of cytochrome c from mitochondria	happens_during(GO:2001243)
GO:0090201	negative regulation of release of cytochrome c from mitochondria	happens_during(GO:2001243)
GO:0000902	cell morphogenesis	happens_during(WBls:0000003
GO:0016925	protein sumoylation	happens_during(WBls:0000003)
GO:0016239	positive regulation of macroautophagy	happens_during(WBls:0000003)
GO:0051256	mitotic spindle midzone assembly	happens_during(WBls:0000003)
GO:0097240	chromosome attachment to the nuclear envelope	happens_during(WBls:0000003)
GO:1903363	negative regulation of cellular protein catabolic process	happens_during(WBls:0000003)
GO:0000281	mitotic cytokinesis	happens_during(WBls:0000003)
GO:0070199	establishment of protein localization to chromosome	happens_during(WBls:0000006
GO:0070199	establishment of protein localization to chromosome	happens_during(WBls:0000006
GO:0098813	nuclear chromosome segregation	happens_during(WBls:0000006
GO:0010697	negative regulation of spindle pole body separation	happens_during(WBls:0000006
GO:0030866	cortical actin cytoskeleton organization	happens_during(WBls:0000006)
GO:0007067	mitotic nuclear division	happens_during(WBls:0000006)
GO:0051726	regulation of cell cycle	happens_during(WBls:0000007)
GO:0030334	regulation of cell migration	happens_during(WBls:0000015
GO:0040009	regulation of growth rate	happens_during(WBls:0000023)
GO:2000635	negative regulation of primary miRNA processing	happens_during(WBls:0000024)
GO:0045807	positive regulation of endocytosis	happens_during(WBls:0000027
GO:0042303	molting cycle	happens_during(WBls:0000027)
GO:0008406	gonad development	happens_during(WBls:0000027)
GO:0035264	multicellular organism growth	happens_during(WBls:0000027)
GO:2000635	negative regulation of primary miRNA processing	happens_during(WBls:0000027)
GO:0036369	transcription factor catabolic process	happens_during(WBls:0000038)
GO:1900182	positive regulation of protein localization to nucleus	happens_during(WBls:0000041
GO:0042594	response to starvation	happens_during(WBls:0000041
GO:0050829	defense response to Gram-negative bacterium	happens_during(WBls:0000041
GO:0010628	positive regulation of gene expression	happens_during(WBls:0000041
GO:1900180	regulation of protein localization to nucleus	happens_during(WBls:0000041
GO:0010628	positive regulation of gene expression	happens_during(WBls:0000041
GO:0008340	determination of adult lifespan	happens_during(WBls:0000041
GO:1900181	negative regulation of protein localization to nucleus	happens_during(WBls:0000041
GO:0042594	response to starvation	happens_during(WBls:0000041)
GO:0001933	negative regulation of protein phosphorylation	happens_during(WBls:0000041)
GO:0000266	mitochondrial fission	happens_during(WBls:0000041)
GO:1900425	negative regulation of defense response to bacterium	happens_during(WBls:0000041)
GO:0030308	negative regulation of cell growth	happens_during(WBls:0000041)
GO:0010636	positive regulation of mitochondrial fusion	happens_during(WBls:0000041)
GO:0006986	response to unfolded protein	happens_during(WBls:0000041)
GO:0046662	regulation of oviposition	happens_during(WBls:0000041)
GO:0040015	negative regulation of multicellular organism growth	happens_during(WBls:0000041)
GO:1903843	cellular response to arsenite ion	happens_during(WBls:0000041)
GO:1900426	positive regulation of defense response to bacterium	happens_during(WBls:0000041)
GO:0046621	negative regulation of organ growth	happens_during(WBls:0000041)
GO:0009306	protein secretion	happens_during(WBls:0000050
GO:0042338	cuticle development involved in collagen and cuticulin-based cuticle molting cycle	happens_during(WBls:0000050)
GO:0042329	structural constituent of collagen and cuticulin-based cuticle	happens_during(WBls:0000056)
GO:0042992	negative regulation of transcription factor import into nucleus	happens_during(WBls:0000057
GO:0042329	structural constituent of collagen and cuticulin-based cuticle	happens_during(WBls:0000057)
GO:0040011	locomotion	happens_during(WBls:0000061)
GO:1903394	protein localization to kinetochore involved in kinetochore assembly	happens_during(WBls:0000102
GO:0034501	protein localization to kinetochore	happens_during(WBls:0000102
GO:1903047	mitotic cell cycle process	happens_during(WBls:0000102)
GO:0031103	axon regeneration	happens_during(WBls:0000109
GO:0048692	negative regulation of axon extension involved in regeneration	happens_during(WBls:0000109
GO:1900181	negative regulation of protein localization to nucleus	happens_during(WBls:0000109
GO:0000280	nuclear division	happens_during(WBls:0000109
GO:0051301	cell division	happens_during(WBls:0000109
GO:0048691	positive regulation of axon extension involved in regeneration	happens_during(WBls:0000109
GO:1903616	MAPK cascade involved in axon regeneration	happens_during(WBls:0000109
GO:0048692	negative regulation of axon extension involved in regeneration	happens_during(WBls:0000109
GO:0031103	axon regeneration	happens_during(WBls:0000109)
GO:0001933	negative regulation of protein phosphorylation	happens_during(WBls:0000109)
GO:1903616	MAPK cascade involved in axon regeneration	happens_during(WBls:0000109)
GO:0008406	gonad development	happens_during(WBls:0000109)
GO:1900426	positive regulation of defense response to bacterium	happens_during(WBls:0000109)
GO:0046686	response to cadmium ion	happens_during(WBls:0000109)
GO:0036435	K48-linked polyubiquitin binding	happens_during(WBls:0034340)
GO:0061561	trigeminal ganglion formation	has_agent(CL:0000008)
GO:0061561	trigeminal ganglion formation	has_agent(CL:0000032
GO:0034115	negative regulation of heterotypic cell-cell adhesion	has_agent(CL:0000084
GO:0002369	T cell cytokine production	has_agent(CL:0000084)
GO:0071609	chemokine (C-C motif) ligand 5 production	has_agent(CL:0000084)
GO:0002377	immunoglobulin production	has_agent(CL:0000084)
GO:0072643	interferon-gamma secretion	has_agent(CL:0000084)
GO:0072602	interleukin-4 secretion	has_agent(CL:0000084)
GO:1903204	negative regulation of oxidative stress-induced neuron death	has_agent(CL:0000127
GO:0014049	positive regulation of glutamate secretion	has_agent(CL:0000127)
GO:0010934	macrophage cytokine production	has_agent(CL:0000235)
GO:0032611	interleukin-1 beta production	has_agent(CL:0000235)
GO:1900426	positive regulation of defense response to bacterium	has_agent(CL:0000235)
GO:0002377	immunoglobulin production	has_agent(CL:0000236)
GO:0006954	inflammatory response	has_agent(CL:0000576)
GO:0072643	interferon-gamma secretion	has_agent(CL:0000623)
GO:1904995	negative regulation of leukocyte adhesion to vascular endothelial cell	has_agent(CL:0000775)
GO:1904996	positive regulation of leukocyte adhesion to vascular endothelial cell	has_agent(CL:0000775)
GO:0070945	neutrophil mediated killing of gram-negative bacterium	has_agent(CL:0000775)
GO:0032675	regulation of interleukin-6 production	has_agent(CL:0000775)
GO:0032680	regulation of tumor necrosis factor production	has_agent(CL:0000775)
GO:1904995	negative regulation of leukocyte adhesion to vascular endothelial cell	has_agent(CL:0000775)
GO:2001190	positive regulation of T cell activation via T cell receptor contact with antigen bound to MHC molecule on antigen presenting cell	has_agent(CL:0000782
GO:2000563	positive regulation of CD4-positive, alpha-beta T cell proliferation	has_agent(CL:0000782
GO:2000562	negative regulation of CD4-positive, alpha-beta T cell proliferation	has_agent(CL:0000902)
GO:2000334	positive regulation of blood microparticle formation	has_agent(CL:0002139)
GO:2001203	positive regulation of transforming growth factor-beta secretion	has_agent(CL:0002548)
GO:1904995	negative regulation of leukocyte adhesion to vascular endothelial cell	has_agent(CL:0002618
GO:1904996	positive regulation of leukocyte adhesion to vascular endothelial cell	has_agent(CL:0002618
GO:1904995	negative regulation of leukocyte adhesion to vascular endothelial cell	has_agent(CL:0002618
GO:0034116	positive regulation of heterotypic cell-cell adhesion	has_agent(CL:0002618)
GO:0034115	negative regulation of heterotypic cell-cell adhesion	has_agent(CL:1000488
GO:1905178	regulation of cardiac muscle tissue regeneration	has_agent(CL:2000079
GO:1905205	positive regulation of connective tissue replacement	has_agent(CL:2000079
GO:0005518	collagen binding	has_agent(GO:0005587)
GO:0061502	early endosome to recycling endosome transport	has_agent(GO:0005884)
GO:2000813	negative regulation of barbed-end actin filament capping	has_agent(GO:0008290)
GO:0032403	protein complex binding	has_agent(GO:0008290)
GO:0034629	cellular protein complex localization	has_agent(GO:0038201
GO:0010717	regulation of epithelial to mesenchymal transition	has_agent(GO:0043256
GO:1904261	positive regulation of basement membrane assembly involved in embryonic body morphogenesis	has_agent(GO:0043256)
GO:0072594	establishment of protein localization to organelle	has_agent(GO:0055037
GO:0072594	establishment of protein localization to organelle	has_agent(GO:0055037
GO:0047496	vesicle transport along microtubule	has_agent(GO:0055037
GO:0051650	establishment of vesicle localization	has_agent(GO:0055037
GO:0010629	negative regulation of gene expression	has_agent(GO:0070062
GO:1900482	positive regulation of diacylglycerol biosynthetic process	has_agent(UBERON:0001013
GO:0045542	positive regulation of cholesterol biosynthetic process	has_agent(UBERON:0001013
GO:0010867	positive regulation of triglyceride biosynthetic process	has_agent(UBERON:0001013
GO:0045723	positive regulation of fatty acid biosynthetic process	has_agent(UBERON:0001013
GO:0045723	positive regulation of fatty acid biosynthetic process	has_agent(UBERON:0001911)
GO:0071073	positive regulation of phospholipid biosynthetic process	has_agent(UBERON:0001911)
GO:1900482	positive regulation of diacylglycerol biosynthetic process	has_agent(UBERON:0002107
GO:0045723	positive regulation of fatty acid biosynthetic process	has_agent(UBERON:0002107
GO:0045542	positive regulation of cholesterol biosynthetic process	has_agent(UBERON:0002107
GO:0010867	positive regulation of triglyceride biosynthetic process	has_agent(UBERON:0002107
GO:0045723	positive regulation of fatty acid biosynthetic process	has_agent(UBERON:0002107
GO:0071073	positive regulation of phospholipid biosynthetic process	has_agent(UBERON:0002107
GO:0004632	phosphopantothenate--cysteine ligase activity	has_direct_input(CHEBI:10986)
GO:0004595	pantetheine-phosphate adenylyltransferase activity	has_direct_input(CHEBI:10986)
GO:0016830	carbon-carbon lyase activity	has_direct_input(CHEBI:15345
GO:0003987	acetate-CoA ligase activity	has_direct_input(CHEBI:15346
GO:0016885	ligase activity, forming carbon-carbon bonds	has_direct_input(CHEBI:15351
GO:0004092	carnitine O-acetyltransferase activity	has_direct_input(CHEBI:15351)
GO:0071617	lysophospholipid acyltransferase activity	has_direct_input(CHEBI:15351)
GO:0015020	glucuronosyltransferase activity	has_direct_input(CHEBI:15367)
GO:0016428	tRNA (cytosine-5-)-methyltransferase activity	has_direct_input(CHEBI:15414
GO:0016428	tRNA (cytosine-5-)-methyltransferase activity	has_direct_input(CHEBI:15414
GO:0003987	acetate-CoA ligase activity	has_direct_input(CHEBI:15422
GO:0050662	coenzyme binding	has_direct_input(CHEBI:15467)
GO:0016830	carbon-carbon lyase activity	has_direct_input(CHEBI:15476
GO:0004092	carnitine O-acetyltransferase activity	has_direct_input(CHEBI:15517)
GO:0036114	medium-chain fatty-acyl-CoA catabolic process	has_direct_input(CHEBI:15521)
GO:0016290	palmitoyl-CoA hydrolase activity	has_direct_input(CHEBI:15521)
GO:0006635	fatty acid beta-oxidation	has_direct_input(CHEBI:15525)
GO:0004467	long-chain fatty acid-CoA ligase activity	has_direct_input(CHEBI:15525)
GO:0016290	palmitoyl-CoA hydrolase activity	has_direct_input(CHEBI:15525)
GO:0036042	long-chain fatty acyl-CoA binding	has_direct_input(CHEBI:15525)
GO:0004467	long-chain fatty acid-CoA ligase activity	has_direct_input(CHEBI:15525)
GO:0036116	long-chain fatty-acyl-CoA catabolic process	has_direct_input(CHEBI:15525)
GO:0006635	fatty acid beta-oxidation	has_direct_input(CHEBI:15532)
GO:0036114	medium-chain fatty-acyl-CoA catabolic process	has_direct_input(CHEBI:15533)
GO:0016290	palmitoyl-CoA hydrolase activity	has_direct_input(CHEBI:15533)
GO:0004092	carnitine O-acetyltransferase activity	has_direct_input(CHEBI:15533)
GO:0005325	peroxisomal fatty-acyl-CoA transporter activity	has_direct_input(CHEBI:15534)
GO:0016290	palmitoyl-CoA hydrolase activity	has_direct_input(CHEBI:15534)
GO:0036042	long-chain fatty acyl-CoA binding	has_direct_input(CHEBI:15534)
GO:0015916	fatty-acyl-CoA transport	has_direct_input(CHEBI:15534)
GO:0004467	long-chain fatty acid-CoA ligase activity	has_direct_input(CHEBI:15534)
GO:0036116	long-chain fatty-acyl-CoA catabolic process	has_direct_input(CHEBI:15534)
GO:0015910	peroxisomal long-chain fatty acid import	has_direct_input(CHEBI:15534)
GO:0000062	fatty-acyl-CoA binding	has_direct_input(CHEBI:15534)
GO:0004092	carnitine O-acetyltransferase activity	has_direct_input(CHEBI:15539)
GO:0036042	long-chain fatty acyl-CoA binding	has_direct_input(CHEBI:15541)
GO:0047372	acylglycerol lipase activity	has_direct_input(CHEBI:15555
GO:1905344	prostaglandin catabolic process	has_direct_input(CHEBI:15555)
GO:0004326	tetrahydrofolylpolyglutamate synthase activity	has_direct_input(CHEBI:15640)
GO:0004416	hydroxyacylglutathione hydrolase activity	has_direct_input(CHEBI:15694)
GO:0004408	holocytochrome-c synthase activity	has_direct_input(CHEBI:15697)
GO:0044539	long-chain fatty acid import	has_direct_input(CHEBI:15756)
GO:0004059	aralkylamine N-acetyltransferase activity	has_direct_input(CHEBI:15760)
GO:0090409	malonyl-CoA synthetase activity	has_direct_input(CHEBI:15792)
GO:0042759	long-chain fatty acid biosynthetic process	has_direct_input(CHEBI:15843
GO:0009922	fatty acid elongase activity	has_direct_input(CHEBI:15843
GO:0034626	fatty acid elongation, polyunsaturated fatty acid	has_direct_input(CHEBI:15843
GO:0042761	very long-chain fatty acid biosynthetic process	has_direct_input(CHEBI:15843
GO:0031957	very long-chain fatty acid-CoA ligase activity	has_direct_input(CHEBI:15843)
GO:0006820	anion transport	has_direct_input(CHEBI:15858)
GO:0004620	phospholipase activity	has_direct_input(CHEBI:16038)
GO:0005544	calcium-dependent phospholipid binding	has_direct_input(CHEBI:16038)
GO:0019776	Atg8 ligase activity	has_direct_input(CHEBI:16038)
GO:0004620	phospholipase activity	has_direct_input(CHEBI:16038)
GO:0004620	phospholipase activity	has_direct_input(CHEBI:16038)
GO:0003905	alkylbase DNA N-glycosylase activity	has_direct_input(CHEBI:1604)
GO:0015851	nucleobase transport	has_direct_input(CHEBI:16040)
GO:0015205	nucleobase transmembrane transporter activity	has_direct_input(CHEBI:16040)
GO:0008757	S-adenosylmethionine-dependent methyltransferase activity	has_direct_input(CHEBI:16113)
GO:0006820	anion transport	has_direct_input(CHEBI:16189)
GO:0070538	oleic acid binding	has_direct_input(CHEBI:16196)
GO:0042758	long-chain fatty acid catabolic process	has_direct_input(CHEBI:16196)
GO:0042758	long-chain fatty acid catabolic process	has_direct_input(CHEBI:16196)
GO:0004467	long-chain fatty acid-CoA ligase activity	has_direct_input(CHEBI:16196)
GO:0008514	organic anion transmembrane transporter activity	has_direct_input(CHEBI:16196)
GO:0008379	thioredoxin peroxidase activity	has_direct_input(CHEBI:16240)
GO:0038183	bile acid signaling pathway	has_direct_input(CHEBI:16325)
GO:0004802	transketolase activity	has_direct_input(CHEBI:16332)
GO:0004415	hyalurononglucosaminidase activity	has_direct_input(CHEBI:16336)
GO:0004620	phospholipase activity	has_direct_input(CHEBI:16337)
GO:1905329	sphingoid long-chain base transport	has_direct_input(CHEBI:16393
GO:1905329	sphingoid long-chain base transport	has_direct_input(CHEBI:16393)
GO:0006703	estrogen biosynthetic process	has_direct_input(CHEBI:16422
GO:0003865	3-oxo-5-alpha-steroid 4-dehydrogenase activity	has_direct_input(CHEBI:16422
GO:0003865	3-oxo-5-alpha-steroid 4-dehydrogenase activity	has_direct_input(CHEBI:16422
GO:0006702	androgen biosynthetic process	has_direct_input(CHEBI:16422
GO:0070330	aromatase activity	has_direct_input(CHEBI:16422
GO:0006703	estrogen biosynthetic process	has_direct_input(CHEBI:16422
GO:0006703	estrogen biosynthetic process	has_direct_input(CHEBI:16422
GO:0006703	estrogen biosynthetic process	has_direct_input(CHEBI:16422
GO:0006703	estrogen biosynthetic process	has_direct_input(CHEBI:16422
GO:0006703	estrogen biosynthetic process	has_direct_input(CHEBI:16422
GO:0006703	estrogen biosynthetic process	has_direct_input(CHEBI:16422
GO:0070330	aromatase activity	has_direct_input(CHEBI:16422
GO:0006702	androgen biosynthetic process	has_direct_input(CHEBI:16422
GO:0070330	aromatase activity	has_direct_input(CHEBI:16422
GO:0070330	aromatase activity	has_direct_input(CHEBI:16422
GO:0070330	aromatase activity	has_direct_input(CHEBI:16422
GO:0070330	aromatase activity	has_direct_input(CHEBI:16422
GO:0070330	aromatase activity	has_direct_input(CHEBI:16422
GO:0070330	aromatase activity	has_direct_input(CHEBI:16422
GO:0008202	steroid metabolic process	has_direct_input(CHEBI:16422)
GO:1901615	organic hydroxy compound metabolic process	has_direct_input(CHEBI:16422)
GO:0042445	hormone metabolic process	has_direct_input(CHEBI:16422)
GO:0008395	steroid hydroxylase activity	has_direct_input(CHEBI:16422)
GO:0016310	phosphorylation	has_direct_input(CHEBI:16454
GO:0101020	estrogen 16-alpha-hydroxylase activity	has_direct_input(CHEBI:16469
GO:0044594	17-beta-hydroxysteroid dehydrogenase (NAD+) activity	has_direct_input(CHEBI:16469)
GO:0004354	glutamate dehydrogenase (NADP+) activity	has_direct_input(CHEBI:16474
GO:0003884	D-amino-acid oxidase activity	has_direct_input(CHEBI:16523)
GO:0018249	protein dehydration	has_direct_input(CHEBI:16523)
GO:1905329	sphingoid long-chain base transport	has_direct_input(CHEBI:16566
GO:1905329	sphingoid long-chain base transport	has_direct_input(CHEBI:16566)
GO:0014070	response to organic cyclic compound	has_direct_input(CHEBI:16598)
GO:0002443	leukocyte mediated immunity	has_direct_input(CHEBI:16598)
GO:0009636	response to toxic substance	has_direct_input(CHEBI:16598)
GO:0048540	bursa of Fabricius development	has_direct_input(CHEBI:16598)
GO:0060179	male mating behavior	has_direct_input(CHEBI:16598)
GO:0009636	response to toxic substance	has_direct_input(CHEBI:16598)
GO:0014070	response to organic cyclic compound	has_direct_input(CHEBI:16598)
GO:0003006	developmental process involved in reproduction	has_direct_input(CHEBI:16598)
GO:0015858	nucleoside transport	has_direct_input(CHEBI:16704)
GO:0005337	nucleoside transmembrane transporter activity	has_direct_input(CHEBI:16704)
GO:0015851	nucleobase transport	has_direct_input(CHEBI:16708)
GO:0015205	nucleobase transmembrane transporter activity	has_direct_input(CHEBI:16708)
GO:0015851	nucleobase transport	has_direct_input(CHEBI:16750)
GO:0015205	nucleobase transmembrane transporter activity	has_direct_input(CHEBI:16750)
GO:0032052	bile acid binding	has_direct_input(CHEBI:16755)
GO:0008514	organic anion transmembrane transporter activity	has_direct_input(CHEBI:16814
GO:0008144	drug binding	has_direct_input(CHEBI:168396)
GO:0004553	hydrolase activity, hydrolyzing O-glycosyl compounds	has_direct_input(CHEBI:168396)
GO:0019391	glucuronoside catabolic process	has_direct_input(CHEBI:168396)
GO:0017144	drug metabolic process	has_direct_input(CHEBI:168396)
GO:0034634	glutathione transmembrane transporter activity	has_direct_input(CHEBI:16856)
GO:0008483	transaminase activity	has_direct_input(CHEBI:16977)
GO:0008453	alanine-glyoxylate transaminase activity	has_direct_input(CHEBI:16977)
GO:0008395	steroid hydroxylase activity	has_direct_input(CHEBI:17026
GO:1990239	steroid hormone binding	has_direct_input(CHEBI:17026)
GO:0046885	regulation of hormone biosynthetic process	has_direct_input(CHEBI:17026)
GO:0060085	smooth muscle relaxation of the bladder outlet	has_direct_input(CHEBI:17026)
GO:0004508	steroid 17-alpha-monooxygenase activity	has_direct_input(CHEBI:17026)
GO:0018249	protein dehydration	has_direct_input(CHEBI:17115
GO:0016597	amino acid binding	has_direct_input(CHEBI:17115)
GO:0004032	alditol:NADP+ 1-oxidoreductase activity	has_direct_input(CHEBI:17158)
GO:0008106	alcohol dehydrogenase (NADP+) activity	has_direct_input(CHEBI:17177)
GO:0101020	estrogen 16-alpha-hydroxylase activity	has_direct_input(CHEBI:17263
GO:0101020	estrogen 16-alpha-hydroxylase activity	has_direct_input(CHEBI:17263
GO:0008395	steroid hydroxylase activity	has_direct_input(CHEBI:17263
GO:0008395	steroid hydroxylase activity	has_direct_input(CHEBI:17263
GO:0003865	3-oxo-5-alpha-steroid 4-dehydrogenase activity	has_direct_input(CHEBI:17347
GO:0006702	androgen biosynthetic process	has_direct_input(CHEBI:17347
GO:0008202	steroid metabolic process	has_direct_input(CHEBI:17347)
GO:1901615	organic hydroxy compound metabolic process	has_direct_input(CHEBI:17347)
GO:0006703	estrogen biosynthetic process	has_direct_input(CHEBI:17347)
GO:0003865	3-oxo-5-alpha-steroid 4-dehydrogenase activity	has_direct_input(CHEBI:17347)
GO:0006702	androgen biosynthetic process	has_direct_input(CHEBI:17347)
GO:0070330	aromatase activity	has_direct_input(CHEBI:17347)
GO:0042445	hormone metabolic process	has_direct_input(CHEBI:17347)
GO:0008395	steroid hydroxylase activity	has_direct_input(CHEBI:17347)
GO:0006636	unsaturated fatty acid biosynthetic process	has_direct_input(CHEBI:17351
GO:0016213	linoleoyl-CoA desaturase activity	has_direct_input(CHEBI:17351
GO:0006636	unsaturated fatty acid biosynthetic process	has_direct_input(CHEBI:17351)
GO:0043651	linoleic acid metabolic process	has_direct_input(CHEBI:17351)
GO:0042758	long-chain fatty acid catabolic process	has_direct_input(CHEBI:17351)
GO:0042758	long-chain fatty acid catabolic process	has_direct_input(CHEBI:17351)
GO:0016213	linoleoyl-CoA desaturase activity	has_direct_input(CHEBI:17351)
GO:0015851	nucleobase transport	has_direct_input(CHEBI:17368)
GO:0015205	nucleobase transmembrane transporter activity	has_direct_input(CHEBI:17368)
GO:0090409	malonyl-CoA synthetase activity	has_direct_input(CHEBI:17453)
GO:0008514	organic anion transmembrane transporter activity	has_direct_input(CHEBI:17474
GO:2000481	positive regulation of cAMP-dependent protein kinase activity	has_direct_input(CHEBI:17489
GO:0034634	glutathione transmembrane transporter activity	has_direct_input(CHEBI:17515)
GO:0004620	phospholipase activity	has_direct_input(CHEBI:17517)
GO:0016880	acid-ammonia (or amide) ligase activity	has_direct_input(CHEBI:17561
GO:0008483	transaminase activity	has_direct_input(CHEBI:17561)
GO:0015858	nucleoside transport	has_direct_input(CHEBI:17562)
GO:0005337	nucleoside transmembrane transporter activity	has_direct_input(CHEBI:17562)
GO:0015851	nucleobase transport	has_direct_input(CHEBI:17568)
GO:0015205	nucleobase transmembrane transporter activity	has_direct_input(CHEBI:17568)
GO:0015851	nucleobase transport	has_direct_input(CHEBI:17596)
GO:0015205	nucleobase transmembrane transporter activity	has_direct_input(CHEBI:17596)
GO:0016831	carboxy-lyase activity	has_direct_input(CHEBI:17620
GO:0006820	anion transport	has_direct_input(CHEBI:17632)
GO:0004032	alditol:NADP+ 1-oxidoreductase activity	has_direct_input(CHEBI:17634)
GO:0070523	11-beta-hydroxysteroid dehydrogenase (NAD+) activity	has_direct_input(CHEBI:17650
GO:0034650	cortisol metabolic process	has_direct_input(CHEBI:17650
GO:0015851	nucleobase transport	has_direct_input(CHEBI:17748)
GO:0015205	nucleobase transmembrane transporter activity	has_direct_input(CHEBI:17748)
GO:0004802	transketolase activity	has_direct_input(CHEBI:17797)
GO:0046834	lipid phosphorylation	has_direct_input(CHEBI:17815
GO:0004143	diacylglycerol kinase activity	has_direct_input(CHEBI:17815
GO:0004143	diacylglycerol kinase activity	has_direct_input(CHEBI:17815
GO:0046339	diacylglycerol metabolic process	has_direct_input(CHEBI:17815
GO:0046339	diacylglycerol metabolic process	has_direct_input(CHEBI:17815)
GO:0004143	diacylglycerol kinase activity	has_direct_input(CHEBI:17815)
GO:0046834	lipid phosphorylation	has_direct_input(CHEBI:17815)
GO:1901754	vitamin D3 catabolic process	has_direct_input(CHEBI:17823)
GO:1901754	vitamin D3 catabolic process	has_direct_input(CHEBI:17823)
GO:0070576	vitamin D 24-hydroxylase activity	has_direct_input(CHEBI:17823)
GO:0034634	glutathione transmembrane transporter activity	has_direct_input(CHEBI:17858)
GO:0004745	retinol dehydrogenase activity	has_direct_input(CHEBI:17898)
GO:0008453	alanine-glyoxylate transaminase activity	has_direct_input(CHEBI:17929)
GO:0070576	vitamin D 24-hydroxylase activity	has_direct_input(CHEBI:17933
GO:1901754	vitamin D3 catabolic process	has_direct_input(CHEBI:17933
GO:1901754	vitamin D3 catabolic process	has_direct_input(CHEBI:17933)
GO:1901754	vitamin D3 catabolic process	has_direct_input(CHEBI:17933)
GO:0070576	vitamin D 24-hydroxylase activity	has_direct_input(CHEBI:17933)
GO:0006820	anion transport	has_direct_input(CHEBI:17996)
GO:0016597	amino acid binding	has_direct_input(CHEBI:18211)
GO:0016491	oxidoreductase activity	has_direct_input(CHEBI:18243)
GO:0005544	calcium-dependent phospholipid binding	has_direct_input(CHEBI:18303)
GO:0005544	calcium-dependent phospholipid binding	has_direct_input(CHEBI:18303)
GO:0005544	calcium-dependent phospholipid binding	has_direct_input(CHEBI:18303)
GO:0004620	phospholipase activity	has_direct_input(CHEBI:18303)
GO:0006820	anion transport	has_direct_input(CHEBI:18391)
GO:0003860	3-hydroxyisobutyryl-CoA hydrolase activity	has_direct_input(CHEBI:20081)
GO:0004059	aralkylamine N-acetyltransferase activity	has_direct_input(CHEBI:2089)
GO:0004326	tetrahydrofolylpolyglutamate synthase activity	has_direct_input(CHEBI:22526)
GO:0003905	alkylbase DNA N-glycosylase activity	has_direct_input(CHEBI:2274)
GO:0047150	betaine-homocysteine S-methyltransferase activity	has_direct_input(CHEBI:22860)
GO:0046885	regulation of hormone biosynthetic process	has_direct_input(CHEBI:23965)
GO:0006714	sesquiterpenoid metabolic process	has_direct_input(CHEBI:24012)
GO:0008514	organic anion transmembrane transporter activity	has_direct_input(CHEBI:26714)
GO:0044594	17-beta-hydroxysteroid dehydrogenase (NAD+) activity	has_direct_input(CHEBI:2710)
GO:0019825	oxygen binding	has_direct_input(CHEBI:27258
GO:0006635	fatty acid beta-oxidation	has_direct_input(CHEBI:27283)
GO:0006636	unsaturated fatty acid biosynthetic process	has_direct_input(CHEBI:27432
GO:0016213	linoleoyl-CoA desaturase activity	has_direct_input(CHEBI:27432
GO:0006636	unsaturated fatty acid biosynthetic process	has_direct_input(CHEBI:27432)
GO:0036109	alpha-linolenic acid metabolic process	has_direct_input(CHEBI:27432)
GO:0004326	tetrahydrofolylpolyglutamate synthase activity	has_direct_input(CHEBI:27470)
GO:0008144	drug binding	has_direct_input(CHEBI:27656)
GO:0017144	drug metabolic process	has_direct_input(CHEBI:27656)
GO:0004040	amidase activity	has_direct_input(CHEBI:27856)
GO:0046907	intracellular transport	has_direct_input(CHEBI:28087
GO:0003860	3-hydroxyisobutyryl-CoA hydrolase activity	has_direct_input(CHEBI:28259)
GO:0004620	phospholipase activity	has_direct_input(CHEBI:28494)
GO:0004620	phospholipase activity	has_direct_input(CHEBI:28494)
GO:0004040	amidase activity	has_direct_input(CHEBI:28619)
GO:0042759	long-chain fatty acid biosynthetic process	has_direct_input(CHEBI:28661
GO:0009922	fatty acid elongase activity	has_direct_input(CHEBI:28661
GO:0034626	fatty acid elongation, polyunsaturated fatty acid	has_direct_input(CHEBI:28661
GO:0004059	aralkylamine N-acetyltransferase activity	has_direct_input(CHEBI:28790)
GO:0005102	receptor binding	has_direct_input(CHEBI:28815
GO:0008449	N-acetylglucosamine-6-sulfatase activity	has_direct_input(CHEBI:28815)
GO:0008514	organic anion transmembrane transporter activity	has_direct_input(CHEBI:28865)
GO:0019367	fatty acid elongation, saturated fatty acid	has_direct_input(CHEBI:28866
GO:0019367	fatty acid elongation, saturated fatty acid	has_direct_input(CHEBI:28866
GO:0000038	very long-chain fatty acid metabolic process	has_direct_input(CHEBI:28866)
GO:0006635	fatty acid beta-oxidation	has_direct_input(CHEBI:28866)
GO:0001676	long-chain fatty acid metabolic process	has_direct_input(CHEBI:28866)
GO:0004467	long-chain fatty acid-CoA ligase activity	has_direct_input(CHEBI:28866)
GO:0005544	calcium-dependent phospholipid binding	has_direct_input(CHEBI:28874)
GO:0005544	calcium-dependent phospholipid binding	has_direct_input(CHEBI:28874)
GO:0005544	calcium-dependent phospholipid binding	has_direct_input(CHEBI:28874)
GO:0004354	glutamate dehydrogenase (NADP+) activity	has_direct_input(CHEBI:28938
GO:0016880	acid-ammonia (or amide) ligase activity	has_direct_input(CHEBI:30089
GO:0006820	anion transport	has_direct_input(CHEBI:30623)
GO:1901239	malonate(1-) transmembrane transporter activity	has_direct_input(CHEBI:30794)
GO:0006635	fatty acid beta-oxidation	has_direct_input(CHEBI:30823)
GO:0070538	oleic acid binding	has_direct_input(CHEBI:30823)
GO:0004354	glutamate dehydrogenase (NADP+) activity	has_direct_input(CHEBI:30916
GO:0042759	long-chain fatty acid biosynthetic process	has_direct_input(CHEBI:32389
GO:0009922	fatty acid elongase activity	has_direct_input(CHEBI:32389
GO:0034626	fatty acid elongation, polyunsaturated fatty acid	has_direct_input(CHEBI:32389
GO:0004364	glutathione transferase activity	has_direct_input(CHEBI:32585)
GO:1905696	regulation of polysome binding	has_direct_input(CHEBI:33699)
GO:0047372	acylglycerol lipase activity	has_direct_input(CHEBI:34159
GO:0047372	acylglycerol lipase activity	has_direct_input(CHEBI:34159
GO:1905344	prostaglandin catabolic process	has_direct_input(CHEBI:34159)
GO:1905344	prostaglandin catabolic process	has_direct_input(CHEBI:34159)
GO:0008392	arachidonic acid epoxygenase activity	has_direct_input(CHEBI:34306)
GO:0019373	epoxygenase P450 pathway	has_direct_input(CHEBI:34306)
GO:0047372	acylglycerol lipase activity	has_direct_input(CHEBI:35759)
GO:0052651	monoacylglycerol catabolic process	has_direct_input(CHEBI:35759)
GO:0052651	monoacylglycerol catabolic process	has_direct_input(CHEBI:35759)
GO:0047372	acylglycerol lipase activity	has_direct_input(CHEBI:35759)
GO:0004602	glutathione peroxidase activity	has_direct_input(CHEBI:35923)
GO:0042761	very long-chain fatty acid biosynthetic process	has_direct_input(CHEBI:36005
GO:0042759	long-chain fatty acid biosynthetic process	has_direct_input(CHEBI:36006
GO:0042759	long-chain fatty acid biosynthetic process	has_direct_input(CHEBI:36006
GO:0009922	fatty acid elongase activity	has_direct_input(CHEBI:36006
GO:0009922	fatty acid elongase activity	has_direct_input(CHEBI:36006
GO:0034626	fatty acid elongation, polyunsaturated fatty acid	has_direct_input(CHEBI:36006
GO:0034626	fatty acid elongation, polyunsaturated fatty acid	has_direct_input(CHEBI:36006
GO:0042761	very long-chain fatty acid biosynthetic process	has_direct_input(CHEBI:36006
GO:0006636	unsaturated fatty acid biosynthetic process	has_direct_input(CHEBI:36033
GO:0036109	alpha-linolenic acid metabolic process	has_direct_input(CHEBI:36033)
GO:0006636	unsaturated fatty acid biosynthetic process	has_direct_input(CHEBI:36036
GO:0016831	carboxy-lyase activity	has_direct_input(CHEBI:36090)
GO:0004467	long-chain fatty acid-CoA ligase activity	has_direct_input(CHEBI:36306)
GO:0071617	lysophospholipid acyltransferase activity	has_direct_input(CHEBI:36313)
GO:0051923	sulfation	has_direct_input(CHEBI:37396)
GO:0016655	oxidoreductase activity, acting on NAD(P)H, quinone or similar compound as acceptor	has_direct_input(CHEBI:37454)
GO:0046899	nucleoside triphosphate adenylate kinase activity	has_direct_input(CHEBI:37565
GO:0046899	nucleoside triphosphate adenylate kinase activity	has_direct_input(CHEBI:37565)
GO:0019840	isoprenoid binding	has_direct_input(CHEBI:38265)
GO:0004984	olfactory receptor activity	has_direct_input(CHEBI:38265)
GO:0022843	voltage-gated cation channel activity	has_direct_input(CHEBI:39125)
GO:0015643	toxic substance binding	has_direct_input(CHEBI:41480)
GO:0035690	cellular response to drug	has_direct_input(CHEBI:42588)
GO:0004326	tetrahydrofolylpolyglutamate synthase activity	has_direct_input(CHEBI:44185)
GO:0003847	1-alkyl-2-acetylglycerophosphocholine esterase activity	has_direct_input(CHEBI:44811
GO:0004040	amidase activity	has_direct_input(CHEBI:45422)
GO:0008514	organic anion transmembrane transporter activity	has_direct_input(CHEBI:4551)
GO:0004771	sterol esterase activity	has_direct_input(CHEBI:46898
GO:0051791	medium-chain fatty acid metabolic process	has_direct_input(CHEBI:46898
GO:1905329	sphingoid long-chain base transport	has_direct_input(CHEBI:46961
GO:0015616	DNA translocase activity	has_direct_input(CHEBI:4705)
GO:0071383	cellular response to steroid hormone stimulus	has_direct_input(CHEBI:472805)
GO:1903416	response to glycoside	has_direct_input(CHEBI:472805)
GO:0071383	cellular response to steroid hormone stimulus	has_direct_input(CHEBI:472805)
GO:1990239	steroid hormone binding	has_direct_input(CHEBI:472805)
GO:1990239	steroid hormone binding	has_direct_input(CHEBI:472805)
GO:0019840	isoprenoid binding	has_direct_input(CHEBI:47586)
GO:0008514	organic anion transmembrane transporter activity	has_direct_input(CHEBI:47704)
GO:0004984	olfactory receptor activity	has_direct_input(CHEBI:47856)
GO:0016791	phosphatase activity	has_direct_input(CHEBI:49003)
GO:0003884	D-amino-acid oxidase activity	has_direct_input(CHEBI:49169)
GO:0004029	aldehyde dehydrogenase (NAD) activity	has_direct_input(CHEBI:49189)
GO:0022843	voltage-gated cation channel activity	has_direct_input(CHEBI:49547)
GO:0004301	epoxide hydrolase activity	has_direct_input(CHEBI:50004)
GO:0004301	epoxide hydrolase activity	has_direct_input(CHEBI:50005)
GO:0004059	aralkylamine N-acetyltransferase activity	has_direct_input(CHEBI:50048)
GO:1990239	steroid hormone binding	has_direct_input(CHEBI:50114)
GO:0000309	nicotinamide-nucleotide adenylyltransferase activity	has_direct_input(CHEBI:50383)
GO:0020037	heme binding	has_direct_input(CHEBI:50385)
GO:0005501	retinoid binding	has_direct_input(CHEBI:50648
GO:1901522	positive regulation of transcription from RNA polymerase II promoter involved in cellular response to chemical stimulus	has_direct_input(CHEBI:50648)
GO:0008514	organic anion transmembrane transporter activity	has_direct_input(CHEBI:50679)
GO:0008111	alpha-methylacyl-CoA racemase activity	has_direct_input(CHEBI:51341)
GO:0016301	kinase activity	has_direct_input(CHEBI:52323)
GO:0016301	kinase activity	has_direct_input(CHEBI:52323)
GO:0004143	diacylglycerol kinase activity	has_direct_input(CHEBI:52333)
GO:0004032	alditol:NADP+ 1-oxidoreductase activity	has_direct_input(CHEBI:5445)
GO:0004032	alditol:NADP+ 1-oxidoreductase activity	has_direct_input(CHEBI:5445)
GO:0004032	alditol:NADP+ 1-oxidoreductase activity	has_direct_input(CHEBI:5445)
GO:0004032	alditol:NADP+ 1-oxidoreductase activity	has_direct_input(CHEBI:5445)
GO:0045703	ketoreductase activity	has_direct_input(CHEBI:57406)
GO:0010628	positive regulation of gene expression	has_direct_input(CHEBI:59271)
GO:0004571	mannosyl-oligosaccharide 1,2-alpha-mannosidase activity	has_direct_input(CHEBI:60627)
GO:0004181	metallocarboxypeptidase activity	has_direct_input(CHEBI:61442)
GO:0003997	acyl-CoA oxidase activity	has_direct_input(CHEBI:61907)
GO:0003997	acyl-CoA oxidase activity	has_direct_input(CHEBI:61910)
GO:0008514	organic anion transmembrane transporter activity	has_direct_input(CHEBI:63618)
GO:0008514	organic anion transmembrane transporter activity	has_direct_input(CHEBI:63836)
GO:0003847	1-alkyl-2-acetylglycerophosphocholine esterase activity	has_direct_input(CHEBI:64482
GO:0015914	phospholipid transport	has_direct_input(CHEBI:64482)
GO:0005544	calcium-dependent phospholipid binding	has_direct_input(CHEBI:64482)
GO:0006810	transport	has_direct_input(CHEBI:64482)
GO:0004620	phospholipase activity	has_direct_input(CHEBI:64482)
GO:0042759	long-chain fatty acid biosynthetic process	has_direct_input(CHEBI:65136
GO:0009922	fatty acid elongase activity	has_direct_input(CHEBI:65136
GO:0034626	fatty acid elongation, polyunsaturated fatty acid	has_direct_input(CHEBI:65136
GO:0004032	alditol:NADP+ 1-oxidoreductase activity	has_direct_input(CHEBI:65327)
GO:0004032	alditol:NADP+ 1-oxidoreductase activity	has_direct_input(CHEBI:65327)
GO:1904483	synthetic cannabinoid binding	has_direct_input(CHEBI:67201)
GO:0045125	bioactive lipid receptor activity	has_direct_input(CHEBI:68497
GO:0008514	organic anion transmembrane transporter activity	has_direct_input(CHEBI:6925)
GO:0019534	toxin transporter activity	has_direct_input(CHEBI:6925)
GO:0004622	lysophospholipase activity	has_direct_input(CHEBI:71733)
GO:0004622	lysophospholipase activity	has_direct_input(CHEBI:72409)
GO:0046475	glycerophospholipid catabolic process	has_direct_input(CHEBI:72409)
GO:0008514	organic anion transmembrane transporter activity	has_direct_input(CHEBI:73356)
GO:0090722	receptor-receptor interaction	has_direct_input(CHEBI:73364)
GO:0004181	metallocarboxypeptidase activity	has_direct_input(CHEBI:73688)
GO:0004181	metallocarboxypeptidase activity	has_direct_input(CHEBI:73688)
GO:0006636	unsaturated fatty acid biosynthetic process	has_direct_input(CHEBI:73731
GO:0003993	acid phosphatase activity	has_direct_input(CHEBI:75442)
GO:0052651	monoacylglycerol catabolic process	has_direct_input(CHEBI:75568
GO:0047372	acylglycerol lipase activity	has_direct_input(CHEBI:75568)
GO:0052651	monoacylglycerol catabolic process	has_direct_input(CHEBI:75568)
GO:0047372	acylglycerol lipase activity	has_direct_input(CHEBI:75568)
GO:0052651	monoacylglycerol catabolic process	has_direct_input(CHEBI:75568)
GO:0047372	acylglycerol lipase activity	has_direct_input(CHEBI:75568)
GO:0004143	diacylglycerol kinase activity	has_direct_input(CHEBI:75728)
GO:0004143	diacylglycerol kinase activity	has_direct_input(CHEBI:75936
GO:0004143	diacylglycerol kinase activity	has_direct_input(CHEBI:75936
GO:0004143	diacylglycerol kinase activity	has_direct_input(CHEBI:75936
GO:0046834	lipid phosphorylation	has_direct_input(CHEBI:75936)
GO:0046486	glycerolipid metabolic process	has_direct_input(CHEBI:75936)
GO:0046834	lipid phosphorylation	has_direct_input(CHEBI:75936)
GO:0005501	retinoid binding	has_direct_input(CHEBI:78273)
GO:0016791	phosphatase activity	has_direct_input(CHEBI:78737)
GO:0036041	long-chain fatty acid binding	has_direct_input(CHEBI:7896)
GO:0008514	organic anion transmembrane transporter activity	has_direct_input(CHEBI:791)
GO:0016213	linoleoyl-CoA desaturase activity	has_direct_input(CHEBI:82835
GO:0001867	complement activation, lectin pathway	has_direct_input(CHEBI:8640)
GO:0047372	acylglycerol lipase activity	has_direct_input(CHEBI:87249)
GO:0052651	monoacylglycerol catabolic process	has_direct_input(CHEBI:87249)
GO:0047372	acylglycerol lipase activity	has_direct_input(CHEBI:87251)
GO:0052651	monoacylglycerol catabolic process	has_direct_input(CHEBI:87251)
GO:0047372	acylglycerol lipase activity	has_direct_input(CHEBI:87256)
GO:0052651	monoacylglycerol catabolic process	has_direct_input(CHEBI:87256)
GO:0047372	acylglycerol lipase activity	has_direct_input(CHEBI:87257)
GO:0052651	monoacylglycerol catabolic process	has_direct_input(CHEBI:87257)
GO:0015643	toxic substance binding	has_direct_input(CHEBI:8925)
GO:0004602	glutathione peroxidase activity	has_direct_input(CHEBI:91272
GO:0004602	glutathione peroxidase activity	has_direct_input(CHEBI:91272
GO:0003697	single-stranded DNA binding	has_direct_input(CHEBI:9160
GO:0015616	DNA translocase activity	has_direct_input(CHEBI:9160)
GO:0043385	mycotoxin metabolic process	has_direct_input(CHEBI:9381)
GO:0043385	mycotoxin metabolic process	has_direct_input(CHEBI:9381)
GO:0043385	mycotoxin metabolic process	has_direct_input(CHEBI:9381)
GO:0002020	protease binding	has_direct_input(CHEBI:9765)
GO:1903231	mRNA binding involved in posttranscriptional gene silencing	has_direct_input(ENSEMBL:ENSBTAG00000037811)
GO:1903231	mRNA binding involved in posttranscriptional gene silencing	has_direct_input(ENSEMBL:ENSBTAG00000045828)
GO:1903231	mRNA binding involved in posttranscriptional gene silencing	has_direct_input(ENSEMBL:ENSDARG00000012281)
GO:1903231	mRNA binding involved in posttranscriptional gene silencing	has_direct_input(ENSEMBL:ENSDARG00000014571)
GO:1903231	mRNA binding involved in posttranscriptional gene silencing	has_direct_input(ENSEMBL:ENSDARG00000030967)
GO:1903231	mRNA binding involved in posttranscriptional gene silencing	has_direct_input(ENSEMBL:ENSDARG00000035169)
GO:1903231	mRNA binding involved in posttranscriptional gene silencing	has_direct_input(ENSEMBL:ENSDARG00000043697)
GO:1903231	mRNA binding involved in posttranscriptional gene silencing	has_direct_input(ENSEMBL:ENSDARG00000058206)
GO:1903231	mRNA binding involved in posttranscriptional gene silencing	has_direct_input(ENSEMBL:ENSDARG00000061405)
GO:1903231	mRNA binding involved in posttranscriptional gene silencing	has_direct_input(ENSEMBL:ENSDARG00000088255)
GO:1903231	mRNA binding involved in posttranscriptional gene silencing	has_direct_input(ENSEMBL:ENSG00000005302)
GO:1903231	mRNA binding involved in posttranscriptional gene silencing	has_direct_input(ENSEMBL:ENSG00000006210)
GO:0044212	transcription regulatory region DNA binding	has_direct_input(ENSEMBL:ENSG00000006283)
GO:1903231	mRNA binding involved in posttranscriptional gene silencing	has_direct_input(ENSEMBL:ENSG00000006468)
GO:1903231	mRNA binding involved in posttranscriptional gene silencing	has_direct_input(ENSEMBL:ENSG00000006555)
GO:1903231	mRNA binding involved in posttranscriptional gene silencing	has_direct_input(ENSEMBL:ENSG00000006659)
GO:1903231	mRNA binding involved in posttranscriptional gene silencing	has_direct_input(ENSEMBL:ENSG00000007908)
GO:1903231	mRNA binding involved in posttranscriptional gene silencing	has_direct_input(ENSEMBL:ENSG00000008277)
GO:1903231	mRNA binding involved in posttranscriptional gene silencing	has_direct_input(ENSEMBL:ENSG00000010244)
GO:1903231	mRNA binding involved in posttranscriptional gene silencing	has_direct_input(ENSEMBL:ENSG00000012504)
GO:1903231	mRNA binding involved in posttranscriptional gene silencing	has_direct_input(ENSEMBL:ENSG00000017427
GO:1903231	mRNA binding involved in posttranscriptional gene silencing	has_direct_input(ENSEMBL:ENSG00000034152)
GO:1903231	mRNA binding involved in posttranscriptional gene silencing	has_direct_input(ENSEMBL:ENSG00000038274)
GO:1903231	mRNA binding involved in posttranscriptional gene silencing	has_direct_input(ENSEMBL:ENSG00000039068)
GO:1903231	mRNA binding involved in posttranscriptional gene silencing	has_direct_input(ENSEMBL:ENSG00000043591)
GO:1903231	mRNA binding involved in posttranscriptional gene silencing	has_direct_input(ENSEMBL:ENSG00000043591)
GO:1903231	mRNA binding involved in posttranscriptional gene silencing	has_direct_input(ENSEMBL:ENSG00000050165)
GO:1903231	mRNA binding involved in posttranscriptional gene silencing	has_direct_input(ENSEMBL:ENSG00000058085)
GO:0001227	transcriptional repressor activity, RNA polymerase II transcription regulatory region sequence-specific binding	has_direct_input(ENSEMBL:ENSG00000062716)
GO:1903231	mRNA binding involved in posttranscriptional gene silencing	has_direct_input(ENSEMBL:ENSG00000066027)
GO:1903231	mRNA binding involved in posttranscriptional gene silencing	has_direct_input(ENSEMBL:ENSG00000066044)
GO:1903231	mRNA binding involved in posttranscriptional gene silencing	has_direct_input(ENSEMBL:ENSG00000067191)
GO:1903231	mRNA binding involved in posttranscriptional gene silencing	has_direct_input(ENSEMBL:ENSG00000067955)
GO:0035195	gene silencing by miRNA	has_direct_input(ENSEMBL:ENSG00000067955)
GO:1903231	mRNA binding involved in posttranscriptional gene silencing	has_direct_input(ENSEMBL:ENSG00000069275)
GO:1903231	mRNA binding involved in posttranscriptional gene silencing	has_direct_input(ENSEMBL:ENSG00000069667)
GO:1903231	mRNA binding involved in posttranscriptional gene silencing	has_direct_input(ENSEMBL:ENSG00000069702)
GO:1903231	mRNA binding involved in posttranscriptional gene silencing	has_direct_input(ENSEMBL:ENSG00000070018)
GO:1903231	mRNA binding involved in posttranscriptional gene silencing	has_direct_input(ENSEMBL:ENSG00000070770)
GO:1903231	mRNA binding involved in posttranscriptional gene silencing	has_direct_input(ENSEMBL:ENSG00000072501)
GO:0035195	gene silencing by miRNA	has_direct_input(ENSEMBL:ENSG00000072501)
GO:0035195	gene silencing by miRNA	has_direct_input(ENSEMBL:ENSG00000072803)
GO:1903231	mRNA binding involved in posttranscriptional gene silencing	has_direct_input(ENSEMBL:ENSG00000072803)
GO:1903231	mRNA binding involved in posttranscriptional gene silencing	has_direct_input(ENSEMBL:ENSG00000073282)
GO:1903231	mRNA binding involved in posttranscriptional gene silencing	has_direct_input(ENSEMBL:ENSG00000075391)
GO:0035195	gene silencing by miRNA	has_direct_input(ENSEMBL:ENSG00000075618)
GO:1903231	mRNA binding involved in posttranscriptional gene silencing	has_direct_input(ENSEMBL:ENSG00000075618)
GO:1903231	mRNA binding involved in posttranscriptional gene silencing	has_direct_input(ENSEMBL:ENSG00000077782)
GO:1903231	mRNA binding involved in posttranscriptional gene silencing	has_direct_input(ENSEMBL:ENSG00000077782)
GO:1903231	mRNA binding involved in posttranscriptional gene silencing	has_direct_input(ENSEMBL:ENSG00000077782)
GO:1903231	mRNA binding involved in posttranscriptional gene silencing	has_direct_input(ENSEMBL:ENSG00000081189)
GO:1903231	mRNA binding involved in posttranscriptional gene silencing	has_direct_input(ENSEMBL:ENSG00000083845)
GO:1903231	mRNA binding involved in posttranscriptional gene silencing	has_direct_input(ENSEMBL:ENSG00000086548)
GO:1903231	mRNA binding involved in posttranscriptional gene silencing	has_direct_input(ENSEMBL:ENSG00000087245)
GO:1903231	mRNA binding involved in posttranscriptional gene silencing	has_direct_input(ENSEMBL:ENSG00000088305)
GO:1903231	mRNA binding involved in posttranscriptional gene silencing	has_direct_input(ENSEMBL:ENSG00000088387)
GO:1903231	mRNA binding involved in posttranscriptional gene silencing	has_direct_input(ENSEMBL:ENSG00000090339)
GO:1903231	mRNA binding involved in posttranscriptional gene silencing	has_direct_input(ENSEMBL:ENSG00000090339)
GO:0035925	mRNA 3'-UTR AU-rich region binding	has_direct_input(ENSEMBL:ENSG00000090339)
GO:1903231	mRNA binding involved in posttranscriptional gene silencing	has_direct_input(ENSEMBL:ENSG00000090863)
GO:1903231	mRNA binding involved in posttranscriptional gene silencing	has_direct_input(ENSEMBL:ENSG00000091039)
GO:1903231	mRNA binding involved in posttranscriptional gene silencing	has_direct_input(ENSEMBL:ENSG00000091409)
GO:1903231	mRNA binding involved in posttranscriptional gene silencing	has_direct_input(ENSEMBL:ENSG00000091831)
GO:1903231	mRNA binding involved in posttranscriptional gene silencing	has_direct_input(ENSEMBL:ENSG00000092421)
GO:1903231	mRNA binding involved in posttranscriptional gene silencing	has_direct_input(ENSEMBL:ENSG00000092871)
GO:1903231	mRNA binding involved in posttranscriptional gene silencing	has_direct_input(ENSEMBL:ENSG00000092871)
GO:1903231	mRNA binding involved in posttranscriptional gene silencing	has_direct_input(ENSEMBL:ENSG00000095002)
GO:1903231	mRNA binding involved in posttranscriptional gene silencing	has_direct_input(ENSEMBL:ENSG00000096060)
GO:1903231	mRNA binding involved in posttranscriptional gene silencing	has_direct_input(ENSEMBL:ENSG00000099250)
GO:1903231	mRNA binding involved in posttranscriptional gene silencing	has_direct_input(ENSEMBL:ENSG00000099810)
GO:1903231	mRNA binding involved in posttranscriptional gene silencing	has_direct_input(ENSEMBL:ENSG00000100219)
GO:1903231	mRNA binding involved in posttranscriptional gene silencing	has_direct_input(ENSEMBL:ENSG00000100234)
GO:1903231	mRNA binding involved in posttranscriptional gene silencing	has_direct_input(ENSEMBL:ENSG00000100234)
GO:1903231	mRNA binding involved in posttranscriptional gene silencing	has_direct_input(ENSEMBL:ENSG00000100697)
GO:1903231	mRNA binding involved in posttranscriptional gene silencing	has_direct_input(ENSEMBL:ENSG00000101367)
GO:1903231	mRNA binding involved in posttranscriptional gene silencing	has_direct_input(ENSEMBL:ENSG00000101384)
GO:1903231	mRNA binding involved in posttranscriptional gene silencing	has_direct_input(ENSEMBL:ENSG00000101665)
GO:1903231	mRNA binding involved in posttranscriptional gene silencing	has_direct_input(ENSEMBL:ENSG00000102081)
GO:1903231	mRNA binding involved in posttranscriptional gene silencing	has_direct_input(ENSEMBL:ENSG00000102554)
GO:0035195	gene silencing by miRNA	has_direct_input(ENSEMBL:ENSG00000102554)
GO:1903231	mRNA binding involved in posttranscriptional gene silencing	has_direct_input(ENSEMBL:ENSG00000102974)
GO:1903231	mRNA binding involved in posttranscriptional gene silencing	has_direct_input(ENSEMBL:ENSG00000103855)
GO:1903231	mRNA binding involved in posttranscriptional gene silencing	has_direct_input(ENSEMBL:ENSG00000104081)
GO:1903231	mRNA binding involved in posttranscriptional gene silencing	has_direct_input(ENSEMBL:ENSG00000104290)
GO:1903231	mRNA binding involved in posttranscriptional gene silencing	has_direct_input(ENSEMBL:ENSG00000104368)
GO:1903231	mRNA binding involved in posttranscriptional gene silencing	has_direct_input(ENSEMBL:ENSG00000104447)
GO:1903231	mRNA binding involved in posttranscriptional gene silencing	has_direct_input(ENSEMBL:ENSG00000104695)
GO:1903231	mRNA binding involved in posttranscriptional gene silencing	has_direct_input(ENSEMBL:ENSG00000104765)
GO:1903231	mRNA binding involved in posttranscriptional gene silencing	has_direct_input(ENSEMBL:ENSG00000104765)
GO:1903231	mRNA binding involved in posttranscriptional gene silencing	has_direct_input(ENSEMBL:ENSG00000105173)
GO:1903231	mRNA binding involved in posttranscriptional gene silencing	has_direct_input(ENSEMBL:ENSG00000105221)
GO:1903231	mRNA binding involved in posttranscriptional gene silencing	has_direct_input(ENSEMBL:ENSG00000105327)
GO:1903231	mRNA binding involved in posttranscriptional gene silencing	has_direct_input(ENSEMBL:ENSG00000105329)
GO:1903231	mRNA binding involved in posttranscriptional gene silencing	has_direct_input(ENSEMBL:ENSG00000105810)
GO:1903231	mRNA binding involved in posttranscriptional gene silencing	has_direct_input(ENSEMBL:ENSG00000105976)
GO:1903231	mRNA binding involved in posttranscriptional gene silencing	has_direct_input(ENSEMBL:ENSG00000106397)
GO:0001227	transcriptional repressor activity, RNA polymerase II transcription regulatory region sequence-specific binding	has_direct_input(ENSEMBL:ENSG00000106511)
GO:0000977	RNA polymerase II regulatory region sequence-specific DNA binding	has_direct_input(ENSEMBL:ENSG00000107859)
GO:1903231	mRNA binding involved in posttranscriptional gene silencing	has_direct_input(ENSEMBL:ENSG00000107864)
GO:1903231	mRNA binding involved in posttranscriptional gene silencing	has_direct_input(ENSEMBL:ENSG00000108064)
GO:1903231	mRNA binding involved in posttranscriptional gene silencing	has_direct_input(ENSEMBL:ENSG00000108179)
GO:1903231	mRNA binding involved in posttranscriptional gene silencing	has_direct_input(ENSEMBL:ENSG00000108443)
GO:1903231	mRNA binding involved in posttranscriptional gene silencing	has_direct_input(ENSEMBL:ENSG00000108510)
GO:1903231	mRNA binding involved in posttranscriptional gene silencing	has_direct_input(ENSEMBL:ENSG00000108773)
GO:1903231	mRNA binding involved in posttranscriptional gene silencing	has_direct_input(ENSEMBL:ENSG00000108786)
GO:1903231	mRNA binding involved in posttranscriptional gene silencing	has_direct_input(ENSEMBL:ENSG00000108821)
GO:1903231	mRNA binding involved in posttranscriptional gene silencing	has_direct_input(ENSEMBL:ENSG00000109101)
GO:1903231	mRNA binding involved in posttranscriptional gene silencing	has_direct_input(ENSEMBL:ENSG00000109320)
GO:0001046	core promoter sequence-specific DNA binding	has_direct_input(ENSEMBL:ENSG00000109471)
GO:1903231	mRNA binding involved in posttranscriptional gene silencing	has_direct_input(ENSEMBL:ENSG00000109610)
GO:1903231	mRNA binding involved in posttranscriptional gene silencing	has_direct_input(ENSEMBL:ENSG00000109805)
GO:0003700	transcription factor activity, sequence-specific DNA binding	has_direct_input(ENSEMBL:ENSG00000109819)
GO:1903231	mRNA binding involved in posttranscriptional gene silencing	has_direct_input(ENSEMBL:ENSG00000110092)
GO:1903231	mRNA binding involved in posttranscriptional gene silencing	has_direct_input(ENSEMBL:ENSG00000110693)
GO:1903231	mRNA binding involved in posttranscriptional gene silencing	has_direct_input(ENSEMBL:ENSG00000111012)
GO:1903231	mRNA binding involved in posttranscriptional gene silencing	has_direct_input(ENSEMBL:ENSG00000111276)
GO:1903231	mRNA binding involved in posttranscriptional gene silencing	has_direct_input(ENSEMBL:ENSG00000111276)
GO:1903231	mRNA binding involved in posttranscriptional gene silencing	has_direct_input(ENSEMBL:ENSG00000111276)
GO:1903231	mRNA binding involved in posttranscriptional gene silencing	has_direct_input(ENSEMBL:ENSG00000111328
GO:1903231	mRNA binding involved in posttranscriptional gene silencing	has_direct_input(ENSEMBL:ENSG00000112033)
GO:1903231	mRNA binding involved in posttranscriptional gene silencing	has_direct_input(ENSEMBL:ENSG00000112062)
GO:0035195	gene silencing by miRNA	has_direct_input(ENSEMBL:ENSG00000112062)
GO:1903231	mRNA binding involved in posttranscriptional gene silencing	has_direct_input(ENSEMBL:ENSG00000112096)
GO:1903231	mRNA binding involved in posttranscriptional gene silencing	has_direct_input(ENSEMBL:ENSG00000112486)
GO:1903231	mRNA binding involved in posttranscriptional gene silencing	has_direct_input(ENSEMBL:ENSG00000112715)
GO:1903231	mRNA binding involved in posttranscriptional gene silencing	has_direct_input(ENSEMBL:ENSG00000112715)
GO:1903231	mRNA binding involved in posttranscriptional gene silencing	has_direct_input(ENSEMBL:ENSG00000112715)
GO:1903231	mRNA binding involved in posttranscriptional gene silencing	has_direct_input(ENSEMBL:ENSG00000112715)
GO:1903231	mRNA binding involved in posttranscriptional gene silencing	has_direct_input(ENSEMBL:ENSG00000113083)
GO:1903231	mRNA binding involved in posttranscriptional gene silencing	has_direct_input(ENSEMBL:ENSG00000113140)
GO:1903231	mRNA binding involved in posttranscriptional gene silencing	has_direct_input(ENSEMBL:ENSG00000113282)
GO:0035195	gene silencing by miRNA	has_direct_input(ENSEMBL:ENSG00000113282)
GO:1903231	mRNA binding involved in posttranscriptional gene silencing	has_direct_input(ENSEMBL:ENSG00000113575)
GO:1903231	mRNA binding involved in posttranscriptional gene silencing	has_direct_input(ENSEMBL:ENSG00000113742)
GO:1903231	mRNA binding involved in posttranscriptional gene silencing	has_direct_input(ENSEMBL:ENSG00000113916
GO:1903231	mRNA binding involved in posttranscriptional gene silencing	has_direct_input(ENSEMBL:ENSG00000114166)
GO:1903231	mRNA binding involved in posttranscriptional gene silencing	has_direct_input(ENSEMBL:ENSG00000114353)
GO:1903231	mRNA binding involved in posttranscriptional gene silencing	has_direct_input(ENSEMBL:ENSG00000114993)
GO:0035278	miRNA mediated inhibition of translation	has_direct_input(ENSEMBL:ENSG00000114993)
GO:1903231	mRNA binding involved in posttranscriptional gene silencing	has_direct_input(ENSEMBL:ENSG00000115009)
GO:1903231	mRNA binding involved in posttranscriptional gene silencing	has_direct_input(ENSEMBL:ENSG00000115310)
GO:1903231	mRNA binding involved in posttranscriptional gene silencing	has_direct_input(ENSEMBL:ENSG00000115355)
GO:1903231	mRNA binding involved in posttranscriptional gene silencing	has_direct_input(ENSEMBL:ENSG00000115504)
GO:1903231	mRNA binding involved in posttranscriptional gene silencing	has_direct_input(ENSEMBL:ENSG00000116062)
GO:1903231	mRNA binding involved in posttranscriptional gene silencing	has_direct_input(ENSEMBL:ENSG00000116198)
GO:1903231	mRNA binding involved in posttranscriptional gene silencing	has_direct_input(ENSEMBL:ENSG00000116641)
GO:0000978	RNA polymerase II core promoter proximal region sequence-specific DNA binding	has_direct_input(ENSEMBL:ENSG00000116761
GO:1903231	mRNA binding involved in posttranscriptional gene silencing	has_direct_input(ENSEMBL:ENSG00000117013)
GO:1903231	mRNA binding involved in posttranscriptional gene silencing	has_direct_input(ENSEMBL:ENSG00000117020)
GO:1903231	mRNA binding involved in posttranscriptional gene silencing	has_direct_input(ENSEMBL:ENSG00000117020)
GO:1903231	mRNA binding involved in posttranscriptional gene silencing	has_direct_input(ENSEMBL:ENSG00000117525)
GO:1903231	mRNA binding involved in posttranscriptional gene silencing	has_direct_input(ENSEMBL:ENSG00000117560)
GO:1903231	mRNA binding involved in posttranscriptional gene silencing	has_direct_input(ENSEMBL:ENSG00000117560)
GO:1903231	mRNA binding involved in posttranscriptional gene silencing	has_direct_input(ENSEMBL:ENSG00000117560)
GO:1903231	mRNA binding involved in posttranscriptional gene silencing	has_direct_input(ENSEMBL:ENSG00000118523)
GO:0035195	gene silencing by miRNA	has_direct_input(ENSEMBL:ENSG00000118523)
GO:1903231	mRNA binding involved in posttranscriptional gene silencing	has_direct_input(ENSEMBL:ENSG00000118689)
GO:1903231	mRNA binding involved in posttranscriptional gene silencing	has_direct_input(ENSEMBL:ENSG00000118971)
GO:1903231	mRNA binding involved in posttranscriptional gene silencing	has_direct_input(ENSEMBL:ENSG00000119772)
GO:1903231	mRNA binding involved in posttranscriptional gene silencing	has_direct_input(ENSEMBL:ENSG00000119950)
GO:1903231	mRNA binding involved in posttranscriptional gene silencing	has_direct_input(ENSEMBL:ENSG00000120075)
GO:1903231	mRNA binding involved in posttranscriptional gene silencing	has_direct_input(ENSEMBL:ENSG00000120280)
GO:1903231	mRNA binding involved in posttranscriptional gene silencing	has_direct_input(ENSEMBL:ENSG00000120868)
GO:1903231	mRNA binding involved in posttranscriptional gene silencing	has_direct_input(ENSEMBL:ENSG00000120868)
GO:1903231	mRNA binding involved in posttranscriptional gene silencing	has_direct_input(ENSEMBL:ENSG00000120885)
GO:1903231	mRNA binding involved in posttranscriptional gene silencing	has_direct_input(ENSEMBL:ENSG00000120889)
GO:1903231	mRNA binding involved in posttranscriptional gene silencing	has_direct_input(ENSEMBL:ENSG00000122707)
GO:1903231	mRNA binding involved in posttranscriptional gene silencing	has_direct_input(ENSEMBL:ENSG00000123500)
GO:1903231	mRNA binding involved in posttranscriptional gene silencing	has_direct_input(ENSEMBL:ENSG00000123700)
GO:1903231	mRNA binding involved in posttranscriptional gene silencing	has_direct_input(ENSEMBL:ENSG00000123700)
GO:1903231	mRNA binding involved in posttranscriptional gene silencing	has_direct_input(ENSEMBL:ENSG00000124216)
GO:1903231	mRNA binding involved in posttranscriptional gene silencing	has_direct_input(ENSEMBL:ENSG00000124762)
GO:1903231	mRNA binding involved in posttranscriptional gene silencing	has_direct_input(ENSEMBL:ENSG00000124802)
GO:1903231	mRNA binding involved in posttranscriptional gene silencing	has_direct_input(ENSEMBL:ENSG00000124831)
GO:0000977	RNA polymerase II regulatory region sequence-specific DNA binding	has_direct_input(ENSEMBL:ENSG00000125084
GO:1903231	mRNA binding involved in posttranscriptional gene silencing	has_direct_input(ENSEMBL:ENSG00000125266)
GO:1903231	mRNA binding involved in posttranscriptional gene silencing	has_direct_input(ENSEMBL:ENSG00000125538)
GO:1903231	mRNA binding involved in posttranscriptional gene silencing	has_direct_input(ENSEMBL:ENSG00000125538)
GO:1903231	mRNA binding involved in posttranscriptional gene silencing	has_direct_input(ENSEMBL:ENSG00000125633)
GO:1903231	mRNA binding involved in posttranscriptional gene silencing	has_direct_input(ENSEMBL:ENSG00000125965)
GO:1903231	mRNA binding involved in posttranscriptional gene silencing	has_direct_input(ENSEMBL:ENSG00000126561)
GO:1903231	mRNA binding involved in posttranscriptional gene silencing	has_direct_input(ENSEMBL:ENSG00000126561)
GO:1903231	mRNA binding involved in posttranscriptional gene silencing	has_direct_input(ENSEMBL:ENSG00000126561)
GO:1903231	mRNA binding involved in posttranscriptional gene silencing	has_direct_input(ENSEMBL:ENSG00000126602)
GO:1903231	mRNA binding involved in posttranscriptional gene silencing	has_direct_input(ENSEMBL:ENSG00000127314)
GO:1903231	mRNA binding involved in posttranscriptional gene silencing	has_direct_input(ENSEMBL:ENSG00000127528)
GO:1903231	mRNA binding involved in posttranscriptional gene silencing	has_direct_input(ENSEMBL:ENSG00000127616)
GO:1903231	mRNA binding involved in posttranscriptional gene silencing	has_direct_input(ENSEMBL:ENSG00000128052)
GO:1903231	mRNA binding involved in posttranscriptional gene silencing	has_direct_input(ENSEMBL:ENSG00000128512)
GO:1903231	mRNA binding involved in posttranscriptional gene silencing	has_direct_input(ENSEMBL:ENSG00000128513)
GO:1903231	mRNA binding involved in posttranscriptional gene silencing	has_direct_input(ENSEMBL:ENSG00000129757)
GO:1903231	mRNA binding involved in posttranscriptional gene silencing	has_direct_input(ENSEMBL:ENSG00000129757)
GO:1903231	mRNA binding involved in posttranscriptional gene silencing	has_direct_input(ENSEMBL:ENSG00000129757)
GO:1903231	mRNA binding involved in posttranscriptional gene silencing	has_direct_input(ENSEMBL:ENSG00000130158)
GO:1903231	mRNA binding involved in posttranscriptional gene silencing	has_direct_input(ENSEMBL:ENSG00000130703)
GO:1903231	mRNA binding involved in posttranscriptional gene silencing	has_direct_input(ENSEMBL:ENSG00000130816)
GO:1903231	mRNA binding involved in posttranscriptional gene silencing	has_direct_input(ENSEMBL:ENSG00000131788)
GO:1903231	mRNA binding involved in posttranscriptional gene silencing	has_direct_input(ENSEMBL:ENSG00000131914)
GO:0035195	gene silencing by miRNA	has_direct_input(ENSEMBL:ENSG00000131914)
GO:1903231	mRNA binding involved in posttranscriptional gene silencing	has_direct_input(ENSEMBL:ENSG00000132170)
GO:1903231	mRNA binding involved in posttranscriptional gene silencing	has_direct_input(ENSEMBL:ENSG00000132330)
GO:1903231	mRNA binding involved in posttranscriptional gene silencing	has_direct_input(ENSEMBL:ENSG00000132470)
GO:1903231	mRNA binding involved in posttranscriptional gene silencing	has_direct_input(ENSEMBL:ENSG00000132470)
GO:1903231	mRNA binding involved in posttranscriptional gene silencing	has_direct_input(ENSEMBL:ENSG00000132612)
GO:1903231	mRNA binding involved in posttranscriptional gene silencing	has_direct_input(ENSEMBL:ENSG00000132972)
GO:1903231	mRNA binding involved in posttranscriptional gene silencing	has_direct_input(ENSEMBL:ENSG00000134046)
GO:1903231	mRNA binding involved in posttranscriptional gene silencing	has_direct_input(ENSEMBL:ENSG00000134086)
GO:1903231	mRNA binding involved in posttranscriptional gene silencing	has_direct_input(ENSEMBL:ENSG00000134121)
GO:1903231	mRNA binding involved in posttranscriptional gene silencing	has_direct_input(ENSEMBL:ENSG00000134532)
GO:0035195	gene silencing by miRNA	has_direct_input(ENSEMBL:ENSG00000134852)
GO:1903231	mRNA binding involved in posttranscriptional gene silencing	has_direct_input(ENSEMBL:ENSG00000134852)
GO:1903231	mRNA binding involved in posttranscriptional gene silencing	has_direct_input(ENSEMBL:ENSG00000134871)
GO:1903231	mRNA binding involved in posttranscriptional gene silencing	has_direct_input(ENSEMBL:ENSG00000134954)
GO:1903231	mRNA binding involved in posttranscriptional gene silencing	has_direct_input(ENSEMBL:ENSG00000135046)
GO:1903231	mRNA binding involved in posttranscriptional gene silencing	has_direct_input(ENSEMBL:ENSG00000135164)
GO:1903231	mRNA binding involved in posttranscriptional gene silencing	has_direct_input(ENSEMBL:ENSG00000135679)
GO:1903231	mRNA binding involved in posttranscriptional gene silencing	has_direct_input(ENSEMBL:ENSG00000135862)
GO:1903231	mRNA binding involved in posttranscriptional gene silencing	has_direct_input(ENSEMBL:ENSG00000135905)
GO:1903231	mRNA binding involved in posttranscriptional gene silencing	has_direct_input(ENSEMBL:ENSG00000136158
GO:1903231	mRNA binding involved in posttranscriptional gene silencing	has_direct_input(ENSEMBL:ENSG00000136158
GO:0035195	gene silencing by miRNA	has_direct_input(ENSEMBL:ENSG00000136826
GO:1903231	mRNA binding involved in posttranscriptional gene silencing	has_direct_input(ENSEMBL:ENSG00000136826
GO:1903231	mRNA binding involved in posttranscriptional gene silencing	has_direct_input(ENSEMBL:ENSG00000136826)
GO:0000977	RNA polymerase II regulatory region sequence-specific DNA binding	has_direct_input(ENSEMBL:ENSG00000136944)
GO:1903231	mRNA binding involved in posttranscriptional gene silencing	has_direct_input(ENSEMBL:ENSG00000136986)
GO:1903231	mRNA binding involved in posttranscriptional gene silencing	has_direct_input(ENSEMBL:ENSG00000137309)
GO:0035195	gene silencing by miRNA	has_direct_input(ENSEMBL:ENSG00000137343)
GO:1903231	mRNA binding involved in posttranscriptional gene silencing	has_direct_input(ENSEMBL:ENSG00000137343)
GO:1903231	mRNA binding involved in posttranscriptional gene silencing	has_direct_input(ENSEMBL:ENSG00000137449)
GO:1903231	mRNA binding involved in posttranscriptional gene silencing	has_direct_input(ENSEMBL:ENSG00000137504)
GO:1903231	mRNA binding involved in posttranscriptional gene silencing	has_direct_input(ENSEMBL:ENSG00000137693)
GO:1903231	mRNA binding involved in posttranscriptional gene silencing	has_direct_input(ENSEMBL:ENSG00000137801)
GO:1903231	mRNA binding involved in posttranscriptional gene silencing	has_direct_input(ENSEMBL:ENSG00000138069)
GO:1903231	mRNA binding involved in posttranscriptional gene silencing	has_direct_input(ENSEMBL:ENSG00000138336)
GO:1903231	mRNA binding involved in posttranscriptional gene silencing	has_direct_input(ENSEMBL:ENSG00000138379)
GO:1903231	mRNA binding involved in posttranscriptional gene silencing	has_direct_input(ENSEMBL:ENSG00000138496)
GO:1903231	mRNA binding involved in posttranscriptional gene silencing	has_direct_input(ENSEMBL:ENSG00000138685)
GO:1903231	mRNA binding involved in posttranscriptional gene silencing	has_direct_input(ENSEMBL:ENSG00000138814)
GO:0035195	gene silencing by miRNA	has_direct_input(ENSEMBL:ENSG00000138814)
GO:1903231	mRNA binding involved in posttranscriptional gene silencing	has_direct_input(ENSEMBL:ENSG00000139372)
GO:1903231	mRNA binding involved in posttranscriptional gene silencing	has_direct_input(ENSEMBL:ENSG00000139687)
GO:1903231	mRNA binding involved in posttranscriptional gene silencing	has_direct_input(ENSEMBL:ENSG00000140350)
GO:1903231	mRNA binding involved in posttranscriptional gene silencing	has_direct_input(ENSEMBL:ENSG00000140416
GO:1903231	mRNA binding involved in posttranscriptional gene silencing	has_direct_input(ENSEMBL:ENSG00000140416)
GO:1903231	mRNA binding involved in posttranscriptional gene silencing	has_direct_input(ENSEMBL:ENSG00000140416)
GO:1903231	mRNA binding involved in posttranscriptional gene silencing	has_direct_input(ENSEMBL:ENSG00000140443)
GO:1903231	mRNA binding involved in posttranscriptional gene silencing	has_direct_input(ENSEMBL:ENSG00000141510)
GO:1903231	mRNA binding involved in posttranscriptional gene silencing	has_direct_input(ENSEMBL:ENSG00000141646)
GO:0035195	gene silencing by miRNA	has_direct_input(ENSEMBL:ENSG00000141646)
GO:1903231	mRNA binding involved in posttranscriptional gene silencing	has_direct_input(ENSEMBL:ENSG00000143248)
GO:1903231	mRNA binding involved in posttranscriptional gene silencing	has_direct_input(ENSEMBL:ENSG00000143384)
GO:1903231	mRNA binding involved in posttranscriptional gene silencing	has_direct_input(ENSEMBL:ENSG00000143507
GO:1903231	mRNA binding involved in posttranscriptional gene silencing	has_direct_input(ENSEMBL:ENSG00000143507)
GO:1903231	mRNA binding involved in posttranscriptional gene silencing	has_direct_input(ENSEMBL:ENSG00000143514)
GO:1903231	mRNA binding involved in posttranscriptional gene silencing	has_direct_input(ENSEMBL:ENSG00000143603)
GO:1903231	mRNA binding involved in posttranscriptional gene silencing	has_direct_input(ENSEMBL:ENSG00000143878
GO:1903231	mRNA binding involved in posttranscriptional gene silencing	has_direct_input(ENSEMBL:ENSG00000143878)
GO:1903231	mRNA binding involved in posttranscriptional gene silencing	has_direct_input(ENSEMBL:ENSG00000144560)
GO:0004879	RNA polymerase II transcription factor activity, ligand-activated sequence-specific DNA binding	has_direct_input(ENSEMBL:ENSG00000145214)
GO:0000977	RNA polymerase II regulatory region sequence-specific DNA binding	has_direct_input(ENSEMBL:ENSG00000145214)
GO:1903231	mRNA binding involved in posttranscriptional gene silencing	has_direct_input(ENSEMBL:ENSG00000146648)
GO:1903231	mRNA binding involved in posttranscriptional gene silencing	has_direct_input(ENSEMBL:ENSG00000147251)
GO:1903231	mRNA binding involved in posttranscriptional gene silencing	has_direct_input(ENSEMBL:ENSG00000147459)
GO:1903231	mRNA binding involved in posttranscriptional gene silencing	has_direct_input(ENSEMBL:ENSG00000147642)
GO:1903231	mRNA binding involved in posttranscriptional gene silencing	has_direct_input(ENSEMBL:ENSG00000147862
GO:1903231	mRNA binding involved in posttranscriptional gene silencing	has_direct_input(ENSEMBL:ENSG00000147862)
GO:1903231	mRNA binding involved in posttranscriptional gene silencing	has_direct_input(ENSEMBL:ENSG00000148516)
GO:1903231	mRNA binding involved in posttranscriptional gene silencing	has_direct_input(ENSEMBL:ENSG00000148848)
GO:1903231	mRNA binding involved in posttranscriptional gene silencing	has_direct_input(ENSEMBL:ENSG00000149257)
GO:1903231	mRNA binding involved in posttranscriptional gene silencing	has_direct_input(ENSEMBL:ENSG00000149269)
GO:1903231	mRNA binding involved in posttranscriptional gene silencing	has_direct_input(ENSEMBL:ENSG00000149554)
GO:1903231	mRNA binding involved in posttranscriptional gene silencing	has_direct_input(ENSEMBL:ENSG00000149948)
GO:1903231	mRNA binding involved in posttranscriptional gene silencing	has_direct_input(ENSEMBL:ENSG00000150093)
GO:1903231	mRNA binding involved in posttranscriptional gene silencing	has_direct_input(ENSEMBL:ENSG00000150593)
GO:1903231	mRNA binding involved in posttranscriptional gene silencing	has_direct_input(ENSEMBL:ENSG00000150593)
GO:1903231	mRNA binding involved in posttranscriptional gene silencing	has_direct_input(ENSEMBL:ENSG00000150593)
GO:1903231	mRNA binding involved in posttranscriptional gene silencing	has_direct_input(ENSEMBL:ENSG00000150593)
GO:1903231	mRNA binding involved in posttranscriptional gene silencing	has_direct_input(ENSEMBL:ENSG00000150593)
GO:1903231	mRNA binding involved in posttranscriptional gene silencing	has_direct_input(ENSEMBL:ENSG00000150760)
GO:1903231	mRNA binding involved in posttranscriptional gene silencing	has_direct_input(ENSEMBL:ENSG00000151067)
GO:1903231	mRNA binding involved in posttranscriptional gene silencing	has_direct_input(ENSEMBL:ENSG00000151067)
GO:1903231	mRNA binding involved in posttranscriptional gene silencing	has_direct_input(ENSEMBL:ENSG00000151694)
GO:0035195	gene silencing by miRNA	has_direct_input(ENSEMBL:ENSG00000151694)
GO:1903231	mRNA binding involved in posttranscriptional gene silencing	has_direct_input(ENSEMBL:ENSG00000151694)
GO:1903231	mRNA binding involved in posttranscriptional gene silencing	has_direct_input(ENSEMBL:ENSG00000151694)
GO:1903231	mRNA binding involved in posttranscriptional gene silencing	has_direct_input(ENSEMBL:ENSG00000151702)
GO:0035195	gene silencing by miRNA	has_direct_input(ENSEMBL:ENSG00000151883)
GO:1903231	mRNA binding involved in posttranscriptional gene silencing	has_direct_input(ENSEMBL:ENSG00000151883)
GO:1903231	mRNA binding involved in posttranscriptional gene silencing	has_direct_input(ENSEMBL:ENSG00000152409)
GO:1903231	mRNA binding involved in posttranscriptional gene silencing	has_direct_input(ENSEMBL:ENSG00000152661)
GO:1903231	mRNA binding involved in posttranscriptional gene silencing	has_direct_input(ENSEMBL:ENSG00000152661)
GO:1903231	mRNA binding involved in posttranscriptional gene silencing	has_direct_input(ENSEMBL:ENSG00000153094)
GO:0000977	RNA polymerase II regulatory region sequence-specific DNA binding	has_direct_input(ENSEMBL:ENSG00000153234)
GO:1903231	mRNA binding involved in posttranscriptional gene silencing	has_direct_input(ENSEMBL:ENSG00000155011)
GO:1903231	mRNA binding involved in posttranscriptional gene silencing	has_direct_input(ENSEMBL:ENSG00000155011)
GO:1903231	mRNA binding involved in posttranscriptional gene silencing	has_direct_input(ENSEMBL:ENSG00000156273)
GO:1903231	mRNA binding involved in posttranscriptional gene silencing	has_direct_input(ENSEMBL:ENSG00000156299)
GO:1903231	mRNA binding involved in posttranscriptional gene silencing	has_direct_input(ENSEMBL:ENSG00000157404)
GO:1903231	mRNA binding involved in posttranscriptional gene silencing	has_direct_input(ENSEMBL:ENSG00000157404)
GO:1903231	mRNA binding involved in posttranscriptional gene silencing	has_direct_input(ENSEMBL:ENSG00000157404)
GO:1903231	mRNA binding involved in posttranscriptional gene silencing	has_direct_input(ENSEMBL:ENSG00000157404)
GO:1903231	mRNA binding involved in posttranscriptional gene silencing	has_direct_input(ENSEMBL:ENSG00000159388)
GO:0035195	gene silencing by miRNA	has_direct_input(ENSEMBL:ENSG00000159713)
GO:1903231	mRNA binding involved in posttranscriptional gene silencing	has_direct_input(ENSEMBL:ENSG00000159713)
GO:1903231	mRNA binding involved in posttranscriptional gene silencing	has_direct_input(ENSEMBL:ENSG00000160325)
GO:1903231	mRNA binding involved in posttranscriptional gene silencing	has_direct_input(ENSEMBL:ENSG00000160882)
GO:1903231	mRNA binding involved in posttranscriptional gene silencing	has_direct_input(ENSEMBL:ENSG00000161202)
GO:1903231	mRNA binding involved in posttranscriptional gene silencing	has_direct_input(ENSEMBL:ENSG00000161638)
GO:1903231	mRNA binding involved in posttranscriptional gene silencing	has_direct_input(ENSEMBL:ENSG00000162434)
GO:1903231	mRNA binding involved in posttranscriptional gene silencing	has_direct_input(ENSEMBL:ENSG00000162595)
GO:0000977	RNA polymerase II regulatory region sequence-specific DNA binding	has_direct_input(ENSEMBL:ENSG00000162761)
GO:0000977	RNA polymerase II regulatory region sequence-specific DNA binding	has_direct_input(ENSEMBL:ENSG00000163132)
GO:1903231	mRNA binding involved in posttranscriptional gene silencing	has_direct_input(ENSEMBL:ENSG00000163251)
GO:1903231	mRNA binding involved in posttranscriptional gene silencing	has_direct_input(ENSEMBL:ENSG00000163513)
GO:1903231	mRNA binding involved in posttranscriptional gene silencing	has_direct_input(ENSEMBL:ENSG00000163513)
GO:1903231	mRNA binding involved in posttranscriptional gene silencing	has_direct_input(ENSEMBL:ENSG00000164045
GO:1903231	mRNA binding involved in posttranscriptional gene silencing	has_direct_input(ENSEMBL:ENSG00000164045)
GO:1903231	mRNA binding involved in posttranscriptional gene silencing	has_direct_input(ENSEMBL:ENSG00000164045)
GO:1903231	mRNA binding involved in posttranscriptional gene silencing	has_direct_input(ENSEMBL:ENSG00000164056)
GO:1903231	mRNA binding involved in posttranscriptional gene silencing	has_direct_input(ENSEMBL:ENSG00000164120)
GO:1903231	mRNA binding involved in posttranscriptional gene silencing	has_direct_input(ENSEMBL:ENSG00000164305)
GO:0042789	mRNA transcription from RNA polymerase II promoter	has_direct_input(ENSEMBL:ENSG00000164362)
GO:1903231	mRNA binding involved in posttranscriptional gene silencing	has_direct_input(ENSEMBL:ENSG00000164398)
GO:1903231	mRNA binding involved in posttranscriptional gene silencing	has_direct_input(ENSEMBL:ENSG00000164692)
GO:1903231	mRNA binding involved in posttranscriptional gene silencing	has_direct_input(ENSEMBL:ENSG00000164867)
GO:1903231	mRNA binding involved in posttranscriptional gene silencing	has_direct_input(ENSEMBL:ENSG00000164938)
GO:1903231	mRNA binding involved in posttranscriptional gene silencing	has_direct_input(ENSEMBL:ENSG00000165029)
GO:1903231	mRNA binding involved in posttranscriptional gene silencing	has_direct_input(ENSEMBL:ENSG00000165119)
GO:1903231	mRNA binding involved in posttranscriptional gene silencing	has_direct_input(ENSEMBL:ENSG00000165338)
GO:1903231	mRNA binding involved in posttranscriptional gene silencing	has_direct_input(ENSEMBL:ENSG00000165995)
GO:1903231	mRNA binding involved in posttranscriptional gene silencing	has_direct_input(ENSEMBL:ENSG00000166147)
GO:1903231	mRNA binding involved in posttranscriptional gene silencing	has_direct_input(ENSEMBL:ENSG00000166478)
GO:1903231	mRNA binding involved in posttranscriptional gene silencing	has_direct_input(ENSEMBL:ENSG00000166483)
GO:1903231	mRNA binding involved in posttranscriptional gene silencing	has_direct_input(ENSEMBL:ENSG00000166483)
GO:1903231	mRNA binding involved in posttranscriptional gene silencing	has_direct_input(ENSEMBL:ENSG00000168209)
GO:1903231	mRNA binding involved in posttranscriptional gene silencing	has_direct_input(ENSEMBL:ENSG00000168256)
GO:1903231	mRNA binding involved in posttranscriptional gene silencing	has_direct_input(ENSEMBL:ENSG00000168300)
GO:1903231	mRNA binding involved in posttranscriptional gene silencing	has_direct_input(ENSEMBL:ENSG00000168487)
GO:1903231	mRNA binding involved in posttranscriptional gene silencing	has_direct_input(ENSEMBL:ENSG00000168542)
GO:1903231	mRNA binding involved in posttranscriptional gene silencing	has_direct_input(ENSEMBL:ENSG00000168610)
GO:1903231	mRNA binding involved in posttranscriptional gene silencing	has_direct_input(ENSEMBL:ENSG00000168906)
GO:1903231	mRNA binding involved in posttranscriptional gene silencing	has_direct_input(ENSEMBL:ENSG00000169032)
GO:1903231	mRNA binding involved in posttranscriptional gene silencing	has_direct_input(ENSEMBL:ENSG00000169252)
GO:0035925	mRNA 3'-UTR AU-rich region binding	has_direct_input(ENSEMBL:ENSG00000169429)
GO:1903231	mRNA binding involved in posttranscriptional gene silencing	has_direct_input(ENSEMBL:ENSG00000169554)
GO:1903231	mRNA binding involved in posttranscriptional gene silencing	has_direct_input(ENSEMBL:ENSG00000169564)
GO:1903231	mRNA binding involved in posttranscriptional gene silencing	has_direct_input(ENSEMBL:ENSG00000170345)
GO:1903231	mRNA binding involved in posttranscriptional gene silencing	has_direct_input(ENSEMBL:ENSG00000170430)
GO:1903231	mRNA binding involved in posttranscriptional gene silencing	has_direct_input(ENSEMBL:ENSG00000170558)
GO:0035195	gene silencing by miRNA	has_direct_input(ENSEMBL:ENSG00000170558)
GO:1903231	mRNA binding involved in posttranscriptional gene silencing	has_direct_input(ENSEMBL:ENSG00000170921)
GO:1903231	mRNA binding involved in posttranscriptional gene silencing	has_direct_input(ENSEMBL:ENSG00000171150)
GO:1903231	mRNA binding involved in posttranscriptional gene silencing	has_direct_input(ENSEMBL:ENSG00000171552)
GO:1903231	mRNA binding involved in posttranscriptional gene silencing	has_direct_input(ENSEMBL:ENSG00000171560)
GO:1903231	mRNA binding involved in posttranscriptional gene silencing	has_direct_input(ENSEMBL:ENSG00000171564)
GO:1903231	mRNA binding involved in posttranscriptional gene silencing	has_direct_input(ENSEMBL:ENSG00000171791)
GO:0003730	mRNA 3'-UTR binding	has_direct_input(ENSEMBL:ENSG00000171791)
GO:1903231	mRNA binding involved in posttranscriptional gene silencing	has_direct_input(ENSEMBL:ENSG00000171862)
GO:1903231	mRNA binding involved in posttranscriptional gene silencing	has_direct_input(ENSEMBL:ENSG00000171862)
GO:1903231	mRNA binding involved in posttranscriptional gene silencing	has_direct_input(ENSEMBL:ENSG00000172575
GO:1903231	mRNA binding involved in posttranscriptional gene silencing	has_direct_input(ENSEMBL:ENSG00000172936)
GO:1903231	mRNA binding involved in posttranscriptional gene silencing	has_direct_input(ENSEMBL:ENSG00000173039)
GO:1903231	mRNA binding involved in posttranscriptional gene silencing	has_direct_input(ENSEMBL:ENSG00000175206)
GO:1903231	mRNA binding involved in posttranscriptional gene silencing	has_direct_input(ENSEMBL:ENSG00000175387)
GO:1903231	mRNA binding involved in posttranscriptional gene silencing	has_direct_input(ENSEMBL:ENSG00000175445
GO:1903231	mRNA binding involved in posttranscriptional gene silencing	has_direct_input(ENSEMBL:ENSG00000175727)
GO:1903231	mRNA binding involved in posttranscriptional gene silencing	has_direct_input(ENSEMBL:ENSG00000176171)
GO:0035195	gene silencing by miRNA	has_direct_input(ENSEMBL:ENSG00000176171)
GO:1903231	mRNA binding involved in posttranscriptional gene silencing	has_direct_input(ENSEMBL:ENSG00000176422)
GO:1903231	mRNA binding involved in posttranscriptional gene silencing	has_direct_input(ENSEMBL:ENSG00000176788)
GO:1903231	mRNA binding involved in posttranscriptional gene silencing	has_direct_input(ENSEMBL:ENSG00000176842)
GO:1903231	mRNA binding involved in posttranscriptional gene silencing	has_direct_input(ENSEMBL:ENSG00000177479)
GO:1903231	mRNA binding involved in posttranscriptional gene silencing	has_direct_input(ENSEMBL:ENSG00000179094)
GO:1903231	mRNA binding involved in posttranscriptional gene silencing	has_direct_input(ENSEMBL:ENSG00000179142)
GO:0001227	transcriptional repressor activity, RNA polymerase II transcription regulatory region sequence-specific binding	has_direct_input(ENSEMBL:ENSG00000179776)
GO:1903231	mRNA binding involved in posttranscriptional gene silencing	has_direct_input(ENSEMBL:ENSG00000180628)
GO:1903231	mRNA binding involved in posttranscriptional gene silencing	has_direct_input(ENSEMBL:ENSG00000181274)
GO:0035195	gene silencing by miRNA	has_direct_input(ENSEMBL:ENSG00000181449
GO:1903231	mRNA binding involved in posttranscriptional gene silencing	has_direct_input(ENSEMBL:ENSG00000181449
GO:1903231	mRNA binding involved in posttranscriptional gene silencing	has_direct_input(ENSEMBL:ENSG00000182872)
GO:1903231	mRNA binding involved in posttranscriptional gene silencing	has_direct_input(ENSEMBL:ENSG00000183735)
GO:1903231	mRNA binding involved in posttranscriptional gene silencing	has_direct_input(ENSEMBL:ENSG00000184216)
GO:1903231	mRNA binding involved in posttranscriptional gene silencing	has_direct_input(ENSEMBL:ENSG00000184557)
GO:1903231	mRNA binding involved in posttranscriptional gene silencing	has_direct_input(ENSEMBL:ENSG00000185338
GO:1903231	mRNA binding involved in posttranscriptional gene silencing	has_direct_input(ENSEMBL:ENSG00000185338
GO:1903231	mRNA binding involved in posttranscriptional gene silencing	has_direct_input(ENSEMBL:ENSG00000185338)
GO:1903231	mRNA binding involved in posttranscriptional gene silencing	has_direct_input(ENSEMBL:ENSG00000185338)
GO:1903231	mRNA binding involved in posttranscriptional gene silencing	has_direct_input(ENSEMBL:ENSG00000185591)
GO:1903231	mRNA binding involved in posttranscriptional gene silencing	has_direct_input(ENSEMBL:ENSG00000185697)
GO:1903231	mRNA binding involved in posttranscriptional gene silencing	has_direct_input(ENSEMBL:ENSG00000186106)
GO:1903231	mRNA binding involved in posttranscriptional gene silencing	has_direct_input(ENSEMBL:ENSG00000186350)
GO:1903231	mRNA binding involved in posttranscriptional gene silencing	has_direct_input(ENSEMBL:ENSG00000186376)
GO:1903231	mRNA binding involved in posttranscriptional gene silencing	has_direct_input(ENSEMBL:ENSG00000186868)
GO:1903231	mRNA binding involved in posttranscriptional gene silencing	has_direct_input(ENSEMBL:ENSG00000186951
GO:1903231	mRNA binding involved in posttranscriptional gene silencing	has_direct_input(ENSEMBL:ENSG00000186951)
GO:1903231	mRNA binding involved in posttranscriptional gene silencing	has_direct_input(ENSEMBL:ENSG00000186951)
GO:1903231	mRNA binding involved in posttranscriptional gene silencing	has_direct_input(ENSEMBL:ENSG00000187498)
GO:1903231	mRNA binding involved in posttranscriptional gene silencing	has_direct_input(ENSEMBL:ENSG00000188529)
GO:1903231	mRNA binding involved in posttranscriptional gene silencing	has_direct_input(ENSEMBL:ENSG00000189079)
GO:1903231	mRNA binding involved in posttranscriptional gene silencing	has_direct_input(ENSEMBL:ENSG00000196611)
GO:1903231	mRNA binding involved in posttranscriptional gene silencing	has_direct_input(ENSEMBL:ENSG00000197579)
GO:1903231	mRNA binding involved in posttranscriptional gene silencing	has_direct_input(ENSEMBL:ENSG00000197579)
GO:1903231	mRNA binding involved in posttranscriptional gene silencing	has_direct_input(ENSEMBL:ENSG00000197747)
GO:1903231	mRNA binding involved in posttranscriptional gene silencing	has_direct_input(ENSEMBL:ENSG00000204209)
GO:1903231	mRNA binding involved in posttranscriptional gene silencing	has_direct_input(ENSEMBL:ENSG00000204217)
GO:1903231	mRNA binding involved in posttranscriptional gene silencing	has_direct_input(ENSEMBL:ENSG00000204217)
GO:1903231	mRNA binding involved in posttranscriptional gene silencing	has_direct_input(ENSEMBL:ENSG00000204262)
GO:1903231	mRNA binding involved in posttranscriptional gene silencing	has_direct_input(ENSEMBL:ENSG00000204291)
GO:1903231	mRNA binding involved in posttranscriptional gene silencing	has_direct_input(ENSEMBL:ENSG00000204490)
GO:0035195	gene silencing by miRNA	has_direct_input(ENSEMBL:ENSG00000204531
GO:1903231	mRNA binding involved in posttranscriptional gene silencing	has_direct_input(ENSEMBL:ENSG00000204531
GO:1903231	mRNA binding involved in posttranscriptional gene silencing	has_direct_input(ENSEMBL:ENSG00000206075)
GO:1903231	mRNA binding involved in posttranscriptional gene silencing	has_direct_input(ENSEMBL:ENSG00000206075)
GO:0000982	transcription factor activity, RNA polymerase II core promoter proximal region sequence-specific binding	has_direct_input(ENSEMBL:ENSG00000207725)
GO:0000978	RNA polymerase II core promoter proximal region sequence-specific DNA binding	has_direct_input(ENSEMBL:ENSG00000207870
GO:0000983	transcription factor activity, RNA polymerase II core promoter sequence-specific	has_direct_input(ENSEMBL:ENSG00000208005)
GO:0000978	RNA polymerase II core promoter proximal region sequence-specific DNA binding	has_direct_input(ENSEMBL:ENSG00000215417)
GO:1903231	mRNA binding involved in posttranscriptional gene silencing	has_direct_input(ENSEMBL:ENSG00000217128)
GO:1903231	mRNA binding involved in posttranscriptional gene silencing	has_direct_input(ENSEMBL:ENSG00000220201)
GO:1903231	mRNA binding involved in posttranscriptional gene silencing	has_direct_input(ENSEMBL:ENSG00000221914)
GO:1903231	mRNA binding involved in posttranscriptional gene silencing	has_direct_input(ENSEMBL:ENSG00000247556)
GO:0000983	transcription factor activity, RNA polymerase II core promoter sequence-specific	has_direct_input(ENSEMBL:ENSG00000249669
GO:0001228	transcriptional activator activity, RNA polymerase II transcription regulatory region sequence-specific binding	has_direct_input(ENSEMBL:ENSG00000249669)
GO:0001159	core promoter proximal region DNA binding	has_direct_input(ENSEMBL:ENSG00000270069)
GO:0000978	RNA polymerase II core promoter proximal region sequence-specific DNA binding	has_direct_input(ENSEMBL:ENSG00000270069)
GO:0000982	transcription factor activity, RNA polymerase II core promoter proximal region sequence-specific binding	has_direct_input(ENSEMBL:ENSG00000270069)
GO:0001228	transcriptional activator activity, RNA polymerase II transcription regulatory region sequence-specific binding	has_direct_input(ENSEMBL:ENSG00000276365
GO:0000983	transcription factor activity, RNA polymerase II core promoter sequence-specific	has_direct_input(ENSEMBL:ENSG00000276365)
GO:1903231	mRNA binding involved in posttranscriptional gene silencing	has_direct_input(ENSEMBL:ENSG00000277443)
GO:1903231	mRNA binding involved in posttranscriptional gene silencing	has_direct_input(ENSEMBL:ENSMUSG00000000957)
GO:0000977	RNA polymerase II regulatory region sequence-specific DNA binding	has_direct_input(ENSEMBL:ENSMUSG00000001123
GO:1903231	mRNA binding involved in posttranscriptional gene silencing	has_direct_input(ENSEMBL:ENSMUSG00000001506)
GO:1903231	mRNA binding involved in posttranscriptional gene silencing	has_direct_input(ENSEMBL:ENSMUSG00000002108)
GO:1903231	mRNA binding involved in posttranscriptional gene silencing	has_direct_input(ENSEMBL:ENSMUSG00000002996)
GO:1903231	mRNA binding involved in posttranscriptional gene silencing	has_direct_input(ENSEMBL:ENSMUSG00000003032)
GO:0035195	gene silencing by miRNA	has_direct_input(ENSEMBL:ENSMUSG00000003032)
GO:1903231	mRNA binding involved in posttranscriptional gene silencing	has_direct_input(ENSEMBL:ENSMUSG00000003032)
GO:1903231	mRNA binding involved in posttranscriptional gene silencing	has_direct_input(ENSEMBL:ENSMUSG00000003032)
GO:0035195	gene silencing by miRNA	has_direct_input(ENSEMBL:ENSMUSG00000003032)
GO:1903231	mRNA binding involved in posttranscriptional gene silencing	has_direct_input(ENSEMBL:ENSMUSG00000004098)
GO:1903231	mRNA binding involved in posttranscriptional gene silencing	has_direct_input(ENSEMBL:ENSMUSG00000005034)
GO:0035195	gene silencing by miRNA	has_direct_input(ENSEMBL:ENSMUSG00000005148
GO:0035195	gene silencing by miRNA	has_direct_input(ENSEMBL:ENSMUSG00000005148
GO:1903231	mRNA binding involved in posttranscriptional gene silencing	has_direct_input(ENSEMBL:ENSMUSG00000005148)
GO:1903231	mRNA binding involved in posttranscriptional gene silencing	has_direct_input(ENSEMBL:ENSMUSG00000005148)
GO:1903231	mRNA binding involved in posttranscriptional gene silencing	has_direct_input(ENSEMBL:ENSMUSG00000005148)
GO:0035195	gene silencing by miRNA	has_direct_input(ENSEMBL:ENSMUSG00000005148)
GO:1903231	mRNA binding involved in posttranscriptional gene silencing	has_direct_input(ENSEMBL:ENSMUSG00000005533)
GO:0001077	transcriptional activator activity, RNA polymerase II core promoter proximal region sequence-specific binding	has_direct_input(ENSEMBL:ENSMUSG00000005583)
GO:1903231	mRNA binding involved in posttranscriptional gene silencing	has_direct_input(ENSEMBL:ENSMUSG00000006699)
GO:1903231	mRNA binding involved in posttranscriptional gene silencing	has_direct_input(ENSEMBL:ENSMUSG00000007617)
GO:1903231	mRNA binding involved in posttranscriptional gene silencing	has_direct_input(ENSEMBL:ENSMUSG00000007617)
GO:1903231	mRNA binding involved in posttranscriptional gene silencing	has_direct_input(ENSEMBL:ENSMUSG00000007815)
GO:1903231	mRNA binding involved in posttranscriptional gene silencing	has_direct_input(ENSEMBL:ENSMUSG00000009097)
GO:1903231	mRNA binding involved in posttranscriptional gene silencing	has_direct_input(ENSEMBL:ENSMUSG00000009406)
GO:1903231	mRNA binding involved in posttranscriptional gene silencing	has_direct_input(ENSEMBL:ENSMUSG00000009555)
GO:1903231	mRNA binding involved in posttranscriptional gene silencing	has_direct_input(ENSEMBL:ENSMUSG00000009569)
GO:0035195	gene silencing by miRNA	has_direct_input(ENSEMBL:ENSMUSG00000009569)
GO:1903231	mRNA binding involved in posttranscriptional gene silencing	has_direct_input(ENSEMBL:ENSMUSG00000009569)
GO:0035195	gene silencing by miRNA	has_direct_input(ENSEMBL:ENSMUSG00000009569)
GO:1903231	mRNA binding involved in posttranscriptional gene silencing	has_direct_input(ENSEMBL:ENSMUSG00000009630
GO:0001077	transcriptional activator activity, RNA polymerase II core promoter proximal region sequence-specific binding	has_direct_input(ENSEMBL:ENSMUSG00000015605)
GO:0035278	miRNA mediated inhibition of translation	has_direct_input(ENSEMBL:ENSMUSG00000015605)
GO:0001078	transcriptional repressor activity, RNA polymerase II core promoter proximal region sequence-specific binding	has_direct_input(ENSEMBL:ENSMUSG00000015605)
GO:1900114	positive regulation of histone H3-K9 trimethylation	has_direct_input(ENSEMBL:ENSMUSG00000015605)
GO:1903231	mRNA binding involved in posttranscriptional gene silencing	has_direct_input(ENSEMBL:ENSMUSG00000015605)
GO:1903231	mRNA binding involved in posttranscriptional gene silencing	has_direct_input(ENSEMBL:ENSMUSG00000017466)
GO:1903231	mRNA binding involved in posttranscriptional gene silencing	has_direct_input(ENSEMBL:ENSMUSG00000018666)
GO:1903231	mRNA binding involved in posttranscriptional gene silencing	has_direct_input(ENSEMBL:ENSMUSG00000018983)
GO:1903231	mRNA binding involved in posttranscriptional gene silencing	has_direct_input(ENSEMBL:ENSMUSG00000019850)
GO:1903231	mRNA binding involved in posttranscriptional gene silencing	has_direct_input(ENSEMBL:ENSMUSG00000020044)
GO:1903231	mRNA binding involved in posttranscriptional gene silencing	has_direct_input(ENSEMBL:ENSMUSG00000020053
GO:1903231	mRNA binding involved in posttranscriptional gene silencing	has_direct_input(ENSEMBL:ENSMUSG00000020053)
GO:1903231	mRNA binding involved in posttranscriptional gene silencing	has_direct_input(ENSEMBL:ENSMUSG00000020063
GO:0035195	gene silencing by miRNA	has_direct_input(ENSEMBL:ENSMUSG00000020121)
GO:1903231	mRNA binding involved in posttranscriptional gene silencing	has_direct_input(ENSEMBL:ENSMUSG00000020121)
GO:0035195	gene silencing by miRNA	has_direct_input(ENSEMBL:ENSMUSG00000020189)
GO:1903231	mRNA binding involved in posttranscriptional gene silencing	has_direct_input(ENSEMBL:ENSMUSG00000020189)
GO:1903231	mRNA binding involved in posttranscriptional gene silencing	has_direct_input(ENSEMBL:ENSMUSG00000020349
GO:0001077	transcriptional activator activity, RNA polymerase II core promoter proximal region sequence-specific binding	has_direct_input(ENSEMBL:ENSMUSG00000020542)
GO:0001078	transcriptional repressor activity, RNA polymerase II core promoter proximal region sequence-specific binding	has_direct_input(ENSEMBL:ENSMUSG00000020542)
GO:1900114	positive regulation of histone H3-K9 trimethylation	has_direct_input(ENSEMBL:ENSMUSG00000020542)
GO:1903231	mRNA binding involved in posttranscriptional gene silencing	has_direct_input(ENSEMBL:ENSMUSG00000020681)
GO:0044212	transcription regulatory region DNA binding	has_direct_input(ENSEMBL:ENSMUSG00000020866
GO:0044212	transcription regulatory region DNA binding	has_direct_input(ENSEMBL:ENSMUSG00000020866)
GO:1903231	mRNA binding involved in posttranscriptional gene silencing	has_direct_input(ENSEMBL:ENSMUSG00000021253)
GO:0042789	mRNA transcription from RNA polymerase II promoter	has_direct_input(ENSEMBL:ENSMUSG00000021611)
GO:1903231	mRNA binding involved in posttranscriptional gene silencing	has_direct_input(ENSEMBL:ENSMUSG00000021611)
GO:1903231	mRNA binding involved in posttranscriptional gene silencing	has_direct_input(ENSEMBL:ENSMUSG00000021936)
GO:1903231	mRNA binding involved in posttranscriptional gene silencing	has_direct_input(ENSEMBL:ENSMUSG00000022306)
GO:1903231	mRNA binding involved in posttranscriptional gene silencing	has_direct_input(ENSEMBL:ENSMUSG00000022358)
GO:1903231	mRNA binding involved in posttranscriptional gene silencing	has_direct_input(ENSEMBL:ENSMUSG00000022469)
GO:0001078	transcriptional repressor activity, RNA polymerase II core promoter proximal region sequence-specific binding	has_direct_input(ENSEMBL:ENSMUSG00000022475)
GO:0000979	RNA polymerase II core promoter sequence-specific DNA binding	has_direct_input(ENSEMBL:ENSMUSG00000022607
GO:0000981	RNA polymerase II transcription factor activity, sequence-specific DNA binding	has_direct_input(ENSEMBL:ENSMUSG00000022607)
GO:1903231	mRNA binding involved in posttranscriptional gene silencing	has_direct_input(ENSEMBL:ENSMUSG00000022812)
GO:1903231	mRNA binding involved in posttranscriptional gene silencing	has_direct_input(ENSEMBL:ENSMUSG00000022895)
GO:1903231	mRNA binding involved in posttranscriptional gene silencing	has_direct_input(ENSEMBL:ENSMUSG00000022994)
GO:0000977	RNA polymerase II regulatory region sequence-specific DNA binding	has_direct_input(ENSEMBL:ENSMUSG00000022997
GO:1903231	mRNA binding involved in posttranscriptional gene silencing	has_direct_input(ENSEMBL:ENSMUSG00000022997)
GO:0001078	transcriptional repressor activity, RNA polymerase II core promoter proximal region sequence-specific binding	has_direct_input(ENSEMBL:ENSMUSG00000023913)
GO:1900114	positive regulation of histone H3-K9 trimethylation	has_direct_input(ENSEMBL:ENSMUSG00000023913)
GO:1903231	mRNA binding involved in posttranscriptional gene silencing	has_direct_input(ENSEMBL:ENSMUSG00000023959)
GO:1903231	mRNA binding involved in posttranscriptional gene silencing	has_direct_input(ENSEMBL:ENSMUSG00000024515)
GO:1903231	mRNA binding involved in posttranscriptional gene silencing	has_direct_input(ENSEMBL:ENSMUSG00000024927)
GO:1903231	mRNA binding involved in posttranscriptional gene silencing	has_direct_input(ENSEMBL:ENSMUSG00000024975)
GO:0001205	transcriptional activator activity, RNA polymerase II distal enhancer sequence-specific binding	has_direct_input(ENSEMBL:ENSMUSG00000024990
GO:1903231	mRNA binding involved in posttranscriptional gene silencing	has_direct_input(ENSEMBL:ENSMUSG00000025026)
GO:0035195	gene silencing by miRNA	has_direct_input(ENSEMBL:ENSMUSG00000025026)
GO:1903231	mRNA binding involved in posttranscriptional gene silencing	has_direct_input(ENSEMBL:ENSMUSG00000025026)
GO:0035195	gene silencing by miRNA	has_direct_input(ENSEMBL:ENSMUSG00000025026)
GO:0000977	RNA polymerase II regulatory region sequence-specific DNA binding	has_direct_input(ENSEMBL:ENSMUSG00000025229)
GO:1903231	mRNA binding involved in posttranscriptional gene silencing	has_direct_input(ENSEMBL:ENSMUSG00000025358)
GO:1903231	mRNA binding involved in posttranscriptional gene silencing	has_direct_input(ENSEMBL:ENSMUSG00000025880)
GO:1903231	mRNA binding involved in posttranscriptional gene silencing	has_direct_input(ENSEMBL:ENSMUSG00000026043)
GO:1903231	mRNA binding involved in posttranscriptional gene silencing	has_direct_input(ENSEMBL:ENSMUSG00000026313)
GO:0035195	gene silencing by miRNA	has_direct_input(ENSEMBL:ENSMUSG00000026425)
GO:1903231	mRNA binding involved in posttranscriptional gene silencing	has_direct_input(ENSEMBL:ENSMUSG00000026425)
GO:0000977	RNA polymerase II regulatory region sequence-specific DNA binding	has_direct_input(ENSEMBL:ENSMUSG00000026686)
GO:0000977	RNA polymerase II regulatory region sequence-specific DNA binding	has_direct_input(ENSEMBL:ENSMUSG00000026826)
GO:1903231	mRNA binding involved in posttranscriptional gene silencing	has_direct_input(ENSEMBL:ENSMUSG00000026837)
GO:1903231	mRNA binding involved in posttranscriptional gene silencing	has_direct_input(ENSEMBL:ENSMUSG00000026923)
GO:1903231	mRNA binding involved in posttranscriptional gene silencing	has_direct_input(ENSEMBL:ENSMUSG00000027109)
GO:1903231	mRNA binding involved in posttranscriptional gene silencing	has_direct_input(ENSEMBL:ENSMUSG00000027109)
GO:1903231	mRNA binding involved in posttranscriptional gene silencing	has_direct_input(ENSEMBL:ENSMUSG00000027177)
GO:1903231	mRNA binding involved in posttranscriptional gene silencing	has_direct_input(ENSEMBL:ENSMUSG00000027204)
GO:1903231	mRNA binding involved in posttranscriptional gene silencing	has_direct_input(ENSEMBL:ENSMUSG00000027276)
GO:1903231	mRNA binding involved in posttranscriptional gene silencing	has_direct_input(ENSEMBL:ENSMUSG00000027368)
GO:1903231	mRNA binding involved in posttranscriptional gene silencing	has_direct_input(ENSEMBL:ENSMUSG00000027381)
GO:1903231	mRNA binding involved in posttranscriptional gene silencing	has_direct_input(ENSEMBL:ENSMUSG00000027490)
GO:0000976	transcription regulatory region sequence-specific DNA binding	has_direct_input(ENSEMBL:ENSMUSG00000027996)
GO:1903231	mRNA binding involved in posttranscriptional gene silencing	has_direct_input(ENSEMBL:ENSMUSG00000028476)
GO:1903231	mRNA binding involved in posttranscriptional gene silencing	has_direct_input(ENSEMBL:ENSMUSG00000028476)
GO:1903231	mRNA binding involved in posttranscriptional gene silencing	has_direct_input(ENSEMBL:ENSMUSG00000028834)
GO:1903231	mRNA binding involved in posttranscriptional gene silencing	has_direct_input(ENSEMBL:ENSMUSG00000028988)
GO:1903231	mRNA binding involved in posttranscriptional gene silencing	has_direct_input(ENSEMBL:ENSMUSG00000029111)
GO:1903231	mRNA binding involved in posttranscriptional gene silencing	has_direct_input(ENSEMBL:ENSMUSG00000029287)
GO:1903231	mRNA binding involved in posttranscriptional gene silencing	has_direct_input(ENSEMBL:ENSMUSG00000029661)
GO:1903231	mRNA binding involved in posttranscriptional gene silencing	has_direct_input(ENSEMBL:ENSMUSG00000029675
GO:1903231	mRNA binding involved in posttranscriptional gene silencing	has_direct_input(ENSEMBL:ENSMUSG00000029675)
GO:0001078	transcriptional repressor activity, RNA polymerase II core promoter proximal region sequence-specific binding	has_direct_input(ENSEMBL:ENSMUSG00000030562)
GO:1903231	mRNA binding involved in posttranscriptional gene silencing	has_direct_input(ENSEMBL:ENSMUSG00000031393)
GO:1903231	mRNA binding involved in posttranscriptional gene silencing	has_direct_input(ENSEMBL:ENSMUSG00000031502)
GO:1903231	mRNA binding involved in posttranscriptional gene silencing	has_direct_input(ENSEMBL:ENSMUSG00000031503)
GO:1903231	mRNA binding involved in posttranscriptional gene silencing	has_direct_input(ENSEMBL:ENSMUSG00000031565
GO:1903231	mRNA binding involved in posttranscriptional gene silencing	has_direct_input(ENSEMBL:ENSMUSG00000031627)
GO:1903231	mRNA binding involved in posttranscriptional gene silencing	has_direct_input(ENSEMBL:ENSMUSG00000031737)
GO:1903231	mRNA binding involved in posttranscriptional gene silencing	has_direct_input(ENSEMBL:ENSMUSG00000032035)
GO:1903231	mRNA binding involved in posttranscriptional gene silencing	has_direct_input(ENSEMBL:ENSMUSG00000032035)
GO:0001077	transcriptional activator activity, RNA polymerase II core promoter proximal region sequence-specific binding	has_direct_input(ENSEMBL:ENSMUSG00000032085)
GO:1900113	negative regulation of histone H3-K9 trimethylation	has_direct_input(ENSEMBL:ENSMUSG00000032085)
GO:1903231	mRNA binding involved in posttranscriptional gene silencing	has_direct_input(ENSEMBL:ENSMUSG00000032113)
GO:1903231	mRNA binding involved in posttranscriptional gene silencing	has_direct_input(ENSEMBL:ENSMUSG00000032440)
GO:1903231	mRNA binding involved in posttranscriptional gene silencing	has_direct_input(ENSEMBL:ENSMUSG00000033352)
GO:1903231	mRNA binding involved in posttranscriptional gene silencing	has_direct_input(ENSEMBL:ENSMUSG00000034297)
GO:1903231	mRNA binding involved in posttranscriptional gene silencing	has_direct_input(ENSEMBL:ENSMUSG00000034394)
GO:1903231	mRNA binding involved in posttranscriptional gene silencing	has_direct_input(ENSEMBL:ENSMUSG00000035105)
GO:1903231	mRNA binding involved in posttranscriptional gene silencing	has_direct_input(ENSEMBL:ENSMUSG00000035283)
GO:0001077	transcriptional activator activity, RNA polymerase II core promoter proximal region sequence-specific binding	has_direct_input(ENSEMBL:ENSMUSG00000035783)
GO:1900113	negative regulation of histone H3-K9 trimethylation	has_direct_input(ENSEMBL:ENSMUSG00000035783)
GO:1903231	mRNA binding involved in posttranscriptional gene silencing	has_direct_input(ENSEMBL:ENSMUSG00000035873)
GO:1903231	mRNA binding involved in posttranscriptional gene silencing	has_direct_input(ENSEMBL:ENSMUSG00000037926)
GO:0035195	gene silencing by miRNA	has_direct_input(ENSEMBL:ENSMUSG00000037926)
GO:1903231	mRNA binding involved in posttranscriptional gene silencing	has_direct_input(ENSEMBL:ENSMUSG00000037926)
GO:0035195	gene silencing by miRNA	has_direct_input(ENSEMBL:ENSMUSG00000037926)
GO:1903231	mRNA binding involved in posttranscriptional gene silencing	has_direct_input(ENSEMBL:ENSMUSG00000038175)
GO:0000981	RNA polymerase II transcription factor activity, sequence-specific DNA binding	has_direct_input(ENSEMBL:ENSMUSG00000038193)
GO:1903231	mRNA binding involved in posttranscriptional gene silencing	has_direct_input(ENSEMBL:ENSMUSG00000038193)
GO:0000976	transcription regulatory region sequence-specific DNA binding	has_direct_input(ENSEMBL:ENSMUSG00000038193)
GO:1903231	mRNA binding involved in posttranscriptional gene silencing	has_direct_input(ENSEMBL:ENSMUSG00000038518)
GO:0000977	RNA polymerase II regulatory region sequence-specific DNA binding	has_direct_input(ENSEMBL:ENSMUSG00000038765)
GO:1903231	mRNA binding involved in posttranscriptional gene silencing	has_direct_input(ENSEMBL:ENSMUSG00000039219)
GO:0000977	RNA polymerase II regulatory region sequence-specific DNA binding	has_direct_input(ENSEMBL:ENSMUSG00000039521
GO:1903231	mRNA binding involved in posttranscriptional gene silencing	has_direct_input(ENSEMBL:ENSMUSG00000040093)
GO:1903231	mRNA binding involved in posttranscriptional gene silencing	has_direct_input(ENSEMBL:ENSMUSG00000041272)
GO:0044212	transcription regulatory region DNA binding	has_direct_input(ENSEMBL:ENSMUSG00000041431)
GO:1903231	mRNA binding involved in posttranscriptional gene silencing	has_direct_input(ENSEMBL:ENSMUSG00000042258)
GO:0000977	RNA polymerase II regulatory region sequence-specific DNA binding	has_direct_input(ENSEMBL:ENSMUSG00000048450)
GO:1903231	mRNA binding involved in posttranscriptional gene silencing	has_direct_input(ENSEMBL:ENSMUSG00000048482)
GO:1903231	mRNA binding involved in posttranscriptional gene silencing	has_direct_input(ENSEMBL:ENSMUSG00000049511)
GO:1903231	mRNA binding involved in posttranscriptional gene silencing	has_direct_input(ENSEMBL:ENSMUSG00000051910)
GO:1903231	mRNA binding involved in posttranscriptional gene silencing	has_direct_input(ENSEMBL:ENSMUSG00000051910)
GO:1903231	mRNA binding involved in posttranscriptional gene silencing	has_direct_input(ENSEMBL:ENSMUSG00000052155)
GO:1903231	mRNA binding involved in posttranscriptional gene silencing	has_direct_input(ENSEMBL:ENSMUSG00000053819)
GO:1903231	mRNA binding involved in posttranscriptional gene silencing	has_direct_input(ENSEMBL:ENSMUSG00000055024
GO:1903231	mRNA binding involved in posttranscriptional gene silencing	has_direct_input(ENSEMBL:ENSMUSG00000057329)
GO:1903231	mRNA binding involved in posttranscriptional gene silencing	has_direct_input(ENSEMBL:ENSMUSG00000059325)
GO:1903231	mRNA binding involved in posttranscriptional gene silencing	has_direct_input(ENSEMBL:ENSMUSG00000059325)
GO:1903231	mRNA binding involved in posttranscriptional gene silencing	has_direct_input(ENSEMBL:ENSMUSG00000060216)
GO:1903231	mRNA binding involved in posttranscriptional gene silencing	has_direct_input(ENSEMBL:ENSMUSG00000061353)
GO:1903231	mRNA binding involved in posttranscriptional gene silencing	has_direct_input(ENSEMBL:ENSMUSG00000063889)
GO:0001228	transcriptional activator activity, RNA polymerase II transcription regulatory region sequence-specific binding	has_direct_input(ENSEMBL:ENSMUSG00000065445
GO:0001228	transcriptional activator activity, RNA polymerase II transcription regulatory region sequence-specific binding	has_direct_input(ENSEMBL:ENSMUSG00000065445)
GO:0070878	primary miRNA binding	has_direct_input(ENSEMBL:ENSMUSG00000065455)
GO:0001228	transcriptional activator activity, RNA polymerase II transcription regulatory region sequence-specific binding	has_direct_input(ENSEMBL:ENSMUSG00000065592
GO:0001228	transcriptional activator activity, RNA polymerase II transcription regulatory region sequence-specific binding	has_direct_input(ENSEMBL:ENSMUSG00000065592)
GO:0070888	E-box binding	has_direct_input(ENSEMBL:ENSMUSG00000078190)
GO:1903231	mRNA binding involved in posttranscriptional gene silencing	has_direct_input(ENSEMBL:ENSMUSG00000094483)
GO:1903231	mRNA binding involved in posttranscriptional gene silencing	has_direct_input(ENSEMBL:ENSMUSG00000094483)
GO:1903231	mRNA binding involved in posttranscriptional gene silencing	has_direct_input(ENSEMBL:ENSRNOG00000000521)
GO:1903231	mRNA binding involved in posttranscriptional gene silencing	has_direct_input(ENSEMBL:ENSRNOG00000000805)
GO:1903231	mRNA binding involved in posttranscriptional gene silencing	has_direct_input(ENSEMBL:ENSRNOG00000003897)
GO:1903231	mRNA binding involved in posttranscriptional gene silencing	has_direct_input(ENSEMBL:ENSRNOG00000004720)
GO:1903231	mRNA binding involved in posttranscriptional gene silencing	has_direct_input(ENSEMBL:ENSRNOG00000006469)
GO:1903231	mRNA binding involved in posttranscriptional gene silencing	has_direct_input(ENSEMBL:ENSRNOG00000006738)
GO:1903231	mRNA binding involved in posttranscriptional gene silencing	has_direct_input(ENSEMBL:ENSRNOG00000007249)
GO:1903231	mRNA binding involved in posttranscriptional gene silencing	has_direct_input(ENSEMBL:ENSRNOG00000008022)
GO:1903231	mRNA binding involved in posttranscriptional gene silencing	has_direct_input(ENSEMBL:ENSRNOG00000008620)
GO:0035278	miRNA mediated inhibition of translation	has_direct_input(ENSEMBL:ENSRNOG00000011589
GO:1903231	mRNA binding involved in posttranscriptional gene silencing	has_direct_input(ENSEMBL:ENSRNOG00000011589)
GO:1903231	mRNA binding involved in posttranscriptional gene silencing	has_direct_input(ENSEMBL:ENSRNOG00000012944)
GO:1903231	mRNA binding involved in posttranscriptional gene silencing	has_direct_input(ENSEMBL:ENSRNOG00000014597)
GO:1903231	mRNA binding involved in posttranscriptional gene silencing	has_direct_input(ENSEMBL:ENSRNOG00000014779)
GO:1903231	mRNA binding involved in posttranscriptional gene silencing	has_direct_input(ENSEMBL:ENSRNOG00000016543)
GO:0035195	gene silencing by miRNA	has_direct_input(ENSEMBL:ENSRNOG00000017243)
GO:1903231	mRNA binding involved in posttranscriptional gene silencing	has_direct_input(ENSEMBL:ENSRNOG00000017243)
GO:1903231	mRNA binding involved in posttranscriptional gene silencing	has_direct_input(ENSEMBL:ENSRNOG00000018461)
GO:1903231	mRNA binding involved in posttranscriptional gene silencing	has_direct_input(ENSEMBL:ENSRNOG00000019716)
GO:0001046	core promoter sequence-specific DNA binding	has_direct_input(ENSEMBL:ENSRNOG00000020388)
GO:1903231	mRNA binding involved in posttranscriptional gene silencing	has_direct_input(ENSEMBL:ENSRNOG00000021138)
GO:0035195	gene silencing by miRNA	has_direct_input(ENSEMBL:ENSRNOG00000023433
GO:1903231	mRNA binding involved in posttranscriptional gene silencing	has_direct_input(ENSEMBL:ENSRNOG00000023433)
GO:1903231	mRNA binding involved in posttranscriptional gene silencing	has_direct_input(ENSEMBL:ENSRNOG00000034234)
GO:1903231	mRNA binding involved in posttranscriptional gene silencing	has_direct_input(ENSEMBL:ENSRNOG00000059500)
GO:0000976	transcription regulatory region sequence-specific DNA binding	has_direct_input(ENSEMBL:ENSSSCG00000000214)
GO:0000976	transcription regulatory region sequence-specific DNA binding	has_direct_input(ENSEMBL:ENSSSCG00000000857)
GO:0000976	transcription regulatory region sequence-specific DNA binding	has_direct_input(ENSEMBL:ENSSSCG00000017950)
GO:0000976	transcription regulatory region sequence-specific DNA binding	has_direct_input(ENSEMBL:ENSSSCG00000026109)
GO:1903231	mRNA binding involved in posttranscriptional gene silencing	has_direct_input(ENSEMBL:ENST00000341099)
GO:0000977	RNA polymerase II regulatory region sequence-specific DNA binding	has_direct_input(FB:FBgn0000022)
GO:0004861	cyclin-dependent protein serine/threonine kinase inhibitor activity	has_direct_input(GO:0000307)
GO:0004861	cyclin-dependent protein serine/threonine kinase inhibitor activity	has_direct_input(GO:0000307)
GO:0032403	protein complex binding	has_direct_input(GO:0000813)
GO:0035786	protein complex oligomerization	has_direct_input(GO:0000928)
GO:1902481	gamma-tubulin complex assembly	has_direct_input(GO:0000928)
GO:0006461	protein complex assembly	has_direct_input(GO:0005577)
GO:0009306	protein secretion	has_direct_input(GO:0005577)
GO:0004222	metalloendopeptidase activity	has_direct_input(GO:0005584)
GO:2001045	negative regulation of integrin-mediated signaling pathway	has_direct_input(GO:0005585
GO:0098639	collagen binding involved in cell-matrix adhesion	has_direct_input(GO:0005585
GO:0098639	collagen binding involved in cell-matrix adhesion	has_direct_input(GO:0005585
GO:0098639	collagen binding involved in cell-matrix adhesion	has_direct_input(GO:0005585
GO:0098639	collagen binding involved in cell-matrix adhesion	has_direct_input(GO:0005585
GO:0007160	cell-matrix adhesion	has_direct_input(GO:0005585
GO:0007160	cell-matrix adhesion	has_direct_input(GO:0005585
GO:0007160	cell-matrix adhesion	has_direct_input(GO:0005585
GO:0007160	cell-matrix adhesion	has_direct_input(GO:0005585
GO:0098639	collagen binding involved in cell-matrix adhesion	has_direct_input(GO:0005585
GO:0007160	cell-matrix adhesion	has_direct_input(GO:0005585
GO:0098639	collagen binding involved in cell-matrix adhesion	has_direct_input(GO:0005585
GO:0001953	negative regulation of cell-matrix adhesion	has_direct_input(GO:0005585
GO:0007160	cell-matrix adhesion	has_direct_input(GO:0005585
GO:2001045	negative regulation of integrin-mediated signaling pathway	has_direct_input(GO:0005594
GO:0098639	collagen binding involved in cell-matrix adhesion	has_direct_input(GO:0005594
GO:0007160	cell-matrix adhesion	has_direct_input(GO:0005594
GO:0007160	cell-matrix adhesion	has_direct_input(GO:0005594
GO:0098639	collagen binding involved in cell-matrix adhesion	has_direct_input(GO:0005594
GO:0001953	negative regulation of cell-matrix adhesion	has_direct_input(GO:0005594
GO:1990757	ubiquitin ligase activator activity	has_direct_input(GO:0005680
GO:1990757	ubiquitin ligase activator activity	has_direct_input(GO:0005680
GO:1990948	ubiquitin ligase inhibitor activity	has_direct_input(GO:0005680
GO:1990757	ubiquitin ligase activator activity	has_direct_input(GO:0005680)
GO:1990757	ubiquitin ligase activator activity	has_direct_input(GO:0005680)
GO:0034553	mitochondrial respiratory chain complex II assembly	has_direct_input(GO:0005749)
GO:0051117	ATPase binding	has_direct_input(GO:0005753)
GO:0035786	protein complex oligomerization	has_direct_input(GO:0005753)
GO:0032403	protein complex binding	has_direct_input(GO:0005832)
GO:0034629	cellular protein complex localization	has_direct_input(GO:0005952
GO:0034629	cellular protein complex localization	has_direct_input(GO:0005952
GO:0006606	protein import into nucleus	has_direct_input(GO:0005971)
GO:0032403	protein complex binding	has_direct_input(GO:0008023)
GO:0032403	protein complex binding	has_direct_input(GO:0008180)
GO:0032403	protein complex binding	has_direct_input(GO:0016586)
GO:0032403	protein complex binding	has_direct_input(GO:0030904)
GO:0003714	transcription corepressor activity	has_direct_input(GO:0030907)
GO:0001190	transcriptional activator activity, RNA polymerase II transcription factor binding	has_direct_input(GO:0030907)
GO:0032403	protein complex binding	has_direct_input(GO:0031387)
GO:0032403	protein complex binding	has_direct_input(GO:0031465)
GO:1905602	positive regulation of receptor-mediated endocytosis involved in cholesterol transport	has_direct_input(GO:0034362
GO:1905602	positive regulation of receptor-mediated endocytosis involved in cholesterol transport	has_direct_input(GO:0034362
GO:0032403	protein complex binding	has_direct_input(GO:0034464)
GO:0032403	protein complex binding	has_direct_input(GO:0034464)
GO:0043113	receptor clustering	has_direct_input(GO:0034669)
GO:0098640	integrin binding involved in cell-matrix adhesion	has_direct_input(GO:0034669)
GO:0098640	integrin binding involved in cell-matrix adhesion	has_direct_input(GO:0034669)
GO:0005178	integrin binding	has_direct_input(GO:0034674)
GO:1900121	negative regulation of receptor binding	has_direct_input(GO:0034683
GO:0001953	negative regulation of cell-matrix adhesion	has_direct_input(GO:0034683
GO:0005178	integrin binding	has_direct_input(GO:0034683)
GO:0005178	integrin binding	has_direct_input(GO:0034683)
GO:0034446	substrate adhesion-dependent cell spreading	has_direct_input(GO:0034683)
GO:0005178	integrin binding	has_direct_input(GO:0034683)
GO:0033622	integrin activation	has_direct_input(GO:0034683)
GO:0033622	integrin activation	has_direct_input(GO:0034683)
GO:0007160	cell-matrix adhesion	has_direct_input(GO:0034683)
GO:0032403	protein complex binding	has_direct_input(GO:0035032)
GO:0031333	negative regulation of protein complex assembly	has_direct_input(GO:0036513)
GO:0042030	ATPase inhibitor activity	has_direct_input(GO:0045261)
GO:0000149	SNARE binding	has_direct_input(GO:0070044
GO:0032403	protein complex binding	has_direct_input(GO:0070044
GO:0035494	SNARE complex disassembly	has_direct_input(GO:0070044)
GO:0070202	regulation of establishment of protein localization to chromosome	has_direct_input(GO:0070847
GO:1904288	BAT3 complex binding	has_direct_input(GO:0071818)
GO:1902450	negative regulation of ATP-dependent DNA helicase activity	has_direct_input(GO:0097373)
GO:0004672	protein kinase activity	has_direct_input(MGI:MGI:101761)
GO:0061630	ubiquitin protein ligase activity	has_direct_input(MGI:MGI:101773)
GO:0019200	carbohydrate kinase activity	has_direct_input(MGI:MGI:101864)
GO:0043565	sequence-specific DNA binding	has_direct_input(MGI:MGI:101893)
GO:0043565	sequence-specific DNA binding	has_direct_input(MGI:MGI:101926)
GO:0043565	sequence-specific DNA binding	has_direct_input(MGI:MGI:101927)
GO:0004721	phosphoprotein phosphatase activity	has_direct_input(MGI:MGI:102469)
GO:0051604	protein maturation	has_direct_input(MGI:MGI:102518
GO:0003756	protein disulfide isomerase activity	has_direct_input(MGI:MGI:102518)
GO:0016407	acetyltransferase activity	has_direct_input(MGI:MGI:102541
GO:0033558	protein deacetylase activity	has_direct_input(MGI:MGI:102541)
GO:0016407	acetyltransferase activity	has_direct_input(MGI:MGI:102541)
GO:0016279	protein-lysine N-methyltransferase activity	has_direct_input(MGI:MGI:102858)
GO:0004672	protein kinase activity	has_direct_input(MGI:MGI:103063)
GO:0061630	ubiquitin protein ligase activity	has_direct_input(MGI:MGI:103070)
GO:0004674	protein serine/threonine kinase activity	has_direct_input(MGI:MGI:103075)
GO:0061630	ubiquitin protein ligase activity	has_direct_input(MGI:MGI:103581)
GO:0008134	transcription factor binding	has_direct_input(MGI:MGI:104526)
GO:0061630	ubiquitin protein ligase activity	has_direct_input(MGI:MGI:104572)
GO:0031624	ubiquitin conjugating enzyme binding	has_direct_input(MGI:MGI:104632)
GO:0003682	chromatin binding	has_direct_input(MGI:MGI:104636
GO:0003682	chromatin binding	has_direct_input(MGI:MGI:104636)
GO:0003682	chromatin binding	has_direct_input(MGI:MGI:104659
GO:0003682	chromatin binding	has_direct_input(MGI:MGI:104659)
GO:0004175	endopeptidase activity	has_direct_input(MGI:MGI:104659)
GO:0004713	protein tyrosine kinase activity	has_direct_input(MGI:MGI:104741)
GO:0001514	selenocysteine incorporation	has_direct_input(MGI:MGI:104767)
GO:0061630	ubiquitin protein ligase activity	has_direct_input(MGI:MGI:104771)
GO:0043565	sequence-specific DNA binding	has_direct_input(MGI:MGI:104798)
GO:0001514	selenocysteine incorporation	has_direct_input(MGI:MGI:104887)
GO:0009306	protein secretion	has_direct_input(MGI:MGI:104890)
GO:0061631	ubiquitin conjugating enzyme activity	has_direct_input(MGI:MGI:105098)
GO:0004674	protein serine/threonine kinase activity	has_direct_input(MGI:MGI:105120)
GO:0061630	ubiquitin protein ligase activity	has_direct_input(MGI:MGI:106183)
GO:0005085	guanyl-nucleotide exchange factor activity	has_direct_input(MGI:MGI:106211)
GO:0004713	protein tyrosine kinase activity	has_direct_input(MGI:MGI:106613)
GO:0004713	protein tyrosine kinase activity	has_direct_input(MGI:MGI:106613)
GO:0004672	protein kinase activity	has_direct_input(MGI:MGI:106613)
GO:0004674	protein serine/threonine kinase activity	has_direct_input(MGI:MGI:106658)
GO:0061630	ubiquitin protein ligase activity	has_direct_input(MGI:MGI:106679)
GO:0030163	protein catabolic process	has_direct_input(MGI:MGI:106918)
GO:0010498	proteasomal protein catabolic process	has_direct_input(MGI:MGI:106918)
GO:0003682	chromatin binding	has_direct_input(MGI:MGI:107404)
GO:0004842	ubiquitin-protein transferase activity	has_direct_input(MGI:MGI:107423)
GO:0001012	RNA polymerase II regulatory region DNA binding	has_direct_input(MGI:MGI:107461)
GO:0008080	N-acetyltransferase activity	has_direct_input(MGI:MGI:108069)
GO:0061630	ubiquitin protein ligase activity	has_direct_input(MGI:MGI:108072)
GO:0004713	protein tyrosine kinase activity	has_direct_input(MGI:MGI:108100)
GO:0004713	protein tyrosine kinase activity	has_direct_input(MGI:MGI:108100)
GO:0061630	ubiquitin protein ligase activity	has_direct_input(MGI:MGI:108212)
GO:0016567	protein ubiquitination	has_direct_input(MGI:MGI:108554)
GO:0043488	regulation of mRNA stability	has_direct_input(MGI:MGI:109247)
GO:0043021	ribonucleoprotein complex binding	has_direct_input(MGI:MGI:109247)
GO:0050731	positive regulation of peptidyl-tyrosine phosphorylation	has_direct_input(MGI:MGI:109334)
GO:0004674	protein serine/threonine kinase activity	has_direct_input(MGI:MGI:109334)
GO:0033138	positive regulation of peptidyl-serine phosphorylation	has_direct_input(MGI:MGI:109334)
GO:0004721	phosphoprotein phosphatase activity	has_direct_input(MGI:MGI:109452)
GO:0004721	phosphoprotein phosphatase activity	has_direct_input(MGI:MGI:109452)
GO:0006470	protein dephosphorylation	has_direct_input(MGI:MGI:109452)
GO:0003682	chromatin binding	has_direct_input(MGI:MGI:1095413)
GO:0046982	protein heterodimerization activity	has_direct_input(MGI:MGI:109542)
GO:0070262	peptidyl-serine dephosphorylation	has_direct_input(MGI:MGI:1096330)
GO:0004722	protein serine/threonine phosphatase activity	has_direct_input(MGI:MGI:1096330)
GO:0003682	chromatin binding	has_direct_input(MGI:MGI:1096331)
GO:0004713	protein tyrosine kinase activity	has_direct_input(MGI:MGI:109635)
GO:0003682	chromatin binding	has_direct_input(MGI:MGI:1096393)
GO:0003682	chromatin binding	has_direct_input(MGI:MGI:1096867)
GO:0003682	chromatin binding	has_direct_input(MGI:MGI:1096867)
GO:0003682	chromatin binding	has_direct_input(MGI:MGI:1096867)
GO:0003682	chromatin binding	has_direct_input(MGI:MGI:1096877)
GO:0000979	RNA polymerase II core promoter sequence-specific DNA binding	has_direct_input(MGI:MGI:1096881)
GO:0045944	positive regulation of transcription from RNA polymerase II promoter	has_direct_input(MGI:MGI:1096881)
GO:0001190	transcriptional activator activity, RNA polymerase II transcription factor binding	has_direct_input(MGI:MGI:1096881)
GO:0001190	transcriptional activator activity, RNA polymerase II transcription factor binding	has_direct_input(MGI:MGI:1096881)
GO:0003682	chromatin binding	has_direct_input(MGI:MGI:1100089
GO:0004713	protein tyrosine kinase activity	has_direct_input(MGI:MGI:1100494)
GO:0001514	selenocysteine incorporation	has_direct_input(MGI:MGI:1100878)
GO:0061630	ubiquitin protein ligase activity	has_direct_input(MGI:MGI:1197519)
GO:0003682	chromatin binding	has_direct_input(MGI:MGI:1201683
GO:0003682	chromatin binding	has_direct_input(MGI:MGI:1201683)
GO:0000987	core promoter proximal region sequence-specific DNA binding	has_direct_input(MGI:MGI:1202709)
GO:0000977	RNA polymerase II regulatory region sequence-specific DNA binding	has_direct_input(MGI:MGI:1274781)
GO:0033558	protein deacetylase activity	has_direct_input(MGI:MGI:1276116)
GO:0043565	sequence-specific DNA binding	has_direct_input(MGI:MGI:1277162
GO:0016409	palmitoyltransferase activity	has_direct_input(MGI:MGI:1277959)
GO:0000978	RNA polymerase II core promoter proximal region sequence-specific DNA binding	has_direct_input(MGI:MGI:1306780)
GO:0003682	chromatin binding	has_direct_input(MGI:MGI:1316649)
GO:0008276	protein methyltransferase activity	has_direct_input(MGI:MGI:1321159)
GO:0004721	phosphoprotein phosphatase activity	has_direct_input(MGI:MGI:1328787)
GO:0004721	phosphoprotein phosphatase activity	has_direct_input(MGI:MGI:1328787)
GO:0003682	chromatin binding	has_direct_input(MGI:MGI:1330810
GO:0004468	lysine N-acetyltransferase activity, acting on acetyl phosphate as donor	has_direct_input(MGI:MGI:1330824)
GO:0004721	phosphoprotein phosphatase activity	has_direct_input(MGI:MGI:1336173)
GO:0004713	protein tyrosine kinase activity	has_direct_input(MGI:MGI:1338938)
GO:0003682	chromatin binding	has_direct_input(MGI:MGI:1339709
GO:0003682	chromatin binding	has_direct_input(MGI:MGI:1339709)
GO:0003682	chromatin binding	has_direct_input(MGI:MGI:1339712)
GO:0043565	sequence-specific DNA binding	has_direct_input(MGI:MGI:1339752)
GO:0043565	sequence-specific DNA binding	has_direct_input(MGI:MGI:1339758)
GO:0004468	lysine N-acetyltransferase activity, acting on acetyl phosphate as donor	has_direct_input(MGI:MGI:1339795)
GO:0001934	positive regulation of protein phosphorylation	has_direct_input(MGI:MGI:1339975)
GO:0061512	protein localization to cilium	has_direct_input(MGI:MGI:1341149)
GO:0000977	RNA polymerase II regulatory region sequence-specific DNA binding	has_direct_input(MGI:MGI:1341292)
GO:0042826	histone deacetylase binding	has_direct_input(MGI:MGI:1343091)
GO:0033558	protein deacetylase activity	has_direct_input(MGI:MGI:1343094)
GO:0003682	chromatin binding	has_direct_input(MGI:MGI:1344313
GO:0003682	chromatin binding	has_direct_input(MGI:MGI:1346834
GO:0003682	chromatin binding	has_direct_input(MGI:MGI:1346834)
GO:0004674	protein serine/threonine kinase activity	has_direct_input(MGI:MGI:1347359)
GO:0004674	protein serine/threonine kinase activity	has_direct_input(MGI:MGI:1347521)
GO:0003682	chromatin binding	has_direct_input(MGI:MGI:1351209
GO:0003682	chromatin binding	has_direct_input(MGI:MGI:1351209)
GO:0031369	translation initiation factor binding	has_direct_input(MGI:MGI:1351744)
GO:0004713	protein tyrosine kinase activity	has_direct_input(MGI:MGI:1355296)
GO:0048025	negative regulation of mRNA splicing, via spliceosome	has_direct_input(MGI:MGI:1355328)
GO:0048026	positive regulation of mRNA splicing, via spliceosome	has_direct_input(MGI:MGI:1355328)
GO:0048026	positive regulation of mRNA splicing, via spliceosome	has_direct_input(MGI:MGI:1355328)
GO:0061630	ubiquitin protein ligase activity	has_direct_input(MGI:MGI:1859212)
GO:0004721	phosphoprotein phosphatase activity	has_direct_input(MGI:MGI:1859993)
GO:0004721	phosphoprotein phosphatase activity	has_direct_input(MGI:MGI:1859993)
GO:0043565	sequence-specific DNA binding	has_direct_input(MGI:MGI:1860483)
GO:0003682	chromatin binding	has_direct_input(MGI:MGI:1861437
GO:0006470	protein dephosphorylation	has_direct_input(MGI:MGI:1861437
GO:0003682	chromatin binding	has_direct_input(MGI:MGI:1861437)
GO:0003682	chromatin binding	has_direct_input(MGI:MGI:1861447
GO:0003682	chromatin binding	has_direct_input(MGI:MGI:1861447)
GO:0003682	chromatin binding	has_direct_input(MGI:MGI:1861447)
GO:0010628	positive regulation of gene expression	has_direct_input(MGI:MGI:1861457)
GO:0004672	protein kinase activity	has_direct_input(MGI:MGI:1861721)
GO:0009306	protein secretion	has_direct_input(MGI:MGI:1889286)
GO:0004674	protein serine/threonine kinase activity	has_direct_input(MGI:MGI:1889595)
GO:0003682	chromatin binding	has_direct_input(MGI:MGI:1890357)
GO:0019779	Atg8 activating enzyme activity	has_direct_input(MGI:MGI:1890602)
GO:0000977	RNA polymerase II regulatory region sequence-specific DNA binding	has_direct_input(MGI:MGI:1891428)
GO:0004842	ubiquitin-protein transferase activity	has_direct_input(MGI:MGI:1891456)
GO:0061630	ubiquitin protein ligase activity	has_direct_input(MGI:MGI:1891731)
GO:0004722	protein serine/threonine phosphatase activity	has_direct_input(MGI:MGI:1891835)
GO:0031369	translation initiation factor binding	has_direct_input(MGI:MGI:1913335)
GO:0004713	protein tyrosine kinase activity	has_direct_input(MGI:MGI:1913391)
GO:0008233	peptidase activity	has_direct_input(MGI:MGI:1913843)
GO:0044212	transcription regulatory region DNA binding	has_direct_input(MGI:MGI:1913900)
GO:0004674	protein serine/threonine kinase activity	has_direct_input(MGI:MGI:1914523)
GO:0019779	Atg8 activating enzyme activity	has_direct_input(MGI:MGI:1914693)
GO:0019778	Atg12 activating enzyme activity	has_direct_input(MGI:MGI:1914776)
GO:0019779	Atg8 activating enzyme activity	has_direct_input(MGI:MGI:1914980)
GO:0071168	protein localization to chromatin	has_direct_input(MGI:MGI:1915099)
GO:0071566	UFM1 activating enzyme activity	has_direct_input(MGI:MGI:1915140)
GO:1900121	negative regulation of receptor binding	has_direct_input(MGI:MGI:1915835)
GO:0001514	selenocysteine incorporation	has_direct_input(MGI:MGI:1916477)
GO:0003682	chromatin binding	has_direct_input(MGI:MGI:1917923
GO:0003682	chromatin binding	has_direct_input(MGI:MGI:1917923)
GO:0061630	ubiquitin protein ligase activity	has_direct_input(MGI:MGI:1919111)
GO:0061630	ubiquitin protein ligase activity	has_direct_input(MGI:MGI:1919543)
GO:0034067	protein localization to Golgi apparatus	has_direct_input(MGI:MGI:1919762)
GO:0061630	ubiquitin protein ligase activity	has_direct_input(MGI:MGI:1919762)
GO:0003682	chromatin binding	has_direct_input(MGI:MGI:1920211)
GO:0004674	protein serine/threonine kinase activity	has_direct_input(MGI:MGI:1920431)
GO:0004674	protein serine/threonine kinase activity	has_direct_input(MGI:MGI:1920431)
GO:0008134	transcription factor binding	has_direct_input(MGI:MGI:1920431)
GO:0004175	endopeptidase activity	has_direct_input(MGI:MGI:1921506)
GO:0004175	endopeptidase activity	has_direct_input(MGI:MGI:1921506)
GO:0004672	protein kinase activity	has_direct_input(MGI:MGI:1921991)
GO:0004674	protein serine/threonine kinase activity	has_direct_input(MGI:MGI:1924386)
GO:0004713	protein tyrosine kinase activity	has_direct_input(MGI:MGI:1924550)
GO:0061630	ubiquitin protein ligase activity	has_direct_input(MGI:MGI:1924809)
GO:0004674	protein serine/threonine kinase activity	has_direct_input(MGI:MGI:1926245)
GO:0061630	ubiquitin protein ligase activity	has_direct_input(MGI:MGI:1927086)
GO:0004713	protein tyrosine kinase activity	has_direct_input(MGI:MGI:1929494
GO:0004713	protein tyrosine kinase activity	has_direct_input(MGI:MGI:1929494)
GO:0008233	peptidase activity	has_direct_input(MGI:MGI:1929645)
GO:0045454	cell redox homeostasis	has_direct_input(MGI:MGI:1930018)
GO:0015037	peptide disulfide oxidoreductase activity	has_direct_input(MGI:MGI:1930018)
GO:0008233	peptidase activity	has_direct_input(MGI:MGI:1931466)
GO:0008384	IkappaB kinase activity	has_direct_input(MGI:MGI:1933754)
GO:0048025	negative regulation of mRNA splicing, via spliceosome	has_direct_input(MGI:MGI:1933972
GO:0048026	positive regulation of mRNA splicing, via spliceosome	has_direct_input(MGI:MGI:1933972
GO:0048026	positive regulation of mRNA splicing, via spliceosome	has_direct_input(MGI:MGI:1933972
GO:0048026	positive regulation of mRNA splicing, via spliceosome	has_direct_input(MGI:MGI:1933972)
GO:0004175	endopeptidase activity	has_direct_input(MGI:MGI:2135637)
GO:0061630	ubiquitin protein ligase activity	has_direct_input(MGI:MGI:2136825)
GO:1900121	negative regulation of receptor binding	has_direct_input(MGI:MGI:2136886
GO:0004674	protein serine/threonine kinase activity	has_direct_input(MGI:MGI:2138281)
GO:0004190	aspartic-type endopeptidase activity	has_direct_input(MGI:MGI:2142824)
GO:0004721	phosphoprotein phosphatase activity	has_direct_input(MGI:MGI:2145955)
GO:0042787	protein ubiquitination involved in ubiquitin-dependent protein catabolic process	has_direct_input(MGI:MGI:2146430)
GO:0043565	sequence-specific DNA binding	has_direct_input(MGI:MGI:2146838
GO:0001514	selenocysteine incorporation	has_direct_input(MGI:MGI:2149786)
GO:0042026	protein refolding	has_direct_input(MGI:MGI:2179988)
GO:0042026	protein refolding	has_direct_input(MGI:MGI:2179989)
GO:0004672	protein kinase activity	has_direct_input(MGI:MGI:2180167)
GO:0003682	chromatin binding	has_direct_input(MGI:MGI:2389461)
GO:0003682	chromatin binding	has_direct_input(MGI:MGI:2442860)
GO:0061630	ubiquitin protein ligase activity	has_direct_input(MGI:MGI:2443075)
GO:0031466	Cul5-RING ubiquitin ligase complex	has_direct_input(MGI:MGI:2446089)
GO:0042787	protein ubiquitination involved in ubiquitin-dependent protein catabolic process	has_direct_input(MGI:MGI:2446089)
GO:0061630	ubiquitin protein ligase activity	has_direct_input(MGI:MGI:2446632)
GO:0061630	ubiquitin protein ligase activity	has_direct_input(MGI:MGI:2448480)
GO:0061630	ubiquitin protein ligase activity	has_direct_input(MGI:MGI:2448480)
GO:0043565	sequence-specific DNA binding	has_direct_input(MGI:MGI:2448492)
GO:0003682	chromatin binding	has_direct_input(MGI:MGI:2448528)
GO:0061630	ubiquitin protein ligase activity	has_direct_input(MGI:MGI:2684414)
GO:0046982	protein heterodimerization activity	has_direct_input(MGI:MGI:2685200)
GO:0004674	protein serine/threonine kinase activity	has_direct_input(MGI:MGI:3026965
GO:0018105	peptidyl-serine phosphorylation	has_direct_input(MGI:MGI:3026965)
GO:0004674	protein serine/threonine kinase activity	has_direct_input(MGI:MGI:3036245)
GO:0004713	protein tyrosine kinase activity	has_direct_input(MGI:MGI:3580016)
GO:0030163	protein catabolic process	has_direct_input(MGI:MGI:3582959)
GO:0004672	protein kinase activity	has_direct_input(MGI:MGI:3646964)
GO:0043565	sequence-specific DNA binding	has_direct_input(MGI:MGI:5490891)
GO:0061630	ubiquitin protein ligase activity	has_direct_input(MGI:MGI:700009)
GO:0061630	ubiquitin protein ligase activity	has_direct_input(MGI:MGI:87986)
GO:0016556	mRNA modification	has_direct_input(MGI:MGI:88052
GO:0042987	amyloid precursor protein catabolic process	has_direct_input(MGI:MGI:88059)
GO:0042987	amyloid precursor protein catabolic process	has_direct_input(MGI:MGI:88059)
GO:0004175	endopeptidase activity	has_direct_input(MGI:MGI:88059)
GO:0008233	peptidase activity	has_direct_input(MGI:MGI:88059)
GO:0008233	peptidase activity	has_direct_input(MGI:MGI:88059)
GO:0061630	ubiquitin protein ligase activity	has_direct_input(MGI:MGI:88064)
GO:0004190	aspartic-type endopeptidase activity	has_direct_input(MGI:MGI:88139)
GO:0004190	aspartic-type endopeptidase activity	has_direct_input(MGI:MGI:88139)
GO:0004252	serine-type endopeptidase activity	has_direct_input(MGI:MGI:88145)
GO:0061630	ubiquitin protein ligase activity	has_direct_input(MGI:MGI:88190)
GO:0003682	chromatin binding	has_direct_input(MGI:MGI:88263
GO:0003682	chromatin binding	has_direct_input(MGI:MGI:88264
GO:0001227	transcriptional repressor activity, RNA polymerase II transcription regulatory region sequence-specific binding	has_direct_input(MGI:MGI:88274)
GO:0050821	protein stabilization	has_direct_input(MGI:MGI:88276)
GO:0003682	chromatin binding	has_direct_input(MGI:MGI:88313)
GO:0003682	chromatin binding	has_direct_input(MGI:MGI:88313)
GO:0061630	ubiquitin protein ligase activity	has_direct_input(MGI:MGI:88354)
GO:0004252	serine-type endopeptidase activity	has_direct_input(MGI:MGI:88380)
GO:0008233	peptidase activity	has_direct_input(MGI:MGI:88382)
GO:0004674	protein serine/threonine kinase activity	has_direct_input(MGI:MGI:88398)
GO:0030574	collagen catabolic process	has_direct_input(MGI:MGI:88467)
GO:0051604	protein maturation	has_direct_input(MGI:MGI:88467)
GO:0008233	peptidase activity	has_direct_input(MGI:MGI:88467)
GO:0008233	peptidase activity	has_direct_input(MGI:MGI:88468)
GO:0004672	protein kinase activity	has_direct_input(MGI:MGI:88508)
GO:0004713	protein tyrosine kinase activity	has_direct_input(MGI:MGI:88508)
GO:0004842	ubiquitin-protein transferase activity	has_direct_input(MGI:MGI:88557)
GO:0009306	protein secretion	has_direct_input(MGI:MGI:88562)
GO:0003682	chromatin binding	has_direct_input(MGI:MGI:88568)
GO:0003682	chromatin binding	has_direct_input(MGI:MGI:88586
GO:0006306	DNA methylation	has_direct_input(MGI:MGI:892014
GO:0003682	chromatin binding	has_direct_input(MGI:MGI:894289)
GO:0061630	ubiquitin protein ligase activity	has_direct_input(MGI:MGI:894678)
GO:1990172	G-protein coupled receptor catabolic process	has_direct_input(MGI:MGI:94924)
GO:0004672	protein kinase activity	has_direct_input(MGI:MGI:95410)
GO:0004672	protein kinase activity	has_direct_input(MGI:MGI:95411)
GO:0006306	DNA methylation	has_direct_input(MGI:MGI:95484)
GO:0043565	sequence-specific DNA binding	has_direct_input(MGI:MGI:95499)
GO:0004672	protein kinase activity	has_direct_input(MGI:MGI:95499)
GO:0043970	histone H3-K9 acetylation	has_direct_input(MGI:MGI:95607
GO:0043970	histone H3-K9 acetylation	has_direct_input(MGI:MGI:95607
GO:0004674	protein serine/threonine kinase activity	has_direct_input(MGI:MGI:95623)
GO:0003682	chromatin binding	has_direct_input(MGI:MGI:95632)
GO:0016409	palmitoyltransferase activity	has_direct_input(MGI:MGI:95639)
GO:0044257	cellular protein catabolic process	has_direct_input(MGI:MGI:95639)
GO:0000978	RNA polymerase II core promoter proximal region sequence-specific DNA binding	has_direct_input(MGI:MGI:95709)
GO:0006470	protein dephosphorylation	has_direct_input(MGI:MGI:95713)
GO:0016409	palmitoyltransferase activity	has_direct_input(MGI:MGI:95777)
GO:0002091	negative regulation of receptor internalization	has_direct_input(MGI:MGI:95808
GO:0061630	ubiquitin protein ligase activity	has_direct_input(MGI:MGI:95901)
GO:0020027	hemoglobin metabolic process	has_direct_input(MGI:MGI:96014)
GO:0016409	palmitoyltransferase activity	has_direct_input(MGI:MGI:96224)
GO:0004311	farnesyltranstransferase activity	has_direct_input(MGI:MGI:96224)
GO:0003682	chromatin binding	has_direct_input(MGI:MGI:96522)
GO:0004175	endopeptidase activity	has_direct_input(MGI:MGI:96543)
GO:0030163	protein catabolic process	has_direct_input(MGI:MGI:96543)
GO:0000987	core promoter proximal region sequence-specific DNA binding	has_direct_input(MGI:MGI:96548
GO:0043565	sequence-specific DNA binding	has_direct_input(MGI:MGI:96548)
GO:0043565	sequence-specific DNA binding	has_direct_input(MGI:MGI:96548)
GO:0000978	RNA polymerase II core promoter proximal region sequence-specific DNA binding	has_direct_input(MGI:MGI:96548)
GO:0000987	core promoter proximal region sequence-specific DNA binding	has_direct_input(MGI:MGI:96556)
GO:0043565	sequence-specific DNA binding	has_direct_input(MGI:MGI:96556)
GO:0043565	sequence-specific DNA binding	has_direct_input(MGI:MGI:96556)
GO:0003682	chromatin binding	has_direct_input(MGI:MGI:96559)
GO:0043565	sequence-specific DNA binding	has_direct_input(MGI:MGI:96607)
GO:0006508	proteolysis	has_direct_input(MGI:MGI:96748
GO:0004198	calcium-dependent cysteine-type endopeptidase activity	has_direct_input(MGI:MGI:96748)
GO:0016409	palmitoyltransferase activity	has_direct_input(MGI:MGI:96756)
GO:0004725	protein tyrosine phosphatase activity	has_direct_input(MGI:MGI:96756)
GO:0061630	ubiquitin protein ligase activity	has_direct_input(MGI:MGI:96765)
GO:0008233	peptidase activity	has_direct_input(MGI:MGI:96778)
GO:0051604	protein maturation	has_direct_input(MGI:MGI:96820)
GO:0006468	protein phosphorylation	has_direct_input(MGI:MGI:96925)
GO:0003682	chromatin binding	has_direct_input(MGI:MGI:97250
GO:0045944	positive regulation of transcription from RNA polymerase II promoter	has_direct_input(MGI:MGI:97250)
GO:0061630	ubiquitin protein ligase activity	has_direct_input(MGI:MGI:97250)
GO:0008134	transcription factor binding	has_direct_input(MGI:MGI:97275)
GO:0050821	protein stabilization	has_direct_input(MGI:MGI:97276)
GO:0003682	chromatin binding	has_direct_input(MGI:MGI:97276)
GO:0003677	DNA binding	has_direct_input(MGI:MGI:97276)
GO:0061630	ubiquitin protein ligase activity	has_direct_input(MGI:MGI:97313)
GO:0003682	chromatin binding	has_direct_input(MGI:MGI:97363)
GO:0004175	endopeptidase activity	has_direct_input(MGI:MGI:97363)
GO:0000977	RNA polymerase II regulatory region sequence-specific DNA binding	has_direct_input(MGI:MGI:97364)
GO:0003682	chromatin binding	has_direct_input(MGI:MGI:97364)
GO:0043970	histone H3-K9 acetylation	has_direct_input(MGI:MGI:97501
GO:0043970	histone H3-K9 acetylation	has_direct_input(MGI:MGI:97501)
GO:0003682	chromatin binding	has_direct_input(MGI:MGI:97508)
GO:0003682	chromatin binding	has_direct_input(MGI:MGI:97509)
GO:0000977	RNA polymerase II regulatory region sequence-specific DNA binding	has_direct_input(MGI:MGI:97587)
GO:0004725	protein tyrosine phosphatase activity	has_direct_input(MGI:MGI:97602)
GO:0004671	protein C-terminal S-isoprenylcysteine carboxyl O-methyltransferase activity	has_direct_input(MGI:MGI:97844)
GO:0014909	smooth muscle cell migration	has_direct_input(MGI:MGI:97845)
GO:0030676	Rac guanyl-nucleotide exchange factor activity	has_direct_input(MGI:MGI:97845)
GO:0030676	Rac guanyl-nucleotide exchange factor activity	has_direct_input(MGI:MGI:97845)
GO:0007266	Rho protein signal transduction	has_direct_input(MGI:MGI:97845)
GO:0007266	Rho protein signal transduction	has_direct_input(MGI:MGI:97845)
GO:0048659	smooth muscle cell proliferation	has_direct_input(MGI:MGI:97845)
GO:0000977	RNA polymerase II regulatory region sequence-specific DNA binding	has_direct_input(MGI:MGI:97857)
GO:0001933	negative regulation of protein phosphorylation	has_direct_input(MGI:MGI:97874)
GO:0004703	G-protein coupled receptor kinase activity	has_direct_input(MGI:MGI:97914)
GO:0004674	protein serine/threonine kinase activity	has_direct_input(MGI:MGI:98283)
GO:0003682	chromatin binding	has_direct_input(MGI:MGI:98297)
GO:0016409	palmitoyltransferase activity	has_direct_input(MGI:MGI:98331)
GO:0008134	transcription factor binding	has_direct_input(MGI:MGI:98358)
GO:0008276	protein methyltransferase activity	has_direct_input(MGI:MGI:98371)
GO:0004674	protein serine/threonine kinase activity	has_direct_input(MGI:MGI:98427)
GO:0046921	alpha-(1->6)-fucosyltransferase activity	has_direct_input(MGI:MGI:98729)
GO:0003682	chromatin binding	has_direct_input(MGI:MGI:98769)
GO:0061630	ubiquitin protein ligase activity	has_direct_input(MGI:MGI:98783)
GO:0003682	chromatin binding	has_direct_input(MGI:MGI:98834)
GO:0018105	peptidyl-serine phosphorylation	has_direct_input(MGI:MGI:98834)
GO:0004842	ubiquitin-protein transferase activity	has_direct_input(MGI:MGI:98834)
GO:0061630	ubiquitin protein ligase activity	has_direct_input(MGI:MGI:98834)
GO:0003682	chromatin binding	has_direct_input(MGI:MGI:98932
GO:0003682	chromatin binding	has_direct_input(MGI:MGI:99254
GO:0003682	chromatin binding	has_direct_input(MGI:MGI:99423
GO:0004672	protein kinase activity	has_direct_input(MGI:MGI:99454)
GO:0004672	protein kinase activity	has_direct_input(MGI:MGI:99454)
GO:0004713	protein tyrosine kinase activity	has_direct_input(MGI:MGI:99511)
GO:0004713	protein tyrosine kinase activity	has_direct_input(MGI:MGI:99515
GO:0035335	peptidyl-tyrosine dephosphorylation	has_direct_input(MGI:MGI:99515)
GO:0004713	protein tyrosine kinase activity	has_direct_input(MGI:MGI:99515)
GO:0033558	protein deacetylase activity	has_direct_input(MGI:MGI:99533)
GO:0008134	transcription factor binding	has_direct_input(MGI:MGI:99533)
GO:0004222	metalloendopeptidase activity	has_direct_input(MGI:MGI:99602)
GO:0004222	metalloendopeptidase activity	has_direct_input(MGI:MGI:99602)
GO:0004713	protein tyrosine kinase activity	has_direct_input(MGI:MGI:99695)
GO:0051084	'de novo' posttranslational protein folding	has_direct_input(MGI:MGI:99702)
GO:0044325	ion channel binding	has_direct_input(PR:000001044)
GO:0008013	beta-catenin binding	has_direct_input(PR:000002198)
GO:0035673	oligopeptide transmembrane transporter activity	has_direct_input(PR:000025001)
GO:0005515	protein binding	has_direct_input(PR:000027543)
GO:0005515	protein binding	has_direct_input(PR:000027566)
GO:0031493	nucleosomal histone binding	has_direct_input(PR:000027578)
GO:0031493	nucleosomal histone binding	has_direct_input(PR:000027593)
GO:0031493	nucleosomal histone binding	has_direct_input(PR:000027604)
GO:0005515	protein binding	has_direct_input(PR:000027629)
GO:0005515	protein binding	has_direct_input(PR:000028939)
GO:0010954	positive regulation of protein processing	has_direct_input(PR:000037267
GO:0004674	protein serine/threonine kinase activity	has_direct_input(PR:000037299)
GO:0005515	protein binding	has_direct_input(PR:000044464)
GO:0097112	gamma-aminobutyric acid receptor clustering	has_direct_input(PR:000044498)
GO:0006509	membrane protein ectodomain proteolysis	has_direct_input(PR:000044823)
GO:0006509	membrane protein ectodomain proteolysis	has_direct_input(PR:000044823)
GO:0006509	membrane protein ectodomain proteolysis	has_direct_input(PR:000044823)
GO:0006509	membrane protein ectodomain proteolysis	has_direct_input(PR:000044823)
GO:0006509	membrane protein ectodomain proteolysis	has_direct_input(PR:000044838)
GO:0006509	membrane protein ectodomain proteolysis	has_direct_input(PR:000044838)
GO:0005515	protein binding	has_direct_input(PR:000044843)
GO:0005515	protein binding	has_direct_input(PR:000044843)
GO:0022008	neurogenesis	has_direct_input(PR:000044843)
GO:0050731	positive regulation of peptidyl-tyrosine phosphorylation	has_direct_input(PR:P30999)
GO:1900086	positive regulation of peptidyl-tyrosine autophosphorylation	has_direct_input(PR:P30999)
GO:0043547	positive regulation of GTPase activity	has_direct_input(PR:P63001)
GO:0050731	positive regulation of peptidyl-tyrosine phosphorylation	has_direct_input(PR:P70424)
GO:0019838	growth factor binding	has_direct_input(PR:Q00731-2)
GO:0050731	positive regulation of peptidyl-tyrosine phosphorylation	has_direct_input(PR:Q01279)
GO:0004674	protein serine/threonine kinase activity	has_direct_input(PR:Q5EG47
GO:0004674	protein serine/threonine kinase activity	has_direct_input(PR:Q5EG47
GO:0050731	positive regulation of peptidyl-tyrosine phosphorylation	has_direct_input(PR:Q61527)
GO:0070613	regulation of protein processing	has_direct_input(PR:Q61602-1)
GO:0010954	positive regulation of protein processing	has_direct_input(PR:Q8VDL9-1)
GO:0097112	gamma-aminobutyric acid receptor clustering	has_direct_input(PR:Q91XP5-1)
GO:0004693	cyclin-dependent protein serine/threonine kinase activity	has_direct_input(Pfam:PF05001)
GO:0004693	cyclin-dependent protein serine/threonine kinase activity	has_direct_input(Pfam:PF12815)
GO:0036459	thiol-dependent ubiquitinyl hydrolase activity	has_direct_input(PomBase:SPAC1002.03c)
GO:0036459	thiol-dependent ubiquitinyl hydrolase activity	has_direct_input(PomBase:SPAC1006.01)
GO:0036459	thiol-dependent ubiquitinyl hydrolase activity	has_direct_input(PomBase:SPAC1071.07c)
GO:0036459	thiol-dependent ubiquitinyl hydrolase activity	has_direct_input(PomBase:SPAC1071.12c)
GO:0036459	thiol-dependent ubiquitinyl hydrolase activity	has_direct_input(PomBase:SPAC10F6.03c)
GO:0036459	thiol-dependent ubiquitinyl hydrolase activity	has_direct_input(PomBase:SPAC10F6.06)
GO:0052858	peptidyl-lysine acetyltransferase activity	has_direct_input(PomBase:SPAC10F6.09c)
GO:0036459	thiol-dependent ubiquitinyl hydrolase activity	has_direct_input(PomBase:SPAC10F6.13c)
GO:0004702	signal transducer, downstream of receptor, with serine/threonine kinase activity	has_direct_input(PomBase:SPAC10F6.16)
GO:0005085	guanyl-nucleotide exchange factor activity	has_direct_input(PomBase:SPAC110.03
GO:0005096	GTPase activator activity	has_direct_input(PomBase:SPAC110.03)
GO:0004674	protein serine/threonine kinase activity	has_direct_input(PomBase:SPAC110.03)
GO:0030695	GTPase regulator activity	has_direct_input(PomBase:SPAC110.03)
GO:0005089	Rho guanyl-nucleotide exchange factor activity	has_direct_input(PomBase:SPAC110.03)
GO:0036459	thiol-dependent ubiquitinyl hydrolase activity	has_direct_input(PomBase:SPAC110.03)
GO:0036459	thiol-dependent ubiquitinyl hydrolase activity	has_direct_input(PomBase:SPAC1142.06)
GO:0036459	thiol-dependent ubiquitinyl hydrolase activity	has_direct_input(PomBase:SPAC11E3.07)
GO:0004674	protein serine/threonine kinase activity	has_direct_input(PomBase:SPAC11E3.11c)
GO:0030674	protein binding, bridging	has_direct_input(PomBase:SPAC11G7.02
GO:0036459	thiol-dependent ubiquitinyl hydrolase activity	has_direct_input(PomBase:SPAC11G7.02)
GO:0036459	thiol-dependent ubiquitinyl hydrolase activity	has_direct_input(PomBase:SPAC1250.05)
GO:0036459	thiol-dependent ubiquitinyl hydrolase activity	has_direct_input(PomBase:SPAC12G12.11c)
GO:0004674	protein serine/threonine kinase activity	has_direct_input(PomBase:SPAC13A11.01c)
GO:0036459	thiol-dependent ubiquitinyl hydrolase activity	has_direct_input(PomBase:SPAC13A11.05)
GO:0036459	thiol-dependent ubiquitinyl hydrolase activity	has_direct_input(PomBase:SPAC13G6.02c)
GO:0004711	ribosomal protein S6 kinase activity	has_direct_input(PomBase:SPAC13G6.07c)
GO:0036459	thiol-dependent ubiquitinyl hydrolase activity	has_direct_input(PomBase:SPAC13G7.08c)
GO:0050265	RNA uridylyltransferase activity	has_direct_input(PomBase:SPAC140.02)
GO:0036459	thiol-dependent ubiquitinyl hydrolase activity	has_direct_input(PomBase:SPAC1420.02c)
GO:0004674	protein serine/threonine kinase activity	has_direct_input(PomBase:SPAC144.13c
GO:0004674	protein serine/threonine kinase activity	has_direct_input(PomBase:SPAC144.13c)
GO:0004674	protein serine/threonine kinase activity	has_direct_input(PomBase:SPAC14C4.03
GO:0004674	protein serine/threonine kinase activity	has_direct_input(PomBase:SPAC14C4.03)
GO:0036459	thiol-dependent ubiquitinyl hydrolase activity	has_direct_input(PomBase:SPAC14C4.04)
GO:0036459	thiol-dependent ubiquitinyl hydrolase activity	has_direct_input(PomBase:SPAC14C4.11)
GO:0036459	thiol-dependent ubiquitinyl hydrolase activity	has_direct_input(PomBase:SPAC14C4.14)
GO:0036459	thiol-dependent ubiquitinyl hydrolase activity	has_direct_input(PomBase:SPAC1556.07)
GO:0005096	GTPase activator activity	has_direct_input(PomBase:SPAC1565.06c)
GO:0061608	nuclear import signal receptor activity	has_direct_input(PomBase:SPAC1565.08)
GO:0036459	thiol-dependent ubiquitinyl hydrolase activity	has_direct_input(PomBase:SPAC15A10.16)
GO:0016279	protein-lysine N-methyltransferase activity	has_direct_input(PomBase:SPAC15E1.03)
GO:0010698	acetyltransferase activator activity	has_direct_input(PomBase:SPAC15E1.08)
GO:0036459	thiol-dependent ubiquitinyl hydrolase activity	has_direct_input(PomBase:SPAC15F9.02)
GO:0005096	GTPase activator activity	has_direct_input(PomBase:SPAC16.01)
GO:0004674	protein serine/threonine kinase activity	has_direct_input(PomBase:SPAC16.02c)
GO:0004672	protein kinase activity	has_direct_input(PomBase:SPAC16.02c)
GO:0004713	protein tyrosine kinase activity	has_direct_input(PomBase:SPAC1687.15)
GO:0005089	Rho guanyl-nucleotide exchange factor activity	has_direct_input(PomBase:SPAC16A10.04)
GO:0036459	thiol-dependent ubiquitinyl hydrolase activity	has_direct_input(PomBase:SPAC16C9.02c)
GO:0036459	thiol-dependent ubiquitinyl hydrolase activity	has_direct_input(PomBase:SPAC16C9.04c)
GO:0036459	thiol-dependent ubiquitinyl hydrolase activity	has_direct_input(PomBase:SPAC16E8.04c)
GO:0036459	thiol-dependent ubiquitinyl hydrolase activity	has_direct_input(PomBase:SPAC16E8.07c)
GO:0036459	thiol-dependent ubiquitinyl hydrolase activity	has_direct_input(PomBase:SPAC16E8.13)
GO:0036459	thiol-dependent ubiquitinyl hydrolase activity	has_direct_input(PomBase:SPAC16E8.15)
GO:0004674	protein serine/threonine kinase activity	has_direct_input(PomBase:SPAC1782.09c
GO:0004722	protein serine/threonine phosphatase activity	has_direct_input(PomBase:SPAC1782.09c
GO:0004674	protein serine/threonine kinase activity	has_direct_input(PomBase:SPAC1782.09c)
GO:0036459	thiol-dependent ubiquitinyl hydrolase activity	has_direct_input(PomBase:SPAC1782.11)
GO:0015035	protein disulfide oxidoreductase activity	has_direct_input(PomBase:SPAC1783.07c)
GO:0005049	nuclear export signal receptor activity	has_direct_input(PomBase:SPAC1783.07c)
GO:0004791	thioredoxin-disulfide reductase activity	has_direct_input(PomBase:SPAC1783.07c)
GO:0036459	thiol-dependent ubiquitinyl hydrolase activity	has_direct_input(PomBase:SPAC17A2.01)
GO:0004672	protein kinase activity	has_direct_input(PomBase:SPAC17A2.09c)
GO:0036459	thiol-dependent ubiquitinyl hydrolase activity	has_direct_input(PomBase:SPAC17A5.12)
GO:0036459	thiol-dependent ubiquitinyl hydrolase activity	has_direct_input(PomBase:SPAC17A5.13)
GO:0061630	ubiquitin protein ligase activity	has_direct_input(PomBase:SPAC17C9.13c)
GO:0036459	thiol-dependent ubiquitinyl hydrolase activity	has_direct_input(PomBase:SPAC17G6.05c)
GO:0036459	thiol-dependent ubiquitinyl hydrolase activity	has_direct_input(PomBase:SPAC17G6.09)
GO:0019784	NEDD8-specific protease activity	has_direct_input(PomBase:SPAC17G6.12)
GO:0036459	thiol-dependent ubiquitinyl hydrolase activity	has_direct_input(PomBase:SPAC17G6.14c)
GO:0036459	thiol-dependent ubiquitinyl hydrolase activity	has_direct_input(PomBase:SPAC17G8.04c)
GO:0061630	ubiquitin protein ligase activity	has_direct_input(PomBase:SPAC17G8.10c)
GO:0036459	thiol-dependent ubiquitinyl hydrolase activity	has_direct_input(PomBase:SPAC17G8.10c)
GO:0036459	thiol-dependent ubiquitinyl hydrolase activity	has_direct_input(PomBase:SPAC17G8.11c)
GO:0004660	protein farnesyltransferase activity	has_direct_input(PomBase:SPAC17H9.09c)
GO:0005088	Ras guanyl-nucleotide exchange factor activity	has_direct_input(PomBase:SPAC17H9.09c)
GO:0036459	thiol-dependent ubiquitinyl hydrolase activity	has_direct_input(PomBase:SPAC17H9.13c)
GO:0036459	thiol-dependent ubiquitinyl hydrolase activity	has_direct_input(PomBase:SPAC17H9.16)
GO:0036459	thiol-dependent ubiquitinyl hydrolase activity	has_direct_input(PomBase:SPAC1805.05)
GO:0036459	thiol-dependent ubiquitinyl hydrolase activity	has_direct_input(PomBase:SPAC1805.06c)
GO:0036459	thiol-dependent ubiquitinyl hydrolase activity	has_direct_input(PomBase:SPAC1805.13)
GO:0032931	histone acetyltransferase activity (H3-K56 specific)	has_direct_input(PomBase:SPAC1834.04)
GO:0004674	protein serine/threonine kinase activity	has_direct_input(PomBase:SPAC1834.04)
GO:0072354	histone kinase activity (H3-T3 specific)	has_direct_input(PomBase:SPAC1834.04)
GO:0036459	thiol-dependent ubiquitinyl hydrolase activity	has_direct_input(PomBase:SPAC18G6.03)
GO:0004674	protein serine/threonine kinase activity	has_direct_input(PomBase:SPAC18G6.07c)
GO:0036459	thiol-dependent ubiquitinyl hydrolase activity	has_direct_input(PomBase:SPAC18G6.07c)
GO:0036459	thiol-dependent ubiquitinyl hydrolase activity	has_direct_input(PomBase:SPAC18G6.14c)
GO:0036459	thiol-dependent ubiquitinyl hydrolase activity	has_direct_input(PomBase:SPAC1952.03)
GO:0036459	thiol-dependent ubiquitinyl hydrolase activity	has_direct_input(PomBase:SPAC19A8.04)
GO:0036459	thiol-dependent ubiquitinyl hydrolase activity	has_direct_input(PomBase:SPAC19A8.05c)
GO:0036459	thiol-dependent ubiquitinyl hydrolase activity	has_direct_input(PomBase:SPAC19A8.10)
GO:1990521	m7G(5')pppN diphosphatase activator activity	has_direct_input(PomBase:SPAC19A8.12)
GO:0036459	thiol-dependent ubiquitinyl hydrolase activity	has_direct_input(PomBase:SPAC19B12.03)
GO:0050265	RNA uridylyltransferase activity	has_direct_input(PomBase:SPAC19D5.03)
GO:0036459	thiol-dependent ubiquitinyl hydrolase activity	has_direct_input(PomBase:SPAC19D5.04)
GO:0036459	thiol-dependent ubiquitinyl hydrolase activity	has_direct_input(PomBase:SPAC19G12.05)
GO:0016706	oxidoreductase activity, acting on paired donors, with incorporation or reduction of molecular oxygen, 2-oxoglutarate as one donor, and incorporation of one atom each of oxygen into both donors	has_direct_input(PomBase:SPAC19G12.06c)
GO:0072371	histone kinase activity (H2A-S121 specific)	has_direct_input(PomBase:SPAC19G12.06c)
GO:0050265	RNA uridylyltransferase activity	has_direct_input(PomBase:SPAC19G12.07c)
GO:0036459	thiol-dependent ubiquitinyl hydrolase activity	has_direct_input(PomBase:SPAC19G12.10c)
GO:0004674	protein serine/threonine kinase activity	has_direct_input(PomBase:SPAC19G12.14)
GO:0036459	thiol-dependent ubiquitinyl hydrolase activity	has_direct_input(PomBase:SPAC19G12.15c)
GO:0036459	thiol-dependent ubiquitinyl hydrolase activity	has_direct_input(PomBase:SPAC1A6.01c)
GO:0036459	thiol-dependent ubiquitinyl hydrolase activity	has_direct_input(PomBase:SPAC1A6.04c)
GO:0036459	thiol-dependent ubiquitinyl hydrolase activity	has_direct_input(PomBase:SPAC1B3.05)
GO:0036459	thiol-dependent ubiquitinyl hydrolase activity	has_direct_input(PomBase:SPAC1B3.16c)
GO:0004672	protein kinase activity	has_direct_input(PomBase:SPAC1B9.02c)
GO:0036459	thiol-dependent ubiquitinyl hydrolase activity	has_direct_input(PomBase:SPAC1D4.04)
GO:0004672	protein kinase activity	has_direct_input(PomBase:SPAC1D4.11c)
GO:0038073	MAP kinase kinase kinase activity involved in conjugation with cellular fusion	has_direct_input(PomBase:SPAC1D4.13)
GO:0036459	thiol-dependent ubiquitinyl hydrolase activity	has_direct_input(PomBase:SPAC1F12.05)
GO:0004674	protein serine/threonine kinase activity	has_direct_input(PomBase:SPAC1F3.02c)
GO:0036459	thiol-dependent ubiquitinyl hydrolase activity	has_direct_input(PomBase:SPAC1F3.05)
GO:0004674	protein serine/threonine kinase activity	has_direct_input(PomBase:SPAC1F5.04c
GO:0036459	thiol-dependent ubiquitinyl hydrolase activity	has_direct_input(PomBase:SPAC1F7.03)
GO:0004662	CAAX-protein geranylgeranyltransferase activity	has_direct_input(PomBase:SPAC1F7.04)
GO:0005096	GTPase activator activity	has_direct_input(PomBase:SPAC1F7.04)
GO:0005089	Rho guanyl-nucleotide exchange factor activity	has_direct_input(PomBase:SPAC1F7.04)
GO:1990846	ribonucleoside-diphosphate reductase inhibitor activity	has_direct_input(PomBase:SPAC1F7.05)
GO:0036459	thiol-dependent ubiquitinyl hydrolase activity	has_direct_input(PomBase:SPAC1F7.08)
GO:0036459	thiol-dependent ubiquitinyl hydrolase activity	has_direct_input(PomBase:SPAC1F7.09c)
GO:0036459	thiol-dependent ubiquitinyl hydrolase activity	has_direct_input(PomBase:SPAC20G4.03c)
GO:0036459	thiol-dependent ubiquitinyl hydrolase activity	has_direct_input(PomBase:SPAC20G4.06c)
GO:0036459	thiol-dependent ubiquitinyl hydrolase activity	has_direct_input(PomBase:SPAC20G8.01)
GO:0004721	phosphoprotein phosphatase activity	has_direct_input(PomBase:SPAC20G8.05c
GO:0036459	thiol-dependent ubiquitinyl hydrolase activity	has_direct_input(PomBase:SPAC20H4.03c)
GO:0004674	protein serine/threonine kinase activity	has_direct_input(PomBase:SPAC222.10c
GO:0036459	thiol-dependent ubiquitinyl hydrolase activity	has_direct_input(PomBase:SPAC227.06)
GO:0036459	thiol-dependent ubiquitinyl hydrolase activity	has_direct_input(PomBase:SPAC227.15)
GO:0036459	thiol-dependent ubiquitinyl hydrolase activity	has_direct_input(PomBase:SPAC227.18)
GO:0036459	thiol-dependent ubiquitinyl hydrolase activity	has_direct_input(PomBase:SPAC22E12.04)
GO:0004252	serine-type endopeptidase activity	has_direct_input(PomBase:SPAC22E12.09c)
GO:0015039	NADPH-adrenodoxin reductase activity	has_direct_input(PomBase:SPAC22E12.10c)
GO:0004672	protein kinase activity	has_direct_input(PomBase:SPAC22E12.14c)
GO:0098744	1-phosphatidylinositol 4-kinase activator activity	has_direct_input(PomBase:SPAC22E12.16c)
GO:0004674	protein serine/threonine kinase activity	has_direct_input(PomBase:SPAC22F3.03c
GO:1990609	glutamate-cysteine ligase regulator activity	has_direct_input(PomBase:SPAC22F3.10c)
GO:0036459	thiol-dependent ubiquitinyl hydrolase activity	has_direct_input(PomBase:SPAC22F3.10c)
GO:0036459	thiol-dependent ubiquitinyl hydrolase activity	has_direct_input(PomBase:SPAC22F8.05)
GO:0036459	thiol-dependent ubiquitinyl hydrolase activity	has_direct_input(PomBase:SPAC22F8.06)
GO:0036459	thiol-dependent ubiquitinyl hydrolase activity	has_direct_input(PomBase:SPAC22F8.08)
GO:0036459	thiol-dependent ubiquitinyl hydrolase activity	has_direct_input(PomBase:SPAC22G7.06c)
GO:0036459	thiol-dependent ubiquitinyl hydrolase activity	has_direct_input(PomBase:SPAC22G7.08)
GO:0036459	thiol-dependent ubiquitinyl hydrolase activity	has_direct_input(PomBase:SPAC22H10.12c)
GO:0036459	thiol-dependent ubiquitinyl hydrolase activity	has_direct_input(PomBase:SPAC22H12.04c)
GO:0036459	thiol-dependent ubiquitinyl hydrolase activity	has_direct_input(PomBase:SPAC23A1.03)
GO:0004672	protein kinase activity	has_direct_input(PomBase:SPAC23A1.06c)
GO:0004707	MAP kinase activity	has_direct_input(PomBase:SPAC23A1.06c)
GO:0036459	thiol-dependent ubiquitinyl hydrolase activity	has_direct_input(PomBase:SPAC23A1.08c)
GO:0036459	thiol-dependent ubiquitinyl hydrolase activity	has_direct_input(PomBase:SPAC23A1.12c)
GO:0036459	thiol-dependent ubiquitinyl hydrolase activity	has_direct_input(PomBase:SPAC23C11.02c)
GO:0043539	protein serine/threonine kinase activator activity	has_direct_input(PomBase:SPAC23C11.11
GO:0004693	cyclin-dependent protein serine/threonine kinase activity	has_direct_input(PomBase:SPAC23C11.12)
GO:0050265	RNA uridylyltransferase activity	has_direct_input(PomBase:SPAC23C11.12)
GO:0036459	thiol-dependent ubiquitinyl hydrolase activity	has_direct_input(PomBase:SPAC23C11.13c)
GO:0004674	protein serine/threonine kinase activity	has_direct_input(PomBase:SPAC23C11.16)
GO:0005089	Rho guanyl-nucleotide exchange factor activity	has_direct_input(PomBase:SPAC23C4.08)
GO:0004713	protein tyrosine kinase activity	has_direct_input(PomBase:SPAC23C4.12)
GO:0004674	protein serine/threonine kinase activity	has_direct_input(PomBase:SPAC23C4.12)
GO:0036459	thiol-dependent ubiquitinyl hydrolase activity	has_direct_input(PomBase:SPAC23C4.15)
GO:0097472	cyclin-dependent protein kinase activity	has_direct_input(PomBase:SPAC23C4.19)
GO:0004693	cyclin-dependent protein serine/threonine kinase activity	has_direct_input(PomBase:SPAC23C4.19)
GO:0003723	RNA binding	has_direct_input(PomBase:SPAC23D3.10c)
GO:0036459	thiol-dependent ubiquitinyl hydrolase activity	has_direct_input(PomBase:SPAC23D3.12)
GO:0036459	thiol-dependent ubiquitinyl hydrolase activity	has_direct_input(PomBase:SPAC23G3.01)
GO:0036459	thiol-dependent ubiquitinyl hydrolase activity	has_direct_input(PomBase:SPAC23G3.11)
GO:0036459	thiol-dependent ubiquitinyl hydrolase activity	has_direct_input(PomBase:SPAC23G3.12c)
GO:0030159	receptor signaling complex scaffold activity	has_direct_input(PomBase:SPAC23H3.13c)
GO:0036459	thiol-dependent ubiquitinyl hydrolase activity	has_direct_input(PomBase:SPAC23H3.15c)
GO:0036459	thiol-dependent ubiquitinyl hydrolase activity	has_direct_input(PomBase:SPAC23H4.12)
GO:0004708	MAP kinase kinase activity	has_direct_input(PomBase:SPAC24B11.06c)
GO:0004708	MAP kinase kinase activity	has_direct_input(PomBase:SPAC24B11.06c)
GO:0004708	MAP kinase kinase activity	has_direct_input(PomBase:SPAC24B11.06c)
GO:1990439	MAP kinase threonine phosphatase activity	has_direct_input(PomBase:SPAC24B11.06c)
GO:0033550	MAP kinase tyrosine phosphatase activity	has_direct_input(PomBase:SPAC24B11.06c)
GO:0036459	thiol-dependent ubiquitinyl hydrolase activity	has_direct_input(PomBase:SPAC24B11.06c)
GO:0004715	non-membrane spanning protein tyrosine kinase activity	has_direct_input(PomBase:SPAC24B11.06c)
GO:0036459	thiol-dependent ubiquitinyl hydrolase activity	has_direct_input(PomBase:SPAC24B11.07c)
GO:0030295	protein kinase activator activity	has_direct_input(PomBase:SPAC24B11.11c)
GO:0036459	thiol-dependent ubiquitinyl hydrolase activity	has_direct_input(PomBase:SPAC24B11.12c)
GO:0036459	thiol-dependent ubiquitinyl hydrolase activity	has_direct_input(PomBase:SPAC24B11.13)
GO:0036459	thiol-dependent ubiquitinyl hydrolase activity	has_direct_input(PomBase:SPAC24C9.06c)
GO:0036459	thiol-dependent ubiquitinyl hydrolase activity	has_direct_input(PomBase:SPAC24C9.08)
GO:0019784	NEDD8-specific protease activity	has_direct_input(PomBase:SPAC24H6.03)
GO:0036459	thiol-dependent ubiquitinyl hydrolase activity	has_direct_input(PomBase:SPAC24H6.04)
GO:0004721	phosphoprotein phosphatase activity	has_direct_input(PomBase:SPAC24H6.05
GO:0004674	protein serine/threonine kinase activity	has_direct_input(PomBase:SPAC24H6.05)
GO:0061630	ubiquitin protein ligase activity	has_direct_input(PomBase:SPAC24H6.05)
GO:0004674	protein serine/threonine kinase activity	has_direct_input(PomBase:SPAC24H6.05)
GO:0004674	protein serine/threonine kinase activity	has_direct_input(PomBase:SPAC24H6.05)
GO:0036459	thiol-dependent ubiquitinyl hydrolase activity	has_direct_input(PomBase:SPAC25A8.01c)
GO:0036459	thiol-dependent ubiquitinyl hydrolase activity	has_direct_input(PomBase:SPAC25G10.03)
GO:0036459	thiol-dependent ubiquitinyl hydrolase activity	has_direct_input(PomBase:SPAC25G10.05c)
GO:0004674	protein serine/threonine kinase activity	has_direct_input(PomBase:SPAC25G10.07c)
GO:0036459	thiol-dependent ubiquitinyl hydrolase activity	has_direct_input(PomBase:SPAC26A3.05)
GO:0036459	thiol-dependent ubiquitinyl hydrolase activity	has_direct_input(PomBase:SPAC26A3.16)
GO:0036459	thiol-dependent ubiquitinyl hydrolase activity	has_direct_input(PomBase:SPAC26F1.03)
GO:0036459	thiol-dependent ubiquitinyl hydrolase activity	has_direct_input(PomBase:SPAC26H5.05)
GO:0036459	thiol-dependent ubiquitinyl hydrolase activity	has_direct_input(PomBase:SPAC26H5.09c)
GO:0036459	thiol-dependent ubiquitinyl hydrolase activity	has_direct_input(PomBase:SPAC26H5.10c)
GO:0004674	protein serine/threonine kinase activity	has_direct_input(PomBase:SPAC27D7.03c)
GO:0061630	ubiquitin protein ligase activity	has_direct_input(PomBase:SPAC27D7.03c)
GO:0036459	thiol-dependent ubiquitinyl hydrolase activity	has_direct_input(PomBase:SPAC27D7.14c)
GO:0036459	thiol-dependent ubiquitinyl hydrolase activity	has_direct_input(PomBase:SPAC27E2.02)
GO:0036459	thiol-dependent ubiquitinyl hydrolase activity	has_direct_input(PomBase:SPAC27F1.02c)
GO:0036459	thiol-dependent ubiquitinyl hydrolase activity	has_direct_input(PomBase:SPAC29A4.04c)
GO:0036459	thiol-dependent ubiquitinyl hydrolase activity	has_direct_input(PomBase:SPAC29A4.15)
GO:0036459	thiol-dependent ubiquitinyl hydrolase activity	has_direct_input(PomBase:SPAC29B12.04)
GO:0015035	protein disulfide oxidoreductase activity	has_direct_input(PomBase:SPAC29E6.05c)
GO:0015035	protein disulfide oxidoreductase activity	has_direct_input(PomBase:SPAC29E6.05c)
GO:0015035	protein disulfide oxidoreductase activity	has_direct_input(PomBase:SPAC29E6.05c)
GO:0036459	thiol-dependent ubiquitinyl hydrolase activity	has_direct_input(PomBase:SPAC2C4.15c)
GO:0016531	copper chaperone activity	has_direct_input(PomBase:SPAC2E1P3.04)
GO:0036459	thiol-dependent ubiquitinyl hydrolase activity	has_direct_input(PomBase:SPAC2E1P3.04)
GO:0036459	thiol-dependent ubiquitinyl hydrolase activity	has_direct_input(PomBase:SPAC2F3.03c)
GO:0036459	thiol-dependent ubiquitinyl hydrolase activity	has_direct_input(PomBase:SPAC2F3.06c)
GO:0038071	MAP kinase activity involved in conjugation with cellular fusion	has_direct_input(PomBase:SPAC2F3.15)
GO:0061575	cyclin-dependent protein serine/threonine kinase activator activity	has_direct_input(PomBase:SPAC2F3.15)
GO:0004674	protein serine/threonine kinase activity	has_direct_input(PomBase:SPAC2F7.03c
GO:0036459	thiol-dependent ubiquitinyl hydrolase activity	has_direct_input(PomBase:SPAC2F7.05c)
GO:0036459	thiol-dependent ubiquitinyl hydrolase activity	has_direct_input(PomBase:SPAC2G11.07c)
GO:0036459	thiol-dependent ubiquitinyl hydrolase activity	has_direct_input(PomBase:SPAC30.04c)
GO:0036459	thiol-dependent ubiquitinyl hydrolase activity	has_direct_input(PomBase:SPAC30D11.12)
GO:0005049	nuclear export signal receptor activity	has_direct_input(PomBase:SPAC31A2.11c)
GO:0036459	thiol-dependent ubiquitinyl hydrolase activity	has_direct_input(PomBase:SPAC31A2.12)
GO:0004708	MAP kinase kinase activity	has_direct_input(PomBase:SPAC31G5.09c)
GO:0036459	thiol-dependent ubiquitinyl hydrolase activity	has_direct_input(PomBase:SPAC31G5.13)
GO:0036459	thiol-dependent ubiquitinyl hydrolase activity	has_direct_input(PomBase:SPAC31G5.17c)
GO:0036459	thiol-dependent ubiquitinyl hydrolase activity	has_direct_input(PomBase:SPAC323.02c)
GO:0036459	thiol-dependent ubiquitinyl hydrolase activity	has_direct_input(PomBase:SPAC328.03)
GO:0036459	thiol-dependent ubiquitinyl hydrolase activity	has_direct_input(PomBase:SPAC328.07c)
GO:0036459	thiol-dependent ubiquitinyl hydrolase activity	has_direct_input(PomBase:SPAC32A11.02c)
GO:0019784	NEDD8-specific protease activity	has_direct_input(PomBase:SPAC3A11.08)
GO:0036459	thiol-dependent ubiquitinyl hydrolase activity	has_direct_input(PomBase:SPAC3A11.10c)
GO:0036459	thiol-dependent ubiquitinyl hydrolase activity	has_direct_input(PomBase:SPAC3A11.12c)
GO:0036459	thiol-dependent ubiquitinyl hydrolase activity	has_direct_input(PomBase:SPAC3C7.11c)
GO:0036459	thiol-dependent ubiquitinyl hydrolase activity	has_direct_input(PomBase:SPAC3C7.12)
GO:0036459	thiol-dependent ubiquitinyl hydrolase activity	has_direct_input(PomBase:SPAC3C7.14c)
GO:0036459	thiol-dependent ubiquitinyl hydrolase activity	has_direct_input(PomBase:SPAC3F10.04)
GO:0036459	thiol-dependent ubiquitinyl hydrolase activity	has_direct_input(PomBase:SPAC3F10.11c)
GO:0036459	thiol-dependent ubiquitinyl hydrolase activity	has_direct_input(PomBase:SPAC3F10.13)
GO:0036459	thiol-dependent ubiquitinyl hydrolase activity	has_direct_input(PomBase:SPAC3F10.16c)
GO:0036459	thiol-dependent ubiquitinyl hydrolase activity	has_direct_input(PomBase:SPAC3G6.03c)
GO:0004722	protein serine/threonine phosphatase activity	has_direct_input(PomBase:SPAC3G9.01)
GO:0004674	protein serine/threonine kinase activity	has_direct_input(PomBase:SPAC3G9.01)
GO:0036459	thiol-dependent ubiquitinyl hydrolase activity	has_direct_input(PomBase:SPAC3G9.05)
GO:0004674	protein serine/threonine kinase activity	has_direct_input(PomBase:SPAC3G9.05)
GO:0036459	thiol-dependent ubiquitinyl hydrolase activity	has_direct_input(PomBase:SPAC3G9.09c)
GO:0004694	eukaryotic translation initiation factor 2alpha kinase activity	has_direct_input(PomBase:SPAC3G9.09c)
GO:0004694	eukaryotic translation initiation factor 2alpha kinase activity	has_direct_input(PomBase:SPAC3G9.09c)
GO:0004694	eukaryotic translation initiation factor 2alpha kinase activity	has_direct_input(PomBase:SPAC3G9.09c)
GO:0004694	eukaryotic translation initiation factor 2alpha kinase activity	has_direct_input(PomBase:SPAC3G9.09c)
GO:0036459	thiol-dependent ubiquitinyl hydrolase activity	has_direct_input(PomBase:SPAC3G9.11c)
GO:0036459	thiol-dependent ubiquitinyl hydrolase activity	has_direct_input(PomBase:SPAC3H1.05)
GO:0036459	thiol-dependent ubiquitinyl hydrolase activity	has_direct_input(PomBase:SPAC3H8.02)
GO:0036459	thiol-dependent ubiquitinyl hydrolase activity	has_direct_input(PomBase:SPAC3H8.06)
GO:0004866	endopeptidase inhibitor activity	has_direct_input(PomBase:SPAC4A8.04)
GO:0036459	thiol-dependent ubiquitinyl hydrolase activity	has_direct_input(PomBase:SPAC4A8.14)
GO:0036459	thiol-dependent ubiquitinyl hydrolase activity	has_direct_input(PomBase:SPAC4A8.15c)
GO:0036459	thiol-dependent ubiquitinyl hydrolase activity	has_direct_input(PomBase:SPAC4C5.03)
GO:0036459	thiol-dependent ubiquitinyl hydrolase activity	has_direct_input(PomBase:SPAC4D7.02c)
GO:0036459	thiol-dependent ubiquitinyl hydrolase activity	has_direct_input(PomBase:SPAC4D7.05)
GO:0036459	thiol-dependent ubiquitinyl hydrolase activity	has_direct_input(PomBase:SPAC4D7.12c)
GO:0036459	thiol-dependent ubiquitinyl hydrolase activity	has_direct_input(PomBase:SPAC4F10.02)
GO:0036459	thiol-dependent ubiquitinyl hydrolase activity	has_direct_input(PomBase:SPAC4F10.20)
GO:0036459	thiol-dependent ubiquitinyl hydrolase activity	has_direct_input(PomBase:SPAC4G8.10)
GO:0004672	protein kinase activity	has_direct_input(PomBase:SPAC4G8.13c)
GO:0004721	phosphoprotein phosphatase activity	has_direct_input(PomBase:SPAC4G8.13c)
GO:0003723	RNA binding	has_direct_input(PomBase:SPAC4G9.05)
GO:0036459	thiol-dependent ubiquitinyl hydrolase activity	has_direct_input(PomBase:SPAC4G9.08c)
GO:0036459	thiol-dependent ubiquitinyl hydrolase activity	has_direct_input(PomBase:SPAC4H3.01)
GO:0004671	protein C-terminal S-isoprenylcysteine carboxyl O-methyltransferase activity	has_direct_input(PomBase:SPAC513.03
GO:0015421	oligopeptide-transporting ATPase activity	has_direct_input(PomBase:SPAC513.03
GO:0036459	thiol-dependent ubiquitinyl hydrolase activity	has_direct_input(PomBase:SPAC56E4.03)
GO:0036459	thiol-dependent ubiquitinyl hydrolase activity	has_direct_input(PomBase:SPAC56E4.04c)
GO:0036459	thiol-dependent ubiquitinyl hydrolase activity	has_direct_input(PomBase:SPAC56F8.08)
GO:0004674	protein serine/threonine kinase activity	has_direct_input(PomBase:SPAC57A10.02)
GO:0004674	protein serine/threonine kinase activity	has_direct_input(PomBase:SPAC57A10.10c)
GO:0036459	thiol-dependent ubiquitinyl hydrolase activity	has_direct_input(PomBase:SPAC57A10.12c)
GO:0036459	thiol-dependent ubiquitinyl hydrolase activity	has_direct_input(PomBase:SPAC57A7.09)
GO:0036459	thiol-dependent ubiquitinyl hydrolase activity	has_direct_input(PomBase:SPAC57A7.10c)
GO:0036459	thiol-dependent ubiquitinyl hydrolase activity	has_direct_input(PomBase:SPAC57A7.12)
GO:0036459	thiol-dependent ubiquitinyl hydrolase activity	has_direct_input(PomBase:SPAC589.06c)
GO:0004674	protein serine/threonine kinase activity	has_direct_input(PomBase:SPAC589.08c)
GO:0036459	thiol-dependent ubiquitinyl hydrolase activity	has_direct_input(PomBase:SPAC607.05)
GO:0036459	thiol-dependent ubiquitinyl hydrolase activity	has_direct_input(PomBase:SPAC631.01c)
GO:0036459	thiol-dependent ubiquitinyl hydrolase activity	has_direct_input(PomBase:SPAC637.06)
GO:0036459	thiol-dependent ubiquitinyl hydrolase activity	has_direct_input(PomBase:SPAC637.10c)
GO:0036459	thiol-dependent ubiquitinyl hydrolase activity	has_direct_input(PomBase:SPAC637.13c)
GO:0004860	protein kinase inhibitor activity	has_direct_input(PomBase:SPAC644.06c)
GO:0004712	protein serine/threonine/tyrosine kinase activity	has_direct_input(PomBase:SPAC644.06c)
GO:0004672	protein kinase activity	has_direct_input(PomBase:SPAC644.06c)
GO:0036459	thiol-dependent ubiquitinyl hydrolase activity	has_direct_input(PomBase:SPAC644.13c)
GO:0061630	ubiquitin protein ligase activity	has_direct_input(PomBase:SPAC644.14c)
GO:0004674	protein serine/threonine kinase activity	has_direct_input(PomBase:SPAC664.01c)
GO:0036459	thiol-dependent ubiquitinyl hydrolase activity	has_direct_input(PomBase:SPAC664.05)
GO:0004674	protein serine/threonine kinase activity	has_direct_input(PomBase:SPAC664.07c)
GO:0004674	protein serine/threonine kinase activity	has_direct_input(PomBase:SPAC664.10)
GO:0001671	ATPase activator activity	has_direct_input(PomBase:SPAC664.11)
GO:0036459	thiol-dependent ubiquitinyl hydrolase activity	has_direct_input(PomBase:SPAC688.04c)
GO:0036459	thiol-dependent ubiquitinyl hydrolase activity	has_direct_input(PomBase:SPAC688.07c)
GO:0036459	thiol-dependent ubiquitinyl hydrolase activity	has_direct_input(PomBase:SPAC694.05c)
GO:0004674	protein serine/threonine kinase activity	has_direct_input(PomBase:SPAC694.06c)
GO:0004674	protein serine/threonine kinase activity	has_direct_input(PomBase:SPAC694.06c)
GO:0004674	protein serine/threonine kinase activity	has_direct_input(PomBase:SPAC694.06c)
GO:0036459	thiol-dependent ubiquitinyl hydrolase activity	has_direct_input(PomBase:SPAC6B12.07c)
GO:0004693	cyclin-dependent protein serine/threonine kinase activity	has_direct_input(PomBase:SPAC6B12.11
GO:0036459	thiol-dependent ubiquitinyl hydrolase activity	has_direct_input(PomBase:SPAC6B12.12)
GO:0036459	thiol-dependent ubiquitinyl hydrolase activity	has_direct_input(PomBase:SPAC6C3.04)
GO:0004674	protein serine/threonine kinase activity	has_direct_input(PomBase:SPAC6F12.02)
GO:0036459	thiol-dependent ubiquitinyl hydrolase activity	has_direct_input(PomBase:SPAC6F12.03c)
GO:0036459	thiol-dependent ubiquitinyl hydrolase activity	has_direct_input(PomBase:SPAC6F12.06)
GO:0036459	thiol-dependent ubiquitinyl hydrolase activity	has_direct_input(PomBase:SPAC6F12.10c)
GO:0036459	thiol-dependent ubiquitinyl hydrolase activity	has_direct_input(PomBase:SPAC6F12.12)
GO:0036459	thiol-dependent ubiquitinyl hydrolase activity	has_direct_input(PomBase:SPAC6F12.13c)
GO:0036459	thiol-dependent ubiquitinyl hydrolase activity	has_direct_input(PomBase:SPAC6F6.10c)
GO:0036459	thiol-dependent ubiquitinyl hydrolase activity	has_direct_input(PomBase:SPAC6F6.11c)
GO:0036459	thiol-dependent ubiquitinyl hydrolase activity	has_direct_input(PomBase:SPAC6F6.15)
GO:0036459	thiol-dependent ubiquitinyl hydrolase activity	has_direct_input(PomBase:SPAC6G10.02c)
GO:0036459	thiol-dependent ubiquitinyl hydrolase activity	has_direct_input(PomBase:SPAC6G9.08)
GO:0036459	thiol-dependent ubiquitinyl hydrolase activity	has_direct_input(PomBase:SPAC6G9.09c)
GO:0036459	thiol-dependent ubiquitinyl hydrolase activity	has_direct_input(PomBase:SPAC6G9.11)
GO:0036459	thiol-dependent ubiquitinyl hydrolase activity	has_direct_input(PomBase:SPAC6G9.12)
GO:0036459	thiol-dependent ubiquitinyl hydrolase activity	has_direct_input(PomBase:SPAC821.03c)
GO:0036459	thiol-dependent ubiquitinyl hydrolase activity	has_direct_input(PomBase:SPAC821.05)
GO:1990948	ubiquitin ligase inhibitor activity	has_direct_input(PomBase:SPAC821.08c)
GO:0036459	thiol-dependent ubiquitinyl hydrolase activity	has_direct_input(PomBase:SPAC823.03)
GO:0036459	thiol-dependent ubiquitinyl hydrolase activity	has_direct_input(PomBase:SPAC869.05c)
GO:0030674	protein binding, bridging	has_direct_input(PomBase:SPAC869.11)
GO:0036459	thiol-dependent ubiquitinyl hydrolase activity	has_direct_input(PomBase:SPAC8C9.03)
GO:0036459	thiol-dependent ubiquitinyl hydrolase activity	has_direct_input(PomBase:SPAC8E11.02c)
GO:0036459	thiol-dependent ubiquitinyl hydrolase activity	has_direct_input(PomBase:SPAC8E11.04c)
GO:0036459	thiol-dependent ubiquitinyl hydrolase activity	has_direct_input(PomBase:SPAC8E11.05c)
GO:0036459	thiol-dependent ubiquitinyl hydrolase activity	has_direct_input(PomBase:SPAC8F11.10c)
GO:0036459	thiol-dependent ubiquitinyl hydrolase activity	has_direct_input(PomBase:SPAC9.03c)
GO:0004674	protein serine/threonine kinase activity	has_direct_input(PomBase:SPAC926.03)
GO:0001671	ATPase activator activity	has_direct_input(PomBase:SPAC926.04c)
GO:0042030	ATPase inhibitor activity	has_direct_input(PomBase:SPAC926.04c)
GO:0036459	thiol-dependent ubiquitinyl hydrolase activity	has_direct_input(PomBase:SPAC959.08)
GO:0036459	thiol-dependent ubiquitinyl hydrolase activity	has_direct_input(PomBase:SPAC9E9.04)
GO:0036459	thiol-dependent ubiquitinyl hydrolase activity	has_direct_input(PomBase:SPAC9E9.07c)
GO:0036459	thiol-dependent ubiquitinyl hydrolase activity	has_direct_input(PomBase:SPAC9E9.11)
GO:0036459	thiol-dependent ubiquitinyl hydrolase activity	has_direct_input(PomBase:SPAC9E9.15)
GO:0036459	thiol-dependent ubiquitinyl hydrolase activity	has_direct_input(PomBase:SPAC9G1.03c)
GO:0036459	thiol-dependent ubiquitinyl hydrolase activity	has_direct_input(PomBase:SPAC9G1.05)
GO:0036459	thiol-dependent ubiquitinyl hydrolase activity	has_direct_input(PomBase:SPACUNK4.10)
GO:0004674	protein serine/threonine kinase activity	has_direct_input(PomBase:SPACUNK4.14)
GO:0036459	thiol-dependent ubiquitinyl hydrolase activity	has_direct_input(PomBase:SPACUNK4.16c)
GO:0036459	thiol-dependent ubiquitinyl hydrolase activity	has_direct_input(PomBase:SPAP27G11.09c)
GO:0008897	holo-[acyl-carrier-protein] synthase activity	has_direct_input(PomBase:SPAP7G5.04c)
GO:0036459	thiol-dependent ubiquitinyl hydrolase activity	has_direct_input(PomBase:SPAP7G5.04c)
GO:0036459	thiol-dependent ubiquitinyl hydrolase activity	has_direct_input(PomBase:SPAP8A3.13c)
GO:0036459	thiol-dependent ubiquitinyl hydrolase activity	has_direct_input(PomBase:SPAPB17E12.14c)
GO:0004674	protein serine/threonine kinase activity	has_direct_input(PomBase:SPAPB1A10.09
GO:0004721	phosphoprotein phosphatase activity	has_direct_input(PomBase:SPAPB1A10.09
GO:0004674	protein serine/threonine kinase activity	has_direct_input(PomBase:SPAPB1A10.09)
GO:0036459	thiol-dependent ubiquitinyl hydrolase activity	has_direct_input(PomBase:SPAPB1A10.12c)
GO:0036459	thiol-dependent ubiquitinyl hydrolase activity	has_direct_input(PomBase:SPAPB1E7.08c)
GO:0036459	thiol-dependent ubiquitinyl hydrolase activity	has_direct_input(PomBase:SPAPB1E7.09)
GO:0004711	ribosomal protein S6 kinase activity	has_direct_input(PomBase:SPAPB1E7.12)
GO:0036459	thiol-dependent ubiquitinyl hydrolase activity	has_direct_input(PomBase:SPAPB24D3.08c)
GO:0004861	cyclin-dependent protein serine/threonine kinase inhibitor activity	has_direct_input(PomBase:SPAPB2B4.03
GO:0030674	protein binding, bridging	has_direct_input(PomBase:SPAPB2B4.03)
GO:0061630	ubiquitin protein ligase activity	has_direct_input(PomBase:SPAPB2B4.03)
GO:0036459	thiol-dependent ubiquitinyl hydrolase activity	has_direct_input(PomBase:SPAPB2B4.04c)
GO:0036459	thiol-dependent ubiquitinyl hydrolase activity	has_direct_input(PomBase:SPAPB2B4.07)
GO:0036459	thiol-dependent ubiquitinyl hydrolase activity	has_direct_input(PomBase:SPAPB8E5.02c)
GO:0015421	oligopeptide-transporting ATPase activity	has_direct_input(PomBase:SPAPB8E5.05
GO:0004671	protein C-terminal S-isoprenylcysteine carboxyl O-methyltransferase activity	has_direct_input(PomBase:SPAPB8E5.05
GO:0036459	thiol-dependent ubiquitinyl hydrolase activity	has_direct_input(PomBase:SPAPYUG7.03c)
GO:0016427	tRNA (cytosine) methyltransferase activity	has_direct_input(PomBase:SPATRNAASP.01)
GO:0016427	tRNA (cytosine) methyltransferase activity	has_direct_input(PomBase:SPATRNAASP.02)
GO:0016427	tRNA (cytosine) methyltransferase activity	has_direct_input(PomBase:SPATRNAGLU.01)
GO:0016427	tRNA (cytosine) methyltransferase activity	has_direct_input(PomBase:SPATRNAGLU.02)
GO:0052905	tRNA (guanine(9)-N(1))-methyltransferase activity	has_direct_input(PomBase:SPATRNAGLY.01)
GO:0052905	tRNA (guanine(9)-N(1))-methyltransferase activity	has_direct_input(PomBase:SPATRNAGLY.02)
GO:0036459	thiol-dependent ubiquitinyl hydrolase activity	has_direct_input(PomBase:SPBC106.03)
GO:0005049	nuclear export signal receptor activity	has_direct_input(PomBase:SPBC106.16)
GO:0044016	histone acetyltransferase activity (H3-K4 specific)	has_direct_input(PomBase:SPBC1105.11c)
GO:0032931	histone acetyltransferase activity (H3-K56 specific)	has_direct_input(PomBase:SPBC1105.11c)
GO:0072354	histone kinase activity (H3-T3 specific)	has_direct_input(PomBase:SPBC1105.11c)
GO:0004674	protein serine/threonine kinase activity	has_direct_input(PomBase:SPBC1105.11c)
GO:0036459	thiol-dependent ubiquitinyl hydrolase activity	has_direct_input(PomBase:SPBC1105.11c)
GO:0036459	thiol-dependent ubiquitinyl hydrolase activity	has_direct_input(PomBase:SPBC119.01)
GO:0004839	ubiquitin activating enzyme activity	has_direct_input(PomBase:SPBC119.02)
GO:0036459	thiol-dependent ubiquitinyl hydrolase activity	has_direct_input(PomBase:SPBC119.02)
GO:0036459	thiol-dependent ubiquitinyl hydrolase activity	has_direct_input(PomBase:SPBC119.03)
GO:0004674	protein serine/threonine kinase activity	has_direct_input(PomBase:SPBC119.04)
GO:0036459	thiol-dependent ubiquitinyl hydrolase activity	has_direct_input(PomBase:SPBC119.05c)
GO:0017017	MAP kinase tyrosine/serine/threonine phosphatase activity	has_direct_input(PomBase:SPBC119.08)
GO:0004713	protein tyrosine kinase activity	has_direct_input(PomBase:SPBC119.08)
GO:0004708	MAP kinase kinase activity	has_direct_input(PomBase:SPBC119.08)
GO:0033550	MAP kinase tyrosine phosphatase activity	has_direct_input(PomBase:SPBC119.08)
GO:0036459	thiol-dependent ubiquitinyl hydrolase activity	has_direct_input(PomBase:SPBC119.15)
GO:0036459	thiol-dependent ubiquitinyl hydrolase activity	has_direct_input(PomBase:SPBC1198.08)
GO:1990948	ubiquitin ligase inhibitor activity	has_direct_input(PomBase:SPBC1198.12)
GO:0036459	thiol-dependent ubiquitinyl hydrolase activity	has_direct_input(PomBase:SPBC11B10.07c)
GO:0004861	cyclin-dependent protein serine/threonine kinase inhibitor activity	has_direct_input(PomBase:SPBC11B10.09
GO:0032403	protein complex binding	has_direct_input(PomBase:SPBC11B10.09
GO:0061575	cyclin-dependent protein serine/threonine kinase activator activity	has_direct_input(PomBase:SPBC11B10.09
GO:0004725	protein tyrosine phosphatase activity	has_direct_input(PomBase:SPBC11B10.09)
GO:0004713	protein tyrosine kinase activity	has_direct_input(PomBase:SPBC11B10.09)
GO:0019912	cyclin-dependent protein kinase activating kinase activity	has_direct_input(PomBase:SPBC11B10.09)
GO:0004861	cyclin-dependent protein serine/threonine kinase inhibitor activity	has_direct_input(PomBase:SPBC11B10.09)
GO:0004861	cyclin-dependent protein serine/threonine kinase inhibitor activity	has_direct_input(PomBase:SPBC11B10.09)
GO:0061575	cyclin-dependent protein serine/threonine kinase activator activity	has_direct_input(PomBase:SPBC11B10.09)
GO:0036459	thiol-dependent ubiquitinyl hydrolase activity	has_direct_input(PomBase:SPBC11C11.02)
GO:0004672	protein kinase activity	has_direct_input(PomBase:SPBC11C11.08)
GO:0004674	protein serine/threonine kinase activity	has_direct_input(PomBase:SPBC11C11.08)
GO:0036459	thiol-dependent ubiquitinyl hydrolase activity	has_direct_input(PomBase:SPBC11C11.09c)
GO:0036459	thiol-dependent ubiquitinyl hydrolase activity	has_direct_input(PomBase:SPBC1271.04c)
GO:0005096	GTPase activator activity	has_direct_input(PomBase:SPBC1289.03c)
GO:0036459	thiol-dependent ubiquitinyl hydrolase activity	has_direct_input(PomBase:SPBC1289.03c)
GO:0005087	Ran guanyl-nucleotide exchange factor activity	has_direct_input(PomBase:SPBC1289.03c)
GO:0036459	thiol-dependent ubiquitinyl hydrolase activity	has_direct_input(PomBase:SPBC1289.04c)
GO:0036459	thiol-dependent ubiquitinyl hydrolase activity	has_direct_input(PomBase:SPBC1289.05c)
GO:0036459	thiol-dependent ubiquitinyl hydrolase activity	has_direct_input(PomBase:SPBC12C2.04)
GO:0036459	thiol-dependent ubiquitinyl hydrolase activity	has_direct_input(PomBase:SPBC12C2.05c)
GO:0036459	thiol-dependent ubiquitinyl hydrolase activity	has_direct_input(PomBase:SPBC12C2.08)
GO:0036459	thiol-dependent ubiquitinyl hydrolase activity	has_direct_input(PomBase:SPBC12C2.11)
GO:0036459	thiol-dependent ubiquitinyl hydrolase activity	has_direct_input(PomBase:SPBC12C2.12c)
GO:0030674	protein binding, bridging	has_direct_input(PomBase:SPBC12D12.01
GO:0036459	thiol-dependent ubiquitinyl hydrolase activity	has_direct_input(PomBase:SPBC12D12.03)
GO:0004713	protein tyrosine kinase activity	has_direct_input(PomBase:SPBC1347.06c)
GO:0004674	protein serine/threonine kinase activity	has_direct_input(PomBase:SPBC1347.10)
GO:0036459	thiol-dependent ubiquitinyl hydrolase activity	has_direct_input(PomBase:SPBC13A2.04c)
GO:0008569	ATP-dependent microtubule motor activity, minus-end-directed	has_direct_input(PomBase:SPBC13E7.06
GO:0004693	cyclin-dependent protein serine/threonine kinase activity	has_direct_input(PomBase:SPBC146.03c
GO:0004674	protein serine/threonine kinase activity	has_direct_input(PomBase:SPBC146.07)
GO:0036459	thiol-dependent ubiquitinyl hydrolase activity	has_direct_input(PomBase:SPBC146.13c)
GO:0036459	thiol-dependent ubiquitinyl hydrolase activity	has_direct_input(PomBase:SPBC14C8.03)
GO:0004693	cyclin-dependent protein serine/threonine kinase activity	has_direct_input(PomBase:SPBC14C8.07c)
GO:0004674	protein serine/threonine kinase activity	has_direct_input(PomBase:SPBC14C8.07c)
GO:0036459	thiol-dependent ubiquitinyl hydrolase activity	has_direct_input(PomBase:SPBC14F5.05c)
GO:0036459	thiol-dependent ubiquitinyl hydrolase activity	has_direct_input(PomBase:SPBC14F5.06)
GO:0036459	thiol-dependent ubiquitinyl hydrolase activity	has_direct_input(PomBase:SPBC1539.09c)
GO:0036459	thiol-dependent ubiquitinyl hydrolase activity	has_direct_input(PomBase:SPBC15C4.03)
GO:0036459	thiol-dependent ubiquitinyl hydrolase activity	has_direct_input(PomBase:SPBC15C4.06c)
GO:0004674	protein serine/threonine kinase activity	has_direct_input(PomBase:SPBC15D4.01c
GO:0004721	phosphoprotein phosphatase activity	has_direct_input(PomBase:SPBC15D4.01c)
GO:0036459	thiol-dependent ubiquitinyl hydrolase activity	has_direct_input(PomBase:SPBC1604.05)
GO:0036459	thiol-dependent ubiquitinyl hydrolase activity	has_direct_input(PomBase:SPBC1604.12)
GO:0004721	phosphoprotein phosphatase activity	has_direct_input(PomBase:SPBC1604.14c)
GO:0030295	protein kinase activator activity	has_direct_input(PomBase:SPBC1604.14c)
GO:0004860	protein kinase inhibitor activity	has_direct_input(PomBase:SPBC1604.14c)
GO:0004674	protein serine/threonine kinase activity	has_direct_input(PomBase:SPBC1604.14c)
GO:0036459	thiol-dependent ubiquitinyl hydrolase activity	has_direct_input(PomBase:SPBC1604.20c)
GO:0036459	thiol-dependent ubiquitinyl hydrolase activity	has_direct_input(PomBase:SPBC1683.01)
GO:0036459	thiol-dependent ubiquitinyl hydrolase activity	has_direct_input(PomBase:SPBC1683.08)
GO:0036459	thiol-dependent ubiquitinyl hydrolase activity	has_direct_input(PomBase:SPBC1683.09c)
GO:0036459	thiol-dependent ubiquitinyl hydrolase activity	has_direct_input(PomBase:SPBC1685.10)
GO:0036459	thiol-dependent ubiquitinyl hydrolase activity	has_direct_input(PomBase:SPBC1685.13)
GO:0004721	phosphoprotein phosphatase activity	has_direct_input(PomBase:SPBC1685.15c)
GO:0036459	thiol-dependent ubiquitinyl hydrolase activity	has_direct_input(PomBase:SPBC16A3.02c)
GO:0004721	phosphoprotein phosphatase activity	has_direct_input(PomBase:SPBC16A3.07c)
GO:0036459	thiol-dependent ubiquitinyl hydrolase activity	has_direct_input(PomBase:SPBC16C6.06)
GO:0036459	thiol-dependent ubiquitinyl hydrolase activity	has_direct_input(PomBase:SPBC16C6.07c)
GO:0036459	thiol-dependent ubiquitinyl hydrolase activity	has_direct_input(PomBase:SPBC16C6.09)
GO:0036459	thiol-dependent ubiquitinyl hydrolase activity	has_direct_input(PomBase:SPBC16D10.01c)
GO:0004674	protein serine/threonine kinase activity	has_direct_input(PomBase:SPBC16D10.04c)
GO:0036459	thiol-dependent ubiquitinyl hydrolase activity	has_direct_input(PomBase:SPBC16D10.06)
GO:0036459	thiol-dependent ubiquitinyl hydrolase activity	has_direct_input(PomBase:SPBC16D10.09)
GO:0036459	thiol-dependent ubiquitinyl hydrolase activity	has_direct_input(PomBase:SPBC16E9.02c)
GO:0036459	thiol-dependent ubiquitinyl hydrolase activity	has_direct_input(PomBase:SPBC16E9.05)
GO:0016274	protein-arginine N-methyltransferase activity	has_direct_input(PomBase:SPBC16E9.12c)
GO:0036459	thiol-dependent ubiquitinyl hydrolase activity	has_direct_input(PomBase:SPBC16G5.14c)
GO:0004674	protein serine/threonine kinase activity	has_direct_input(PomBase:SPBC16G5.15c
GO:0004672	protein kinase activity	has_direct_input(PomBase:SPBC16G5.15c)
GO:0004693	cyclin-dependent protein serine/threonine kinase activity	has_direct_input(PomBase:SPBC16G5.15c)
GO:0004674	protein serine/threonine kinase activity	has_direct_input(PomBase:SPBC16G5.15c)
GO:0004672	protein kinase activity	has_direct_input(PomBase:SPBC16G5.15c)
GO:0036459	thiol-dependent ubiquitinyl hydrolase activity	has_direct_input(PomBase:SPBC16H5.07c)
GO:0036459	thiol-dependent ubiquitinyl hydrolase activity	has_direct_input(PomBase:SPBC16H5.08c)
GO:0036459	thiol-dependent ubiquitinyl hydrolase activity	has_direct_input(PomBase:SPBC1703.10)
GO:0036459	thiol-dependent ubiquitinyl hydrolase activity	has_direct_input(PomBase:SPBC1703.13c)
GO:0036459	thiol-dependent ubiquitinyl hydrolase activity	has_direct_input(PomBase:SPBC1706.01)
GO:0004674	protein serine/threonine kinase activity	has_direct_input(PomBase:SPBC1706.01)
GO:0036459	thiol-dependent ubiquitinyl hydrolase activity	has_direct_input(PomBase:SPBC1709.02c)
GO:0004674	protein serine/threonine kinase activity	has_direct_input(PomBase:SPBC1709.11c)
GO:0036459	thiol-dependent ubiquitinyl hydrolase activity	has_direct_input(PomBase:SPBC1709.14)
GO:0036459	thiol-dependent ubiquitinyl hydrolase activity	has_direct_input(PomBase:SPBC1711.05)
GO:0036459	thiol-dependent ubiquitinyl hydrolase activity	has_direct_input(PomBase:SPBC1711.08)
GO:0036459	thiol-dependent ubiquitinyl hydrolase activity	has_direct_input(PomBase:SPBC1734.03)
GO:0036459	thiol-dependent ubiquitinyl hydrolase activity	has_direct_input(PomBase:SPBC1734.08)
GO:0036459	thiol-dependent ubiquitinyl hydrolase activity	has_direct_input(PomBase:SPBC1734.11)
GO:0036459	thiol-dependent ubiquitinyl hydrolase activity	has_direct_input(PomBase:SPBC1734.15)
GO:0036459	thiol-dependent ubiquitinyl hydrolase activity	has_direct_input(PomBase:SPBC1773.01)
GO:0036459	thiol-dependent ubiquitinyl hydrolase activity	has_direct_input(PomBase:SPBC1773.07c)
GO:0036459	thiol-dependent ubiquitinyl hydrolase activity	has_direct_input(PomBase:SPBC1773.10c)
GO:0004674	protein serine/threonine kinase activity	has_direct_input(PomBase:SPBC1778.02
GO:0030674	protein binding, bridging	has_direct_input(PomBase:SPBC1778.02)
GO:0036459	thiol-dependent ubiquitinyl hydrolase activity	has_direct_input(PomBase:SPBC1778.06c)
GO:0036459	thiol-dependent ubiquitinyl hydrolase activity	has_direct_input(PomBase:SPBC17A3.07)
GO:0036459	thiol-dependent ubiquitinyl hydrolase activity	has_direct_input(PomBase:SPBC17D11.01)
GO:0061631	ubiquitin conjugating enzyme activity	has_direct_input(PomBase:SPBC17D11.02c)
GO:0036459	thiol-dependent ubiquitinyl hydrolase activity	has_direct_input(PomBase:SPBC17D11.05)
GO:0036459	thiol-dependent ubiquitinyl hydrolase activity	has_direct_input(PomBase:SPBC17D11.07c)
GO:0004674	protein serine/threonine kinase activity	has_direct_input(PomBase:SPBC17F3.02)
GO:0036459	thiol-dependent ubiquitinyl hydrolase activity	has_direct_input(PomBase:SPBC17G9.04c)
GO:0036459	thiol-dependent ubiquitinyl hydrolase activity	has_direct_input(PomBase:SPBC17G9.06c)
GO:0036459	thiol-dependent ubiquitinyl hydrolase activity	has_direct_input(PomBase:SPBC17G9.11c)
GO:0004674	protein serine/threonine kinase activity	has_direct_input(PomBase:SPBC1861.01c)
GO:0036459	thiol-dependent ubiquitinyl hydrolase activity	has_direct_input(PomBase:SPBC18E5.01)
GO:0036459	thiol-dependent ubiquitinyl hydrolase activity	has_direct_input(PomBase:SPBC18E5.02c)
GO:0036459	thiol-dependent ubiquitinyl hydrolase activity	has_direct_input(PomBase:SPBC18E5.04)
GO:0036459	thiol-dependent ubiquitinyl hydrolase activity	has_direct_input(PomBase:SPBC18E5.06)
GO:0036459	thiol-dependent ubiquitinyl hydrolase activity	has_direct_input(PomBase:SPBC18H10.02)
GO:0061630	ubiquitin protein ligase activity	has_direct_input(PomBase:SPBC18H10.20c)
GO:0036459	thiol-dependent ubiquitinyl hydrolase activity	has_direct_input(PomBase:SPBC18H10.20c)
GO:0036459	thiol-dependent ubiquitinyl hydrolase activity	has_direct_input(PomBase:SPBC1921.01c)
GO:0036459	thiol-dependent ubiquitinyl hydrolase activity	has_direct_input(PomBase:SPBC1921.05)
GO:0030291	protein serine/threonine kinase inhibitor activity	has_direct_input(PomBase:SPBC19C2.05)
GO:0004672	protein kinase activity	has_direct_input(PomBase:SPBC19C2.05)
GO:0004674	protein serine/threonine kinase activity	has_direct_input(PomBase:SPBC19C2.09)
GO:0061630	ubiquitin protein ligase activity	has_direct_input(PomBase:SPBC19C2.09)
GO:0036459	thiol-dependent ubiquitinyl hydrolase activity	has_direct_input(PomBase:SPBC19C7.05)
GO:0036459	thiol-dependent ubiquitinyl hydrolase activity	has_direct_input(PomBase:SPBC19F5.03)
GO:0036459	thiol-dependent ubiquitinyl hydrolase activity	has_direct_input(PomBase:SPBC19F8.03c)
GO:0030295	protein kinase activator activity	has_direct_input(PomBase:SPBC19F8.07
GO:0006357	regulation of transcription from RNA polymerase II promoter	has_direct_input(PomBase:SPBC19F8.07
GO:0019914	cyclin-dependent protein kinase activating kinase regulator activity	has_direct_input(PomBase:SPBC19F8.07)
GO:0061575	cyclin-dependent protein serine/threonine kinase activator activity	has_direct_input(PomBase:SPBC19F8.07)
GO:0030295	protein kinase activator activity	has_direct_input(PomBase:SPBC19F8.07)
GO:0004674	protein serine/threonine kinase activity	has_direct_input(PomBase:SPBC19F8.07)
GO:0019912	cyclin-dependent protein kinase activating kinase activity	has_direct_input(PomBase:SPBC19F8.07)
GO:0036459	thiol-dependent ubiquitinyl hydrolase activity	has_direct_input(PomBase:SPBC19G7.05c)
GO:0036459	thiol-dependent ubiquitinyl hydrolase activity	has_direct_input(PomBase:SPBC1A4.02c)
GO:0036459	thiol-dependent ubiquitinyl hydrolase activity	has_direct_input(PomBase:SPBC1A4.08c)
GO:0019887	protein kinase regulator activity	has_direct_input(PomBase:SPBC1D7.05)
GO:0036459	thiol-dependent ubiquitinyl hydrolase activity	has_direct_input(PomBase:SPBC211.04c)
GO:0036459	thiol-dependent ubiquitinyl hydrolase activity	has_direct_input(PomBase:SPBC215.15)
GO:0036459	thiol-dependent ubiquitinyl hydrolase activity	has_direct_input(PomBase:SPBC216.03)
GO:0015035	protein disulfide oxidoreductase activity	has_direct_input(PomBase:SPBC216.04c)
GO:0036459	thiol-dependent ubiquitinyl hydrolase activity	has_direct_input(PomBase:SPBC21D10.12)
GO:0036459	thiol-dependent ubiquitinyl hydrolase activity	has_direct_input(PomBase:SPBC23E6.09)
GO:0004674	protein serine/threonine kinase activity	has_direct_input(PomBase:SPBC23G7.08c)
GO:0036459	thiol-dependent ubiquitinyl hydrolase activity	has_direct_input(PomBase:SPBC23G7.12c)
GO:0034450	ubiquitin-ubiquitin ligase activity	has_direct_input(PomBase:SPBC244.01c)
GO:0061630	ubiquitin protein ligase activity	has_direct_input(PomBase:SPBC244.01c)
GO:0036459	thiol-dependent ubiquitinyl hydrolase activity	has_direct_input(PomBase:SPBC25D12.03c)
GO:0004652	polynucleotide adenylyltransferase activity	has_direct_input(PomBase:SPBC25D12.04)
GO:0036459	thiol-dependent ubiquitinyl hydrolase activity	has_direct_input(PomBase:SPBC25H2.12c)
GO:0036459	thiol-dependent ubiquitinyl hydrolase activity	has_direct_input(PomBase:SPBC25H2.16c)
GO:0036459	thiol-dependent ubiquitinyl hydrolase activity	has_direct_input(PomBase:SPBC26H8.01)
GO:0044183	protein binding involved in protein folding	has_direct_input(PomBase:SPBC26H8.07c
GO:0007023	post-chaperonin tubulin folding pathway	has_direct_input(PomBase:SPBC26H8.07c
GO:0036459	thiol-dependent ubiquitinyl hydrolase activity	has_direct_input(PomBase:SPBC26H8.07c)
GO:0044183	protein binding involved in protein folding	has_direct_input(PomBase:SPBC26H8.07c)
GO:0036459	thiol-dependent ubiquitinyl hydrolase activity	has_direct_input(PomBase:SPBC28F2.03)
GO:0036459	thiol-dependent ubiquitinyl hydrolase activity	has_direct_input(PomBase:SPBC28F2.04c)
GO:0004674	protein serine/threonine kinase activity	has_direct_input(PomBase:SPBC28F2.11)
GO:0004693	cyclin-dependent protein serine/threonine kinase activity	has_direct_input(PomBase:SPBC28F2.12)
GO:0008353	RNA polymerase II carboxy-terminal domain kinase activity	has_direct_input(PomBase:SPBC28F2.12)
GO:0036459	thiol-dependent ubiquitinyl hydrolase activity	has_direct_input(PomBase:SPBC28F2.12)
GO:0008420	CTD phosphatase activity	has_direct_input(PomBase:SPBC28F2.12)
GO:0061575	cyclin-dependent protein serine/threonine kinase activator activity	has_direct_input(PomBase:SPBC28F2.12)
GO:0004175	endopeptidase activity	has_direct_input(PomBase:SPBC29A10.14
GO:0051307	meiotic chromosome separation	has_direct_input(PomBase:SPBC29A10.14
GO:0004674	protein serine/threonine kinase activity	has_direct_input(PomBase:SPBC29A10.15)
GO:0036459	thiol-dependent ubiquitinyl hydrolase activity	has_direct_input(PomBase:SPBC29A3.02c)
GO:0004707	MAP kinase activity	has_direct_input(PomBase:SPBC29B5.01)
GO:0004707	MAP kinase activity	has_direct_input(PomBase:SPBC29B5.01)
GO:0004707	MAP kinase activity	has_direct_input(PomBase:SPBC29B5.01)
GO:0003729	mRNA binding	has_direct_input(PomBase:SPBC29B5.01)
GO:0004707	MAP kinase activity	has_direct_input(PomBase:SPBC29B5.01)
GO:0038079	MAP kinase activity involved in osmosensory signaling pathway	has_direct_input(PomBase:SPBC29B5.01)
GO:0016909	SAP kinase activity	has_direct_input(PomBase:SPBC29B5.01)
GO:0004672	protein kinase activity	has_direct_input(PomBase:SPBC29B5.01)
GO:0038067	MAP kinase activity involved in cell wall organization or biogenesis	has_direct_input(PomBase:SPBC29B5.01)
GO:0036459	thiol-dependent ubiquitinyl hydrolase activity	has_direct_input(PomBase:SPBC29B5.03c)
GO:0036459	thiol-dependent ubiquitinyl hydrolase activity	has_direct_input(PomBase:SPBC2A9.02)
GO:0061631	ubiquitin conjugating enzyme activity	has_direct_input(PomBase:SPBC2A9.04c)
GO:0036459	thiol-dependent ubiquitinyl hydrolase activity	has_direct_input(PomBase:SPBC2D10.10c)
GO:0003723	RNA binding	has_direct_input(PomBase:SPBC2G2.10c)
GO:0036459	thiol-dependent ubiquitinyl hydrolase activity	has_direct_input(PomBase:SPBC2G2.12)
GO:0036459	thiol-dependent ubiquitinyl hydrolase activity	has_direct_input(PomBase:SPBC2G5.06c)
GO:0004169	dolichyl-phosphate-mannose-protein mannosyltransferase activity	has_direct_input(PomBase:SPBC30B4.01c)
GO:0036459	thiol-dependent ubiquitinyl hydrolase activity	has_direct_input(PomBase:SPBC30B4.02c)
GO:0036459	thiol-dependent ubiquitinyl hydrolase activity	has_direct_input(PomBase:SPBC30D10.07c)
GO:0004674	protein serine/threonine kinase activity	has_direct_input(PomBase:SPBC30D10.10c)
GO:0030291	protein serine/threonine kinase inhibitor activity	has_direct_input(PomBase:SPBC30D10.10c)
GO:0036459	thiol-dependent ubiquitinyl hydrolase activity	has_direct_input(PomBase:SPBC30D10.17c)
GO:0036459	thiol-dependent ubiquitinyl hydrolase activity	has_direct_input(PomBase:SPBC31A8.01c)
GO:0036459	thiol-dependent ubiquitinyl hydrolase activity	has_direct_input(PomBase:SPBC31E1.02c)
GO:0036459	thiol-dependent ubiquitinyl hydrolase activity	has_direct_input(PomBase:SPBC31E1.04)
GO:0036459	thiol-dependent ubiquitinyl hydrolase activity	has_direct_input(PomBase:SPBC31F10.07)
GO:0036459	thiol-dependent ubiquitinyl hydrolase activity	has_direct_input(PomBase:SPBC31F10.16)
GO:0004672	protein kinase activity	has_direct_input(PomBase:SPBC32C12.02)
GO:0004674	protein serine/threonine kinase activity	has_direct_input(PomBase:SPBC32C12.02)
GO:0038071	MAP kinase activity involved in conjugation with cellular fusion	has_direct_input(PomBase:SPBC32C12.02)
GO:0036459	thiol-dependent ubiquitinyl hydrolase activity	has_direct_input(PomBase:SPBC32F12.01c)
GO:0015035	protein disulfide oxidoreductase activity	has_direct_input(PomBase:SPBC32F12.03c)
GO:0004693	cyclin-dependent protein serine/threonine kinase activity	has_direct_input(PomBase:SPBC32F12.06)
GO:0004674	protein serine/threonine kinase activity	has_direct_input(PomBase:SPBC32F12.09
GO:0031658	negative regulation of cyclin-dependent protein serine/threonine kinase activity involved in G1/S transition of mitotic cell cycle	has_direct_input(PomBase:SPBC32F12.09
GO:0004707	MAP kinase activity	has_direct_input(PomBase:SPBC32F12.09)
GO:0036459	thiol-dependent ubiquitinyl hydrolase activity	has_direct_input(PomBase:SPBC32F12.09)
GO:0004693	cyclin-dependent protein serine/threonine kinase activity	has_direct_input(PomBase:SPBC32F12.09)
GO:0008569	ATP-dependent microtubule motor activity, minus-end-directed	has_direct_input(PomBase:SPBC32H8.09
GO:0016538	cyclin-dependent protein serine/threonine kinase regulator activity	has_direct_input(PomBase:SPBC32H8.10)
GO:0004693	cyclin-dependent protein serine/threonine kinase activity	has_direct_input(PomBase:SPBC32H8.10)
GO:0036459	thiol-dependent ubiquitinyl hydrolase activity	has_direct_input(PomBase:SPBC32H8.12c)
GO:0050265	RNA uridylyltransferase activity	has_direct_input(PomBase:SPBC32H8.12c)
GO:0050265	RNA uridylyltransferase activity	has_direct_input(PomBase:SPBC32H8.12c)
GO:0061631	ubiquitin conjugating enzyme activity	has_direct_input(PomBase:SPBC336.01
GO:0004674	protein serine/threonine kinase activity	has_direct_input(PomBase:SPBC336.09c
GO:0036459	thiol-dependent ubiquitinyl hydrolase activity	has_direct_input(PomBase:SPBC336.10c)
GO:0004674	protein serine/threonine kinase activity	has_direct_input(PomBase:SPBC336.12c)
GO:0004721	phosphoprotein phosphatase activity	has_direct_input(PomBase:SPBC336.12c)
GO:0036459	thiol-dependent ubiquitinyl hydrolase activity	has_direct_input(PomBase:SPBC337.02c)
GO:0004839	ubiquitin activating enzyme activity	has_direct_input(PomBase:SPBC337.08c)
GO:0036459	thiol-dependent ubiquitinyl hydrolase activity	has_direct_input(PomBase:SPBC337.14)
GO:0036459	thiol-dependent ubiquitinyl hydrolase activity	has_direct_input(PomBase:SPBC342.04)
GO:0004674	protein serine/threonine kinase activity	has_direct_input(PomBase:SPBC342.05)
GO:0036459	thiol-dependent ubiquitinyl hydrolase activity	has_direct_input(PomBase:SPBC354.05c)
GO:0036459	thiol-dependent ubiquitinyl hydrolase activity	has_direct_input(PomBase:SPBC354.13)
GO:0036459	thiol-dependent ubiquitinyl hydrolase activity	has_direct_input(PomBase:SPBC354.14c)
GO:0061630	ubiquitin protein ligase activity	has_direct_input(PomBase:SPBC359.03c)
GO:0036459	thiol-dependent ubiquitinyl hydrolase activity	has_direct_input(PomBase:SPBC36.03c)
GO:0036459	thiol-dependent ubiquitinyl hydrolase activity	has_direct_input(PomBase:SPBC36.05c)
GO:0036459	thiol-dependent ubiquitinyl hydrolase activity	has_direct_input(PomBase:SPBC36.11)
GO:0036459	thiol-dependent ubiquitinyl hydrolase activity	has_direct_input(PomBase:SPBC365.01)
GO:0036459	thiol-dependent ubiquitinyl hydrolase activity	has_direct_input(PomBase:SPBC365.03c)
GO:0016929	SUMO-specific protease activity	has_direct_input(PomBase:SPBC365.06)
GO:0036459	thiol-dependent ubiquitinyl hydrolase activity	has_direct_input(PomBase:SPBC36B7.07)
GO:0036459	thiol-dependent ubiquitinyl hydrolase activity	has_direct_input(PomBase:SPBC3B9.10)
GO:0036459	thiol-dependent ubiquitinyl hydrolase activity	has_direct_input(PomBase:SPBC3D6.12)
GO:0036459	thiol-dependent ubiquitinyl hydrolase activity	has_direct_input(PomBase:SPBC3E7.07c)
GO:0036459	thiol-dependent ubiquitinyl hydrolase activity	has_direct_input(PomBase:SPBC3H7.02)
GO:0050265	RNA uridylyltransferase activity	has_direct_input(PomBase:SPBC3H7.06c)
GO:0004713	protein tyrosine kinase activity	has_direct_input(PomBase:SPBC3H7.15)
GO:0036459	thiol-dependent ubiquitinyl hydrolase activity	has_direct_input(PomBase:SPBC3H7.15)
GO:0004672	protein kinase activity	has_direct_input(PomBase:SPBC4.04c)
GO:0004674	protein serine/threonine kinase activity	has_direct_input(PomBase:SPBC4.04c)
GO:0004674	protein serine/threonine kinase activity	has_direct_input(PomBase:SPBC4.04c)
GO:0036459	thiol-dependent ubiquitinyl hydrolase activity	has_direct_input(PomBase:SPBC4.07c)
GO:0036459	thiol-dependent ubiquitinyl hydrolase activity	has_direct_input(PomBase:SPBC405.07)
GO:0036459	thiol-dependent ubiquitinyl hydrolase activity	has_direct_input(PomBase:SPBC409.05)
GO:0061631	ubiquitin conjugating enzyme activity	has_direct_input(PomBase:SPBC409.05)
GO:0036459	thiol-dependent ubiquitinyl hydrolase activity	has_direct_input(PomBase:SPBC409.06)
GO:0004709	MAP kinase kinase kinase activity	has_direct_input(PomBase:SPBC409.07c)
GO:0036459	thiol-dependent ubiquitinyl hydrolase activity	has_direct_input(PomBase:SPBC428.16c)
GO:0036459	thiol-dependent ubiquitinyl hydrolase activity	has_direct_input(PomBase:SPBC460.02c)
GO:0036459	thiol-dependent ubiquitinyl hydrolase activity	has_direct_input(PomBase:SPBC4C3.05c)
GO:0004721	phosphoprotein phosphatase activity	has_direct_input(PomBase:SPBC4C3.12)
GO:0036459	thiol-dependent ubiquitinyl hydrolase activity	has_direct_input(PomBase:SPBC4F6.09)
GO:0036459	thiol-dependent ubiquitinyl hydrolase activity	has_direct_input(PomBase:SPBC4F6.10)
GO:0036459	thiol-dependent ubiquitinyl hydrolase activity	has_direct_input(PomBase:SPBC4F6.18c)
GO:0004674	protein serine/threonine kinase activity	has_direct_input(PomBase:SPBC530.04)
GO:0036459	thiol-dependent ubiquitinyl hydrolase activity	has_direct_input(PomBase:SPBC530.07c)
GO:0036459	thiol-dependent ubiquitinyl hydrolase activity	has_direct_input(PomBase:SPBC530.10c)
GO:0004674	protein serine/threonine kinase activity	has_direct_input(PomBase:SPBC530.14c)
GO:0004672	protein kinase activity	has_direct_input(PomBase:SPBC530.14c)
GO:0004709	MAP kinase kinase kinase activity	has_direct_input(PomBase:SPBC543.07)
GO:0036459	thiol-dependent ubiquitinyl hydrolase activity	has_direct_input(PomBase:SPBC56F2.02)
GO:0036459	thiol-dependent ubiquitinyl hydrolase activity	has_direct_input(PomBase:SPBC56F2.12)
GO:0036459	thiol-dependent ubiquitinyl hydrolase activity	has_direct_input(PomBase:SPBC577.02)
GO:0008379	thioredoxin peroxidase activity	has_direct_input(PomBase:SPBC577.08c)
GO:0036459	thiol-dependent ubiquitinyl hydrolase activity	has_direct_input(PomBase:SPBC577.10)
GO:0004861	cyclin-dependent protein serine/threonine kinase inhibitor activity	has_direct_input(PomBase:SPBC582.03)
GO:0004672	protein kinase activity	has_direct_input(PomBase:SPBC582.03)
GO:0032403	protein complex binding	has_direct_input(PomBase:SPBC582.03)
GO:0001077	transcriptional activator activity, RNA polymerase II core promoter proximal region sequence-specific binding	has_direct_input(PomBase:SPBC582.03)
GO:0036459	thiol-dependent ubiquitinyl hydrolase activity	has_direct_input(PomBase:SPBC582.07c)
GO:0036459	thiol-dependent ubiquitinyl hydrolase activity	has_direct_input(PomBase:SPBC609.05)
GO:0036459	thiol-dependent ubiquitinyl hydrolase activity	has_direct_input(PomBase:SPBC646.05c)
GO:0036459	thiol-dependent ubiquitinyl hydrolase activity	has_direct_input(PomBase:SPBC646.08c)
GO:0004674	protein serine/threonine kinase activity	has_direct_input(PomBase:SPBC646.13)
GO:0036459	thiol-dependent ubiquitinyl hydrolase activity	has_direct_input(PomBase:SPBC646.13)
GO:0036459	thiol-dependent ubiquitinyl hydrolase activity	has_direct_input(PomBase:SPBC651.08c)
GO:0036459	thiol-dependent ubiquitinyl hydrolase activity	has_direct_input(PomBase:SPBC660.16)
GO:0004674	protein serine/threonine kinase activity	has_direct_input(PomBase:SPBC685.09)
GO:0004674	protein serine/threonine kinase activity	has_direct_input(PomBase:SPBC6B1.04
GO:0004722	protein serine/threonine phosphatase activity	has_direct_input(PomBase:SPBC6B1.04)
GO:0036459	thiol-dependent ubiquitinyl hydrolase activity	has_direct_input(PomBase:SPBC6B1.06c)
GO:0004672	protein kinase activity	has_direct_input(PomBase:SPBC6B1.07)
GO:0000155	phosphorelay sensor kinase activity	has_direct_input(PomBase:SPBC725.02)
GO:0036459	thiol-dependent ubiquitinyl hydrolase activity	has_direct_input(PomBase:SPBC725.05c)
GO:0004721	phosphoprotein phosphatase activity	has_direct_input(PomBase:SPBC725.16)
GO:0004722	protein serine/threonine phosphatase activity	has_direct_input(PomBase:SPBC776.02c)
GO:0004693	cyclin-dependent protein serine/threonine kinase activity	has_direct_input(PomBase:SPBC776.02c)
GO:0036459	thiol-dependent ubiquitinyl hydrolase activity	has_direct_input(PomBase:SPBC776.09)
GO:0030295	protein kinase activator activity	has_direct_input(PomBase:SPBC776.12c)
GO:0043539	protein serine/threonine kinase activator activity	has_direct_input(PomBase:SPBC776.12c)
GO:0004672	protein kinase activity	has_direct_input(PomBase:SPBC776.12c)
GO:0004674	protein serine/threonine kinase activity	has_direct_input(PomBase:SPBC776.12c)
GO:0036459	thiol-dependent ubiquitinyl hydrolase activity	has_direct_input(PomBase:SPBC83.01)
GO:0036459	thiol-dependent ubiquitinyl hydrolase activity	has_direct_input(PomBase:SPBC83.16c)
GO:0036459	thiol-dependent ubiquitinyl hydrolase activity	has_direct_input(PomBase:SPBC839.16)
GO:0036459	thiol-dependent ubiquitinyl hydrolase activity	has_direct_input(PomBase:SPBC887.04c)
GO:0004674	protein serine/threonine kinase activity	has_direct_input(PomBase:SPBC887.09c)
GO:0009927	histidine phosphotransfer kinase activity	has_direct_input(PomBase:SPBC887.10)
GO:0005515	protein binding	has_direct_input(PomBase:SPBC887.10)
GO:0036459	thiol-dependent ubiquitinyl hydrolase activity	has_direct_input(PomBase:SPBC887.17)
GO:0004674	protein serine/threonine kinase activity	has_direct_input(PomBase:SPBC8D2.04)
GO:0072354	histone kinase activity (H3-T3 specific)	has_direct_input(PomBase:SPBC8D2.04)
GO:0032931	histone acetyltransferase activity (H3-K56 specific)	has_direct_input(PomBase:SPBC8D2.04)
GO:0036459	thiol-dependent ubiquitinyl hydrolase activity	has_direct_input(PomBase:SPBC8D2.06)
GO:0036459	thiol-dependent ubiquitinyl hydrolase activity	has_direct_input(PomBase:SPBC8E4.01c)
GO:0004674	protein serine/threonine kinase activity	has_direct_input(PomBase:SPBC902.02c)
GO:0004674	protein serine/threonine kinase activity	has_direct_input(PomBase:SPBC947.11c)
GO:0036459	thiol-dependent ubiquitinyl hydrolase activity	has_direct_input(PomBase:SPBC9B6.04c)
GO:0036459	thiol-dependent ubiquitinyl hydrolase activity	has_direct_input(PomBase:SPBC9B6.08)
GO:0036459	thiol-dependent ubiquitinyl hydrolase activity	has_direct_input(PomBase:SPBP23A10.07)
GO:0004674	protein serine/threonine kinase activity	has_direct_input(PomBase:SPBP23A10.13)
GO:1990610	acetolactate synthase regulator activity	has_direct_input(PomBase:SPBP35G2.07)
GO:0036459	thiol-dependent ubiquitinyl hydrolase activity	has_direct_input(PomBase:SPBP35G2.14)
GO:0008597	calcium-dependent protein serine/threonine phosphatase regulator activity	has_direct_input(PomBase:SPBP4H10.04)
GO:0036459	thiol-dependent ubiquitinyl hydrolase activity	has_direct_input(PomBase:SPBP4H10.04)
GO:0036459	thiol-dependent ubiquitinyl hydrolase activity	has_direct_input(PomBase:SPBP4H10.05c)
GO:0036459	thiol-dependent ubiquitinyl hydrolase activity	has_direct_input(PomBase:SPBP4H10.07)
GO:0036459	thiol-dependent ubiquitinyl hydrolase activity	has_direct_input(PomBase:SPBP8B7.18c)
GO:0036459	thiol-dependent ubiquitinyl hydrolase activity	has_direct_input(PomBase:SPBP8B7.19)
GO:0036459	thiol-dependent ubiquitinyl hydrolase activity	has_direct_input(PomBase:SPBP8B7.23)
GO:0036459	thiol-dependent ubiquitinyl hydrolase activity	has_direct_input(PomBase:SPBPB21E7.04c)
GO:0036459	thiol-dependent ubiquitinyl hydrolase activity	has_direct_input(PomBase:SPBPB21E7.07)
GO:0004671	protein C-terminal S-isoprenylcysteine carboxyl O-methyltransferase activity	has_direct_input(PomBase:SPBPJ4664.03
GO:0015421	oligopeptide-transporting ATPase activity	has_direct_input(PomBase:SPBPJ4664.03
GO:0036459	thiol-dependent ubiquitinyl hydrolase activity	has_direct_input(PomBase:SPBPJ4664.04)
GO:0052905	tRNA (guanine(9)-N(1))-methyltransferase activity	has_direct_input(PomBase:SPBTRNAGLY.03)
GO:0052905	tRNA (guanine(9)-N(1))-methyltransferase activity	has_direct_input(PomBase:SPBTRNAGLY.06)
GO:0052905	tRNA (guanine(9)-N(1))-methyltransferase activity	has_direct_input(PomBase:SPBTRNAGLY.07)
GO:0052905	tRNA (guanine(9)-N(1))-methyltransferase activity	has_direct_input(PomBase:SPBTRNAGLY.08)
GO:0004674	protein serine/threonine kinase activity	has_direct_input(PomBase:SPCC1020.02)
GO:0036459	thiol-dependent ubiquitinyl hydrolase activity	has_direct_input(PomBase:SPCC1020.06c)
GO:0036459	thiol-dependent ubiquitinyl hydrolase activity	has_direct_input(PomBase:SPCC1020.10)
GO:0036459	thiol-dependent ubiquitinyl hydrolase activity	has_direct_input(PomBase:SPCC1183.08c)
GO:0036459	thiol-dependent ubiquitinyl hydrolase activity	has_direct_input(PomBase:SPCC11E10.01)
GO:0036459	thiol-dependent ubiquitinyl hydrolase activity	has_direct_input(PomBase:SPCC1223.02)
GO:0004674	protein serine/threonine kinase activity	has_direct_input(PomBase:SPCC1223.06)
GO:0036459	thiol-dependent ubiquitinyl hydrolase activity	has_direct_input(PomBase:SPCC1235.14)
GO:0004674	protein serine/threonine kinase activity	has_direct_input(PomBase:SPCC1259.13)
GO:0004674	protein serine/threonine kinase activity	has_direct_input(PomBase:SPCC1259.13)
GO:0004722	protein serine/threonine phosphatase activity	has_direct_input(PomBase:SPCC1259.13)
GO:0004674	protein serine/threonine kinase activity	has_direct_input(PomBase:SPCC1259.13)
GO:0036459	thiol-dependent ubiquitinyl hydrolase activity	has_direct_input(PomBase:SPCC1281.01)
GO:0036459	thiol-dependent ubiquitinyl hydrolase activity	has_direct_input(PomBase:SPCC1281.06c)
GO:0036459	thiol-dependent ubiquitinyl hydrolase activity	has_direct_input(PomBase:SPCC1281.07c)
GO:0036459	thiol-dependent ubiquitinyl hydrolase activity	has_direct_input(PomBase:SPCC132.02)
GO:0036459	thiol-dependent ubiquitinyl hydrolase activity	has_direct_input(PomBase:SPCC132.04c)
GO:0004707	MAP kinase activity	has_direct_input(PomBase:SPCC1322.08)
GO:0004674	protein serine/threonine kinase activity	has_direct_input(PomBase:SPCC1322.08)
GO:0004672	protein kinase activity	has_direct_input(PomBase:SPCC1322.08)
GO:0036459	thiol-dependent ubiquitinyl hydrolase activity	has_direct_input(PomBase:SPCC1322.09)
GO:0036459	thiol-dependent ubiquitinyl hydrolase activity	has_direct_input(PomBase:SPCC1322.14c)
GO:0050265	RNA uridylyltransferase activity	has_direct_input(PomBase:SPCC13B11.01)
GO:0036459	thiol-dependent ubiquitinyl hydrolase activity	has_direct_input(PomBase:SPCC1442.09)
GO:1990624	guanyl nucleotide exchange factor inhibitor activity	has_direct_input(PomBase:SPCC1450.04)
GO:0036459	thiol-dependent ubiquitinyl hydrolase activity	has_direct_input(PomBase:SPCC1494.06c)
GO:0036459	thiol-dependent ubiquitinyl hydrolase activity	has_direct_input(PomBase:SPCC162.08c)
GO:0004721	phosphoprotein phosphatase activity	has_direct_input(PomBase:SPCC1672.02c)
GO:0036459	thiol-dependent ubiquitinyl hydrolase activity	has_direct_input(PomBase:SPCC1672.02c)
GO:0036459	thiol-dependent ubiquitinyl hydrolase activity	has_direct_input(PomBase:SPCC1672.05c)
GO:0036459	thiol-dependent ubiquitinyl hydrolase activity	has_direct_input(PomBase:SPCC1672.07)
GO:0036459	thiol-dependent ubiquitinyl hydrolase activity	has_direct_input(PomBase:SPCC1672.11c)
GO:0036459	thiol-dependent ubiquitinyl hydrolase activity	has_direct_input(PomBase:SPCC1682.03c)
GO:0036459	thiol-dependent ubiquitinyl hydrolase activity	has_direct_input(PomBase:SPCC1682.10)
GO:0061608	nuclear import signal receptor activity	has_direct_input(PomBase:SPCC1682.10)
GO:0036459	thiol-dependent ubiquitinyl hydrolase activity	has_direct_input(PomBase:SPCC1682.16)
GO:0036459	thiol-dependent ubiquitinyl hydrolase activity	has_direct_input(PomBase:SPCC16A11.16c)
GO:0036459	thiol-dependent ubiquitinyl hydrolase activity	has_direct_input(PomBase:SPCC16C4.03)
GO:0004674	protein serine/threonine kinase activity	has_direct_input(PomBase:SPCC16C4.07)
GO:0036459	thiol-dependent ubiquitinyl hydrolase activity	has_direct_input(PomBase:SPCC16C4.09)
GO:0036459	thiol-dependent ubiquitinyl hydrolase activity	has_direct_input(PomBase:SPCC16C4.13c)
GO:0016279	protein-lysine N-methyltransferase activity	has_direct_input(PomBase:SPCC16C4.13c)
GO:0004721	phosphoprotein phosphatase activity	has_direct_input(PomBase:SPCC1739.11c)
GO:0004674	protein serine/threonine kinase activity	has_direct_input(PomBase:SPCC1739.11c)
GO:0004722	protein serine/threonine phosphatase activity	has_direct_input(PomBase:SPCC1739.11c)
GO:0036459	thiol-dependent ubiquitinyl hydrolase activity	has_direct_input(PomBase:SPCC1739.12)
GO:0004865	protein serine/threonine phosphatase inhibitor activity	has_direct_input(PomBase:SPCC1739.12)
GO:0030159	receptor signaling complex scaffold activity	has_direct_input(PomBase:SPCC1753.02c)
GO:0036459	thiol-dependent ubiquitinyl hydrolase activity	has_direct_input(PomBase:SPCC1795.04c)
GO:0036459	thiol-dependent ubiquitinyl hydrolase activity	has_direct_input(PomBase:SPCC1795.05c)
GO:0004180	carboxypeptidase activity	has_direct_input(PomBase:SPCC1795.06
GO:0004180	carboxypeptidase activity	has_direct_input(PomBase:SPCC1795.06)
GO:0004175	endopeptidase activity	has_direct_input(PomBase:SPCC1795.06)
GO:0005550	pheromone binding	has_direct_input(PomBase:SPCC1795.06)
GO:0004185	serine-type carboxypeptidase activity	has_direct_input(PomBase:SPCC1795.06)
GO:0004932	mating-type factor pheromone receptor activity	has_direct_input(PomBase:SPCC1795.06)
GO:0036459	thiol-dependent ubiquitinyl hydrolase activity	has_direct_input(PomBase:SPCC18.18c)
GO:0036459	thiol-dependent ubiquitinyl hydrolase activity	has_direct_input(PomBase:SPCC1827.03c)
GO:0036459	thiol-dependent ubiquitinyl hydrolase activity	has_direct_input(PomBase:SPCC1840.02c)
GO:0036459	thiol-dependent ubiquitinyl hydrolase activity	has_direct_input(PomBase:SPCC1840.07c)
GO:0004722	protein serine/threonine phosphatase activity	has_direct_input(PomBase:SPCC188.02)
GO:0004674	protein serine/threonine kinase activity	has_direct_input(PomBase:SPCC188.02)
GO:0036459	thiol-dependent ubiquitinyl hydrolase activity	has_direct_input(PomBase:SPCC18B5.01c)
GO:0004674	protein serine/threonine kinase activity	has_direct_input(PomBase:SPCC18B5.03
GO:0004672	protein kinase activity	has_direct_input(PomBase:SPCC18B5.03)
GO:0004725	protein tyrosine phosphatase activity	has_direct_input(PomBase:SPCC18B5.03)
GO:0004713	protein tyrosine kinase activity	has_direct_input(PomBase:SPCC18B5.03)
GO:0030292	protein tyrosine kinase inhibitor activity	has_direct_input(PomBase:SPCC18B5.03)
GO:0004674	protein serine/threonine kinase activity	has_direct_input(PomBase:SPCC18B5.03)
GO:0004674	protein serine/threonine kinase activity	has_direct_input(PomBase:SPCC18B5.03)
GO:0036459	thiol-dependent ubiquitinyl hydrolase activity	has_direct_input(PomBase:SPCC18B5.11c)
GO:0004674	protein serine/threonine kinase activity	has_direct_input(PomBase:SPCC18B5.11c)
GO:0004674	protein serine/threonine kinase activity	has_direct_input(PomBase:SPCC18B5.11c)
GO:0004674	protein serine/threonine kinase activity	has_direct_input(PomBase:SPCC1902.02)
GO:0036459	thiol-dependent ubiquitinyl hydrolase activity	has_direct_input(PomBase:SPCC1906.01)
GO:0036459	thiol-dependent ubiquitinyl hydrolase activity	has_direct_input(PomBase:SPCC191.02c)
GO:0036459	thiol-dependent ubiquitinyl hydrolase activity	has_direct_input(PomBase:SPCC191.07)
GO:0036459	thiol-dependent ubiquitinyl hydrolase activity	has_direct_input(PomBase:SPCC23B6.01c)
GO:0036459	thiol-dependent ubiquitinyl hydrolase activity	has_direct_input(PomBase:SPCC23B6.04c)
GO:0004674	protein serine/threonine kinase activity	has_direct_input(PomBase:SPCC24B10.07)
GO:0036459	thiol-dependent ubiquitinyl hydrolase activity	has_direct_input(PomBase:SPCC24B10.09)
GO:0036459	thiol-dependent ubiquitinyl hydrolase activity	has_direct_input(PomBase:SPCC24B10.10c)
GO:0004672	protein kinase activity	has_direct_input(PomBase:SPCC24B10.13)
GO:0004674	protein serine/threonine kinase activity	has_direct_input(PomBase:SPCC24B10.14c
GO:0036459	thiol-dependent ubiquitinyl hydrolase activity	has_direct_input(PomBase:SPCC285.10c)
GO:0030674	protein binding, bridging	has_direct_input(PomBase:SPCC290.04
GO:0004674	protein serine/threonine kinase activity	has_direct_input(PomBase:SPCC290.04
GO:2000060	positive regulation of protein ubiquitination involved in ubiquitin-dependent protein catabolic process	has_direct_input(PomBase:SPCC290.04
GO:0061630	ubiquitin protein ligase activity	has_direct_input(PomBase:SPCC290.04)
GO:0036459	thiol-dependent ubiquitinyl hydrolase activity	has_direct_input(PomBase:SPCC2H8.02)
GO:0004674	protein serine/threonine kinase activity	has_direct_input(PomBase:SPCC306.03c
GO:0036459	thiol-dependent ubiquitinyl hydrolase activity	has_direct_input(PomBase:SPCC306.03c)
GO:0004674	protein serine/threonine kinase activity	has_direct_input(PomBase:SPCC306.03c)
GO:0004674	protein serine/threonine kinase activity	has_direct_input(PomBase:SPCC31H12.03c)
GO:0016279	protein-lysine N-methyltransferase activity	has_direct_input(PomBase:SPCC31H12.04c)
GO:0036459	thiol-dependent ubiquitinyl hydrolase activity	has_direct_input(PomBase:SPCC31H12.07)
GO:0036459	thiol-dependent ubiquitinyl hydrolase activity	has_direct_input(PomBase:SPCC320.08)
GO:0036459	thiol-dependent ubiquitinyl hydrolase activity	has_direct_input(PomBase:SPCC320.11c)
GO:0036459	thiol-dependent ubiquitinyl hydrolase activity	has_direct_input(PomBase:SPCC330.05c)
GO:0036459	thiol-dependent ubiquitinyl hydrolase activity	has_direct_input(PomBase:SPCC338.07c)
GO:0004175	endopeptidase activity	has_direct_input(PomBase:SPCC338.17c
GO:0036459	thiol-dependent ubiquitinyl hydrolase activity	has_direct_input(PomBase:SPCC364.07)
GO:0036459	thiol-dependent ubiquitinyl hydrolase activity	has_direct_input(PomBase:SPCC417.05c)
GO:0036459	thiol-dependent ubiquitinyl hydrolase activity	has_direct_input(PomBase:SPCC4B3.03c)
GO:0036459	thiol-dependent ubiquitinyl hydrolase activity	has_direct_input(PomBase:SPCC4B3.15)
GO:0004674	protein serine/threonine kinase activity	has_direct_input(PomBase:SPCC4E9.01c
GO:0004674	protein serine/threonine kinase activity	has_direct_input(PomBase:SPCC4G3.05c)
GO:0004674	protein serine/threonine kinase activity	has_direct_input(PomBase:SPCC4G3.08)
GO:0036459	thiol-dependent ubiquitinyl hydrolase activity	has_direct_input(PomBase:SPCC4G3.12c)
GO:0036459	thiol-dependent ubiquitinyl hydrolase activity	has_direct_input(PomBase:SPCC4G3.13c)
GO:0036459	thiol-dependent ubiquitinyl hydrolase activity	has_direct_input(PomBase:SPCC4G3.17)
GO:0004674	protein serine/threonine kinase activity	has_direct_input(PomBase:SPCC550.13)
GO:0036459	thiol-dependent ubiquitinyl hydrolase activity	has_direct_input(PomBase:SPCC569.01c)
GO:0036459	thiol-dependent ubiquitinyl hydrolase activity	has_direct_input(PomBase:SPCC569.06)
GO:0015035	protein disulfide oxidoreductase activity	has_direct_input(PomBase:SPCC576.03c)
GO:0032542	sulfiredoxin activity	has_direct_input(PomBase:SPCC576.03c)
GO:0015035	protein disulfide oxidoreductase activity	has_direct_input(PomBase:SPCC576.03c)
GO:0016274	protein-arginine N-methyltransferase activity	has_direct_input(PomBase:SPCC576.08c)
GO:0036459	thiol-dependent ubiquitinyl hydrolase activity	has_direct_input(PomBase:SPCC576.09)
GO:0036459	thiol-dependent ubiquitinyl hydrolase activity	has_direct_input(PomBase:SPCC576.10c)
GO:0004672	protein kinase activity	has_direct_input(PomBase:SPCC576.15c)
GO:0036459	thiol-dependent ubiquitinyl hydrolase activity	has_direct_input(PomBase:SPCC5E4.05c)
GO:0036459	thiol-dependent ubiquitinyl hydrolase activity	has_direct_input(PomBase:SPCC613.05c)
GO:0016706	oxidoreductase activity, acting on paired donors, with incorporation or reduction of molecular oxygen, 2-oxoglutarate as one donor, and incorporation of one atom each of oxygen into both donors	has_direct_input(PomBase:SPCC622.08c)
GO:0072371	histone kinase activity (H2A-S121 specific)	has_direct_input(PomBase:SPCC622.08c)
GO:0036459	thiol-dependent ubiquitinyl hydrolase activity	has_direct_input(PomBase:SPCC622.14)
GO:0036459	thiol-dependent ubiquitinyl hydrolase activity	has_direct_input(PomBase:SPCC622.18)
GO:0036459	thiol-dependent ubiquitinyl hydrolase activity	has_direct_input(PomBase:SPCC63.14)
GO:0004721	phosphoprotein phosphatase activity	has_direct_input(PomBase:SPCC645.05c)
GO:0004674	protein serine/threonine kinase activity	has_direct_input(PomBase:SPCC645.07
GO:0005049	nuclear export signal receptor activity	has_direct_input(PomBase:SPCC645.07)
GO:0036459	thiol-dependent ubiquitinyl hydrolase activity	has_direct_input(PomBase:SPCC645.14c)
GO:0036459	thiol-dependent ubiquitinyl hydrolase activity	has_direct_input(PomBase:SPCC663.03)
GO:0061630	ubiquitin protein ligase activity	has_direct_input(PomBase:SPCC663.05c)
GO:0036459	thiol-dependent ubiquitinyl hydrolase activity	has_direct_input(PomBase:SPCC663.09c)
GO:0036459	thiol-dependent ubiquitinyl hydrolase activity	has_direct_input(PomBase:SPCC70.03c)
GO:0008428	ribonuclease inhibitor activity	has_direct_input(PomBase:SPCC736.11)
GO:0036459	thiol-dependent ubiquitinyl hydrolase activity	has_direct_input(PomBase:SPCC737.09c)
GO:0036459	thiol-dependent ubiquitinyl hydrolase activity	has_direct_input(PomBase:SPCC74.05)
GO:0036459	thiol-dependent ubiquitinyl hydrolase activity	has_direct_input(PomBase:SPCC757.09c)
GO:0004707	MAP kinase activity	has_direct_input(PomBase:SPCC757.09c)
GO:0036459	thiol-dependent ubiquitinyl hydrolase activity	has_direct_input(PomBase:SPCC777.13)
GO:0036459	thiol-dependent ubiquitinyl hydrolase activity	has_direct_input(PomBase:SPCC794.03)
GO:0036459	thiol-dependent ubiquitinyl hydrolase activity	has_direct_input(PomBase:SPCC825.03c)
GO:0036459	thiol-dependent ubiquitinyl hydrolase activity	has_direct_input(PomBase:SPCC962.03c)
GO:0036459	thiol-dependent ubiquitinyl hydrolase activity	has_direct_input(PomBase:SPCC965.07c)
GO:0036459	thiol-dependent ubiquitinyl hydrolase activity	has_direct_input(PomBase:SPCC965.13)
GO:0036459	thiol-dependent ubiquitinyl hydrolase activity	has_direct_input(PomBase:SPCC970.05)
GO:0004674	protein serine/threonine kinase activity	has_direct_input(PomBase:SPCP1E11.04c)
GO:0036459	thiol-dependent ubiquitinyl hydrolase activity	has_direct_input(PomBase:SPCP20C8.01c)
GO:0036459	thiol-dependent ubiquitinyl hydrolase activity	has_direct_input(PomBase:SPCP31B10.08c)
GO:0036459	thiol-dependent ubiquitinyl hydrolase activity	has_direct_input(PomBase:SPCPB16A4.05c)
GO:0052905	tRNA (guanine(9)-N(1))-methyltransferase activity	has_direct_input(PomBase:SPCTRNAGLY.10)
GO:0052905	tRNA (guanine(9)-N(1))-methyltransferase activity	has_direct_input(PomBase:SPCTRNAGLY.11)
GO:0070034	telomerase RNA binding	has_direct_input(PomBase:SPNCRNA.214)
GO:1990883	rRNA cytidine N-acetyltransferase activity	has_direct_input(PomBase:SPRRNA.43)
GO:1990883	rRNA cytidine N-acetyltransferase activity	has_direct_input(PomBase:SPRRNA.44)
GO:1990883	rRNA cytidine N-acetyltransferase activity	has_direct_input(PomBase:SPRRNA.46)
GO:0070034	telomerase RNA binding	has_direct_input(RNAcentral:URS00004A7003_9606)
GO:0090669	telomerase RNA stabilization	has_direct_input(RNAcentral:URS00004A7003_9606)
GO:0000976	transcription regulatory region sequence-specific DNA binding	has_direct_input(RNAcentral:URS0000527F89_9606)
GO:0001227	transcriptional repressor activity, RNA polymerase II transcription regulatory region sequence-specific binding	has_direct_input(RNAcentral:URS0000527F89_9606)
GO:0016740	transferase activity	has_direct_input(RNAcentral:URS00005F2C2D)
GO:1903704	negative regulation of production of siRNA involved in RNA interference	has_direct_input(RNAcentral:URS000075C8FA_9606)
GO:0016779	nucleotidyltransferase activity	has_direct_input(RNAcentral:URS000075C8FA_9606)
GO:0004521	endoribonuclease activity	has_direct_input(RNAcentral:URS000075C8FA_9606)
GO:0033168	conversion of ds siRNA to ss siRNA involved in RNA interference	has_direct_input(RNAcentral:URS000075C8FA_9606)
GO:0001172	transcription, RNA-templated	has_direct_input(RNAcentral:URS000075C8FA_9606)
GO:0003968	RNA-directed 5'-3' RNA polymerase activity	has_direct_input(RNAcentral:URS000075C8FA_9606)
GO:0030422	production of siRNA involved in RNA interference	has_direct_input(RNAcentral:URS000075C8FA_9606)
GO:0001228	transcriptional activator activity, RNA polymerase II transcription regulatory region sequence-specific binding	has_direct_input(RNAcentral:URS000075D8E6_10090
GO:0070878	primary miRNA binding	has_direct_input(RNAcentral:URS000075EEC2_10090)
GO:0003729	mRNA binding	has_direct_input(RefSeq:NM_011715)
GO:0061158	3'-UTR-mediated mRNA destabilization	has_direct_input(RefSeq:NM_011715)
GO:0000981	RNA polymerase II transcription factor activity, sequence-specific DNA binding	has_direct_input(SGD:S000000010)
GO:0097271	protein localization to bud neck	has_direct_input(SGD:S000000022)
GO:0003729	mRNA binding	has_direct_input(SGD:S000000038)
GO:0000981	RNA polymerase II transcription factor activity, sequence-specific DNA binding	has_direct_input(SGD:S000000038)
GO:0061157	mRNA destabilization	has_direct_input(SGD:S000000038)
GO:0004672	protein kinase activity	has_direct_input(SGD:S000000105)
GO:1902394	positive regulation of exodeoxyribonuclease activity	has_direct_input(SGD:S000000115)
GO:1903022	positive regulation of phosphodiesterase activity, acting on 3'-phosphoglycolate-terminated DNA strands	has_direct_input(SGD:S000000115)
GO:0018216	peptidyl-arginine methylation	has_direct_input(SGD:S000000214)
GO:1990841	promoter-specific chromatin binding	has_direct_input(SGD:S000000224
GO:0004674	protein serine/threonine kinase activity	has_direct_input(SGD:S000000232)
GO:0018105	peptidyl-serine phosphorylation	has_direct_input(SGD:S000000232)
GO:0003700	transcription factor activity, sequence-specific DNA binding	has_direct_input(SGD:S000000297
GO:0045944	positive regulation of transcription from RNA polymerase II promoter	has_direct_input(SGD:S000000297
GO:0045944	positive regulation of transcription from RNA polymerase II promoter	has_direct_input(SGD:S000000297)
GO:0043565	sequence-specific DNA binding	has_direct_input(SGD:S000000297)
GO:0032232	negative regulation of actin filament bundle assembly	has_direct_input(SGD:S000000322)
GO:1990481	mRNA pseudouridine synthesis	has_direct_input(SGD:S000000322)
GO:0004674	protein serine/threonine kinase activity	has_direct_input(SGD:S000000337)
GO:0018105	peptidyl-serine phosphorylation	has_direct_input(SGD:S000000337)
GO:0003682	chromatin binding	has_direct_input(SGD:S000000364
GO:0004674	protein serine/threonine kinase activity	has_direct_input(SGD:S000000385)
GO:0018105	peptidyl-serine phosphorylation	has_direct_input(SGD:S000000385)
GO:0004721	phosphoprotein phosphatase activity	has_direct_input(SGD:S000000520)
GO:0004674	protein serine/threonine kinase activity	has_direct_input(SGD:S000000520)
GO:0071885	N-terminal protein N-methyltransferase activity	has_direct_input(SGD:S000000780)
GO:0003729	mRNA binding	has_direct_input(SGD:S000000810)
GO:0001047	core promoter binding	has_direct_input(SGD:S000000844)
GO:0004674	protein serine/threonine kinase activity	has_direct_input(SGD:S000000854)
GO:1990846	ribonucleoside-diphosphate reductase inhibitor activity	has_direct_input(SGD:S000000872)
GO:1905117	regulation of ribonucleoside-diphosphate reductase activity	has_direct_input(SGD:S000000872)
GO:0000979	RNA polymerase II core promoter sequence-specific DNA binding	has_direct_input(SGD:S000000905
GO:0004843	thiol-dependent ubiquitin-specific protease activity	has_direct_input(SGD:S000000927)
GO:0016579	protein deubiquitination	has_direct_input(SGD:S000000927)
GO:0034501	protein localization to kinetochore	has_direct_input(SGD:S000000935)
GO:0042500	aspartic endopeptidase activity, intramembrane cleaving	has_direct_input(SGD:S000000947)
GO:0061402	positive regulation of transcription from RNA polymerase II promoter in response to acidic pH	has_direct_input(SGD:S000000952)
GO:1990481	mRNA pseudouridine synthesis	has_direct_input(SGD:S000000952)
GO:0004722	protein serine/threonine phosphatase activity	has_direct_input(SGD:S000001140)
GO:1990841	promoter-specific chromatin binding	has_direct_input(SGD:S000001217
GO:1990841	promoter-specific chromatin binding	has_direct_input(SGD:S000001217)
GO:1900182	positive regulation of protein localization to nucleus	has_direct_input(SGD:S000001545)
GO:0061632	RNA lariat debranching enzyme activator activity	has_direct_input(SGD:S000001632)
GO:0030433	ER-associated ubiquitin-dependent protein catabolic process	has_direct_input(SGD:S000001692)
GO:0004842	ubiquitin-protein transferase activity	has_direct_input(SGD:S000001692)
GO:1903033	positive regulation of microtubule plus-end binding	has_direct_input(SGD:S000001762)
GO:0097010	eukaryotic translation initiation factor 4F complex assembly	has_direct_input(SGD:S000001767)
GO:0043565	sequence-specific DNA binding	has_direct_input(SGD:S000001805)
GO:0004521	endoribonuclease activity	has_direct_input(SGD:S000001863)
GO:2000679	positive regulation of transcription regulatory region DNA binding	has_direct_input(SGD:S000001930)
GO:0071028	nuclear mRNA surveillance	has_direct_input(SGD:S000001949)
GO:0003723	RNA binding	has_direct_input(SGD:S000002172)
GO:0030674	protein binding, bridging	has_direct_input(SGD:S000002290
GO:0097602	cullin family protein binding	has_direct_input(SGD:S000002290)
GO:0045116	protein neddylation	has_direct_input(SGD:S000002290)
GO:0004674	protein serine/threonine kinase activity	has_direct_input(SGD:S000002299)
GO:0001671	ATPase activator activity	has_direct_input(SGD:S000002319)
GO:0051020	GTPase binding	has_direct_input(SGD:S000002351)
GO:0004722	protein serine/threonine phosphatase activity	has_direct_input(SGD:S000002354)
GO:0018105	peptidyl-serine phosphorylation	has_direct_input(SGD:S000002408)
GO:0004674	protein serine/threonine kinase activity	has_direct_input(SGD:S000002408)
GO:0000122	negative regulation of transcription from RNA polymerase II promoter	has_direct_input(SGD:S000002447)
GO:0044212	transcription regulatory region DNA binding	has_direct_input(SGD:S000002530
GO:0004721	phosphoprotein phosphatase activity	has_direct_input(SGD:S000002537)
GO:0006470	protein dephosphorylation	has_direct_input(SGD:S000002537)
GO:1904287	positive regulation of protein-pyridoxal-5-phosphate linkage	has_direct_input(SGD:S000002640)
GO:0016562	protein import into peroxisome matrix, receptor recycling	has_direct_input(SGD:S000002652)
GO:0006513	protein monoubiquitination	has_direct_input(SGD:S000002652)
GO:0004842	ubiquitin-protein transferase activity	has_direct_input(SGD:S000002652)
GO:0008047	enzyme activator activity	has_direct_input(SGD:S000002794)
GO:0032079	positive regulation of endodeoxyribonuclease activity	has_direct_input(SGD:S000002794)
GO:0071885	N-terminal protein N-methyltransferase activity	has_direct_input(SGD:S000002826)
GO:0071586	CAAX-box protein processing	has_direct_input(SGD:S000002869)
GO:0036369	transcription factor catabolic process	has_direct_input(SGD:S000002871)
GO:0019789	SUMO transferase activity	has_direct_input(SGD:S000002885)
GO:0030291	protein serine/threonine kinase inhibitor activity	has_direct_input(SGD:S000002885)
GO:0071028	nuclear mRNA surveillance	has_direct_input(SGD:S000002976)
GO:0097010	eukaryotic translation initiation factor 4F complex assembly	has_direct_input(SGD:S000003017)
GO:0030433	ER-associated ubiquitin-dependent protein catabolic process	has_direct_input(SGD:S000003057)
GO:0004674	protein serine/threonine kinase activity	has_direct_input(SGD:S000003090)
GO:0042500	aspartic endopeptidase activity, intramembrane cleaving	has_direct_input(SGD:S000003224
GO:0034225	regulation of transcription from RNA polymerase II promoter in response to zinc ion starvation	has_direct_input(SGD:S000003224)
GO:0034225	regulation of transcription from RNA polymerase II promoter in response to zinc ion starvation	has_direct_input(SGD:S000003224)
GO:0071885	N-terminal protein N-methyltransferase activity	has_direct_input(SGD:S000003259)
GO:0031398	positive regulation of protein ubiquitination	has_direct_input(SGD:S000003365)
GO:0097027	ubiquitin-protein transferase activator activity	has_direct_input(SGD:S000003365)
GO:1902499	positive regulation of protein autoubiquitination	has_direct_input(SGD:S000003365)
GO:0000979	RNA polymerase II core promoter sequence-specific DNA binding	has_direct_input(SGD:S000003443
GO:0008233	peptidase activity	has_direct_input(SGD:S000003571)
GO:0034225	regulation of transcription from RNA polymerase II promoter in response to zinc ion starvation	has_direct_input(SGD:S000003592)
GO:1990481	mRNA pseudouridine synthesis	has_direct_input(SGD:S000003602)
GO:0004857	enzyme inhibitor activity	has_direct_input(SGD:S000003628)
GO:0051097	negative regulation of helicase activity	has_direct_input(SGD:S000003628)
GO:0044212	transcription regulatory region DNA binding	has_direct_input(SGD:S000003689
GO:0045944	positive regulation of transcription from RNA polymerase II promoter	has_direct_input(SGD:S000003689)
GO:0044257	cellular protein catabolic process	has_direct_input(SGD:S000003723)
GO:0006468	protein phosphorylation	has_direct_input(SGD:S000003723)
GO:0006379	mRNA cleavage	has_direct_input(SGD:S000003745)
GO:0000978	RNA polymerase II core promoter proximal region sequence-specific DNA binding	has_direct_input(SGD:S000003808)
GO:0004674	protein serine/threonine kinase activity	has_direct_input(SGD:S000003814)
GO:0071988	protein localization to spindle pole body	has_direct_input(SGD:S000003814)
GO:0044212	transcription regulatory region DNA binding	has_direct_input(SGD:S000003834)
GO:0016301	kinase activity	has_direct_input(SGD:S000003837)
GO:0072697	protein localization to cell cortex	has_direct_input(SGD:S000003944)
GO:0000979	RNA polymerase II core promoter sequence-specific DNA binding	has_direct_input(SGD:S000003949
GO:0016247	channel regulator activity	has_direct_input(SGD:S000003966)
GO:0042500	aspartic endopeptidase activity, intramembrane cleaving	has_direct_input(SGD:S000003984)
GO:0000122	negative regulation of transcription from RNA polymerase II promoter	has_direct_input(SGD:S000004034)
GO:0043565	sequence-specific DNA binding	has_direct_input(SGD:S000004034)
GO:0001078	transcriptional repressor activity, RNA polymerase II core promoter proximal region sequence-specific binding	has_direct_input(SGD:S000004034)
GO:0051082	unfolded protein binding	has_direct_input(SGD:S000004065)
GO:0004674	protein serine/threonine kinase activity	has_direct_input(SGD:S000004076)
GO:0004721	phosphoprotein phosphatase activity	has_direct_input(SGD:S000004076)
GO:0034225	regulation of transcription from RNA polymerase II promoter in response to zinc ion starvation	has_direct_input(SGD:S000004120)
GO:0034225	regulation of transcription from RNA polymerase II promoter in response to zinc ion starvation	has_direct_input(SGD:S000004120)
GO:0005088	Ras guanyl-nucleotide exchange factor activity	has_direct_input(SGD:S000004284)
GO:0090002	establishment of protein localization to plasma membrane	has_direct_input(SGD:S000004296)
GO:0030674	protein binding, bridging	has_direct_input(SGD:S000004297)
GO:0016301	kinase activity	has_direct_input(SGD:S000004306
GO:0071885	N-terminal protein N-methyltransferase activity	has_direct_input(SGD:S000004325)
GO:0030433	ER-associated ubiquitin-dependent protein catabolic process	has_direct_input(SGD:S000004442)
GO:0004674	protein serine/threonine kinase activity	has_direct_input(SGD:S000004498)
GO:0006468	protein phosphorylation	has_direct_input(SGD:S000004523)
GO:0004672	protein kinase activity	has_direct_input(SGD:S000004523)
GO:0042500	aspartic endopeptidase activity, intramembrane cleaving	has_direct_input(SGD:S000004613)
GO:1900182	positive regulation of protein localization to nucleus	has_direct_input(SGD:S000004640
GO:0061586	positive regulation of transcription by transcription factor localization	has_direct_input(SGD:S000004640)
GO:0006470	protein dephosphorylation	has_direct_input(SGD:S000004775)
GO:0004674	protein serine/threonine kinase activity	has_direct_input(SGD:S000004970)
GO:0071586	CAAX-box protein processing	has_direct_input(SGD:S000005089)
GO:0004674	protein serine/threonine kinase activity	has_direct_input(SGD:S000005111)
GO:0051082	unfolded protein binding	has_direct_input(SGD:S000005122)
GO:0006468	protein phosphorylation	has_direct_input(SGD:S000005442)
GO:0006468	protein phosphorylation	has_direct_input(SGD:S000005443)
GO:0000122	negative regulation of transcription from RNA polymerase II promoter	has_direct_input(SGD:S000005548)
GO:0045944	positive regulation of transcription from RNA polymerase II promoter	has_direct_input(SGD:S000005548)
GO:0061395	positive regulation of transcription from RNA polymerase II promoter in response to arsenic-containing substance	has_direct_input(SGD:S000005578)
GO:0051082	unfolded protein binding	has_direct_input(SGD:S000005589)
GO:0051020	GTPase binding	has_direct_input(SGD:S000005620)
GO:0000987	core promoter proximal region sequence-specific DNA binding	has_direct_input(SGD:S000005904)
GO:0004402	histone acetyltransferase activity	has_direct_input(SGD:S000005922)
GO:0043565	sequence-specific DNA binding	has_direct_input(SGD:S000005979)
GO:0061402	positive regulation of transcription from RNA polymerase II promoter in response to acidic pH	has_direct_input(SGD:S000005979)
GO:0004674	protein serine/threonine kinase activity	has_direct_input(SGD:S000006011
GO:0018105	peptidyl-serine phosphorylation	has_direct_input(SGD:S000006011
GO:0051082	unfolded protein binding	has_direct_input(SGD:S000006052)
GO:0005096	GTPase activator activity	has_direct_input(SGD:S000006139)
GO:0000979	RNA polymerase II core promoter sequence-specific DNA binding	has_direct_input(SGD:S000006161
GO:0001047	core promoter binding	has_direct_input(SGD:S000006177)
GO:0042500	aspartic endopeptidase activity, intramembrane cleaving	has_direct_input(SGD:S000006186)
GO:0004842	ubiquitin-protein transferase activity	has_direct_input(SGD:S000006190
GO:0016567	protein ubiquitination	has_direct_input(SGD:S000006190
GO:0016567	protein ubiquitination	has_direct_input(SGD:S000006190)
GO:1990481	mRNA pseudouridine synthesis	has_direct_input(SGD:S000006210)
GO:0003729	mRNA binding	has_direct_input(SGD:S000006236)
GO:0032232	negative regulation of actin filament bundle assembly	has_direct_input(SGD:S000006284)
GO:0000294	nuclear-transcribed mRNA catabolic process, endonucleolytic cleavage-dependent decay	has_direct_input(SGD:S000006323)
GO:0042500	aspartic endopeptidase activity, intramembrane cleaving	has_direct_input(SGD:S000006328)
GO:0007329	positive regulation of transcription from RNA polymerase II promoter by pheromones	has_direct_input(SGD:S000006345)
GO:0034337	RNA folding	has_direct_input(SGD:S000006478)
GO:0003723	RNA binding	has_direct_input(SGD:S000006490)
GO:0034512	box C/D snoRNA binding	has_direct_input(SGD:S000006508)
GO:0016428	tRNA (cytosine-5-)-methyltransferase activity	has_direct_input(SGD:S000006613)
GO:0016428	tRNA (cytosine-5-)-methyltransferase activity	has_direct_input(SGD:S000006778)
GO:0070131	positive regulation of mitochondrial translation	has_direct_input(SGD:S000007260)
GO:0034982	mitochondrial protein processing	has_direct_input(SGD:S000007268)
GO:0048255	mRNA stabilization	has_direct_input(SGD:S000007274)
GO:1990400	mitochondrial ribosomal large subunit rRNA binding	has_direct_input(SGD:S000007288)
GO:0034247	snoRNA splicing	has_direct_input(SGD:S000007294
GO:0003723	RNA binding	has_direct_input(SGD:S000007436)
GO:0030515	snoRNA binding	has_direct_input(SGD:S000007436)
GO:0034247	snoRNA splicing	has_direct_input(SGD:S000007441)
GO:0034513	box H/ACA snoRNA binding	has_direct_input(SGD:S000007497)
GO:0034513	box H/ACA snoRNA binding	has_direct_input(SGD:S000007499)
GO:0034613	cellular protein localization	has_direct_input(SGD:S000029676)
GO:0016925	protein sumoylation	has_direct_input(UniProtKB:A0A060W590)
GO:0004683	calmodulin-dependent protein kinase activity	has_direct_input(UniProtKB:A2ASS6
GO:0006468	protein phosphorylation	has_direct_input(UniProtKB:A2ASS6
GO:0004674	protein serine/threonine kinase activity	has_direct_input(UniProtKB:A2CG49)
GO:0090002	establishment of protein localization to plasma membrane	has_direct_input(UniProtKB:A4VAR9
GO:0004222	metalloendopeptidase activity	has_direct_input(UniProtKB:A4ZGP0
GO:0006508	proteolysis	has_direct_input(UniProtKB:A4ZGP0
GO:0034613	cellular protein localization	has_direct_input(UniProtKB:D3YZU1)
GO:0090002	establishment of protein localization to plasma membrane	has_direct_input(UniProtKB:D3ZUI5)
GO:0071539	protein localization to centrosome	has_direct_input(UniProtKB:D4A1J7)
GO:0002092	positive regulation of receptor internalization	has_direct_input(UniProtKB:D6VTK4)
GO:0051291	protein heterooligomerization	has_direct_input(UniProtKB:E1BKA8)
GO:1990226	histone methyltransferase binding	has_direct_input(UniProtKB:E9PYH6)
GO:0008013	beta-catenin binding	has_direct_input(UniProtKB:E9PYH6)
GO:0060314	regulation of ryanodine-sensitive calcium-release channel activity	has_direct_input(UniProtKB:E9Q401
GO:0018105	peptidyl-serine phosphorylation	has_direct_input(UniProtKB:E9Q401)
GO:0004683	calmodulin-dependent protein kinase activity	has_direct_input(UniProtKB:E9Q401)
GO:0034613	cellular protein localization	has_direct_input(UniProtKB:E9Q8Q6)
GO:0035372	protein localization to microtubule	has_direct_input(UniProtKB:F1MM66)
GO:0003950	NAD+ ADP-ribosyltransferase activity	has_direct_input(UniProtKB:F1NEF7)
GO:0035372	protein localization to microtubule	has_direct_input(UniProtKB:F1PYW1)
GO:0035372	protein localization to microtubule	has_direct_input(UniProtKB:F6Z169)
GO:0035372	protein localization to microtubule	has_direct_input(UniProtKB:G1U0T8)
GO:0004721	phosphoprotein phosphatase activity	has_direct_input(UniProtKB:G1U4F6
GO:0006470	protein dephosphorylation	has_direct_input(UniProtKB:G1U4F6)
GO:0071539	protein localization to centrosome	has_direct_input(UniProtKB:G3V7E6)
GO:0051787	misfolded protein binding	has_direct_input(UniProtKB:G5EBF1)
GO:0016274	protein-arginine N-methyltransferase activity	has_direct_input(UniProtKB:G5EBV6)
GO:0004674	protein serine/threonine kinase activity	has_direct_input(UniProtKB:G5EC86)
GO:0004252	serine-type endopeptidase activity	has_direct_input(UniProtKB:G5ECC6)
GO:0004252	serine-type endopeptidase activity	has_direct_input(UniProtKB:G5ECC6)
GO:0004674	protein serine/threonine kinase activity	has_direct_input(UniProtKB:G5ECF4)
GO:0035375	zymogen binding	has_direct_input(UniProtKB:G5ECW5)
GO:0004709	MAP kinase kinase kinase activity	has_direct_input(UniProtKB:G5EDF7)
GO:0004674	protein serine/threonine kinase activity	has_direct_input(UniProtKB:G5EDK8)
GO:0004713	protein tyrosine kinase activity	has_direct_input(UniProtKB:G5EE01)
GO:0004672	protein kinase activity	has_direct_input(UniProtKB:G5EE37)
GO:0004674	protein serine/threonine kinase activity	has_direct_input(UniProtKB:G5EEK7)
GO:0004252	serine-type endopeptidase activity	has_direct_input(UniProtKB:G5EFY8)
GO:0050821	protein stabilization	has_direct_input(UniProtKB:H0VEY0)
GO:0051291	protein heterooligomerization	has_direct_input(UniProtKB:H2NKX0)
GO:0035372	protein localization to microtubule	has_direct_input(UniProtKB:H2NSH4)
GO:0051291	protein heterooligomerization	has_direct_input(UniProtKB:H9Z0A2)
GO:0051291	protein heterooligomerization	has_direct_input(UniProtKB:K7CE96)
GO:0035372	protein localization to microtubule	has_direct_input(UniProtKB:K7D6R2)
GO:0035372	protein localization to microtubule	has_direct_input(UniProtKB:M3VZ73)
GO:0005096	GTPase activator activity	has_direct_input(UniProtKB:O00429
GO:0016791	phosphatase activity	has_direct_input(UniProtKB:O00429
GO:0006626	protein targeting to mitochondrion	has_direct_input(UniProtKB:O00429
GO:0005096	GTPase activator activity	has_direct_input(UniProtKB:O00429)
GO:0008233	peptidase activity	has_direct_input(UniProtKB:O00622)
GO:0042813	Wnt-activated receptor activity	has_direct_input(UniProtKB:O00755
GO:0030295	protein kinase activator activity	has_direct_input(UniProtKB:O01427)
GO:0004672	protein kinase activity	has_direct_input(UniProtKB:O01427)
GO:0043539	protein serine/threonine kinase activator activity	has_direct_input(UniProtKB:O01427)
GO:0004860	protein kinase inhibitor activity	has_direct_input(UniProtKB:O01427)
GO:0010628	positive regulation of gene expression	has_direct_input(UniProtKB:O08573)
GO:0010628	positive regulation of gene expression	has_direct_input(UniProtKB:O08573)
GO:0004197	cysteine-type endopeptidase activity	has_direct_input(UniProtKB:O08585)
GO:0004197	cysteine-type endopeptidase activity	has_direct_input(UniProtKB:O08585)
GO:0010468	regulation of gene expression	has_direct_input(UniProtKB:O08599
GO:0004197	cysteine-type endopeptidase activity	has_direct_input(UniProtKB:O08736)
GO:2001288	positive regulation of caveolin-mediated endocytosis	has_direct_input(UniProtKB:O08962
GO:0018105	peptidyl-serine phosphorylation	has_direct_input(UniProtKB:O13577
GO:0018107	peptidyl-threonine phosphorylation	has_direct_input(UniProtKB:O13577
GO:0030165	PDZ domain binding	has_direct_input(UniProtKB:O14640)
GO:0004672	protein kinase activity	has_direct_input(UniProtKB:O14641
GO:0004672	protein kinase activity	has_direct_input(UniProtKB:O14641)
GO:0090002	establishment of protein localization to plasma membrane	has_direct_input(UniProtKB:O14649)
GO:0072594	establishment of protein localization to organelle	has_direct_input(UniProtKB:O14672
GO:0090002	establishment of protein localization to plasma membrane	has_direct_input(UniProtKB:O14672)
GO:0090002	establishment of protein localization to plasma membrane	has_direct_input(UniProtKB:O14672)
GO:0045747	positive regulation of Notch signaling pathway	has_direct_input(UniProtKB:O14672)
GO:0051604	protein maturation	has_direct_input(UniProtKB:O14672)
GO:0090002	establishment of protein localization to plasma membrane	has_direct_input(UniProtKB:O14672)
GO:0070182	DNA polymerase binding	has_direct_input(UniProtKB:O14746
GO:0070198	protein localization to chromosome, telomeric region	has_direct_input(UniProtKB:O14746)
GO:0010521	telomerase inhibitor activity	has_direct_input(UniProtKB:O14746)
GO:0000976	transcription regulatory region sequence-specific DNA binding	has_direct_input(UniProtKB:O14763)
GO:0004175	endopeptidase activity	has_direct_input(UniProtKB:O14966
GO:0035897	proteolysis in other organism	has_direct_input(UniProtKB:O14966
GO:0017137	Rab GTPase binding	has_direct_input(UniProtKB:O14966)
GO:0030742	GTP-dependent protein binding	has_direct_input(UniProtKB:O14966)
GO:0036140	peptidyl-asparagine 3-dioxygenase activity	has_direct_input(UniProtKB:O14974)
GO:0061512	protein localization to cilium	has_direct_input(UniProtKB:O15078)
GO:0071539	protein localization to centrosome	has_direct_input(UniProtKB:O15078)
GO:0061512	protein localization to cilium	has_direct_input(UniProtKB:O15078)
GO:0061630	ubiquitin protein ligase activity	has_direct_input(UniProtKB:O15105)
GO:0004721	phosphoprotein phosphatase activity	has_direct_input(UniProtKB:O15169
GO:0006470	protein dephosphorylation	has_direct_input(UniProtKB:O15169)
GO:0046982	protein heterodimerization activity	has_direct_input(UniProtKB:O15344)
GO:0016567	protein ubiquitination	has_direct_input(UniProtKB:O15354
GO:0043161	proteasome-mediated ubiquitin-dependent protein catabolic process	has_direct_input(UniProtKB:O15354)
GO:0061630	ubiquitin protein ligase activity	has_direct_input(UniProtKB:O15354)
GO:0042787	protein ubiquitination involved in ubiquitin-dependent protein catabolic process	has_direct_input(UniProtKB:O15354)
GO:0030433	ER-associated ubiquitin-dependent protein catabolic process	has_direct_input(UniProtKB:O15354)
GO:0061630	ubiquitin protein ligase activity	has_direct_input(UniProtKB:O15354)
GO:0001664	G-protein coupled receptor binding	has_direct_input(UniProtKB:O15354)
GO:0008233	peptidase activity	has_direct_input(UniProtKB:O15519)
GO:0035242	protein-arginine omega-N asymmetric methyltransferase activity	has_direct_input(UniProtKB:O16850)
GO:0018105	peptidyl-serine phosphorylation	has_direct_input(UniProtKB:O16850)
GO:0004674	protein serine/threonine kinase activity	has_direct_input(UniProtKB:O16850)
GO:0004843	thiol-dependent ubiquitin-specific protease activity	has_direct_input(UniProtKB:O16850)
GO:0004683	calmodulin-dependent protein kinase activity	has_direct_input(UniProtKB:O16850)
GO:0061733	peptide-lysine-N-acetyltransferase activity	has_direct_input(UniProtKB:O16850)
GO:0004674	protein serine/threonine kinase activity	has_direct_input(UniProtKB:O16850)
GO:0033192	calmodulin-dependent protein phosphatase activity	has_direct_input(UniProtKB:O16850)
GO:0004672	protein kinase activity	has_direct_input(UniProtKB:O17583)
GO:0061631	ubiquitin conjugating enzyme activity	has_direct_input(UniProtKB:O17736)
GO:0061665	SUMO ligase activity	has_direct_input(UniProtKB:O35426-2
GO:0090002	establishment of protein localization to plasma membrane	has_direct_input(UniProtKB:O35598)
GO:0051604	protein maturation	has_direct_input(UniProtKB:O35598)
GO:1903546	protein localization to photoreceptor outer segment	has_direct_input(UniProtKB:O35599
GO:0071539	protein localization to centrosome	has_direct_input(UniProtKB:O35668)
GO:0071539	protein localization to centrosome	has_direct_input(UniProtKB:O35668)
GO:1902523	positive regulation of protein K63-linked ubiquitination	has_direct_input(UniProtKB:O43353)
GO:1902527	positive regulation of protein monoubiquitination	has_direct_input(UniProtKB:O43353)
GO:0031398	positive regulation of protein ubiquitination	has_direct_input(UniProtKB:O43353)
GO:1902530	positive regulation of protein linear polyubiquitination	has_direct_input(UniProtKB:O43353)
GO:1902524	positive regulation of protein K48-linked ubiquitination	has_direct_input(UniProtKB:O43353)
GO:0004842	ubiquitin-protein transferase activity	has_direct_input(UniProtKB:O43353)
GO:0008233	peptidase activity	has_direct_input(UniProtKB:O43464)
GO:0004674	protein serine/threonine kinase activity	has_direct_input(UniProtKB:O43524
GO:0051291	protein heterooligomerization	has_direct_input(UniProtKB:O43633)
GO:0051258	protein polymerization	has_direct_input(UniProtKB:O43633)
GO:0061077	chaperone-mediated protein folding	has_direct_input(UniProtKB:O43808
GO:0045046	protein import into peroxisome membrane	has_direct_input(UniProtKB:O43808
GO:0050821	protein stabilization	has_direct_input(UniProtKB:O43808)
GO:1990841	promoter-specific chromatin binding	has_direct_input(UniProtKB:O45246
GO:0046982	protein heterodimerization activity	has_direct_input(UniProtKB:O54790)
GO:0031647	regulation of protein stability	has_direct_input(UniProtKB:O60260)
GO:0061630	ubiquitin protein ligase activity	has_direct_input(UniProtKB:O60260)
GO:0004725	protein tyrosine phosphatase activity	has_direct_input(UniProtKB:O60331)
GO:0010498	proteasomal protein catabolic process	has_direct_input(UniProtKB:O60337)
GO:0043001	Golgi to plasma membrane protein transport	has_direct_input(UniProtKB:O60494)
GO:0006605	protein targeting	has_direct_input(UniProtKB:O60500
GO:0046982	protein heterodimerization activity	has_direct_input(UniProtKB:O60656)
GO:0051347	positive regulation of transferase activity	has_direct_input(UniProtKB:O60678)
GO:0004725	protein tyrosine phosphatase activity	has_direct_input(UniProtKB:O60716)
GO:0046982	protein heterodimerization activity	has_direct_input(UniProtKB:O60749)
GO:0036010	protein localization to endosome	has_direct_input(UniProtKB:O60784)
GO:0004674	protein serine/threonine kinase activity	has_direct_input(UniProtKB:O62479)
GO:1990188	euchromatin binding	has_direct_input(UniProtKB:O70372
GO:0001047	core promoter binding	has_direct_input(UniProtKB:O70372
GO:1990188	euchromatin binding	has_direct_input(UniProtKB:O70372
GO:0019887	protein kinase regulator activity	has_direct_input(UniProtKB:O70405)
GO:0045859	regulation of protein kinase activity	has_direct_input(UniProtKB:O70405)
GO:0048018	receptor agonist activity	has_direct_input(UniProtKB:O70421
GO:0018108	peptidyl-tyrosine phosphorylation	has_direct_input(UniProtKB:O75022)
GO:0018108	peptidyl-tyrosine phosphorylation	has_direct_input(UniProtKB:O75122
GO:0004713	protein tyrosine kinase activity	has_direct_input(UniProtKB:O75122-1
GO:0004713	protein tyrosine kinase activity	has_direct_input(UniProtKB:O75122-3)
GO:0008233	peptidase activity	has_direct_input(UniProtKB:O75351)
GO:0006471	protein ADP-ribosylation	has_direct_input(UniProtKB:O75460
GO:0043539	protein serine/threonine kinase activator activity	has_direct_input(UniProtKB:O75460
GO:0071902	positive regulation of protein serine/threonine kinase activity	has_direct_input(UniProtKB:O75460
GO:0004674	protein serine/threonine kinase activity	has_direct_input(UniProtKB:O75460
GO:1900103	positive regulation of endoplasmic reticulum unfolded protein response	has_direct_input(UniProtKB:O75460)
GO:0006987	activation of signaling protein activity involved in unfolded protein response	has_direct_input(UniProtKB:O75460)
GO:0046982	protein heterodimerization activity	has_direct_input(UniProtKB:O75556)
GO:0039706	co-receptor binding	has_direct_input(UniProtKB:O75581
GO:0039706	co-receptor binding	has_direct_input(UniProtKB:O75581
GO:0036010	protein localization to endosome	has_direct_input(UniProtKB:O75674)
GO:0044212	transcription regulatory region DNA binding	has_direct_input(UniProtKB:O75807
GO:0006468	protein phosphorylation	has_direct_input(UniProtKB:O75807)
GO:0044860	protein localization to plasma membrane raft	has_direct_input(UniProtKB:O75955
GO:0008233	peptidase activity	has_direct_input(UniProtKB:O76076)
GO:0004672	protein kinase activity	has_direct_input(UniProtKB:O81472)
GO:0006468	protein phosphorylation	has_direct_input(UniProtKB:O81472)
GO:0004197	cysteine-type endopeptidase activity	has_direct_input(UniProtKB:O88271)
GO:0004197	cysteine-type endopeptidase activity	has_direct_input(UniProtKB:O88271)
GO:0004197	cysteine-type endopeptidase activity	has_direct_input(UniProtKB:O88568)
GO:0004197	cysteine-type endopeptidase activity	has_direct_input(UniProtKB:O88568)
GO:0004674	protein serine/threonine kinase activity	has_direct_input(UniProtKB:O88895)
GO:0016301	kinase activity	has_direct_input(UniProtKB:O92972:PRO_0000278753)
GO:0004842	ubiquitin-protein transferase activity	has_direct_input(UniProtKB:O94742)
GO:0008233	peptidase activity	has_direct_input(UniProtKB:O94788)
GO:0018108	peptidyl-tyrosine phosphorylation	has_direct_input(UniProtKB:O94989)
GO:0018108	peptidyl-tyrosine phosphorylation	has_direct_input(UniProtKB:O94989)
GO:1901799	negative regulation of proteasomal protein catabolic process	has_direct_input(UniProtKB:O95249)
GO:0018107	peptidyl-threonine phosphorylation	has_direct_input(UniProtKB:O95295)
GO:0004674	protein serine/threonine kinase activity	has_direct_input(UniProtKB:O95295)
GO:0008233	peptidase activity	has_direct_input(UniProtKB:O95388)
GO:0008233	peptidase activity	has_direct_input(UniProtKB:O95389)
GO:0072659	protein localization to plasma membrane	has_direct_input(UniProtKB:O95477)
GO:0003700	transcription factor activity, sequence-specific DNA binding	has_direct_input(UniProtKB:O95573)
GO:0018107	peptidyl-threonine phosphorylation	has_direct_input(UniProtKB:O95747)
GO:0043539	protein serine/threonine kinase activator activity	has_direct_input(UniProtKB:O95747)
GO:0071902	positive regulation of protein serine/threonine kinase activity	has_direct_input(UniProtKB:O95747)
GO:0004674	protein serine/threonine kinase activity	has_direct_input(UniProtKB:O95747)
GO:0043065	positive regulation of apoptotic process	has_direct_input(UniProtKB:O95835)
GO:0008236	serine-type peptidase activity	has_direct_input(UniProtKB:O95835)
GO:0046982	protein heterodimerization activity	has_direct_input(UniProtKB:O95968)
GO:0061077	chaperone-mediated protein folding	has_direct_input(UniProtKB:O96011
GO:0045046	protein import into peroxisome membrane	has_direct_input(UniProtKB:O96011
GO:0050821	protein stabilization	has_direct_input(UniProtKB:O96011)
GO:0042813	Wnt-activated receptor activity	has_direct_input(UniProtKB:O96014)
GO:0017147	Wnt-protein binding	has_direct_input(UniProtKB:O96014)
GO:0000122	negative regulation of transcription from RNA polymerase II promoter	has_direct_input(UniProtKB:P00045)
GO:0070134	positive regulation of mitochondrial translational initiation	has_direct_input(UniProtKB:P00401)
GO:0004674	protein serine/threonine kinase activity	has_direct_input(UniProtKB:P00445)
GO:0018105	peptidyl-serine phosphorylation	has_direct_input(UniProtKB:P00445)
GO:0004721	phosphoprotein phosphatase activity	has_direct_input(UniProtKB:P00489)
GO:0006470	protein dephosphorylation	has_direct_input(UniProtKB:P00489)
GO:0032456	endocytic recycling	has_direct_input(UniProtKB:P00533)
GO:0045022	early endosome to late endosome transport	has_direct_input(UniProtKB:P00533)
GO:0045732	positive regulation of protein catabolic process	has_direct_input(UniProtKB:P00533)
GO:0042176	regulation of protein catabolic process	has_direct_input(UniProtKB:P00533)
GO:0006508	proteolysis	has_direct_input(UniProtKB:P00533)
GO:0010797	regulation of multivesicular body size involved in endosome transport	has_direct_input(UniProtKB:P00533)
GO:0045732	positive regulation of protein catabolic process	has_direct_input(UniProtKB:P00533)
GO:0008236	serine-type peptidase activity	has_direct_input(UniProtKB:P00533)
GO:0004725	protein tyrosine phosphatase activity	has_direct_input(UniProtKB:P00533)
GO:0045737	positive regulation of cyclin-dependent protein serine/threonine kinase activity	has_direct_input(UniProtKB:P00546)
GO:0004722	protein serine/threonine phosphatase activity	has_direct_input(UniProtKB:P00546)
GO:0006623	protein targeting to vacuole	has_direct_input(UniProtKB:P00729)
GO:0004252	serine-type endopeptidase activity	has_direct_input(UniProtKB:P00734)
GO:0004222	metalloendopeptidase activity	has_direct_input(UniProtKB:P00734)
GO:0016504	peptidase activator activity	has_direct_input(UniProtKB:P00734)
GO:0004252	serine-type endopeptidase activity	has_direct_input(UniProtKB:P00735)
GO:0016485	protein processing	has_direct_input(UniProtKB:P00742)
GO:0004252	serine-type endopeptidase activity	has_direct_input(UniProtKB:P00742)
GO:0006508	proteolysis	has_direct_input(UniProtKB:P00749)
GO:0010756	positive regulation of plasminogen activation	has_direct_input(UniProtKB:P00749)
GO:0006890	retrograde vesicle-mediated transport, Golgi to ER	has_direct_input(UniProtKB:P01009)
GO:0004175	endopeptidase activity	has_direct_input(UniProtKB:P01019)
GO:0008241	peptidyl-dipeptidase activity	has_direct_input(UniProtKB:P01019:PRO_0000032457)
GO:0004222	metalloendopeptidase activity	has_direct_input(UniProtKB:P01019:PRO_0000032457)
GO:0004180	carboxypeptidase activity	has_direct_input(UniProtKB:P01019:PRO_0000032457)
GO:0004222	metalloendopeptidase activity	has_direct_input(UniProtKB:P01019:PRO_0000032458)
GO:0004180	carboxypeptidase activity	has_direct_input(UniProtKB:P01019:PRO_0000032458)
GO:0008241	peptidyl-dipeptidase activity	has_direct_input(UniProtKB:P01019:PRO_0000420659)
GO:0004222	metalloendopeptidase activity	has_direct_input(UniProtKB:P01019:PRO_0000420659)
GO:0008241	peptidyl-dipeptidase activity	has_direct_input(UniProtKB:P01019:PRO_0000420660)
GO:0051603	proteolysis involved in cellular protein catabolic process	has_direct_input(UniProtKB:P01023)
GO:0004222	metalloendopeptidase activity	has_direct_input(UniProtKB:P01023)
GO:0004177	aminopeptidase activity	has_direct_input(UniProtKB:P01042)
GO:0008241	peptidyl-dipeptidase activity	has_direct_input(UniProtKB:P01042)
GO:0004175	endopeptidase activity	has_direct_input(UniProtKB:P01042)
GO:0000209	protein polyubiquitination	has_direct_input(UniProtKB:P01108)
GO:0004842	ubiquitin-protein transferase activity	has_direct_input(UniProtKB:P01108)
GO:0061630	ubiquitin protein ligase activity	has_direct_input(UniProtKB:P01108)
GO:0000977	RNA polymerase II regulatory region sequence-specific DNA binding	has_direct_input(UniProtKB:P01108)
GO:0043849	Ras palmitoyltransferase activity	has_direct_input(UniProtKB:P01111)
GO:0043849	Ras palmitoyltransferase activity	has_direct_input(UniProtKB:P01112)
GO:0005088	Ras guanyl-nucleotide exchange factor activity	has_direct_input(UniProtKB:P01120)
GO:0034497	protein localization to pre-autophagosomal structure	has_direct_input(UniProtKB:P01123)
GO:0034497	protein localization to pre-autophagosomal structure	has_direct_input(UniProtKB:P01123)
GO:0030547	receptor inhibitor activity	has_direct_input(UniProtKB:P01130)
GO:0042176	regulation of protein catabolic process	has_direct_input(UniProtKB:P01133)
GO:0042177	negative regulation of protein catabolic process	has_direct_input(UniProtKB:P01133)
GO:0036363	transforming growth factor beta activation	has_direct_input(UniProtKB:P01137)
GO:0030512	negative regulation of transforming growth factor beta receptor signaling pathway	has_direct_input(UniProtKB:P01137)
GO:0008240	tripeptidyl-peptidase activity	has_direct_input(UniProtKB:P01148)
GO:0031204	posttranslational protein targeting to membrane, translocation	has_direct_input(UniProtKB:P01149)
GO:0008565	protein transporter activity	has_direct_input(UniProtKB:P01149)
GO:0004177	aminopeptidase activity	has_direct_input(UniProtKB:P01213)
GO:0004175	endopeptidase activity	has_direct_input(UniProtKB:P01213)
GO:0004222	metalloendopeptidase activity	has_direct_input(UniProtKB:P01275)
GO:0006508	proteolysis	has_direct_input(UniProtKB:P01308)
GO:0004222	metalloendopeptidase activity	has_direct_input(UniProtKB:P01308)
GO:0006509	membrane protein ectodomain proteolysis	has_direct_input(UniProtKB:P01375)
GO:0016575	histone deacetylation	has_direct_input(UniProtKB:P02309)
GO:0045129	NAD-independent histone deacetylase activity	has_direct_input(UniProtKB:P02309)
GO:0017136	NAD-dependent histone deacetylase activity	has_direct_input(UniProtKB:P02309)
GO:0032963	collagen metabolic process	has_direct_input(UniProtKB:P02462)
GO:0019511	peptidyl-proline hydroxylation	has_direct_input(UniProtKB:P02462)
GO:0019797	procollagen-proline 3-dioxygenase activity	has_direct_input(UniProtKB:P02462)
GO:0004252	serine-type endopeptidase activity	has_direct_input(UniProtKB:P02545
GO:0006508	proteolysis	has_direct_input(UniProtKB:P02647)
GO:0004668	protein-arginine deiminase activity	has_direct_input(UniProtKB:P02671
GO:0018101	protein citrullination	has_direct_input(UniProtKB:P02671
GO:0043623	cellular protein complex assembly	has_direct_input(UniProtKB:P02671
GO:0004252	serine-type endopeptidase activity	has_direct_input(UniProtKB:P02671)
GO:0004222	metalloendopeptidase activity	has_direct_input(UniProtKB:P02671)
GO:0006508	proteolysis	has_direct_input(UniProtKB:P02671)
GO:0043623	cellular protein complex assembly	has_direct_input(UniProtKB:P02675
GO:0004668	protein-arginine deiminase activity	has_direct_input(UniProtKB:P02675)
GO:0018101	protein citrullination	has_direct_input(UniProtKB:P02675)
GO:0004252	serine-type endopeptidase activity	has_direct_input(UniProtKB:P02675)
GO:0006508	proteolysis	has_direct_input(UniProtKB:P02675)
GO:0043623	cellular protein complex assembly	has_direct_input(UniProtKB:P02679)
GO:0004190	aspartic-type endopeptidase activity	has_direct_input(UniProtKB:P02751)
GO:0004668	protein-arginine deiminase activity	has_direct_input(UniProtKB:P02778)
GO:0001881	receptor recycling	has_direct_input(UniProtKB:P02787)
GO:0017038	protein import	has_direct_input(UniProtKB:P02787)
GO:0004674	protein serine/threonine kinase activity	has_direct_input(UniProtKB:P02810
GO:0071885	N-terminal protein N-methyltransferase activity	has_direct_input(UniProtKB:P02994)
GO:0016279	protein-lysine N-methyltransferase activity	has_direct_input(UniProtKB:P02994)
GO:0018027	peptidyl-lysine dimethylation	has_direct_input(UniProtKB:P02994)
GO:0018023	peptidyl-lysine trimethylation	has_direct_input(UniProtKB:P02994)
GO:0018026	peptidyl-lysine monomethylation	has_direct_input(UniProtKB:P02994)
GO:0018013	N-terminal peptidyl-glycine methylation	has_direct_input(UniProtKB:P02994)
GO:1990430	extracellular matrix protein binding	has_direct_input(UniProtKB:P04004
GO:0007160	cell-matrix adhesion	has_direct_input(UniProtKB:P04004
GO:1990430	extracellular matrix protein binding	has_direct_input(UniProtKB:P04004
GO:0007160	cell-matrix adhesion	has_direct_input(UniProtKB:P04004
GO:0050840	extracellular matrix binding	has_direct_input(UniProtKB:P04004)
GO:0050840	extracellular matrix binding	has_direct_input(UniProtKB:P04004)
GO:0016558	protein import into peroxisome matrix	has_direct_input(UniProtKB:P04040)
GO:0032147	activation of protein kinase activity	has_direct_input(UniProtKB:P04049)
GO:0070202	regulation of establishment of protein localization to chromosome	has_direct_input(UniProtKB:P04050
GO:0004842	ubiquitin-protein transferase activity	has_direct_input(UniProtKB:P04050)
GO:0008420	CTD phosphatase activity	has_direct_input(UniProtKB:P04050)
GO:0006509	membrane protein ectodomain proteolysis	has_direct_input(UniProtKB:P04156)
GO:0006508	proteolysis	has_direct_input(UniProtKB:P04156)
GO:0070006	metalloaminopeptidase activity	has_direct_input(UniProtKB:P04156)
GO:0004222	metalloendopeptidase activity	has_direct_input(UniProtKB:P04275)
GO:0050817	coagulation	has_direct_input(UniProtKB:P04279
GO:0051291	protein heterooligomerization	has_direct_input(UniProtKB:P04279
GO:1990139	protein localization to nuclear periphery	has_direct_input(UniProtKB:P04385)
GO:0036530	protein deglycation, methylglyoxal removal	has_direct_input(UniProtKB:P04406)
GO:0036526	peptidyl-cysteine deglycation	has_direct_input(UniProtKB:P04406)
GO:0042813	Wnt-activated receptor activity	has_direct_input(UniProtKB:P04426
GO:0042813	Wnt-activated receptor activity	has_direct_input(UniProtKB:P04628
GO:0017147	Wnt-protein binding	has_direct_input(UniProtKB:P04628
GO:0071936	coreceptor activity involved in Wnt signaling pathway	has_direct_input(UniProtKB:P04628)
GO:0042813	Wnt-activated receptor activity	has_direct_input(UniProtKB:P04628)
GO:0003700	transcription factor activity, sequence-specific DNA binding	has_direct_input(UniProtKB:P04637)
GO:0061630	ubiquitin protein ligase activity	has_direct_input(UniProtKB:P04637)
GO:0004674	protein serine/threonine kinase activity	has_direct_input(UniProtKB:P04792)
GO:0004674	protein serine/threonine kinase activity	has_direct_input(UniProtKB:P04792)
GO:0050821	protein stabilization	has_direct_input(UniProtKB:P05023)
GO:0001671	ATPase activator activity	has_direct_input(UniProtKB:P05023)
GO:1901018	positive regulation of potassium ion transmembrane transporter activity	has_direct_input(UniProtKB:P05023)
GO:0032781	positive regulation of ATPase activity	has_direct_input(UniProtKB:P05023)
GO:0005515	protein binding	has_direct_input(UniProtKB:P05067)
GO:1902991	regulation of amyloid precursor protein catabolic process	has_direct_input(UniProtKB:P05067)
GO:0004175	endopeptidase activity	has_direct_input(UniProtKB:P05067)
GO:0004222	metalloendopeptidase activity	has_direct_input(UniProtKB:P05067)
GO:0032880	regulation of protein localization	has_direct_input(UniProtKB:P05067)
GO:0006509	membrane protein ectodomain proteolysis	has_direct_input(UniProtKB:P05067)
GO:0008241	peptidyl-dipeptidase activity	has_direct_input(UniProtKB:P05067:PRO_0000000092
GO:0050840	extracellular matrix binding	has_direct_input(UniProtKB:P05106
GO:0002020	protease binding	has_direct_input(UniProtKB:P05106
GO:0007160	cell-matrix adhesion	has_direct_input(UniProtKB:P05106)
GO:0016477	cell migration	has_direct_input(UniProtKB:P05106)
GO:0016477	cell migration	has_direct_input(UniProtKB:P05106)
GO:0031589	cell-substrate adhesion	has_direct_input(UniProtKB:P05106)
GO:0046718	viral entry into host cell	has_direct_input(UniProtKB:P05106)
GO:0007160	cell-matrix adhesion	has_direct_input(UniProtKB:P05106)
GO:0016049	cell growth	has_direct_input(UniProtKB:P05106)
GO:0016049	cell growth	has_direct_input(UniProtKB:P05106)
GO:0004621	glycosylphosphatidylinositol phospholipase D activity	has_direct_input(UniProtKB:P05187)
GO:0006468	protein phosphorylation	has_direct_input(UniProtKB:P05412)
GO:0005178	integrin binding	has_direct_input(UniProtKB:P05556)
GO:0005178	integrin binding	has_direct_input(UniProtKB:P05556)
GO:0045944	positive regulation of transcription from RNA polymerase II promoter	has_direct_input(UniProtKB:P06115)
GO:0061415	negative regulation of transcription from RNA polymerase II promoter by a nonfermentable carbon source	has_direct_input(UniProtKB:P06169)
GO:0045860	positive regulation of protein kinase activity	has_direct_input(UniProtKB:P06243)
GO:0071629	cytoplasm-associated proteasomal ubiquitin-dependent protein catabolic process	has_direct_input(UniProtKB:P06245
GO:0071629	cytoplasm-associated proteasomal ubiquitin-dependent protein catabolic process	has_direct_input(UniProtKB:P06245)
GO:0097153	cysteine-type endopeptidase activity involved in apoptotic process	has_direct_input(UniProtKB:P06396)
GO:0002020	protease binding	has_direct_input(UniProtKB:P06756
GO:0050840	extracellular matrix binding	has_direct_input(UniProtKB:P06756
GO:0031589	cell-substrate adhesion	has_direct_input(UniProtKB:P06756)
GO:0046718	viral entry into host cell	has_direct_input(UniProtKB:P06756)
GO:0007160	cell-matrix adhesion	has_direct_input(UniProtKB:P06756)
GO:0007160	cell-matrix adhesion	has_direct_input(UniProtKB:P06756)
GO:1990430	extracellular matrix protein binding	has_direct_input(UniProtKB:P06756)
GO:0016477	cell migration	has_direct_input(UniProtKB:P06756)
GO:0016477	cell migration	has_direct_input(UniProtKB:P06756)
GO:0016049	cell growth	has_direct_input(UniProtKB:P06756)
GO:0016049	cell growth	has_direct_input(UniProtKB:P06756)
GO:0044212	transcription regulatory region DNA binding	has_direct_input(UniProtKB:P06761)
GO:0004842	ubiquitin-protein transferase activity	has_direct_input(UniProtKB:P06778
GO:0004842	ubiquitin-protein transferase activity	has_direct_input(UniProtKB:P06778)
GO:0004842	ubiquitin-protein transferase activity	has_direct_input(UniProtKB:P06778)
GO:0005096	GTPase activator activity	has_direct_input(UniProtKB:P06780)
GO:0043547	positive regulation of GTPase activity	has_direct_input(UniProtKB:P06780)
GO:0004674	protein serine/threonine kinase activity	has_direct_input(UniProtKB:P06782)
GO:0016567	protein ubiquitination	has_direct_input(UniProtKB:P06784)
GO:0016579	protein deubiquitination	has_direct_input(UniProtKB:P06784)
GO:0036470	tyrosine 3-monooxygenase activator activity	has_direct_input(UniProtKB:P07101)
GO:0044212	transcription regulatory region DNA binding	has_direct_input(UniProtKB:P07101)
GO:0044212	transcription regulatory region DNA binding	has_direct_input(UniProtKB:P07101)
GO:0001102	RNA polymerase II activating transcription factor binding	has_direct_input(UniProtKB:P07248)
GO:0017148	negative regulation of translation	has_direct_input(UniProtKB:P07260)
GO:0004693	cyclin-dependent protein serine/threonine kinase activity	has_direct_input(UniProtKB:P07270
GO:0051290	protein heterotetramerization	has_direct_input(UniProtKB:P07355)
GO:0004222	metalloendopeptidase activity	has_direct_input(UniProtKB:P07359)
GO:0008233	peptidase activity	has_direct_input(UniProtKB:P07437)
GO:0003810	protein-glutamine gamma-glutamyltransferase activity	has_direct_input(UniProtKB:P07476)
GO:0003810	protein-glutamine gamma-glutamyltransferase activity	has_direct_input(UniProtKB:P07476)
GO:0008897	holo-[acyl-carrier-protein] synthase activity	has_direct_input(UniProtKB:P07702)
GO:0004869	cysteine-type endopeptidase inhibitor activity	has_direct_input(UniProtKB:P07711)
GO:0010951	negative regulation of endopeptidase activity	has_direct_input(UniProtKB:P07711)
GO:0032091	negative regulation of protein binding	has_direct_input(UniProtKB:P07737)
GO:0032091	negative regulation of protein binding	has_direct_input(UniProtKB:P07737)
GO:0005522	profilin binding	has_direct_input(UniProtKB:P07737)
GO:0005522	profilin binding	has_direct_input(UniProtKB:P07737)
GO:0005515	protein binding	has_direct_input(UniProtKB:P07737)
GO:0005515	protein binding	has_direct_input(UniProtKB:P07737)
GO:0004674	protein serine/threonine kinase activity	has_direct_input(UniProtKB:P07737)
GO:0004869	cysteine-type endopeptidase inhibitor activity	has_direct_input(UniProtKB:P07858)
GO:0070534	protein K63-linked ubiquitination	has_direct_input(UniProtKB:P07901
GO:0070534	protein K63-linked ubiquitination	has_direct_input(UniProtKB:P07901
GO:0097153	cysteine-type endopeptidase activity involved in apoptotic process	has_direct_input(UniProtKB:P07949-2)
GO:0033619	membrane protein proteolysis	has_direct_input(UniProtKB:P07988)
GO:0004709	MAP kinase kinase kinase activity	has_direct_input(UniProtKB:P08018)
GO:0030674	protein binding, bridging	has_direct_input(UniProtKB:P08018)
GO:0003700	transcription factor activity, sequence-specific DNA binding	has_direct_input(UniProtKB:P08046)
GO:0004197	cysteine-type endopeptidase activity	has_direct_input(UniProtKB:P08113)
GO:0004197	cysteine-type endopeptidase activity	has_direct_input(UniProtKB:P08113)
GO:0004630	phospholipase D activity	has_direct_input(UniProtKB:P08174)
GO:0004621	glycosylphosphatidylinositol phospholipase D activity	has_direct_input(UniProtKB:P08174)
GO:0005178	integrin binding	has_direct_input(UniProtKB:P08648
GO:0008233	peptidase activity	has_direct_input(UniProtKB:P08670)
GO:0008179	adenylate cyclase binding	has_direct_input(UniProtKB:P08678)
GO:0031146	SCF-dependent proteasomal ubiquitin-dependent protein catabolic process	has_direct_input(UniProtKB:P08679)
GO:0006508	proteolysis	has_direct_input(UniProtKB:P08833)
GO:0008233	peptidase activity	has_direct_input(UniProtKB:P08833)
GO:0006509	membrane protein ectodomain proteolysis	has_direct_input(UniProtKB:P08887)
GO:0002031	G-protein coupled receptor internalization	has_direct_input(UniProtKB:P08908)
GO:0003950	NAD+ ADP-ribosyltransferase activity	has_direct_input(UniProtKB:P08940)
GO:0097271	protein localization to bud neck	has_direct_input(UniProtKB:P08964)
GO:0008104	protein localization	has_direct_input(UniProtKB:P09052)
GO:0006508	proteolysis	has_direct_input(UniProtKB:P09486)
GO:0042813	Wnt-activated receptor activity	has_direct_input(UniProtKB:P09544)
GO:0045944	positive regulation of transcription from RNA polymerase II promoter	has_direct_input(UniProtKB:P09601
GO:0019899	enzyme binding	has_direct_input(UniProtKB:P09601)
GO:0008233	peptidase activity	has_direct_input(UniProtKB:P09874)
GO:0006468	protein phosphorylation	has_direct_input(UniProtKB:P09874)
GO:0051457	maintenance of protein location in nucleus	has_direct_input(UniProtKB:P09938
GO:0003729	mRNA binding	has_direct_input(UniProtKB:P0C0X0)
GO:0010994	free ubiquitin chain polymerization	has_direct_input(UniProtKB:P0CG47)
GO:0004674	protein serine/threonine kinase activity	has_direct_input(UniProtKB:P0CG47)
GO:0018105	peptidyl-serine phosphorylation	has_direct_input(UniProtKB:P0CG47)
GO:0006468	protein phosphorylation	has_direct_input(UniProtKB:P0CG47)
GO:0006508	proteolysis	has_direct_input(UniProtKB:P0CG48)
GO:0016279	protein-lysine N-methyltransferase activity	has_direct_input(UniProtKB:P0CX27)
GO:0018026	peptidyl-lysine monomethylation	has_direct_input(UniProtKB:P0CX27)
GO:0016279	protein-lysine N-methyltransferase activity	has_direct_input(UniProtKB:P0CX28)
GO:0018026	peptidyl-lysine monomethylation	has_direct_input(UniProtKB:P0CX28)
GO:0016279	protein-lysine N-methyltransferase activity	has_direct_input(UniProtKB:P0CX41)
GO:0018027	peptidyl-lysine dimethylation	has_direct_input(UniProtKB:P0CX41)
GO:0016279	protein-lysine N-methyltransferase activity	has_direct_input(UniProtKB:P0CX42)
GO:0018027	peptidyl-lysine dimethylation	has_direct_input(UniProtKB:P0CX42)
GO:0018026	peptidyl-lysine monomethylation	has_direct_input(UniProtKB:P0CX55)
GO:0018026	peptidyl-lysine monomethylation	has_direct_input(UniProtKB:P0CX56)
GO:0001671	ATPase activator activity	has_direct_input(UniProtKB:P0DMV8)
GO:0018022	peptidyl-lysine methylation	has_direct_input(UniProtKB:P0DMV8)
GO:0032781	positive regulation of ATPase activity	has_direct_input(UniProtKB:P0DMV8)
GO:0016279	protein-lysine N-methyltransferase activity	has_direct_input(UniProtKB:P0DMV8)
GO:0001671	ATPase activator activity	has_direct_input(UniProtKB:P0DMV9)
GO:0018022	peptidyl-lysine methylation	has_direct_input(UniProtKB:P0DMV9)
GO:0032781	positive regulation of ATPase activity	has_direct_input(UniProtKB:P0DMV9)
GO:0016279	protein-lysine N-methyltransferase activity	has_direct_input(UniProtKB:P0DMV9)
GO:0031638	zymogen activation	has_direct_input(UniProtKB:P10144)
GO:0050821	protein stabilization	has_direct_input(UniProtKB:P10275)
GO:0004674	protein serine/threonine kinase activity	has_direct_input(UniProtKB:P10451
GO:0001671	ATPase activator activity	has_direct_input(UniProtKB:P10591)
GO:0006511	ubiquitin-dependent protein catabolic process	has_direct_input(UniProtKB:P10614)
GO:0003958	NADPH-hemoprotein reductase activity	has_direct_input(UniProtKB:P10614)
GO:0004672	protein kinase activity	has_direct_input(UniProtKB:P10636)
GO:0004672	protein kinase activity	has_direct_input(UniProtKB:P10636)
GO:0004674	protein serine/threonine kinase activity	has_direct_input(UniProtKB:P10636)
GO:0006468	protein phosphorylation	has_direct_input(UniProtKB:P10636)
GO:0090002	establishment of protein localization to plasma membrane	has_direct_input(UniProtKB:P10644)
GO:0001047	core promoter binding	has_direct_input(UniProtKB:P10826)
GO:0044212	transcription regulatory region DNA binding	has_direct_input(UniProtKB:P11021)
GO:0018022	peptidyl-lysine methylation	has_direct_input(UniProtKB:P11021)
GO:0016279	protein-lysine N-methyltransferase activity	has_direct_input(UniProtKB:P11021)
GO:0006476	protein deacetylation	has_direct_input(UniProtKB:P11103)
GO:0004197	cysteine-type endopeptidase activity	has_direct_input(UniProtKB:P11103)
GO:0004197	cysteine-type endopeptidase activity	has_direct_input(UniProtKB:P11103)
GO:0001671	ATPase activator activity	has_direct_input(UniProtKB:P11142)
GO:0018022	peptidyl-lysine methylation	has_direct_input(UniProtKB:P11142)
GO:0032781	positive regulation of ATPase activity	has_direct_input(UniProtKB:P11142)
GO:0016279	protein-lysine N-methyltransferase activity	has_direct_input(UniProtKB:P11142)
GO:0032092	positive regulation of protein binding	has_direct_input(UniProtKB:P11234
GO:0032091	negative regulation of protein binding	has_direct_input(UniProtKB:P11234
GO:0016579	protein deubiquitination	has_direct_input(UniProtKB:P11234)
GO:0004843	thiol-dependent ubiquitin-specific protease activity	has_direct_input(UniProtKB:P11234)
GO:0090722	receptor-receptor interaction	has_direct_input(UniProtKB:P11362
GO:0002031	G-protein coupled receptor internalization	has_direct_input(UniProtKB:P11362)
GO:1904454	ubiquitin-specific protease activity involved in positive regulation of ERAD pathway	has_direct_input(UniProtKB:P11441)
GO:0070936	protein K48-linked ubiquitination	has_direct_input(UniProtKB:P11441)
GO:0016579	protein deubiquitination	has_direct_input(UniProtKB:P11441)
GO:0061630	ubiquitin protein ligase activity	has_direct_input(UniProtKB:P11441)
GO:0045732	positive regulation of protein catabolic process	has_direct_input(UniProtKB:P11717
GO:0044387	negative regulation of protein kinase activity by regulation of protein phosphorylation	has_direct_input(UniProtKB:P11798)
GO:0000976	transcription regulatory region sequence-specific DNA binding	has_direct_input(UniProtKB:P11976
GO:1990139	protein localization to nuclear periphery	has_direct_input(UniProtKB:P11986)
GO:0004197	cysteine-type endopeptidase activity	has_direct_input(UniProtKB:P12367)
GO:0004197	cysteine-type endopeptidase activity	has_direct_input(UniProtKB:P12367)
GO:0006468	protein phosphorylation	has_direct_input(UniProtKB:P12688)
GO:0004674	protein serine/threonine kinase activity	has_direct_input(UniProtKB:P12688)
GO:0042803	protein homodimerization activity	has_direct_input(UniProtKB:P12814)
GO:0004725	protein tyrosine phosphatase activity	has_direct_input(UniProtKB:P12830)
GO:0061630	ubiquitin protein ligase activity	has_direct_input(UniProtKB:P12931)
GO:0004725	protein tyrosine phosphatase activity	has_direct_input(UniProtKB:P12931)
GO:0004722	protein serine/threonine phosphatase activity	has_direct_input(UniProtKB:P13234)
GO:0004674	protein serine/threonine kinase activity	has_direct_input(UniProtKB:P13497
GO:0005178	integrin binding	has_direct_input(UniProtKB:P13612
GO:0043113	receptor clustering	has_direct_input(UniProtKB:P13612
GO:0050839	cell adhesion molecule binding	has_direct_input(UniProtKB:P13612)
GO:0050839	cell adhesion molecule binding	has_direct_input(UniProtKB:P13612)
GO:0034446	substrate adhesion-dependent cell spreading	has_direct_input(UniProtKB:P13612)
GO:0050821	protein stabilization	has_direct_input(UniProtKB:P13637)
GO:0001671	ATPase activator activity	has_direct_input(UniProtKB:P13637)
GO:1901018	positive regulation of potassium ion transmembrane transporter activity	has_direct_input(UniProtKB:P13637)
GO:0032781	positive regulation of ATPase activity	has_direct_input(UniProtKB:P13637)
GO:0018105	peptidyl-serine phosphorylation	has_direct_input(UniProtKB:P13639)
GO:0018105	peptidyl-serine phosphorylation	has_direct_input(UniProtKB:P13639)
GO:0000978	RNA polymerase II core promoter proximal region sequence-specific DNA binding	has_direct_input(UniProtKB:P13711
GO:0001077	transcriptional activator activity, RNA polymerase II core promoter proximal region sequence-specific binding	has_direct_input(UniProtKB:P13711
GO:0006351	transcription, DNA-templated	has_direct_input(UniProtKB:P13773)
GO:0004621	glycosylphosphatidylinositol phospholipase D activity	has_direct_input(UniProtKB:P13987)
GO:0051344	negative regulation of cyclic-nucleotide phosphodiesterase activity	has_direct_input(UniProtKB:P14270)
GO:0004674	protein serine/threonine kinase activity	has_direct_input(UniProtKB:P14291
GO:0003677	DNA binding	has_direct_input(UniProtKB:P14483)
GO:0004842	ubiquitin-protein transferase activity	has_direct_input(UniProtKB:P14736
GO:0006623	protein targeting to vacuole	has_direct_input(UniProtKB:P14904)
GO:0043539	protein serine/threonine kinase activator activity	has_direct_input(UniProtKB:P15056
GO:0043539	protein serine/threonine kinase activator activity	has_direct_input(UniProtKB:P15056
GO:0001077	transcriptional activator activity, RNA polymerase II core promoter proximal region sequence-specific binding	has_direct_input(UniProtKB:P15202
GO:0004674	protein serine/threonine kinase activity	has_direct_input(UniProtKB:P15303)
GO:0003729	mRNA binding	has_direct_input(UniProtKB:P15328)
GO:1903546	protein localization to photoreceptor outer segment	has_direct_input(UniProtKB:P15409
GO:0061512	protein localization to cilium	has_direct_input(UniProtKB:P15409
GO:0019887	protein kinase regulator activity	has_direct_input(UniProtKB:P15442)
GO:0004175	endopeptidase activity	has_direct_input(UniProtKB:P15502)
GO:0016579	protein deubiquitination	has_direct_input(UniProtKB:P15873)
GO:0016990	arginine deiminase activity	has_direct_input(UniProtKB:P15880
GO:0008168	methyltransferase activity	has_direct_input(UniProtKB:P15880)
GO:0018101	protein citrullination	has_direct_input(UniProtKB:P15880)
GO:0008233	peptidase activity	has_direct_input(UniProtKB:P15976
GO:0005515	protein binding	has_direct_input(UniProtKB:P15976)
GO:0006621	protein retention in ER lumen	has_direct_input(UniProtKB:P16474)
GO:0031204	posttranslational protein targeting to membrane, translocation	has_direct_input(UniProtKB:P16474)
GO:0018022	peptidyl-lysine methylation	has_direct_input(UniProtKB:P16521)
GO:0004197	cysteine-type endopeptidase activity	has_direct_input(UniProtKB:P16675)
GO:0004197	cysteine-type endopeptidase activity	has_direct_input(UniProtKB:P16675)
GO:0004707	MAP kinase activity	has_direct_input(UniProtKB:P16892
GO:0004708	MAP kinase kinase activity	has_direct_input(UniProtKB:P16892
GO:0071508	activation of MAPK activity involved in conjugation with cellular fusion	has_direct_input(UniProtKB:P16892)
GO:0004725	protein tyrosine phosphatase activity	has_direct_input(UniProtKB:P16892)
GO:0018022	peptidyl-lysine methylation	has_direct_input(UniProtKB:P17066)
GO:0016279	protein-lysine N-methyltransferase activity	has_direct_input(UniProtKB:P17066)
GO:2000679	positive regulation of transcription regulatory region DNA binding	has_direct_input(UniProtKB:P17106)
GO:1990860	Pho85-Pho80 CDK-cyclin complex	has_direct_input(UniProtKB:P17157)
GO:0004197	cysteine-type endopeptidase activity	has_direct_input(UniProtKB:P17225)
GO:0004197	cysteine-type endopeptidase activity	has_direct_input(UniProtKB:P17225)
GO:0007229	integrin-mediated signaling pathway	has_direct_input(UniProtKB:P17301
GO:0044212	transcription regulatory region DNA binding	has_direct_input(UniProtKB:P17564
GO:0004862	cAMP-dependent protein kinase inhibitor activity	has_direct_input(UniProtKB:P17612-2)
GO:2000480	negative regulation of cAMP-dependent protein kinase activity	has_direct_input(UniProtKB:P17612-2)
GO:0046982	protein heterodimerization activity	has_direct_input(UniProtKB:P17676)
GO:0018107	peptidyl-threonine phosphorylation	has_direct_input(UniProtKB:P17813)
GO:0004672	protein kinase activity	has_direct_input(UniProtKB:P17813)
GO:0006379	mRNA cleavage	has_direct_input(UniProtKB:P17861
GO:0004521	endoribonuclease activity	has_direct_input(UniProtKB:P17861
GO:0004521	endoribonuclease activity	has_direct_input(UniProtKB:P17861
GO:0070055	mRNA endonucleolytic cleavage involved in unfolded protein response	has_direct_input(UniProtKB:P17861)
GO:0006476	protein deacetylation	has_direct_input(UniProtKB:P17861)
GO:0034979	NAD-dependent protein deacetylase activity	has_direct_input(UniProtKB:P17861)
GO:0004521	endoribonuclease activity	has_direct_input(UniProtKB:P17861)
GO:0061665	SUMO ligase activity	has_direct_input(UniProtKB:P17861-2
GO:0016925	protein sumoylation	has_direct_input(UniProtKB:P17861-2)
GO:0006473	protein acetylation	has_direct_input(UniProtKB:P17861-2)
GO:0010629	negative regulation of gene expression	has_direct_input(UniProtKB:P18084
GO:0000978	RNA polymerase II core promoter proximal region sequence-specific DNA binding	has_direct_input(UniProtKB:P18408)
GO:0004707	MAP kinase activity	has_direct_input(UniProtKB:P18412
GO:0051220	cytoplasmic sequestering of protein	has_direct_input(UniProtKB:P18494)
GO:0005092	GDP-dissociation inhibitor activity	has_direct_input(UniProtKB:P18754)
GO:0043522	leucine zipper domain binding	has_direct_input(UniProtKB:P18847)
GO:0043522	leucine zipper domain binding	has_direct_input(UniProtKB:P18848)
GO:0008140	cAMP response element binding protein binding	has_direct_input(UniProtKB:P18848)
GO:0046982	protein heterodimerization activity	has_direct_input(UniProtKB:P18848)
GO:0006513	protein monoubiquitination	has_direct_input(UniProtKB:P18851)
GO:0004842	ubiquitin-protein transferase activity	has_direct_input(UniProtKB:P18851)
GO:0006468	protein phosphorylation	has_direct_input(UniProtKB:P18961)
GO:0004674	protein serine/threonine kinase activity	has_direct_input(UniProtKB:P18961)
GO:0003682	chromatin binding	has_direct_input(UniProtKB:P19070)
GO:0043547	positive regulation of GTPase activity	has_direct_input(UniProtKB:P19073)
GO:0005089	Rho guanyl-nucleotide exchange factor activity	has_direct_input(UniProtKB:P19073)
GO:0005096	GTPase activator activity	has_direct_input(UniProtKB:P19073)
GO:0004197	cysteine-type endopeptidase activity	has_direct_input(UniProtKB:P19157)
GO:0016004	phospholipase activator activity	has_direct_input(UniProtKB:P19174)
GO:0010518	positive regulation of phospholipase activity	has_direct_input(UniProtKB:P19174)
GO:0034038	deoxyhypusine synthase activity	has_direct_input(UniProtKB:P19211)
GO:0046982	protein heterodimerization activity	has_direct_input(UniProtKB:P19224)
GO:0046982	protein heterodimerization activity	has_direct_input(UniProtKB:P19838)
GO:0044212	transcription regulatory region DNA binding	has_direct_input(UniProtKB:P20029)
GO:1990860	Pho85-Pho80 CDK-cyclin complex	has_direct_input(UniProtKB:P20052)
GO:0001671	ATPase activator activity	has_direct_input(UniProtKB:P20095
GO:0032781	positive regulation of ATPase activity	has_direct_input(UniProtKB:P20095
GO:0004197	cysteine-type endopeptidase activity	has_direct_input(UniProtKB:P20152)
GO:0004197	cysteine-type endopeptidase activity	has_direct_input(UniProtKB:P20152)
GO:0061630	ubiquitin protein ligase activity	has_direct_input(UniProtKB:P20263)
GO:0000977	RNA polymerase II regulatory region sequence-specific DNA binding	has_direct_input(UniProtKB:P20271)
GO:0045944	positive regulation of transcription from RNA polymerase II promoter	has_direct_input(UniProtKB:P20293)
GO:0006509	membrane protein ectodomain proteolysis	has_direct_input(UniProtKB:P20333)
GO:0005096	GTPase activator activity	has_direct_input(UniProtKB:P20336)
GO:0043547	positive regulation of GTPase activity	has_direct_input(UniProtKB:P20336)
GO:0005096	GTPase activator activity	has_direct_input(UniProtKB:P20337)
GO:0043547	positive regulation of GTPase activity	has_direct_input(UniProtKB:P20337)
GO:0033124	obsolete regulation of GTP catabolic process	has_direct_input(UniProtKB:P20338)
GO:0005096	GTPase activator activity	has_direct_input(UniProtKB:P20338)
GO:0005096	GTPase activator activity	has_direct_input(UniProtKB:P20339)
GO:0043547	positive regulation of GTPase activity	has_direct_input(UniProtKB:P20339)
GO:0005096	GTPase activator activity	has_direct_input(UniProtKB:P20339)
GO:0033126	obsolete positive regulation of GTP catabolic process	has_direct_input(UniProtKB:P20339)
GO:0008238	exopeptidase activity	has_direct_input(UniProtKB:P20366)
GO:0008241	peptidyl-dipeptidase activity	has_direct_input(UniProtKB:P20366:PRO_0000033530)
GO:0008238	exopeptidase activity	has_direct_input(UniProtKB:P20366:PRO_0000033530)
GO:1902002	protein phosphorylation involved in cellular protein catabolic process	has_direct_input(UniProtKB:P20438
GO:0004694	eukaryotic translation initiation factor 2alpha kinase activity	has_direct_input(UniProtKB:P20459)
GO:1902002	protein phosphorylation involved in cellular protein catabolic process	has_direct_input(UniProtKB:P20486
GO:1902002	protein phosphorylation involved in cellular protein catabolic process	has_direct_input(UniProtKB:P20486
GO:0004252	serine-type endopeptidase activity	has_direct_input(UniProtKB:P20700
GO:0004252	serine-type endopeptidase activity	has_direct_input(UniProtKB:P20700
GO:0036478	L-dopa decarboxylase activator activity	has_direct_input(UniProtKB:P20711)
GO:0097264	self proteolysis	has_direct_input(UniProtKB:P20807)
GO:0004668	protein-arginine deiminase activity	has_direct_input(UniProtKB:P20930)
GO:0018101	protein citrullination	has_direct_input(UniProtKB:P20930)
GO:0045944	positive regulation of transcription from RNA polymerase II promoter	has_direct_input(UniProtKB:P21190
GO:0000122	negative regulation of transcription from RNA polymerase II promoter	has_direct_input(UniProtKB:P21190
GO:0000122	negative regulation of transcription from RNA polymerase II promoter	has_direct_input(UniProtKB:P21190
GO:0004707	MAP kinase activity	has_direct_input(UniProtKB:P21268
GO:0036122	BMP binding	has_direct_input(UniProtKB:P21274)
GO:0006366	transcription from RNA polymerase II promoter	has_direct_input(UniProtKB:P21274)
GO:0000979	RNA polymerase II core promoter sequence-specific DNA binding	has_direct_input(UniProtKB:P21274)
GO:0036122	BMP binding	has_direct_input(UniProtKB:P21275)
GO:0006366	transcription from RNA polymerase II promoter	has_direct_input(UniProtKB:P21275)
GO:0000979	RNA polymerase II core promoter sequence-specific DNA binding	has_direct_input(UniProtKB:P21275)
GO:1990846	ribonucleoside-diphosphate reductase inhibitor activity	has_direct_input(UniProtKB:P21524)
GO:0006509	membrane protein ectodomain proteolysis	has_direct_input(UniProtKB:P21583)
GO:0048306	calcium-dependent protein binding	has_direct_input(UniProtKB:P21707)
GO:0005515	protein binding	has_direct_input(UniProtKB:P21728)
GO:0003823	antigen binding	has_direct_input(UniProtKB:P21926
GO:0006888	ER to Golgi vesicle-mediated transport	has_direct_input(UniProtKB:P22146)
GO:0004672	protein kinase activity	has_direct_input(UniProtKB:P22204)
GO:0019207	kinase regulator activity	has_direct_input(UniProtKB:P22204)
GO:0019888	protein phosphatase regulator activity	has_direct_input(UniProtKB:P22216)
GO:0004674	protein serine/threonine kinase activity	has_direct_input(UniProtKB:P22219)
GO:0046982	protein heterodimerization activity	has_direct_input(UniProtKB:P22309)
GO:0046982	protein heterodimerization activity	has_direct_input(UniProtKB:P22310)
GO:2000009	negative regulation of protein localization to cell surface	has_direct_input(UniProtKB:P22460)
GO:0015459	potassium channel regulator activity	has_direct_input(UniProtKB:P22460)
GO:1901016	regulation of potassium ion transmembrane transporter activity	has_direct_input(UniProtKB:P22460)
GO:1901017	negative regulation of potassium ion transmembrane transporter activity	has_direct_input(UniProtKB:P22460)
GO:0090004	positive regulation of establishment of protein localization to plasma membrane	has_direct_input(UniProtKB:P22460)
GO:0004683	calmodulin-dependent protein kinase activity	has_direct_input(UniProtKB:P22517)
GO:0042789	mRNA transcription from RNA polymerase II promoter	has_direct_input(UniProtKB:P22605)
GO:2000480	negative regulation of cAMP-dependent protein kinase activity	has_direct_input(UniProtKB:P22694
GO:0071211	protein targeting to vacuole involved in autophagy	has_direct_input(UniProtKB:P22855)
GO:0034038	deoxyhypusine synthase activity	has_direct_input(UniProtKB:P23301
GO:0036122	BMP binding	has_direct_input(UniProtKB:P23359)
GO:0042326	negative regulation of phosphorylation	has_direct_input(UniProtKB:P23396)
GO:0016310	phosphorylation	has_direct_input(UniProtKB:P23396)
GO:0042501	serine phosphorylation of STAT protein	has_direct_input(UniProtKB:P23396)
GO:0006975	DNA damage induced protein phosphorylation	has_direct_input(UniProtKB:P23396)
GO:0071629	cytoplasm-associated proteasomal ubiquitin-dependent protein catabolic process	has_direct_input(UniProtKB:P23561)
GO:0008349	MAP kinase kinase kinase kinase activity	has_direct_input(UniProtKB:P23561)
GO:0004722	protein serine/threonine phosphatase activity	has_direct_input(UniProtKB:P23594)
GO:0035255	ionotropic glutamate receptor binding	has_direct_input(UniProtKB:P23818)
GO:0004674	protein serine/threonine kinase activity	has_direct_input(UniProtKB:P23900)
GO:0008047	enzyme activator activity	has_direct_input(UniProtKB:P24309)
GO:0006468	protein phosphorylation	has_direct_input(UniProtKB:P24867)
GO:0016567	protein ubiquitination	has_direct_input(UniProtKB:P24867)
GO:0042177	negative regulation of protein catabolic process	has_direct_input(UniProtKB:P25116)
GO:0004842	ubiquitin-protein transferase activity	has_direct_input(UniProtKB:P25301)
GO:0051290	protein heterotetramerization	has_direct_input(UniProtKB:P25304)
GO:0016301	kinase activity	has_direct_input(UniProtKB:P25342
GO:0004791	thioredoxin-disulfide reductase activity	has_direct_input(UniProtKB:P25372)
GO:0004177	aminopeptidase activity	has_direct_input(UniProtKB:P25374)
GO:0090005	negative regulation of establishment of protein localization to plasma membrane	has_direct_input(UniProtKB:P25445)
GO:0000030	mannosyltransferase activity	has_direct_input(UniProtKB:P25580)
GO:0006468	protein phosphorylation	has_direct_input(UniProtKB:P25588
GO:0004697	protein kinase C activity	has_direct_input(UniProtKB:P25623)
GO:0000209	protein polyubiquitination	has_direct_input(UniProtKB:P25963)
GO:0043113	receptor clustering	has_direct_input(UniProtKB:P26010
GO:0034446	substrate adhesion-dependent cell spreading	has_direct_input(UniProtKB:P26010)
GO:0050839	cell adhesion molecule binding	has_direct_input(UniProtKB:P26010)
GO:0050839	cell adhesion molecule binding	has_direct_input(UniProtKB:P26010)
GO:1990430	extracellular matrix protein binding	has_direct_input(UniProtKB:P26012)
GO:0035308	negative regulation of protein dephosphorylation	has_direct_input(UniProtKB:P26038)
GO:0090266	regulation of mitotic cell cycle spindle assembly checkpoint	has_direct_input(UniProtKB:P26309)
GO:0004197	cysteine-type endopeptidase activity	has_direct_input(UniProtKB:P26369)
GO:0004197	cysteine-type endopeptidase activity	has_direct_input(UniProtKB:P26369)
GO:0003924	GTPase activity	has_direct_input(UniProtKB:P26448)
GO:0017017	MAP kinase tyrosine/serine/threonine phosphatase activity	has_direct_input(UniProtKB:P26696)
GO:0000188	inactivation of MAPK activity	has_direct_input(UniProtKB:P26696)
GO:1990405	protein antigen binding	has_direct_input(UniProtKB:P26717)
GO:0000122	negative regulation of transcription from RNA polymerase II promoter	has_direct_input(UniProtKB:P26784)
GO:0016301	kinase activity	has_direct_input(UniProtKB:P27361)
GO:1902542	regulation of protein localization to mitotic spindle pole body	has_direct_input(UniProtKB:P27636)
GO:1902543	negative regulation of protein localization to mitotic spindle pole body	has_direct_input(UniProtKB:P27636)
GO:0006468	protein phosphorylation	has_direct_input(UniProtKB:P27705
GO:0008233	peptidase activity	has_direct_input(UniProtKB:P27708)
GO:0000978	RNA polymerase II core promoter proximal region sequence-specific DNA binding	has_direct_input(UniProtKB:P27796
GO:0001077	transcriptional activator activity, RNA polymerase II core promoter proximal region sequence-specific binding	has_direct_input(UniProtKB:P27796
GO:0000122	negative regulation of transcription from RNA polymerase II promoter	has_direct_input(UniProtKB:P28007)
GO:0042813	Wnt-activated receptor activity	has_direct_input(UniProtKB:P28466)
GO:0000187	activation of MAPK activity	has_direct_input(UniProtKB:P28482)
GO:0004674	protein serine/threonine kinase activity	has_direct_input(UniProtKB:P28563)
GO:0008233	peptidase activity	has_direct_input(UniProtKB:P29279)
GO:0004713	protein tyrosine kinase activity	has_direct_input(UniProtKB:P29295)
GO:0032880	regulation of protein localization	has_direct_input(UniProtKB:P29295)
GO:0045859	regulation of protein kinase activity	has_direct_input(UniProtKB:P29295)
GO:0016409	palmitoyltransferase activity	has_direct_input(UniProtKB:P29465)
GO:0036487	nitric-oxide synthase inhibitor activity	has_direct_input(UniProtKB:P29475)
GO:0051001	negative regulation of nitric-oxide synthase activity	has_direct_input(UniProtKB:P29475)
GO:0004674	protein serine/threonine kinase activity	has_direct_input(UniProtKB:P30048)
GO:0036479	peroxidase inhibitor activity	has_direct_input(UniProtKB:P30048)
GO:1902002	protein phosphorylation involved in cellular protein catabolic process	has_direct_input(UniProtKB:P30283
GO:0016579	protein deubiquitination	has_direct_input(UniProtKB:P30283)
GO:0004843	thiol-dependent ubiquitin-specific protease activity	has_direct_input(UniProtKB:P30283)
GO:0006468	protein phosphorylation	has_direct_input(UniProtKB:P30530)
GO:0097500	receptor localization to non-motile cilium	has_direct_input(UniProtKB:P30935)
GO:0004177	aminopeptidase activity	has_direct_input(UniProtKB:P30990)
GO:0008241	peptidyl-dipeptidase activity	has_direct_input(UniProtKB:P30990)
GO:0008238	exopeptidase activity	has_direct_input(UniProtKB:P30990)
GO:0004175	endopeptidase activity	has_direct_input(UniProtKB:P30990)
GO:1900182	positive regulation of protein localization to nucleus	has_direct_input(UniProtKB:P30999)
GO:0035372	protein localization to microtubule	has_direct_input(UniProtKB:P31016)
GO:0016409	palmitoyltransferase activity	has_direct_input(UniProtKB:P31109)
GO:0008428	ribonuclease inhibitor activity	has_direct_input(UniProtKB:P31384)
GO:1902309	negative regulation of peptidyl-serine dephosphorylation	has_direct_input(UniProtKB:P31749)
GO:0018105	peptidyl-serine phosphorylation	has_direct_input(UniProtKB:P31749)
GO:0018105	peptidyl-serine phosphorylation	has_direct_input(UniProtKB:P31749)
GO:0006468	protein phosphorylation	has_direct_input(UniProtKB:P31749)
GO:0033138	positive regulation of peptidyl-serine phosphorylation	has_direct_input(UniProtKB:P31750)
GO:0004672	protein kinase activity	has_direct_input(UniProtKB:P32246)
GO:0016279	protein-lysine N-methyltransferase activity	has_direct_input(UniProtKB:P32324)
GO:0018027	peptidyl-lysine dimethylation	has_direct_input(UniProtKB:P32324)
GO:0018023	peptidyl-lysine trimethylation	has_direct_input(UniProtKB:P32324)
GO:0004721	phosphoprotein phosphatase activity	has_direct_input(UniProtKB:P32361)
GO:0006470	protein dephosphorylation	has_direct_input(UniProtKB:P32361)
GO:0006468	protein phosphorylation	has_direct_input(UniProtKB:P32380
GO:0006468	protein phosphorylation	has_direct_input(UniProtKB:P32380)
GO:0004674	protein serine/threonine kinase activity	has_direct_input(UniProtKB:P32380)
GO:0016925	protein sumoylation	has_direct_input(UniProtKB:P32457)
GO:0019789	SUMO transferase activity	has_direct_input(UniProtKB:P32457)
GO:0045944	positive regulation of transcription from RNA polymerase II promoter	has_direct_input(UniProtKB:P32478)
GO:0000122	negative regulation of transcription from RNA polymerase II promoter	has_direct_input(UniProtKB:P32478)
GO:0006468	protein phosphorylation	has_direct_input(UniProtKB:P32485
GO:0006469	negative regulation of protein kinase activity	has_direct_input(UniProtKB:P32485)
GO:0042826	histone deacetylase binding	has_direct_input(UniProtKB:P32561)
GO:0004721	phosphoprotein phosphatase activity	has_direct_input(UniProtKB:P32567
GO:0018107	peptidyl-threonine phosphorylation	has_direct_input(UniProtKB:P32567)
GO:1903740	positive regulation of phosphatidate phosphatase activity	has_direct_input(UniProtKB:P32567)
GO:0018105	peptidyl-serine phosphorylation	has_direct_input(UniProtKB:P32567)
GO:0006470	protein dephosphorylation	has_direct_input(UniProtKB:P32567)
GO:0036010	protein localization to endosome	has_direct_input(UniProtKB:P32571)
GO:0035800	deubiquitinase activator activity	has_direct_input(UniProtKB:P32571)
GO:2000158	positive regulation of ubiquitin-specific protease activity	has_direct_input(UniProtKB:P32571)
GO:0045944	positive regulation of transcription from RNA polymerase II promoter	has_direct_input(UniProtKB:P32581
GO:0000122	negative regulation of transcription from RNA polymerase II promoter	has_direct_input(UniProtKB:P32581
GO:0019888	protein phosphatase regulator activity	has_direct_input(UniProtKB:P32598)
GO:0018107	peptidyl-threonine phosphorylation	has_direct_input(UniProtKB:P32599
GO:0004693	cyclin-dependent protein serine/threonine kinase activity	has_direct_input(UniProtKB:P32599)
GO:0016887	ATPase activity	has_direct_input(UniProtKB:P32602)
GO:0004672	protein kinase activity	has_direct_input(UniProtKB:P32660
GO:0006468	protein phosphorylation	has_direct_input(UniProtKB:P32660
GO:0004672	protein kinase activity	has_direct_input(UniProtKB:P32660
GO:0070262	peptidyl-serine dephosphorylation	has_direct_input(UniProtKB:P32797)
GO:0018105	peptidyl-serine phosphorylation	has_direct_input(UniProtKB:P32797)
GO:0004722	protein serine/threonine phosphatase activity	has_direct_input(UniProtKB:P32797)
GO:0070262	peptidyl-serine dephosphorylation	has_direct_input(UniProtKB:P32797)
GO:0004672	protein kinase activity	has_direct_input(UniProtKB:P32797)
GO:0019789	SUMO transferase activity	has_direct_input(UniProtKB:P32807
GO:0031333	negative regulation of protein complex assembly	has_direct_input(UniProtKB:P32851)
GO:0017075	syntaxin-1 binding	has_direct_input(UniProtKB:P32851)
GO:0048306	calcium-dependent protein binding	has_direct_input(UniProtKB:P32851)
GO:0016887	ATPase activity	has_direct_input(UniProtKB:P32908
GO:0043547	positive regulation of GTPase activity	has_direct_input(UniProtKB:P32939
GO:0017112	Rab guanyl-nucleotide exchange factor activity	has_direct_input(UniProtKB:P32939
GO:0043547	positive regulation of GTPase activity	has_direct_input(UniProtKB:P32939)
GO:0017112	Rab guanyl-nucleotide exchange factor activity	has_direct_input(UniProtKB:P32939)
GO:0044395	protein targeting to vacuolar membrane	has_direct_input(UniProtKB:P32939)
GO:0004674	protein serine/threonine kinase activity	has_direct_input(UniProtKB:P32944)
GO:0030674	protein binding, bridging	has_direct_input(UniProtKB:P33298)
GO:0043086	negative regulation of catalytic activity	has_direct_input(UniProtKB:P33434)
GO:0045545	syndecan binding	has_direct_input(UniProtKB:P33671)
GO:0007070	negative regulation of transcription from RNA polymerase II promoter during mitotic cell cycle	has_direct_input(UniProtKB:P34161)
GO:0004222	metalloendopeptidase activity	has_direct_input(UniProtKB:P34165)
GO:0071432	peptide mating pheromone maturation involved in conjugation with cellular fusion	has_direct_input(UniProtKB:P34165)
GO:0061630	ubiquitin protein ligase activity	has_direct_input(UniProtKB:P34233)
GO:0008298	intracellular mRNA localization	has_direct_input(UniProtKB:P34233)
GO:1902002	protein phosphorylation involved in cellular protein catabolic process	has_direct_input(UniProtKB:P34233)
GO:0003729	mRNA binding	has_direct_input(UniProtKB:P34233)
GO:0004672	protein kinase activity	has_direct_input(UniProtKB:P34278)
GO:0004843	thiol-dependent ubiquitin-specific protease activity	has_direct_input(UniProtKB:P34299)
GO:0097200	cysteine-type endopeptidase activity involved in execution phase of apoptosis	has_direct_input(UniProtKB:P34529)
GO:0035246	peptidyl-arginine N-methylation	has_direct_input(UniProtKB:P34545)
GO:1990841	promoter-specific chromatin binding	has_direct_input(UniProtKB:P34696
GO:0004674	protein serine/threonine kinase activity	has_direct_input(UniProtKB:P34707)
GO:0018105	peptidyl-serine phosphorylation	has_direct_input(UniProtKB:P34707)
GO:0004674	protein serine/threonine kinase activity	has_direct_input(UniProtKB:P34707-1)
GO:0004674	protein serine/threonine kinase activity	has_direct_input(UniProtKB:P34707-1)
GO:0004674	protein serine/threonine kinase activity	has_direct_input(UniProtKB:P34707-3)
GO:0036369	transcription factor catabolic process	has_direct_input(UniProtKB:P34708
GO:0036369	transcription factor catabolic process	has_direct_input(UniProtKB:P34708
GO:0036369	transcription factor catabolic process	has_direct_input(UniProtKB:P34708
GO:0036369	transcription factor catabolic process	has_direct_input(UniProtKB:P34708
GO:0036369	transcription factor catabolic process	has_direct_input(UniProtKB:P34708-1)
GO:0004197	cysteine-type endopeptidase activity	has_direct_input(UniProtKB:P34709-1)
GO:0004843	thiol-dependent ubiquitin-specific protease activity	has_direct_input(UniProtKB:P35056)
GO:0016579	protein deubiquitination	has_direct_input(UniProtKB:P35056)
GO:0030674	protein binding, bridging	has_direct_input(UniProtKB:P35182
GO:0018105	peptidyl-serine phosphorylation	has_direct_input(UniProtKB:P35222
GO:0018107	peptidyl-threonine phosphorylation	has_direct_input(UniProtKB:P35222
GO:0004674	protein serine/threonine kinase activity	has_direct_input(UniProtKB:P35222
GO:0004674	protein serine/threonine kinase activity	has_direct_input(UniProtKB:P35222
GO:0018105	peptidyl-serine phosphorylation	has_direct_input(UniProtKB:P35222
GO:0004842	ubiquitin-protein transferase activity	has_direct_input(UniProtKB:P35222)
GO:0008013	beta-catenin binding	has_direct_input(UniProtKB:P35222)
GO:0061630	ubiquitin protein ligase activity	has_direct_input(UniProtKB:P35222)
GO:0004725	protein tyrosine phosphatase activity	has_direct_input(UniProtKB:P35222)
GO:0000209	protein polyubiquitination	has_direct_input(UniProtKB:P35222)
GO:0034450	ubiquitin-ubiquitin ligase activity	has_direct_input(UniProtKB:P35222)
GO:0050815	phosphoserine binding	has_direct_input(UniProtKB:P35222)
GO:0046982	protein heterodimerization activity	has_direct_input(UniProtKB:P35503)
GO:0046982	protein heterodimerization activity	has_direct_input(UniProtKB:P35638)
GO:0043522	leucine zipper domain binding	has_direct_input(UniProtKB:P35638)
GO:0006468	protein phosphorylation	has_direct_input(UniProtKB:P35734
GO:0004674	protein serine/threonine kinase activity	has_direct_input(UniProtKB:P35734
GO:0005168	neurotrophin TRKA receptor binding	has_direct_input(UniProtKB:P35739
GO:0030674	protein binding, bridging	has_direct_input(UniProtKB:P36000
GO:0016925	protein sumoylation	has_direct_input(UniProtKB:P36012)
GO:0019789	SUMO transferase activity	has_direct_input(UniProtKB:P36012)
GO:0042787	protein ubiquitination involved in ubiquitin-dependent protein catabolic process	has_direct_input(UniProtKB:P36012)
GO:0005085	guanyl-nucleotide exchange factor activity	has_direct_input(UniProtKB:P36017)
GO:0005085	guanyl-nucleotide exchange factor activity	has_direct_input(UniProtKB:P36017)
GO:0005085	guanyl-nucleotide exchange factor activity	has_direct_input(UniProtKB:P36018)
GO:0005085	guanyl-nucleotide exchange factor activity	has_direct_input(UniProtKB:P36019)
GO:0006468	protein phosphorylation	has_direct_input(UniProtKB:P36094)
GO:0006468	protein phosphorylation	has_direct_input(UniProtKB:P36131
GO:0004674	protein serine/threonine kinase activity	has_direct_input(UniProtKB:P36131
GO:0004672	protein kinase activity	has_direct_input(UniProtKB:P36873)
GO:0006508	proteolysis	has_direct_input(UniProtKB:P37840
GO:0006508	proteolysis	has_direct_input(UniProtKB:P37840
GO:0061630	ubiquitin protein ligase activity	has_direct_input(UniProtKB:P37840)
GO:0004175	endopeptidase activity	has_direct_input(UniProtKB:P37840)
GO:0043008	ATP-dependent protein binding	has_direct_input(UniProtKB:P37840)
GO:0032447	protein urmylation	has_direct_input(UniProtKB:P38013)
GO:0000122	negative regulation of transcription from RNA polymerase II promoter	has_direct_input(UniProtKB:P38112)
GO:0006470	protein dephosphorylation	has_direct_input(UniProtKB:P38165)
GO:0006508	proteolysis	has_direct_input(UniProtKB:P38182)
GO:0034497	protein localization to pre-autophagosomal structure	has_direct_input(UniProtKB:P38182)
GO:0072665	protein localization to vacuole	has_direct_input(UniProtKB:P38247)
GO:0034497	protein localization to pre-autophagosomal structure	has_direct_input(UniProtKB:P38270)
GO:1902935	protein localization to septin ring	has_direct_input(UniProtKB:P38274)
GO:0004842	ubiquitin-protein transferase activity	has_direct_input(UniProtKB:P38356)
GO:0016567	protein ubiquitination	has_direct_input(UniProtKB:P38356)
GO:0031398	positive regulation of protein ubiquitination	has_direct_input(UniProtKB:P38360)
GO:0030674	protein binding, bridging	has_direct_input(UniProtKB:P38555)
GO:0004707	MAP kinase activity	has_direct_input(UniProtKB:P38623
GO:0006468	protein phosphorylation	has_direct_input(UniProtKB:P38623
GO:0006470	protein dephosphorylation	has_direct_input(UniProtKB:P38634)
GO:0004721	phosphoprotein phosphatase activity	has_direct_input(UniProtKB:P38634)
GO:0000122	negative regulation of transcription from RNA polymerase II promoter	has_direct_input(UniProtKB:P38830
GO:0006513	protein monoubiquitination	has_direct_input(UniProtKB:P38855)
GO:0000209	protein polyubiquitination	has_direct_input(UniProtKB:P38855)
GO:0004672	protein kinase activity	has_direct_input(UniProtKB:P38859)
GO:1990802	protein phosphorylation involved in DNA double-strand break processing	has_direct_input(UniProtKB:P38859)
GO:0004674	protein serine/threonine kinase activity	has_direct_input(UniProtKB:P38859)
GO:0045184	establishment of protein localization	has_direct_input(UniProtKB:P38903
GO:0070199	establishment of protein localization to chromosome	has_direct_input(UniProtKB:P38903)
GO:0045184	establishment of protein localization	has_direct_input(UniProtKB:P38903)
GO:0031369	translation initiation factor binding	has_direct_input(UniProtKB:P38912)
GO:0070199	establishment of protein localization to chromosome	has_direct_input(UniProtKB:P38989)
GO:0070199	establishment of protein localization to chromosome	has_direct_input(UniProtKB:P38989)
GO:1990803	protein phosphorylation involved in protein localization to spindle microtubule	has_direct_input(UniProtKB:P38991)
GO:0004674	protein serine/threonine kinase activity	has_direct_input(UniProtKB:P38991)
GO:0006468	protein phosphorylation	has_direct_input(UniProtKB:P39019)
GO:0004672	protein kinase activity	has_direct_input(UniProtKB:P39524)
GO:0006468	protein phosphorylation	has_direct_input(UniProtKB:P39524)
GO:0004672	protein kinase activity	has_direct_input(UniProtKB:P39524)
GO:0031625	ubiquitin protein ligase binding	has_direct_input(UniProtKB:P39940)
GO:0031397	negative regulation of protein ubiquitination	has_direct_input(UniProtKB:P39940)
GO:0016925	protein sumoylation	has_direct_input(UniProtKB:P39940)
GO:0016409	palmitoyltransferase activity	has_direct_input(UniProtKB:P39968)
GO:0032880	regulation of protein localization	has_direct_input(UniProtKB:P40091)
GO:0000060	protein import into nucleus, translocation	has_direct_input(UniProtKB:P40121)
GO:0031397	negative regulation of protein ubiquitination	has_direct_input(UniProtKB:P40337)
GO:0004672	protein kinase activity	has_direct_input(UniProtKB:P40484)
GO:1904564	Nbp35-Cfd1 ATPase complex	has_direct_input(UniProtKB:P40558)
GO:0016887	ATPase activity	has_direct_input(UniProtKB:P40558)
GO:0051096	positive regulation of helicase activity	has_direct_input(UniProtKB:P40562)
GO:0006468	protein phosphorylation	has_direct_input(UniProtKB:P40568)
GO:0048306	calcium-dependent protein binding	has_direct_input(UniProtKB:P40748)
GO:0061098	positive regulation of protein tyrosine kinase activity	has_direct_input(UniProtKB:P40763)
GO:0004725	protein tyrosine phosphatase activity	has_direct_input(UniProtKB:P40763)
GO:0033558	protein deacetylase activity	has_direct_input(UniProtKB:P40763)
GO:0006476	protein deacetylation	has_direct_input(UniProtKB:P40763)
GO:0006468	protein phosphorylation	has_direct_input(UniProtKB:P40957)
GO:0034501	protein localization to kinetochore	has_direct_input(UniProtKB:P40957)
GO:0004197	cysteine-type endopeptidase activity	has_direct_input(UniProtKB:P41105)
GO:0004222	metalloendopeptidase activity	has_direct_input(UniProtKB:P41221
GO:0042813	Wnt-activated receptor activity	has_direct_input(UniProtKB:P41221)
GO:0017147	Wnt-protein binding	has_direct_input(UniProtKB:P41221)
GO:0050821	protein stabilization	has_direct_input(UniProtKB:P41227)
GO:0072659	protein localization to plasma membrane	has_direct_input(UniProtKB:P41233)
GO:0033344	cholesterol efflux	has_direct_input(UniProtKB:P41233)
GO:0043086	negative regulation of catalytic activity	has_direct_input(UniProtKB:P41245)
GO:0034501	protein localization to kinetochore	has_direct_input(UniProtKB:P41695)
GO:0006468	protein phosphorylation	has_direct_input(UniProtKB:P41695)
GO:0006468	protein phosphorylation	has_direct_input(UniProtKB:P41808)
GO:0032880	regulation of protein localization	has_direct_input(UniProtKB:P41832)
GO:0046982	protein heterodimerization activity	has_direct_input(UniProtKB:P42523
GO:0043280	positive regulation of cysteine-type endopeptidase activity involved in apoptotic process	has_direct_input(UniProtKB:P42574)
GO:0000122	negative regulation of transcription from RNA polymerase II promoter	has_direct_input(UniProtKB:P42846)
GO:0050821	protein stabilization	has_direct_input(UniProtKB:P42858)
GO:0004674	protein serine/threonine kinase activity	has_direct_input(UniProtKB:P42898)
GO:0050815	phosphoserine binding	has_direct_input(UniProtKB:P43605)
GO:0004674	protein serine/threonine kinase activity	has_direct_input(UniProtKB:P43605)
GO:0018105	peptidyl-serine phosphorylation	has_direct_input(UniProtKB:P43605)
GO:0018105	peptidyl-serine phosphorylation	has_direct_input(UniProtKB:P43639)
GO:0004674	protein serine/threonine kinase activity	has_direct_input(UniProtKB:P43639)
GO:2000767	positive regulation of cytoplasmic translation	has_direct_input(UniProtKB:P45818)
GO:2000766	negative regulation of cytoplasmic translation	has_direct_input(UniProtKB:P45818)
GO:0004674	protein serine/threonine kinase activity	has_direct_input(UniProtKB:P45970)
GO:0004709	MAP kinase kinase kinase activity	has_direct_input(UniProtKB:P45985)
GO:1900181	negative regulation of protein localization to nucleus	has_direct_input(UniProtKB:P46153)
GO:0006468	protein phosphorylation	has_direct_input(UniProtKB:P46669)
GO:0004672	protein kinase activity	has_direct_input(UniProtKB:P46669)
GO:0004709	MAP kinase kinase kinase activity	has_direct_input(UniProtKB:P46734)
GO:0072697	protein localization to cell cortex	has_direct_input(UniProtKB:P46940
GO:0004674	protein serine/threonine kinase activity	has_direct_input(UniProtKB:P46940)
GO:0018105	peptidyl-serine phosphorylation	has_direct_input(UniProtKB:P46940)
GO:0034990	nuclear mitotic cohesin complex	has_direct_input(UniProtKB:P47037
GO:0000030	mannosyltransferase activity	has_direct_input(UniProtKB:P47088)
GO:0006506	GPI anchor biosynthetic process	has_direct_input(UniProtKB:P47088)
GO:0003924	GTPase activity	has_direct_input(UniProtKB:P47113
GO:0004842	ubiquitin-protein transferase activity	has_direct_input(UniProtKB:P47156)
GO:0004197	cysteine-type endopeptidase activity	has_direct_input(UniProtKB:P47713)
GO:0004197	cysteine-type endopeptidase activity	has_direct_input(UniProtKB:P47713)
GO:0004197	cysteine-type endopeptidase activity	has_direct_input(UniProtKB:P47962)
GO:0004197	cysteine-type endopeptidase activity	has_direct_input(UniProtKB:P47962)
GO:0032880	regulation of protein localization	has_direct_input(UniProtKB:P48566)
GO:0004252	serine-type endopeptidase activity	has_direct_input(UniProtKB:P48594)
GO:0008233	peptidase activity	has_direct_input(UniProtKB:P48745)
GO:0004197	cysteine-type endopeptidase activity	has_direct_input(UniProtKB:P49710)
GO:0004197	cysteine-type endopeptidase activity	has_direct_input(UniProtKB:P49710)
GO:0051457	maintenance of protein location in nucleus	has_direct_input(UniProtKB:P49723)
GO:0004672	protein kinase activity	has_direct_input(UniProtKB:P49736)
GO:0004672	protein kinase activity	has_direct_input(UniProtKB:P49736)
GO:0004672	protein kinase activity	has_direct_input(UniProtKB:P49736)
GO:0051603	proteolysis involved in cellular protein catabolic process	has_direct_input(UniProtKB:P49747
GO:0051603	proteolysis involved in cellular protein catabolic process	has_direct_input(UniProtKB:P49747
GO:0004222	metalloendopeptidase activity	has_direct_input(UniProtKB:P49747)
GO:0004674	protein serine/threonine kinase activity	has_direct_input(UniProtKB:P49840
GO:0018105	peptidyl-serine phosphorylation	has_direct_input(UniProtKB:P49840
GO:0004674	protein serine/threonine kinase activity	has_direct_input(UniProtKB:P49841
GO:0018105	peptidyl-serine phosphorylation	has_direct_input(UniProtKB:P49841
GO:0006508	proteolysis	has_direct_input(UniProtKB:P49841)
GO:0001934	positive regulation of protein phosphorylation	has_direct_input(UniProtKB:P49841)
GO:0008233	peptidase activity	has_direct_input(UniProtKB:P49841)
GO:0048306	calcium-dependent protein binding	has_direct_input(UniProtKB:P50232)
GO:1990801	protein phosphorylation involved in mitotic spindle assembly	has_direct_input(UniProtKB:P50275)
GO:0090169	regulation of spindle assembly	has_direct_input(UniProtKB:P50275)
GO:0019905	syntaxin binding	has_direct_input(UniProtKB:P50279)
GO:0048306	calcium-dependent protein binding	has_direct_input(UniProtKB:P50279)
GO:0033619	membrane protein proteolysis	has_direct_input(UniProtKB:P50405)
GO:0004197	cysteine-type endopeptidase activity	has_direct_input(UniProtKB:P50516)
GO:0004197	cysteine-type endopeptidase activity	has_direct_input(UniProtKB:P50516)
GO:0004197	cysteine-type endopeptidase activity	has_direct_input(UniProtKB:P50518)
GO:0004197	cysteine-type endopeptidase activity	has_direct_input(UniProtKB:P50518)
GO:0006468	protein phosphorylation	has_direct_input(UniProtKB:P50749)
GO:0050821	protein stabilization	has_direct_input(UniProtKB:P50993)
GO:0001671	ATPase activator activity	has_direct_input(UniProtKB:P50993)
GO:1901018	positive regulation of potassium ion transmembrane transporter activity	has_direct_input(UniProtKB:P50993)
GO:0032781	positive regulation of ATPase activity	has_direct_input(UniProtKB:P50993)
GO:0030165	PDZ domain binding	has_direct_input(UniProtKB:P51141)
GO:0005096	GTPase activator activity	has_direct_input(UniProtKB:P51148)
GO:0033126	obsolete positive regulation of GTP catabolic process	has_direct_input(UniProtKB:P51148)
GO:0016567	protein ubiquitination	has_direct_input(UniProtKB:P51149
GO:0016567	protein ubiquitination	has_direct_input(UniProtKB:P51149)
GO:0006508	proteolysis	has_direct_input(UniProtKB:P51460)
GO:1903546	protein localization to photoreceptor outer segment	has_direct_input(UniProtKB:P51491
GO:0015459	potassium channel regulator activity	has_direct_input(UniProtKB:P51787)
GO:1902259	regulation of delayed rectifier potassium channel activity	has_direct_input(UniProtKB:P51787)
GO:0032947	protein complex scaffold	has_direct_input(UniProtKB:P51787)
GO:0004197	cysteine-type endopeptidase activity	has_direct_input(UniProtKB:P51859)
GO:0004197	cysteine-type endopeptidase activity	has_direct_input(UniProtKB:P52480)
GO:0004197	cysteine-type endopeptidase activity	has_direct_input(UniProtKB:P52480)
GO:0031624	ubiquitin conjugating enzyme binding	has_direct_input(UniProtKB:P52491)
GO:0004709	MAP kinase kinase kinase activity	has_direct_input(UniProtKB:P52564)
GO:0001671	ATPase activator activity	has_direct_input(UniProtKB:P52917)
GO:0016887	ATPase activity	has_direct_input(UniProtKB:P52920)
GO:0061665	SUMO ligase activity	has_direct_input(UniProtKB:P52952)
GO:0006468	protein phosphorylation	has_direct_input(UniProtKB:P53035
GO:0006606	protein import into nucleus	has_direct_input(UniProtKB:P53035)
GO:0042826	histone deacetylase binding	has_direct_input(UniProtKB:P53096)
GO:0008047	enzyme activator activity	has_direct_input(UniProtKB:P53131)
GO:0004674	protein serine/threonine kinase activity	has_direct_input(UniProtKB:P53150)
GO:1990804	protein phosphorylation involved in double-strand break repair via nonhomologous end joining	has_direct_input(UniProtKB:P53150)
GO:0006468	protein phosphorylation	has_direct_input(UniProtKB:P53168
GO:0004674	protein serine/threonine kinase activity	has_direct_input(UniProtKB:P53168
GO:0004674	protein serine/threonine kinase activity	has_direct_input(UniProtKB:P53224)
GO:0006468	protein phosphorylation	has_direct_input(UniProtKB:P53267)
GO:0006468	protein phosphorylation	has_direct_input(UniProtKB:P53267)
GO:0004674	protein serine/threonine kinase activity	has_direct_input(UniProtKB:P53267)
GO:0043547	positive regulation of GTPase activity	has_direct_input(UniProtKB:P53290)
GO:0005096	GTPase activator activity	has_direct_input(UniProtKB:P53290)
GO:0004709	MAP kinase kinase kinase activity	has_direct_input(UniProtKB:P53599
GO:0097271	protein localization to bud neck	has_direct_input(UniProtKB:P53890)
GO:0006468	protein phosphorylation	has_direct_input(UniProtKB:P53968)
GO:0032880	regulation of protein localization	has_direct_input(UniProtKB:P53968)
GO:0032091	negative regulation of protein binding	has_direct_input(UniProtKB:P53990
GO:0045944	positive regulation of transcription from RNA polymerase II promoter	has_direct_input(UniProtKB:P54114)
GO:0004197	cysteine-type endopeptidase activity	has_direct_input(UniProtKB:P54227)
GO:0004197	cysteine-type endopeptidase activity	has_direct_input(UniProtKB:P54227)
GO:0070212	protein poly-ADP-ribosylation	has_direct_input(UniProtKB:P54274)
GO:0070198	protein localization to chromosome, telomeric region	has_direct_input(UniProtKB:P54274)
GO:0042803	protein homodimerization activity	has_direct_input(UniProtKB:P54274)
GO:0006471	protein ADP-ribosylation	has_direct_input(UniProtKB:P54274)
GO:0018022	peptidyl-lysine methylation	has_direct_input(UniProtKB:P54652)
GO:0016279	protein-lysine N-methyltransferase activity	has_direct_input(UniProtKB:P54652)
GO:0046777	protein autophosphorylation	has_direct_input(UniProtKB:P54764)
GO:0018108	peptidyl-tyrosine phosphorylation	has_direct_input(UniProtKB:P54764)
GO:0018107	peptidyl-threonine phosphorylation	has_direct_input(UniProtKB:P55011
GO:0018107	peptidyl-threonine phosphorylation	has_direct_input(UniProtKB:P55011
GO:0004674	protein serine/threonine kinase activity	has_direct_input(UniProtKB:P55011
GO:0004672	protein kinase activity	has_direct_input(UniProtKB:P55014)
GO:0042787	protein ubiquitination involved in ubiquitin-dependent protein catabolic process	has_direct_input(UniProtKB:P55061)
GO:0061630	ubiquitin protein ligase activity	has_direct_input(UniProtKB:P55061)
GO:0000209	protein polyubiquitination	has_direct_input(UniProtKB:P55061)
GO:0043161	proteasome-mediated ubiquitin-dependent protein catabolic process	has_direct_input(UniProtKB:P55061)
GO:0030674	protein binding, bridging	has_direct_input(UniProtKB:P55072)
GO:0051117	ATPase binding	has_direct_input(UniProtKB:P55072)
GO:2001271	negative regulation of cysteine-type endopeptidase activity involved in execution phase of apoptosis	has_direct_input(UniProtKB:P55210)
GO:0016310	phosphorylation	has_direct_input(UniProtKB:P55210)
GO:0004252	serine-type endopeptidase activity	has_direct_input(UniProtKB:P56174)
GO:0004197	cysteine-type endopeptidase activity	has_direct_input(UniProtKB:P56399)
GO:0004197	cysteine-type endopeptidase activity	has_direct_input(UniProtKB:P56399)
GO:0042813	Wnt-activated receptor activity	has_direct_input(UniProtKB:P56703)
GO:0004222	metalloendopeptidase activity	has_direct_input(UniProtKB:P56704
GO:0042813	Wnt-activated receptor activity	has_direct_input(UniProtKB:P56704
GO:0042813	Wnt-activated receptor activity	has_direct_input(UniProtKB:P56704)
GO:0010629	negative regulation of gene expression	has_direct_input(UniProtKB:P56817)
GO:0090002	establishment of protein localization to plasma membrane	has_direct_input(UniProtKB:P56817)
GO:1902523	positive regulation of protein K63-linked ubiquitination	has_direct_input(UniProtKB:P57078)
GO:1902527	positive regulation of protein monoubiquitination	has_direct_input(UniProtKB:P57078)
GO:0031398	positive regulation of protein ubiquitination	has_direct_input(UniProtKB:P57078)
GO:1902530	positive regulation of protein linear polyubiquitination	has_direct_input(UniProtKB:P57078)
GO:1902524	positive regulation of protein K48-linked ubiquitination	has_direct_input(UniProtKB:P57078)
GO:0004842	ubiquitin-protein transferase activity	has_direct_input(UniProtKB:P57078)
GO:0017137	Rab GTPase binding	has_direct_input(UniProtKB:P57729)
GO:0030742	GTP-dependent protein binding	has_direct_input(UniProtKB:P57729)
GO:0004197	cysteine-type endopeptidase activity	has_direct_input(UniProtKB:P58252)
GO:0004197	cysteine-type endopeptidase activity	has_direct_input(UniProtKB:P58252)
GO:0090002	establishment of protein localization to plasma membrane	has_direct_input(UniProtKB:P58390)
GO:0055013	cardiac muscle cell development	has_direct_input(UniProtKB:P58390)
GO:2001137	positive regulation of endocytic recycling	has_direct_input(UniProtKB:P58390)
GO:0004672	protein kinase activity	has_direct_input(UniProtKB:P59158)
GO:0017137	Rab GTPase binding	has_direct_input(UniProtKB:P59190)
GO:0000122	negative regulation of transcription from RNA polymerase II promoter	has_direct_input(UniProtKB:P60010)
GO:0000146	microfilament motor activity	has_direct_input(UniProtKB:P60010)
GO:0003823	antigen binding	has_direct_input(UniProtKB:P60033)
GO:0061462	protein localization to lysosome	has_direct_input(UniProtKB:P60033)
GO:0004197	cysteine-type endopeptidase activity	has_direct_input(UniProtKB:P60710)
GO:0004197	cysteine-type endopeptidase activity	has_direct_input(UniProtKB:P60710)
GO:0051290	protein heterotetramerization	has_direct_input(UniProtKB:P60903)
GO:0005085	guanyl-nucleotide exchange factor activity	has_direct_input(UniProtKB:P60953
GO:0017048	Rho GTPase binding	has_direct_input(UniProtKB:P60953
GO:0033126	obsolete positive regulation of GTP catabolic process	has_direct_input(UniProtKB:P61006)
GO:0005096	GTPase activator activity	has_direct_input(UniProtKB:P61006)
GO:0061512	protein localization to cilium	has_direct_input(UniProtKB:P61006)
GO:0018107	peptidyl-threonine phosphorylation	has_direct_input(UniProtKB:P61014)
GO:0004683	calmodulin-dependent protein kinase activity	has_direct_input(UniProtKB:P61014)
GO:0043547	positive regulation of GTPase activity	has_direct_input(UniProtKB:P61019)
GO:0033126	obsolete positive regulation of GTP catabolic process	has_direct_input(UniProtKB:P61019)
GO:0005096	GTPase activator activity	has_direct_input(UniProtKB:P61019)
GO:0005096	GTPase activator activity	has_direct_input(UniProtKB:P61020)
GO:0033126	obsolete positive regulation of GTP catabolic process	has_direct_input(UniProtKB:P61020)
GO:0032456	endocytic recycling	has_direct_input(UniProtKB:P61073)
GO:0031333	negative regulation of protein complex assembly	has_direct_input(UniProtKB:P61265)
GO:0017136	NAD-dependent histone deacetylase activity	has_direct_input(UniProtKB:P61830)
GO:0032403	protein complex binding	has_direct_input(UniProtKB:P61970)
GO:0019888	protein phosphatase regulator activity	has_direct_input(UniProtKB:P62136)
GO:0019888	protein phosphatase regulator activity	has_direct_input(UniProtKB:P62140)
GO:0005516	calmodulin binding	has_direct_input(UniProtKB:P62158)
GO:0005516	calmodulin binding	has_direct_input(UniProtKB:P62161)
GO:0004197	cysteine-type endopeptidase activity	has_direct_input(UniProtKB:P62196)
GO:0004197	cysteine-type endopeptidase activity	has_direct_input(UniProtKB:P62196)
GO:0004197	cysteine-type endopeptidase activity	has_direct_input(UniProtKB:P62270)
GO:0008241	peptidyl-dipeptidase activity	has_direct_input(UniProtKB:P62328:PRO_0000034295)
GO:0071539	protein localization to centrosome	has_direct_input(UniProtKB:P62491)
GO:0033124	obsolete regulation of GTP catabolic process	has_direct_input(UniProtKB:P62491)
GO:0005096	GTPase activator activity	has_direct_input(UniProtKB:P62491)
GO:0004197	cysteine-type endopeptidase activity	has_direct_input(UniProtKB:P62737)
GO:0004197	cysteine-type endopeptidase activity	has_direct_input(UniProtKB:P62737)
GO:0051290	protein heterotetramerization	has_direct_input(UniProtKB:P62805)
GO:0043547	positive regulation of GTPase activity	has_direct_input(UniProtKB:P62820)
GO:0033126	obsolete positive regulation of GTP catabolic process	has_direct_input(UniProtKB:P62820)
GO:0005096	GTPase activator activity	has_direct_input(UniProtKB:P62820)
GO:0032403	protein complex binding	has_direct_input(UniProtKB:P62826
GO:0048365	Rac GTPase binding	has_direct_input(UniProtKB:P63000
GO:0048365	Rac GTPase binding	has_direct_input(UniProtKB:P63000)
GO:0005085	guanyl-nucleotide exchange factor activity	has_direct_input(UniProtKB:P63000)
GO:0048365	Rac GTPase binding	has_direct_input(UniProtKB:P63000)
GO:0016601	Rac protein signal transduction	has_direct_input(UniProtKB:P63000)
GO:0016601	Rac protein signal transduction	has_direct_input(UniProtKB:P63000)
GO:0004197	cysteine-type endopeptidase activity	has_direct_input(UniProtKB:P63038)
GO:0004197	cysteine-type endopeptidase activity	has_direct_input(UniProtKB:P63038)
GO:0001046	core promoter sequence-specific DNA binding	has_direct_input(UniProtKB:P63267)
GO:0033235	positive regulation of protein sumoylation	has_direct_input(UniProtKB:P63279)
GO:0006468	protein phosphorylation	has_direct_input(UniProtKB:P68104)
GO:0008233	peptidase activity	has_direct_input(UniProtKB:P68104)
GO:0008233	peptidase activity	has_direct_input(UniProtKB:P68133)
GO:2000480	negative regulation of cAMP-dependent protein kinase activity	has_direct_input(UniProtKB:P68181
GO:0051290	protein heterotetramerization	has_direct_input(UniProtKB:P68431)
GO:0004197	cysteine-type endopeptidase activity	has_direct_input(UniProtKB:P70188)
GO:0004197	cysteine-type endopeptidase activity	has_direct_input(UniProtKB:P70188)
GO:0006606	protein import into nucleus	has_direct_input(UniProtKB:P70372)
GO:0050731	positive regulation of peptidyl-tyrosine phosphorylation	has_direct_input(UniProtKB:P70424)
GO:0006479	protein methylation	has_direct_input(UniProtKB:P70618)
GO:0008276	protein methyltransferase activity	has_direct_input(UniProtKB:P70618)
GO:0035372	protein localization to microtubule	has_direct_input(UniProtKB:P78318)
GO:0035372	protein localization to microtubule	has_direct_input(UniProtKB:P78352)
GO:0030165	PDZ domain binding	has_direct_input(UniProtKB:P78352)
GO:0004175	endopeptidase activity	has_direct_input(UniProtKB:P78536)
GO:0004872	receptor activity	has_direct_input(UniProtKB:P81172)
GO:0070262	peptidyl-serine dephosphorylation	has_direct_input(UniProtKB:P83268)
GO:0004722	protein serine/threonine phosphatase activity	has_direct_input(UniProtKB:P83268)
GO:0004175	endopeptidase activity	has_direct_input(UniProtKB:P97953)
GO:0016485	protein processing	has_direct_input(UniProtKB:P97953)
GO:0010573	vascular endothelial growth factor production	has_direct_input(UniProtKB:P97953)
GO:0043065	positive regulation of apoptotic process	has_direct_input(UniProtKB:P98170)
GO:0004842	ubiquitin-protein transferase activity	has_direct_input(UniProtKB:P98170)
GO:2001244	positive regulation of intrinsic apoptotic signaling pathway	has_direct_input(UniProtKB:P98170)
GO:0043547	positive regulation of GTPase activity	has_direct_input(UniProtKB:Q00582)
GO:0005088	Ras guanyl-nucleotide exchange factor activity	has_direct_input(UniProtKB:Q00582)
GO:0005096	GTPase activator activity	has_direct_input(UniProtKB:Q00582)
GO:0045944	positive regulation of transcription from RNA polymerase II promoter	has_direct_input(UniProtKB:Q00764)
GO:0004197	cysteine-type endopeptidase activity	has_direct_input(UniProtKB:Q00987)
GO:0050821	protein stabilization	has_direct_input(UniProtKB:Q01094)
GO:0004674	protein serine/threonine kinase activity	has_direct_input(UniProtKB:Q01094)
GO:0000122	negative regulation of transcription from RNA polymerase II promoter	has_direct_input(UniProtKB:Q01589)
GO:0045944	positive regulation of transcription from RNA polymerase II promoter	has_direct_input(UniProtKB:Q01589)
GO:0070682	proteasome regulatory particle assembly	has_direct_input(UniProtKB:Q01939)
GO:0030674	protein binding, bridging	has_direct_input(UniProtKB:Q01939)
GO:0061630	ubiquitin protein ligase activity	has_direct_input(UniProtKB:Q02248)
GO:0018105	peptidyl-serine phosphorylation	has_direct_input(UniProtKB:Q02248)
GO:0004674	protein serine/threonine kinase activity	has_direct_input(UniProtKB:Q02248)
GO:0051291	protein heterooligomerization	has_direct_input(UniProtKB:Q02383
GO:0050817	coagulation	has_direct_input(UniProtKB:Q02383
GO:0000186	activation of MAPKK activity	has_direct_input(UniProtKB:Q02750)
GO:0006468	protein phosphorylation	has_direct_input(UniProtKB:Q03213
GO:0005170	neurotrophin TRKC receptor binding	has_direct_input(UniProtKB:Q03351
GO:0042787	protein ubiquitination involved in ubiquitin-dependent protein catabolic process	has_direct_input(UniProtKB:Q03465)
GO:0004842	ubiquitin-protein transferase activity	has_direct_input(UniProtKB:Q03465)
GO:0000209	protein polyubiquitination	has_direct_input(UniProtKB:Q03465)
GO:0006468	protein phosphorylation	has_direct_input(UniProtKB:Q03954
GO:0004674	protein serine/threonine kinase activity	has_direct_input(UniProtKB:Q03954
GO:0004842	ubiquitin-protein transferase activity	has_direct_input(UniProtKB:Q04195)
GO:0016567	protein ubiquitination	has_direct_input(UniProtKB:Q04195)
GO:0004175	endopeptidase activity	has_direct_input(UniProtKB:Q04206
GO:0006508	proteolysis	has_direct_input(UniProtKB:Q04206
GO:0046982	protein heterodimerization activity	has_direct_input(UniProtKB:Q04206)
GO:0008233	peptidase activity	has_direct_input(UniProtKB:Q04637)
GO:0004672	protein kinase activity	has_direct_input(UniProtKB:Q05193)
GO:0004674	protein serine/threonine kinase activity	has_direct_input(UniProtKB:Q05670
GO:0042307	positive regulation of protein import into nucleus	has_direct_input(UniProtKB:Q05670)
GO:0006468	protein phosphorylation	has_direct_input(UniProtKB:Q05670)
GO:0046827	positive regulation of protein export from nucleus	has_direct_input(UniProtKB:Q05670)
GO:0034504	protein localization to nucleus	has_direct_input(UniProtKB:Q05670)
GO:0006612	protein targeting to membrane	has_direct_input(UniProtKB:Q05776)
GO:1990166	protein localization to site of double-strand break	has_direct_input(UniProtKB:Q06032
GO:0004674	protein serine/threonine kinase activity	has_direct_input(UniProtKB:Q06144)
GO:0004674	protein serine/threonine kinase activity	has_direct_input(UniProtKB:Q06144)
GO:0070200	establishment of protein localization to telomere	has_direct_input(UniProtKB:Q06609)
GO:0070199	establishment of protein localization to chromosome	has_direct_input(UniProtKB:Q06680)
GO:0070199	establishment of protein localization to chromosome	has_direct_input(UniProtKB:Q06680)
GO:0004674	protein serine/threonine kinase activity	has_direct_input(UniProtKB:Q06706)
GO:0001844	protein insertion into mitochondrial membrane involved in apoptotic signaling pathway	has_direct_input(UniProtKB:Q07812)
GO:0090200	positive regulation of release of cytochrome c from mitochondria	has_direct_input(UniProtKB:Q07812)
GO:0032461	positive regulation of protein oligomerization	has_direct_input(UniProtKB:Q07812)
GO:1902657	protein localization to prospore membrane	has_direct_input(UniProtKB:Q07878)
GO:0061630	ubiquitin protein ligase activity	has_direct_input(UniProtKB:Q07912)
GO:0019789	SUMO transferase activity	has_direct_input(UniProtKB:Q08204)
GO:0070200	establishment of protein localization to telomere	has_direct_input(UniProtKB:Q08297)
GO:0034067	protein localization to Golgi apparatus	has_direct_input(UniProtKB:Q08379)
GO:0034501	protein localization to kinetochore	has_direct_input(UniProtKB:Q08490)
GO:0018205	peptidyl-lysine modification	has_direct_input(UniProtKB:Q08499-6)
GO:0061630	ubiquitin protein ligase activity	has_direct_input(UniProtKB:Q08499-6)
GO:0051343	positive regulation of cyclic-nucleotide phosphodiesterase activity	has_direct_input(UniProtKB:Q08499-6)
GO:0048306	calcium-dependent protein binding	has_direct_input(UniProtKB:Q08849)
GO:0048306	calcium-dependent protein binding	has_direct_input(UniProtKB:Q08850)
GO:0004197	cysteine-type endopeptidase activity	has_direct_input(UniProtKB:Q09490)
GO:0004252	serine-type endopeptidase activity	has_direct_input(UniProtKB:Q09626)
GO:0004252	serine-type endopeptidase activity	has_direct_input(UniProtKB:Q09627)
GO:0004252	serine-type endopeptidase activity	has_direct_input(UniProtKB:Q09628)
GO:0061631	ubiquitin conjugating enzyme activity	has_direct_input(UniProtKB:Q10653
GO:0006611	protein export from nucleus	has_direct_input(UniProtKB:Q10666)
GO:0010388	cullin deneddylation	has_direct_input(UniProtKB:Q12018)
GO:0034990	nuclear mitotic cohesin complex	has_direct_input(UniProtKB:Q12158
GO:0051219	phosphoprotein binding	has_direct_input(UniProtKB:Q12158)
GO:0006470	protein dephosphorylation	has_direct_input(UniProtKB:Q12158)
GO:0016887	ATPase activity	has_direct_input(UniProtKB:Q12158)
GO:0004672	protein kinase activity	has_direct_input(UniProtKB:Q12196)
GO:0046777	protein autophosphorylation	has_direct_input(UniProtKB:Q12196)
GO:0016567	protein ubiquitination	has_direct_input(UniProtKB:Q12216)
GO:0004842	ubiquitin-protein transferase activity	has_direct_input(UniProtKB:Q12216)
GO:0006612	protein targeting to membrane	has_direct_input(UniProtKB:Q12246)
GO:0006468	protein phosphorylation	has_direct_input(UniProtKB:Q12248
GO:0004674	protein serine/threonine kinase activity	has_direct_input(UniProtKB:Q12248
GO:0019948	SUMO activating enzyme activity	has_direct_input(UniProtKB:Q12306)
GO:0006470	protein dephosphorylation	has_direct_input(UniProtKB:Q12369)
GO:0004721	phosphoprotein phosphatase activity	has_direct_input(UniProtKB:Q12369)
GO:0045944	positive regulation of transcription from RNA polymerase II promoter	has_direct_input(UniProtKB:Q12412)
GO:0006468	protein phosphorylation	has_direct_input(UniProtKB:Q12522)
GO:0004672	protein kinase activity	has_direct_input(UniProtKB:Q12674
GO:0006468	protein phosphorylation	has_direct_input(UniProtKB:Q12674
GO:0004672	protein kinase activity	has_direct_input(UniProtKB:Q12675
GO:0006468	protein phosphorylation	has_direct_input(UniProtKB:Q12675
GO:0018105	peptidyl-serine phosphorylation	has_direct_input(UniProtKB:Q12778)
GO:0000976	transcription regulatory region sequence-specific DNA binding	has_direct_input(UniProtKB:Q12794)
GO:1901016	regulation of potassium ion transmembrane transporter activity	has_direct_input(UniProtKB:Q12809)
GO:0042787	protein ubiquitination involved in ubiquitin-dependent protein catabolic process	has_direct_input(UniProtKB:Q12809)
GO:1902309	negative regulation of peptidyl-serine dephosphorylation	has_direct_input(UniProtKB:Q12809)
GO:1901979	regulation of inward rectifier potassium channel activity	has_direct_input(UniProtKB:Q12809)
GO:0043161	proteasome-mediated ubiquitin-dependent protein catabolic process	has_direct_input(UniProtKB:Q12809)
GO:1901800	positive regulation of proteasomal protein catabolic process	has_direct_input(UniProtKB:Q12809)
GO:0019870	potassium channel inhibitor activity	has_direct_input(UniProtKB:Q12809)
GO:2000009	negative regulation of protein localization to cell surface	has_direct_input(UniProtKB:Q12809)
GO:0070936	protein K48-linked ubiquitination	has_direct_input(UniProtKB:Q12809)
GO:0015459	potassium channel regulator activity	has_direct_input(UniProtKB:Q12809)
GO:0070320	inward rectifier potassium channel inhibitor activity	has_direct_input(UniProtKB:Q12809)
GO:1901017	negative regulation of potassium ion transmembrane transporter activity	has_direct_input(UniProtKB:Q12809)
GO:0001164	RNA polymerase I CORE element sequence-specific DNA binding	has_direct_input(UniProtKB:Q12824)
GO:0006611	protein export from nucleus	has_direct_input(UniProtKB:Q12906)
GO:0004674	protein serine/threonine kinase activity	has_direct_input(UniProtKB:Q12931)
GO:0018105	peptidyl-serine phosphorylation	has_direct_input(UniProtKB:Q12931)
GO:0061630	ubiquitin protein ligase activity	has_direct_input(UniProtKB:Q12933)
GO:0097016	L27 domain binding	has_direct_input(UniProtKB:Q12959)
GO:0016279	protein-lysine N-methyltransferase activity	has_direct_input(UniProtKB:Q12962)
GO:0005515	protein binding	has_direct_input(UniProtKB:Q13061)
GO:0035970	peptidyl-threonine dephosphorylation	has_direct_input(UniProtKB:Q13131)
GO:0035970	peptidyl-threonine dephosphorylation	has_direct_input(UniProtKB:Q13153)
GO:0004722	protein serine/threonine phosphatase activity	has_direct_input(UniProtKB:Q13153)
GO:0004197	cysteine-type endopeptidase activity	has_direct_input(UniProtKB:Q13177)
GO:0004722	protein serine/threonine phosphatase activity	has_direct_input(UniProtKB:Q13177)
GO:0005515	protein binding	has_direct_input(UniProtKB:Q13188)
GO:0050821	protein stabilization	has_direct_input(UniProtKB:Q13188)
GO:1990405	protein antigen binding	has_direct_input(UniProtKB:Q13241)
GO:0008233	peptidase activity	has_direct_input(UniProtKB:Q13263)
GO:0004674	protein serine/threonine kinase activity	has_direct_input(UniProtKB:Q13316
GO:0002020	protease binding	has_direct_input(UniProtKB:Q13444)
GO:0002020	protease binding	has_direct_input(UniProtKB:Q13444)
GO:0050839	cell adhesion molecule binding	has_direct_input(UniProtKB:Q13477
GO:0050839	cell adhesion molecule binding	has_direct_input(UniProtKB:Q13477
GO:0050839	cell adhesion molecule binding	has_direct_input(UniProtKB:Q13477
GO:0050839	cell adhesion molecule binding	has_direct_input(UniProtKB:Q13477
GO:0043065	positive regulation of apoptotic process	has_direct_input(UniProtKB:Q13489)
GO:0043065	positive regulation of apoptotic process	has_direct_input(UniProtKB:Q13490)
GO:0006468	protein phosphorylation	has_direct_input(UniProtKB:Q13541)
GO:0032403	protein complex binding	has_direct_input(UniProtKB:Q13546
GO:0032403	protein complex binding	has_direct_input(UniProtKB:Q13546
GO:0032403	protein complex binding	has_direct_input(UniProtKB:Q13546
GO:1902523	positive regulation of protein K63-linked ubiquitination	has_direct_input(UniProtKB:Q13546)
GO:1902527	positive regulation of protein monoubiquitination	has_direct_input(UniProtKB:Q13546)
GO:0031398	positive regulation of protein ubiquitination	has_direct_input(UniProtKB:Q13546)
GO:1902530	positive regulation of protein linear polyubiquitination	has_direct_input(UniProtKB:Q13546)
GO:1902524	positive regulation of protein K48-linked ubiquitination	has_direct_input(UniProtKB:Q13546)
GO:0004842	ubiquitin-protein transferase activity	has_direct_input(UniProtKB:Q13546)
GO:0008233	peptidase activity	has_direct_input(UniProtKB:Q13546)
GO:0008233	peptidase activity	has_direct_input(UniProtKB:Q13546)
GO:0033192	calmodulin-dependent protein phosphatase activity	has_direct_input(UniProtKB:Q13555)
GO:0035970	peptidyl-threonine dephosphorylation	has_direct_input(UniProtKB:Q13555)
GO:0046777	protein autophosphorylation	has_direct_input(UniProtKB:Q13557)
GO:0046982	protein heterodimerization activity	has_direct_input(UniProtKB:Q13596)
GO:0033126	obsolete positive regulation of GTP catabolic process	has_direct_input(UniProtKB:Q13637)
GO:0017137	Rab GTPase binding	has_direct_input(UniProtKB:Q13637)
GO:0030742	GTP-dependent protein binding	has_direct_input(UniProtKB:Q13637)
GO:0043547	positive regulation of GTPase activity	has_direct_input(UniProtKB:Q13637)
GO:0005096	GTPase activator activity	has_direct_input(UniProtKB:Q13637)
GO:0006508	proteolysis	has_direct_input(UniProtKB:Q13813)
GO:0090002	establishment of protein localization to plasma membrane	has_direct_input(UniProtKB:Q14118
GO:0006468	protein phosphorylation	has_direct_input(UniProtKB:Q14155)
GO:0004672	protein kinase activity	has_direct_input(UniProtKB:Q14155)
GO:0001934	positive regulation of protein phosphorylation	has_direct_input(UniProtKB:Q14247)
GO:0090002	establishment of protein localization to plasma membrane	has_direct_input(UniProtKB:Q14524
GO:0018107	peptidyl-threonine phosphorylation	has_direct_input(UniProtKB:Q14524)
GO:2000650	negative regulation of sodium ion transmembrane transporter activity	has_direct_input(UniProtKB:Q14524)
GO:2000649	regulation of sodium ion transmembrane transporter activity	has_direct_input(UniProtKB:Q14524)
GO:0016567	protein ubiquitination	has_direct_input(UniProtKB:Q14524)
GO:0004683	calmodulin-dependent protein kinase activity	has_direct_input(UniProtKB:Q14524)
GO:0017080	sodium channel regulator activity	has_direct_input(UniProtKB:Q14524)
GO:0018105	peptidyl-serine phosphorylation	has_direct_input(UniProtKB:Q14524)
GO:0019871	sodium channel inhibitor activity	has_direct_input(UniProtKB:Q14524)
GO:1902083	negative regulation of peptidyl-cysteine S-nitrosylation	has_direct_input(UniProtKB:Q14524)
GO:0004674	protein serine/threonine kinase activity	has_direct_input(UniProtKB:Q14524)
GO:0019855	calcium channel inhibitor activity	has_direct_input(UniProtKB:Q14643)
GO:0035335	peptidyl-tyrosine dephosphorylation	has_direct_input(UniProtKB:Q14764
GO:0004713	protein tyrosine kinase activity	has_direct_input(UniProtKB:Q14764)
GO:0006471	protein ADP-ribosylation	has_direct_input(UniProtKB:Q14974)
GO:0000977	RNA polymerase II regulatory region sequence-specific DNA binding	has_direct_input(UniProtKB:Q15011)
GO:1903373	positive regulation of endoplasmic reticulum tubular network organization	has_direct_input(UniProtKB:Q15042
GO:0071786	endoplasmic reticulum tubular network organization	has_direct_input(UniProtKB:Q15042
GO:0017112	Rab guanyl-nucleotide exchange factor activity	has_direct_input(UniProtKB:Q15042
GO:0097051	establishment of protein localization to endoplasmic reticulum membrane	has_direct_input(UniProtKB:Q15042
GO:0008233	peptidase activity	has_direct_input(UniProtKB:Q15067)
GO:0070234	positive regulation of T cell apoptotic process	has_direct_input(UniProtKB:Q15116)
GO:0071539	protein localization to centrosome	has_direct_input(UniProtKB:Q15154)
GO:0033126	obsolete positive regulation of GTP catabolic process	has_direct_input(UniProtKB:Q15286)
GO:0005096	GTPase activator activity	has_direct_input(UniProtKB:Q15286)
GO:0005085	guanyl-nucleotide exchange factor activity	has_direct_input(UniProtKB:Q15286)
GO:0004725	protein tyrosine phosphatase activity	has_direct_input(UniProtKB:Q16288)
GO:0004672	protein kinase activity	has_direct_input(UniProtKB:Q16555)
GO:0000979	RNA polymerase II core promoter sequence-specific DNA binding	has_direct_input(UniProtKB:Q16643)
GO:0006508	proteolysis	has_direct_input(UniProtKB:Q16651)
GO:0008236	serine-type peptidase activity	has_direct_input(UniProtKB:Q16651)
GO:0061630	ubiquitin protein ligase activity	has_direct_input(UniProtKB:Q16665)
GO:0016567	protein ubiquitination	has_direct_input(UniProtKB:Q16665)
GO:0051290	protein heterotetramerization	has_direct_input(UniProtKB:Q16695)
GO:0061631	ubiquitin conjugating enzyme activity	has_direct_input(UniProtKB:Q18235
GO:0042030	ATPase inhibitor activity	has_direct_input(UniProtKB:Q18688)
GO:0004860	protein kinase inhibitor activity	has_direct_input(UniProtKB:Q19192)
GO:0006468	protein phosphorylation	has_direct_input(UniProtKB:Q1ZXE2)
GO:0035372	protein localization to microtubule	has_direct_input(UniProtKB:Q1ZXQ8)
GO:0005089	Rho guanyl-nucleotide exchange factor activity	has_direct_input(UniProtKB:Q22038)
GO:0004674	protein serine/threonine kinase activity	has_direct_input(UniProtKB:Q23359)
GO:0061630	ubiquitin protein ligase activity	has_direct_input(UniProtKB:Q27874)
GO:0006468	protein phosphorylation	has_direct_input(UniProtKB:Q2PQA9
GO:0006470	protein dephosphorylation	has_direct_input(UniProtKB:Q2PQA9
GO:0033192	calmodulin-dependent protein phosphatase activity	has_direct_input(UniProtKB:Q2PQA9
GO:0000977	RNA polymerase II regulatory region sequence-specific DNA binding	has_direct_input(UniProtKB:Q2V4U7)
GO:0016274	protein-arginine N-methyltransferase activity	has_direct_input(UniProtKB:Q304E5)
GO:0004197	cysteine-type endopeptidase activity	has_direct_input(UniProtKB:Q3TC93)
GO:0004197	cysteine-type endopeptidase activity	has_direct_input(UniProtKB:Q3TC93)
GO:0010628	positive regulation of gene expression	has_direct_input(UniProtKB:Q4KUS2
GO:0034504	protein localization to nucleus	has_direct_input(UniProtKB:Q53GL7)
GO:0039656	modulation by virus of host gene expression	has_direct_input(UniProtKB:Q53GL7)
GO:0000979	RNA polymerase II core promoter sequence-specific DNA binding	has_direct_input(UniProtKB:Q53H47)
GO:0010467	gene expression	has_direct_input(UniProtKB:Q54KF7)
GO:0034394	protein localization to cell surface	has_direct_input(UniProtKB:Q54KF7)
GO:0050821	protein stabilization	has_direct_input(UniProtKB:Q54KF7)
GO:0046982	protein heterodimerization activity	has_direct_input(UniProtKB:Q54V07
GO:0008104	protein localization	has_direct_input(UniProtKB:Q54X65)
GO:0016567	protein ubiquitination	has_direct_input(UniProtKB:Q55CL6)
GO:0016925	protein sumoylation	has_direct_input(UniProtKB:Q55CL6)
GO:0072657	protein localization to membrane	has_direct_input(UniProtKB:Q55GK8)
GO:0050821	protein stabilization	has_direct_input(UniProtKB:Q55GK8)
GO:0070208	protein heterotrimerization	has_direct_input(UniProtKB:Q5DW34)
GO:1990272	anti-Mullerian hormone receptor activity	has_direct_input(UniProtKB:Q5EC55)
GO:0004674	protein serine/threonine kinase activity	has_direct_input(UniProtKB:Q5S006)
GO:0018105	peptidyl-serine phosphorylation	has_direct_input(UniProtKB:Q5S006)
GO:0018105	peptidyl-serine phosphorylation	has_direct_input(UniProtKB:Q5S007)
GO:0004674	protein serine/threonine kinase activity	has_direct_input(UniProtKB:Q5S007)
GO:0097016	L27 domain binding	has_direct_input(UniProtKB:Q5T2T1
GO:0031625	ubiquitin protein ligase binding	has_direct_input(UniProtKB:Q5U430)
GO:0005096	GTPase activator activity	has_direct_input(UniProtKB:Q5VZM2)
GO:0017124	SH3 domain binding	has_direct_input(UniProtKB:Q60598)
GO:0004672	protein kinase activity	has_direct_input(UniProtKB:Q60795
GO:0046982	protein heterodimerization activity	has_direct_input(UniProtKB:Q60795)
GO:0004672	protein kinase activity	has_direct_input(UniProtKB:Q60838
GO:0008233	peptidase activity	has_direct_input(UniProtKB:Q60855)
GO:0050731	positive regulation of peptidyl-tyrosine phosphorylation	has_direct_input(UniProtKB:Q61526)
GO:0070613	regulation of protein processing	has_direct_input(UniProtKB:Q61602)
GO:0051220	cytoplasmic sequestering of protein	has_direct_input(UniProtKB:Q61602)
GO:0051220	cytoplasmic sequestering of protein	has_direct_input(UniProtKB:Q61602)
GO:0004197	cysteine-type endopeptidase activity	has_direct_input(UniProtKB:Q61937)
GO:0035372	protein localization to microtubule	has_direct_input(UniProtKB:Q62108)
GO:0004222	metalloendopeptidase activity	has_direct_input(UniProtKB:Q62507)
GO:0006508	proteolysis	has_direct_input(UniProtKB:Q62507)
GO:0072659	protein localization to plasma membrane	has_direct_input(UniProtKB:Q684P5)
GO:0070534	protein K63-linked ubiquitination	has_direct_input(UniProtKB:Q69ZR2
GO:0051865	protein autoubiquitination	has_direct_input(UniProtKB:Q69ZR2
GO:0004674	protein serine/threonine kinase activity	has_direct_input(UniProtKB:Q6JBY9)
GO:0061630	ubiquitin protein ligase activity	has_direct_input(UniProtKB:Q6NUN9)
GO:0004621	glycosylphosphatidylinositol phospholipase D activity	has_direct_input(UniProtKB:Q6P6V0)
GO:0004197	cysteine-type endopeptidase activity	has_direct_input(UniProtKB:Q6PEB6)
GO:0004197	cysteine-type endopeptidase activity	has_direct_input(UniProtKB:Q6PEB6)
GO:0004197	cysteine-type endopeptidase activity	has_direct_input(UniProtKB:Q6PGL7)
GO:0004197	cysteine-type endopeptidase activity	has_direct_input(UniProtKB:Q6PGL7)
GO:0031625	ubiquitin protein ligase binding	has_direct_input(UniProtKB:Q6WKZ8)
GO:0004197	cysteine-type endopeptidase activity	has_direct_input(UniProtKB:Q6ZQ58)
GO:0004197	cysteine-type endopeptidase activity	has_direct_input(UniProtKB:Q6ZQ58)
GO:0071108	protein K48-linked deubiquitination	has_direct_input(UniProtKB:Q6ZQ89
GO:1990380	Lys48-specific deubiquitinase activity	has_direct_input(UniProtKB:Q6ZQ89)
GO:0036010	protein localization to endosome	has_direct_input(UniProtKB:Q6ZVM7)
GO:0008233	peptidase activity	has_direct_input(UniProtKB:Q6ZVN8)
GO:0016485	protein processing	has_direct_input(UniProtKB:Q6ZVN8)
GO:0004694	eukaryotic translation initiation factor 2alpha kinase activity	has_direct_input(UniProtKB:Q6ZWX6
GO:0018105	peptidyl-serine phosphorylation	has_direct_input(UniProtKB:Q6ZWX6
GO:0008233	peptidase activity	has_direct_input(UniProtKB:Q71U36)
GO:0004672	protein kinase activity	has_direct_input(UniProtKB:Q76N32)
GO:0010457	centriole-centriole cohesion	has_direct_input(UniProtKB:Q76N32)
GO:0006468	protein phosphorylation	has_direct_input(UniProtKB:Q76N32)
GO:0030674	protein binding, bridging	has_direct_input(UniProtKB:Q76N32)
GO:0005096	GTPase activator activity	has_direct_input(UniProtKB:Q7L523)
GO:0016601	Rac protein signal transduction	has_direct_input(UniProtKB:Q7L576
GO:0048365	Rac GTPase binding	has_direct_input(UniProtKB:Q7L576
GO:0032403	protein complex binding	has_direct_input(UniProtKB:Q7L576
GO:0016601	Rac protein signal transduction	has_direct_input(UniProtKB:Q7L576
GO:0032403	protein complex binding	has_direct_input(UniProtKB:Q7L576
GO:0016601	Rac protein signal transduction	has_direct_input(UniProtKB:Q7L576
GO:0016601	Rac protein signal transduction	has_direct_input(UniProtKB:Q7L576
GO:0048365	Rac GTPase binding	has_direct_input(UniProtKB:Q7L576
GO:0032403	protein complex binding	has_direct_input(UniProtKB:Q7L576
GO:0032403	protein complex binding	has_direct_input(UniProtKB:Q7L576
GO:0048365	Rac GTPase binding	has_direct_input(UniProtKB:Q7L576
GO:0048365	Rac GTPase binding	has_direct_input(UniProtKB:Q7L576
GO:0032403	protein complex binding	has_direct_input(UniProtKB:Q7L576
GO:0032403	protein complex binding	has_direct_input(UniProtKB:Q7L576
GO:0019869	chloride channel inhibitor activity	has_direct_input(UniProtKB:Q7LBE3)
GO:0042803	protein homodimerization activity	has_direct_input(UniProtKB:Q7TPR4)
GO:0004197	cysteine-type endopeptidase activity	has_direct_input(UniProtKB:Q7TPV4)
GO:0004197	cysteine-type endopeptidase activity	has_direct_input(UniProtKB:Q80XU3)
GO:0034613	cellular protein localization	has_direct_input(UniProtKB:Q80Z38)
GO:0061635	regulation of protein complex stability	has_direct_input(UniProtKB:Q86VN1
GO:0000209	protein polyubiquitination	has_direct_input(UniProtKB:Q86WG3)
GO:0061630	ubiquitin protein ligase activity	has_direct_input(UniProtKB:Q86WG3)
GO:0008233	peptidase activity	has_direct_input(UniProtKB:Q86XE2)
GO:0006468	protein phosphorylation	has_direct_input(UniProtKB:Q86Y91
GO:0005096	GTPase activator activity	has_direct_input(UniProtKB:Q86YS6)
GO:0005096	GTPase activator activity	has_direct_input(UniProtKB:Q86YS6)
GO:0033126	obsolete positive regulation of GTP catabolic process	has_direct_input(UniProtKB:Q86YS6)
GO:0043547	positive regulation of GTPase activity	has_direct_input(UniProtKB:Q86YS6)
GO:0003810	protein-glutamine gamma-glutamyltransferase activity	has_direct_input(UniProtKB:Q86YZ3)
GO:0016925	protein sumoylation	has_direct_input(UniProtKB:Q8AWA0
GO:0006468	protein phosphorylation	has_direct_input(UniProtKB:Q8BJW6)
GO:0004197	cysteine-type endopeptidase activity	has_direct_input(UniProtKB:Q8BTI8)
GO:0004197	cysteine-type endopeptidase activity	has_direct_input(UniProtKB:Q8BTI8)
GO:0004197	cysteine-type endopeptidase activity	has_direct_input(UniProtKB:Q8BVE3)
GO:0004197	cysteine-type endopeptidase activity	has_direct_input(UniProtKB:Q8BVE3)
GO:0004197	cysteine-type endopeptidase activity	has_direct_input(UniProtKB:Q8C3Q9)
GO:2001244	positive regulation of intrinsic apoptotic signaling pathway	has_direct_input(UniProtKB:Q8IUQ4)
GO:0043539	protein serine/threonine kinase activator activity	has_direct_input(UniProtKB:Q8IWU2)
GO:0034067	protein localization to Golgi apparatus	has_direct_input(UniProtKB:Q8IY31)
GO:0071539	protein localization to centrosome	has_direct_input(UniProtKB:Q8IYE1)
GO:0032091	negative regulation of protein binding	has_direct_input(UniProtKB:Q8IYI6
GO:0032403	protein complex binding	has_direct_input(UniProtKB:Q8IZP0
GO:0097500	receptor localization to non-motile cilium	has_direct_input(UniProtKB:Q8JZL2)
GO:0004672	protein kinase activity	has_direct_input(UniProtKB:Q8JZX9)
GO:0018105	peptidyl-serine phosphorylation	has_direct_input(UniProtKB:Q8K3K8)
GO:0004674	protein serine/threonine kinase activity	has_direct_input(UniProtKB:Q8K3K8)
GO:2000778	positive regulation of interleukin-6 secretion	has_direct_input(UniProtKB:Q8K4C2)
GO:0004721	phosphoprotein phosphatase activity	has_direct_input(UniProtKB:Q8MQ04)
GO:0008233	peptidase activity	has_direct_input(UniProtKB:Q8N163)
GO:0018108	peptidyl-tyrosine phosphorylation	has_direct_input(UniProtKB:Q8N423)
GO:0035970	peptidyl-threonine dephosphorylation	has_direct_input(UniProtKB:Q8N5S9)
GO:0032403	protein complex binding	has_direct_input(UniProtKB:Q8NB16
GO:0032403	protein complex binding	has_direct_input(UniProtKB:Q8NB16
GO:0032403	protein complex binding	has_direct_input(UniProtKB:Q8NB16
GO:0004672	protein kinase activity	has_direct_input(UniProtKB:Q8NB16
GO:0004672	protein kinase activity	has_direct_input(UniProtKB:Q8NB16
GO:0018107	peptidyl-threonine phosphorylation	has_direct_input(UniProtKB:Q8NEB9)
GO:0004674	protein serine/threonine kinase activity	has_direct_input(UniProtKB:Q8NEB9)
GO:0018108	peptidyl-tyrosine phosphorylation	has_direct_input(UniProtKB:Q8NHJ6)
GO:0018108	peptidyl-tyrosine phosphorylation	has_direct_input(UniProtKB:Q8NHL6)
GO:0018108	peptidyl-tyrosine phosphorylation	has_direct_input(UniProtKB:Q8NHL6)
GO:0004197	cysteine-type endopeptidase activity	has_direct_input(UniProtKB:Q8R0K4)
GO:0004197	cysteine-type endopeptidase activity	has_direct_input(UniProtKB:Q8R0K4)
GO:0044212	transcription regulatory region DNA binding	has_direct_input(UniProtKB:Q8R180
GO:1990440	positive regulation of transcription from RNA polymerase II promoter in response to endoplasmic reticulum stress	has_direct_input(UniProtKB:Q8R180)
GO:0004197	cysteine-type endopeptidase activity	has_direct_input(UniProtKB:Q8R574)
GO:0004197	cysteine-type endopeptidase activity	has_direct_input(UniProtKB:Q8R574)
GO:0001077	transcriptional activator activity, RNA polymerase II core promoter proximal region sequence-specific binding	has_direct_input(UniProtKB:Q8TAP4)
GO:0030295	protein kinase activator activity	has_direct_input(UniProtKB:Q8TAX0
GO:0004672	protein kinase activity	has_direct_input(UniProtKB:Q8TAX0
GO:0006468	protein phosphorylation	has_direct_input(UniProtKB:Q8TAX0
GO:0023016	signal transduction by trans-phosphorylation	has_direct_input(UniProtKB:Q8TAX0)
GO:0006508	proteolysis	has_direct_input(UniProtKB:Q8VCM5
GO:0006508	proteolysis	has_direct_input(UniProtKB:Q8VCM5
GO:0008233	peptidase activity	has_direct_input(UniProtKB:Q8VCM5
GO:0008233	peptidase activity	has_direct_input(UniProtKB:Q8VCM5
GO:0004197	cysteine-type endopeptidase activity	has_direct_input(UniProtKB:Q8VDD5)
GO:0004197	cysteine-type endopeptidase activity	has_direct_input(UniProtKB:Q8VDD5)
GO:0061630	ubiquitin protein ligase activity	has_direct_input(UniProtKB:Q8VDF2)
GO:0050821	protein stabilization	has_direct_input(UniProtKB:Q8VDN2
GO:0032092	positive regulation of protein binding	has_direct_input(UniProtKB:Q8VI56
GO:0004683	calmodulin-dependent protein kinase activity	has_direct_input(UniProtKB:Q8WQC9)
GO:0048365	Rac GTPase binding	has_direct_input(UniProtKB:Q8WUW1
GO:0048365	Rac GTPase binding	has_direct_input(UniProtKB:Q8WUW1
GO:0016601	Rac protein signal transduction	has_direct_input(UniProtKB:Q8WUW1
GO:0016601	Rac protein signal transduction	has_direct_input(UniProtKB:Q8WUW1
GO:0032403	protein complex binding	has_direct_input(UniProtKB:Q8WUW1
GO:0016601	Rac protein signal transduction	has_direct_input(UniProtKB:Q8WUW1
GO:0048365	Rac GTPase binding	has_direct_input(UniProtKB:Q8WUW1
GO:0032403	protein complex binding	has_direct_input(UniProtKB:Q8WUW1
GO:0032403	protein complex binding	has_direct_input(UniProtKB:Q8WUW1
GO:0045184	establishment of protein localization	has_direct_input(UniProtKB:Q8WV92
GO:0006508	proteolysis	has_direct_input(UniProtKB:Q8WZ42)
GO:0018107	peptidyl-threonine phosphorylation	has_direct_input(UniProtKB:Q8WZ42)
GO:0004683	calmodulin-dependent protein kinase activity	has_direct_input(UniProtKB:Q8WZ42)
GO:0018105	peptidyl-serine phosphorylation	has_direct_input(UniProtKB:Q8WZ42)
GO:0005169	neurotrophin TRKB receptor binding	has_direct_input(UniProtKB:Q91987
GO:0004674	protein serine/threonine kinase activity	has_direct_input(UniProtKB:Q91V14-1)
GO:0018107	peptidyl-threonine phosphorylation	has_direct_input(UniProtKB:Q91V14-1)
GO:0004197	cysteine-type endopeptidase activity	has_direct_input(UniProtKB:Q91VE6)
GO:0004197	cysteine-type endopeptidase activity	has_direct_input(UniProtKB:Q91VR5)
GO:0004197	cysteine-type endopeptidase activity	has_direct_input(UniProtKB:Q91VR5)
GO:0004674	protein serine/threonine kinase activity	has_direct_input(UniProtKB:Q91YI1
GO:0018105	peptidyl-serine phosphorylation	has_direct_input(UniProtKB:Q91YI1)
GO:0090002	establishment of protein localization to plasma membrane	has_direct_input(UniProtKB:Q91ZD4)
GO:0004197	cysteine-type endopeptidase activity	has_direct_input(UniProtKB:Q921F2)
GO:0004197	cysteine-type endopeptidase activity	has_direct_input(UniProtKB:Q921F2)
GO:0004197	cysteine-type endopeptidase activity	has_direct_input(UniProtKB:Q922B2)
GO:0004197	cysteine-type endopeptidase activity	has_direct_input(UniProtKB:Q922B2)
GO:0004197	cysteine-type endopeptidase activity	has_direct_input(UniProtKB:Q923D5)
GO:0004197	cysteine-type endopeptidase activity	has_direct_input(UniProtKB:Q923D5)
GO:0004674	protein serine/threonine kinase activity	has_direct_input(UniProtKB:Q924N4-1)
GO:0018107	peptidyl-threonine phosphorylation	has_direct_input(UniProtKB:Q924N4-1)
GO:0048365	Rac GTPase binding	has_direct_input(UniProtKB:Q92558
GO:0032403	protein complex binding	has_direct_input(UniProtKB:Q92558
GO:0016601	Rac protein signal transduction	has_direct_input(UniProtKB:Q92558
GO:0016601	Rac protein signal transduction	has_direct_input(UniProtKB:Q92558
GO:0032403	protein complex binding	has_direct_input(UniProtKB:Q92558
GO:0016601	Rac protein signal transduction	has_direct_input(UniProtKB:Q92558
GO:0048365	Rac GTPase binding	has_direct_input(UniProtKB:Q92558
GO:0032403	protein complex binding	has_direct_input(UniProtKB:Q92558
GO:0048365	Rac GTPase binding	has_direct_input(UniProtKB:Q92558
GO:0044325	ion channel binding	has_direct_input(UniProtKB:Q92736
GO:0090002	establishment of protein localization to plasma membrane	has_direct_input(UniProtKB:Q92887
GO:0017080	sodium channel regulator activity	has_direct_input(UniProtKB:Q92913)
GO:0016558	protein import into peroxisome matrix	has_direct_input(UniProtKB:Q92930)
GO:0010698	acetyltransferase activator activity	has_direct_input(UniProtKB:Q92993)
GO:0030674	protein binding, bridging	has_direct_input(UniProtKB:Q92995
GO:0030674	protein binding, bridging	has_direct_input(UniProtKB:Q969G9)
GO:0061630	ubiquitin protein ligase activity	has_direct_input(UniProtKB:Q969H0
GO:0006508	proteolysis	has_direct_input(UniProtKB:Q969V5
GO:0008233	peptidase activity	has_direct_input(UniProtKB:Q969V5
GO:0016579	protein deubiquitination	has_direct_input(UniProtKB:Q96AP0
GO:0003924	GTPase activity	has_direct_input(UniProtKB:Q96CN4)
GO:0006184	obsolete GTP catabolic process	has_direct_input(UniProtKB:Q96CN4)
GO:0005096	GTPase activator activity	has_direct_input(UniProtKB:Q96E17)
GO:0043547	positive regulation of GTPase activity	has_direct_input(UniProtKB:Q96E17)
GO:0071169	establishment of protein localization to chromatin	has_direct_input(UniProtKB:Q96EB6)
GO:0050821	protein stabilization	has_direct_input(UniProtKB:Q96EB6)
GO:0044212	transcription regulatory region DNA binding	has_direct_input(UniProtKB:Q96HE7
GO:0032403	protein complex binding	has_direct_input(UniProtKB:Q96HS1
GO:0010922	positive regulation of phosphatase activity	has_direct_input(UniProtKB:Q96HS1
GO:0032403	protein complex binding	has_direct_input(UniProtKB:Q96HS1
GO:0032403	protein complex binding	has_direct_input(UniProtKB:Q96HS1
GO:0004672	protein kinase activity	has_direct_input(UniProtKB:Q96HS1
GO:0070266	necroptotic process	has_direct_input(UniProtKB:Q96HS1-1
GO:0070266	necroptotic process	has_direct_input(UniProtKB:Q96HS1-2)
GO:0006605	protein targeting	has_direct_input(UniProtKB:Q96J84
GO:0006612	protein targeting to membrane	has_direct_input(UniProtKB:Q96J84
GO:0032091	negative regulation of protein binding	has_direct_input(UniProtKB:Q96KP1)
GO:0071360	cellular response to exogenous dsRNA	has_direct_input(UniProtKB:Q96KP1)
GO:0070208	protein heterotrimerization	has_direct_input(UniProtKB:Q96KQ7
GO:0061740	protein targeting to lysosome involved in chaperone-mediated autophagy	has_direct_input(UniProtKB:Q96PG8)
GO:1905394	retromer complex binding	has_direct_input(UniProtKB:Q96QK1)
GO:0006622	protein targeting to lysosome	has_direct_input(UniProtKB:Q96S99)
GO:0001046	core promoter sequence-specific DNA binding	has_direct_input(UniProtKB:Q98SN3)
GO:0006508	proteolysis	has_direct_input(UniProtKB:Q99497)
GO:0004175	endopeptidase activity	has_direct_input(UniProtKB:Q99497)
GO:0006468	protein phosphorylation	has_direct_input(UniProtKB:Q99661)
GO:0008233	peptidase activity	has_direct_input(UniProtKB:Q99714)
GO:0008233	peptidase activity	has_direct_input(UniProtKB:Q99867)
GO:0071539	protein localization to centrosome	has_direct_input(UniProtKB:Q99996)
GO:0006508	proteolysis	has_direct_input(UniProtKB:Q99LX0
GO:0061635	regulation of protein complex stability	has_direct_input(UniProtKB:Q9BRG1)
GO:0061630	ubiquitin protein ligase activity	has_direct_input(UniProtKB:Q9BT88
GO:0042787	protein ubiquitination involved in ubiquitin-dependent protein catabolic process	has_direct_input(UniProtKB:Q9BT88)
GO:0008233	peptidase activity	has_direct_input(UniProtKB:Q9BUF5)
GO:0051086	chaperone mediated protein folding independent of cofactor	has_direct_input(UniProtKB:Q9BUR4)
GO:0010457	centriole-centriole cohesion	has_direct_input(UniProtKB:Q9BV73
GO:0030674	protein binding, bridging	has_direct_input(UniProtKB:Q9BV73
GO:0004672	protein kinase activity	has_direct_input(UniProtKB:Q9BV73)
GO:0017137	Rab GTPase binding	has_direct_input(UniProtKB:Q9BZG1
GO:0004197	cysteine-type endopeptidase activity	has_direct_input(UniProtKB:Q9CPW4)
GO:0004197	cysteine-type endopeptidase activity	has_direct_input(UniProtKB:Q9CPW4)
GO:0004672	protein kinase activity	has_direct_input(UniProtKB:Q9CQC5)
GO:0004672	protein kinase activity	has_direct_input(UniProtKB:Q9CQC5)
GO:0004197	cysteine-type endopeptidase activity	has_direct_input(UniProtKB:Q9CR98)
GO:0004197	cysteine-type endopeptidase activity	has_direct_input(UniProtKB:Q9CR98)
GO:0004197	cysteine-type endopeptidase activity	has_direct_input(UniProtKB:Q9D903)
GO:0004872	receptor activity	has_direct_input(UniProtKB:Q9EQ21)
GO:0005515	protein binding	has_direct_input(UniProtKB:Q9EQH3)
GO:0033126	obsolete positive regulation of GTP catabolic process	has_direct_input(UniProtKB:Q9H082)
GO:0043547	positive regulation of GTPase activity	has_direct_input(UniProtKB:Q9H082)
GO:0005096	GTPase activator activity	has_direct_input(UniProtKB:Q9H082)
GO:0005096	GTPase activator activity	has_direct_input(UniProtKB:Q9H0T7)
GO:0033126	obsolete positive regulation of GTP catabolic process	has_direct_input(UniProtKB:Q9H0T7)
GO:0018105	peptidyl-serine phosphorylation	has_direct_input(UniProtKB:Q9H1E3)
GO:0004674	protein serine/threonine kinase activity	has_direct_input(UniProtKB:Q9H1E3)
GO:0018107	peptidyl-threonine phosphorylation	has_direct_input(UniProtKB:Q9H1E3)
GO:1903373	positive regulation of endoplasmic reticulum tubular network organization	has_direct_input(UniProtKB:Q9H2M9
GO:0017112	Rab guanyl-nucleotide exchange factor activity	has_direct_input(UniProtKB:Q9H2M9
GO:0097051	establishment of protein localization to endoplasmic reticulum membrane	has_direct_input(UniProtKB:Q9H2M9
GO:0071786	endoplasmic reticulum tubular network organization	has_direct_input(UniProtKB:Q9H2M9)
GO:0015459	potassium channel regulator activity	has_direct_input(UniProtKB:Q9H2S1)
GO:0090002	establishment of protein localization to plasma membrane	has_direct_input(UniProtKB:Q9H2S1)
GO:0004674	protein serine/threonine kinase activity	has_direct_input(UniProtKB:Q9H2X9-1)
GO:0018107	peptidyl-threonine phosphorylation	has_direct_input(UniProtKB:Q9H2X9-1)
GO:0010629	negative regulation of gene expression	has_direct_input(UniProtKB:Q9H3D4
GO:0070208	protein heterotrimerization	has_direct_input(UniProtKB:Q9H9B1)
GO:0046982	protein heterodimerization activity	has_direct_input(UniProtKB:Q9HAW7)
GO:1904224	negative regulation of glucuronosyltransferase activity	has_direct_input(UniProtKB:Q9HAW7-1)
GO:0046982	protein heterodimerization activity	has_direct_input(UniProtKB:Q9HAW8)
GO:0046982	protein heterodimerization activity	has_direct_input(UniProtKB:Q9HAW9)
GO:1904224	negative regulation of glucuronosyltransferase activity	has_direct_input(UniProtKB:Q9HAW9-1)
GO:0004713	protein tyrosine kinase activity	has_direct_input(UniProtKB:Q9JJ00)
GO:0050821	protein stabilization	has_direct_input(UniProtKB:Q9JJ59)
GO:0006625	protein targeting to peroxisome	has_direct_input(UniProtKB:Q9JJK4)
GO:0097162	MADS box domain binding	has_direct_input(UniProtKB:Q9JM73)
GO:0005011	macrophage colony-stimulating factor receptor activity	has_direct_input(UniProtKB:Q9JM90)
GO:0061631	ubiquitin conjugating enzyme activity	has_direct_input(UniProtKB:Q9N2Z7)
GO:0061631	ubiquitin conjugating enzyme activity	has_direct_input(UniProtKB:Q9N6D8)
GO:0099614	protein targeting to spore cell wall	has_direct_input(UniProtKB:Q9NAX4)
GO:0004252	serine-type endopeptidase activity	has_direct_input(UniProtKB:Q9NEK7)
GO:0061630	ubiquitin protein ligase activity	has_direct_input(UniProtKB:Q9NEZ5)
GO:0017112	Rab guanyl-nucleotide exchange factor activity	has_direct_input(UniProtKB:Q9NP72)
GO:0097051	establishment of protein localization to endoplasmic reticulum membrane	has_direct_input(UniProtKB:Q9NP72)
GO:0017112	Rab guanyl-nucleotide exchange factor activity	has_direct_input(UniProtKB:Q9NP72)
GO:0097051	establishment of protein localization to endoplasmic reticulum membrane	has_direct_input(UniProtKB:Q9NP72)
GO:0050821	protein stabilization	has_direct_input(UniProtKB:Q9NP78)
GO:0004674	protein serine/threonine kinase activity	has_direct_input(UniProtKB:Q9NQ76)
GO:0018108	peptidyl-tyrosine phosphorylation	has_direct_input(UniProtKB:Q9NQC3)
GO:0004713	protein tyrosine kinase activity	has_direct_input(UniProtKB:Q9NQC3)
GO:0004672	protein kinase activity	has_direct_input(UniProtKB:Q9NQX3)
GO:0070198	protein localization to chromosome, telomeric region	has_direct_input(UniProtKB:Q9NUX5)
GO:0001164	RNA polymerase I CORE element sequence-specific DNA binding	has_direct_input(UniProtKB:Q9NWS0)
GO:1902661	positive regulation of glucose mediated signaling pathway	has_direct_input(UniProtKB:Q9NWS0)
GO:0001164	RNA polymerase I CORE element sequence-specific DNA binding	has_direct_input(UniProtKB:Q9NWS0)
GO:0004672	protein kinase activity	has_direct_input(UniProtKB:Q9NXG0)
GO:0006468	protein phosphorylation	has_direct_input(UniProtKB:Q9NXG0)
GO:0016601	Rac protein signal transduction	has_direct_input(UniProtKB:Q9NYB9
GO:0048365	Rac GTPase binding	has_direct_input(UniProtKB:Q9NYB9
GO:0048365	Rac GTPase binding	has_direct_input(UniProtKB:Q9NYB9
GO:0032403	protein complex binding	has_direct_input(UniProtKB:Q9NYB9
GO:0016601	Rac protein signal transduction	has_direct_input(UniProtKB:Q9NYB9
GO:0016601	Rac protein signal transduction	has_direct_input(UniProtKB:Q9NYB9
GO:0016601	Rac protein signal transduction	has_direct_input(UniProtKB:Q9NYB9
GO:0032403	protein complex binding	has_direct_input(UniProtKB:Q9NYB9
GO:0032403	protein complex binding	has_direct_input(UniProtKB:Q9NYB9
GO:0048365	Rac GTPase binding	has_direct_input(UniProtKB:Q9NYB9
GO:0048365	Rac GTPase binding	has_direct_input(UniProtKB:Q9NYB9
GO:0032403	protein complex binding	has_direct_input(UniProtKB:Q9NYB9
GO:0032403	protein complex binding	has_direct_input(UniProtKB:Q9NYB9)
GO:0006471	protein ADP-ribosylation	has_direct_input(UniProtKB:Q9NZJ5
GO:0043539	protein serine/threonine kinase activator activity	has_direct_input(UniProtKB:Q9NZJ5
GO:0071902	positive regulation of protein serine/threonine kinase activity	has_direct_input(UniProtKB:Q9NZJ5
GO:0051219	phosphoprotein binding	has_direct_input(UniProtKB:Q9NZJ5
GO:0004860	protein kinase inhibitor activity	has_direct_input(UniProtKB:Q9NZJ5)
GO:0042787	protein ubiquitination involved in ubiquitin-dependent protein catabolic process	has_direct_input(UniProtKB:Q9NZS9)
GO:0061630	ubiquitin protein ligase activity	has_direct_input(UniProtKB:Q9NZS9)
GO:0070936	protein K48-linked ubiquitination	has_direct_input(UniProtKB:Q9NZS9)
GO:0070534	protein K63-linked ubiquitination	has_direct_input(UniProtKB:Q9NZS9)
GO:0043161	proteasome-mediated ubiquitin-dependent protein catabolic process	has_direct_input(UniProtKB:Q9NZS9)
GO:0003924	GTPase activity	has_direct_input(UniProtKB:Q9P0N9)
GO:0006184	obsolete GTP catabolic process	has_direct_input(UniProtKB:Q9P0N9)
GO:0004672	protein kinase activity	has_direct_input(UniProtKB:Q9P1Z0)
GO:0004672	protein kinase activity	has_direct_input(UniProtKB:Q9P289)
GO:0006468	protein phosphorylation	has_direct_input(UniProtKB:Q9P289)
GO:0051290	protein heterotetramerization	has_direct_input(UniProtKB:Q9QYP1)
GO:0051291	protein heterooligomerization	has_direct_input(UniProtKB:Q9QZL0)
GO:0061631	ubiquitin conjugating enzyme activity	has_direct_input(UniProtKB:Q9TZ64)
GO:0004692	cGMP-dependent protein kinase activity	has_direct_input(UniProtKB:Q9U3C6)
GO:0004674	protein serine/threonine kinase activity	has_direct_input(UniProtKB:Q9U9Y8)
GO:0090218	positive regulation of lipid kinase activity	has_direct_input(UniProtKB:Q9UBF8)
GO:1990226	histone methyltransferase binding	has_direct_input(UniProtKB:Q9UBL3)
GO:0018107	peptidyl-threonine phosphorylation	has_direct_input(UniProtKB:Q9UEW8)
GO:0023016	signal transduction by trans-phosphorylation	has_direct_input(UniProtKB:Q9UEW8)
GO:0043539	protein serine/threonine kinase activator activity	has_direct_input(UniProtKB:Q9UEW8)
GO:0071902	positive regulation of protein serine/threonine kinase activity	has_direct_input(UniProtKB:Q9UEW8)
GO:0004674	protein serine/threonine kinase activity	has_direct_input(UniProtKB:Q9UEW8)
GO:0035556	intracellular signal transduction	has_direct_input(UniProtKB:Q9UEW8)
GO:1901017	negative regulation of potassium ion transmembrane transporter activity	has_direct_input(UniProtKB:Q9UHW9)
GO:0018105	peptidyl-serine phosphorylation	has_direct_input(UniProtKB:Q9UHW9)
GO:0004674	protein serine/threonine kinase activity	has_direct_input(UniProtKB:Q9UHW9-4)
GO:0018105	peptidyl-serine phosphorylation	has_direct_input(UniProtKB:Q9UHW9-4)
GO:2000687	negative regulation of rubidium ion transmembrane transporter activity	has_direct_input(UniProtKB:Q9UHW9-4)
GO:0018107	peptidyl-threonine phosphorylation	has_direct_input(UniProtKB:Q9UHW9-4)
GO:0004252	serine-type endopeptidase activity	has_direct_input(UniProtKB:Q9UIV8)
GO:0004197	cysteine-type endopeptidase activity	has_direct_input(UniProtKB:Q9UIV8)
GO:0046982	protein heterodimerization activity	has_direct_input(UniProtKB:Q9UJV3)
GO:2001257	regulation of cation channel activity	has_direct_input(UniProtKB:Q9UK17)
GO:0015459	potassium channel regulator activity	has_direct_input(UniProtKB:Q9UK17)
GO:0005096	GTPase activator activity	has_direct_input(UniProtKB:Q9ULC3)
GO:0033126	obsolete positive regulation of GTP catabolic process	has_direct_input(UniProtKB:Q9ULC3)
GO:0004715	non-membrane spanning protein tyrosine kinase activity	has_direct_input(UniProtKB:Q9ULZ2)
GO:0018108	peptidyl-tyrosine phosphorylation	has_direct_input(UniProtKB:Q9ULZ2)
GO:0046982	protein heterodimerization activity	has_direct_input(UniProtKB:Q9UNH7)
GO:0005109	frizzled binding	has_direct_input(UniProtKB:Q9UP38
GO:0004674	protein serine/threonine kinase activity	has_direct_input(UniProtKB:Q9UP95)
GO:0018107	peptidyl-threonine phosphorylation	has_direct_input(UniProtKB:Q9UP95)
GO:0004674	protein serine/threonine kinase activity	has_direct_input(UniProtKB:Q9UP95)
GO:0018107	peptidyl-threonine phosphorylation	has_direct_input(UniProtKB:Q9UP95)
GO:0061630	ubiquitin protein ligase activity	has_direct_input(UniProtKB:Q9UPR3)
GO:0016567	protein ubiquitination	has_direct_input(UniProtKB:Q9UPR3)
GO:0003729	mRNA binding	has_direct_input(UniProtKB:Q9UPY3)
GO:0004842	ubiquitin-protein transferase activity	has_direct_input(UniProtKB:Q9UQ80)
GO:0000398	mRNA splicing, via spliceosome	has_direct_input(UniProtKB:Q9VX39)
GO:0046790	virion binding	has_direct_input(UniProtKB:Q9WR38:PRO_5000055429)
GO:0004674	protein serine/threonine kinase activity	has_direct_input(UniProtKB:Q9WU82)
GO:0018105	peptidyl-serine phosphorylation	has_direct_input(UniProtKB:Q9WU82)
GO:0045944	positive regulation of transcription from RNA polymerase II promoter	has_direct_input(UniProtKB:Q9WUI0)
GO:0004197	cysteine-type endopeptidase activity	has_direct_input(UniProtKB:Q9WUK2)
GO:0004197	cysteine-type endopeptidase activity	has_direct_input(UniProtKB:Q9WUK2)
GO:0006508	proteolysis	has_direct_input(UniProtKB:Q9WV06)
GO:0030165	PDZ domain binding	has_direct_input(UniProtKB:Q9WVB9)
GO:0004713	protein tyrosine kinase activity	has_direct_input(UniProtKB:Q9WVC3
GO:0004674	protein serine/threonine kinase activity	has_direct_input(UniProtKB:Q9WVL3)
GO:0018107	peptidyl-threonine phosphorylation	has_direct_input(UniProtKB:Q9WVL3)
GO:0004674	protein serine/threonine kinase activity	has_direct_input(UniProtKB:Q9XTF3)
GO:0004674	protein serine/threonine kinase activity	has_direct_input(UniProtKB:Q9XUB3)
GO:0016247	channel regulator activity	has_direct_input(UniProtKB:Q9Y210)
GO:0048365	Rac GTPase binding	has_direct_input(UniProtKB:Q9Y2A7)
GO:0016601	Rac protein signal transduction	has_direct_input(UniProtKB:Q9Y2A7)
GO:0016601	Rac protein signal transduction	has_direct_input(UniProtKB:Q9Y2A7)
GO:0032403	protein complex binding	has_direct_input(UniProtKB:Q9Y2A7)
GO:0048365	Rac GTPase binding	has_direct_input(UniProtKB:Q9Y2A7)
GO:0032403	protein complex binding	has_direct_input(UniProtKB:Q9Y2A7)
GO:0006184	obsolete GTP catabolic process	has_direct_input(UniProtKB:Q9Y2I9)
GO:0003924	GTPase activity	has_direct_input(UniProtKB:Q9Y2I9)
GO:0023014	signal transduction by protein phosphorylation	has_direct_input(UniProtKB:Q9Y376)
GO:0035556	intracellular signal transduction	has_direct_input(UniProtKB:Q9Y376)
GO:0019901	protein kinase binding	has_direct_input(UniProtKB:Q9Y376)
GO:0043849	Ras palmitoyltransferase activity	has_direct_input(UniProtKB:Q9Y397)
GO:0051258	protein polymerization	has_direct_input(UniProtKB:Q9Y3E7)
GO:0051291	protein heterooligomerization	has_direct_input(UniProtKB:Q9Y3E7)
GO:0006184	obsolete GTP catabolic process	has_direct_input(UniProtKB:Q9Y3P9)
GO:0003924	GTPase activity	has_direct_input(UniProtKB:Q9Y3P9)
GO:0032403	protein complex binding	has_direct_input(UniProtKB:Q9Y572
GO:0032403	protein complex binding	has_direct_input(UniProtKB:Q9Y572
GO:0032403	protein complex binding	has_direct_input(UniProtKB:Q9Y572
GO:1902523	positive regulation of protein K63-linked ubiquitination	has_direct_input(UniProtKB:Q9Y572)
GO:0051291	protein heterooligomerization	has_direct_input(UniProtKB:Q9Y572)
GO:1902527	positive regulation of protein monoubiquitination	has_direct_input(UniProtKB:Q9Y572)
GO:0031398	positive regulation of protein ubiquitination	has_direct_input(UniProtKB:Q9Y572)
GO:1902530	positive regulation of protein linear polyubiquitination	has_direct_input(UniProtKB:Q9Y572)
GO:1902524	positive regulation of protein K48-linked ubiquitination	has_direct_input(UniProtKB:Q9Y572)
GO:0004842	ubiquitin-protein transferase activity	has_direct_input(UniProtKB:Q9Y572)
GO:0000979	RNA polymerase II core promoter sequence-specific DNA binding	has_direct_input(UniProtKB:Q9Y5L2)
GO:0046982	protein heterodimerization activity	has_direct_input(UniProtKB:Q9Y5X3)
GO:0004674	protein serine/threonine kinase activity	has_direct_input(UniProtKB:Q9Y666)
GO:0018107	peptidyl-threonine phosphorylation	has_direct_input(UniProtKB:Q9Y666)
GO:0061630	ubiquitin protein ligase activity	has_direct_input(UniProtKB:Q9Y6H5)
GO:0061077	chaperone-mediated protein folding	has_direct_input(UniProtKB:Q9Y6I8)
GO:0045046	protein import into peroxisome membrane	has_direct_input(UniProtKB:Q9Y6I8)
GO:0050821	protein stabilization	has_direct_input(UniProtKB:Q9Y6I8)
GO:0061630	ubiquitin protein ligase activity	has_direct_input(UniProtKB:Q9Y6K9)
GO:0045116	protein neddylation	has_direct_input(UniProtKB:Q9Y6K9)
GO:0061630	ubiquitin protein ligase activity	has_direct_input(UniProtKB:Q9Y6K9)
GO:1900045	negative regulation of protein K63-linked ubiquitination	has_direct_input(UniProtKB:Q9Y6K9)
GO:0006471	protein ADP-ribosylation	has_direct_input(UniProtKB:Q9Y6K9)
GO:0000185	activation of MAPKKK activity	has_direct_input(UniProtKB:Q9Y6R4)
GO:0055103	ligase regulator activity	has_direct_input(UniProtKB:Q9Y6X2)
GO:0006508	proteolysis	has_direct_input(UniProtKB:Q9Y6X2)
GO:0070208	protein heterotrimerization	has_direct_input(UniProtKB:Q9Z148
GO:0070011	peptidase activity, acting on L-amino acid peptides	has_direct_input(UniProtKB:W5UG67)
GO:0004713	protein tyrosine kinase activity	has_direct_input(UniProtKB:W6RRW6)
GO:0061665	SUMO ligase activity	has_direct_input(WB:WBGene00000099)
GO:0004672	protein kinase activity	has_direct_input(WB:WBGene00000102)
GO:0004722	protein serine/threonine phosphatase activity	has_direct_input(WB:WBGene00000102)
GO:0004672	protein kinase activity	has_direct_input(WB:WBGene00000103)
GO:0004672	protein kinase activity	has_direct_input(WB:WBGene00000235)
GO:0000977	RNA polymerase II regulatory region sequence-specific DNA binding	has_direct_input(WB:WBGene00000239)
GO:0001012	RNA polymerase II regulatory region DNA binding	has_direct_input(WB:WBGene00000247)
GO:0001012	RNA polymerase II regulatory region DNA binding	has_direct_input(WB:WBGene00000247)
GO:0001162	RNA polymerase II intronic transcription regulatory region sequence-specific DNA binding	has_direct_input(WB:WBGene00000272)
GO:0005096	GTPase activator activity	has_direct_input(WB:WBGene00000390)
GO:0000977	RNA polymerase II regulatory region sequence-specific DNA binding	has_direct_input(WB:WBGene00000417)
GO:0097200	cysteine-type endopeptidase activity involved in execution phase of apoptosis	has_direct_input(WB:WBGene00000422)
GO:0030676	Rac guanyl-nucleotide exchange factor activity	has_direct_input(WB:WBGene00000424)
GO:0005096	GTPase activator activity	has_direct_input(WB:WBGene00000424)
GO:0000977	RNA polymerase II regulatory region sequence-specific DNA binding	has_direct_input(WB:WBGene00000445)
GO:0001162	RNA polymerase II intronic transcription regulatory region sequence-specific DNA binding	has_direct_input(WB:WBGene00000451)
GO:0043565	sequence-specific DNA binding	has_direct_input(WB:WBGene00000455)
GO:0000977	RNA polymerase II regulatory region sequence-specific DNA binding	has_direct_input(WB:WBGene00000457)
GO:0000977	RNA polymerase II regulatory region sequence-specific DNA binding	has_direct_input(WB:WBGene00000457)
GO:0000977	RNA polymerase II regulatory region sequence-specific DNA binding	has_direct_input(WB:WBGene00000501)
GO:0097200	cysteine-type endopeptidase activity involved in execution phase of apoptosis	has_direct_input(WB:WBGene00000565)
GO:0000977	RNA polymerase II regulatory region sequence-specific DNA binding	has_direct_input(WB:WBGene00000584)
GO:0034613	cellular protein localization	has_direct_input(WB:WBGene00000898
GO:0004672	protein kinase activity	has_direct_input(WB:WBGene00000912)
GO:0070262	peptidyl-serine dephosphorylation	has_direct_input(WB:WBGene00000912)
GO:0042994	cytoplasmic sequestering of transcription factor	has_direct_input(WB:WBGene00000912)
GO:0097200	cysteine-type endopeptidase activity involved in execution phase of apoptosis	has_direct_input(WB:WBGene00001093)
GO:0000980	RNA polymerase II distal enhancer sequence-specific DNA binding	has_direct_input(WB:WBGene00001170)
GO:0000977	RNA polymerase II regulatory region sequence-specific DNA binding	has_direct_input(WB:WBGene00001170)
GO:0003730	mRNA 3'-UTR binding	has_direct_input(WB:WBGene00001173)
GO:0000977	RNA polymerase II regulatory region sequence-specific DNA binding	has_direct_input(WB:WBGene00001174)
GO:0003727	single-stranded RNA binding	has_direct_input(WB:WBGene00001184)
GO:0000977	RNA polymerase II regulatory region sequence-specific DNA binding	has_direct_input(WB:WBGene00001250)
GO:0003730	mRNA 3'-UTR binding	has_direct_input(WB:WBGene00001481)
GO:0000977	RNA polymerase II regulatory region sequence-specific DNA binding	has_direct_input(WB:WBGene00001483)
GO:0004674	protein serine/threonine kinase activity	has_direct_input(WB:WBGene00001510)
GO:0000977	RNA polymerase II regulatory region sequence-specific DNA binding	has_direct_input(WB:WBGene00001527)
GO:0000977	RNA polymerase II regulatory region sequence-specific DNA binding	has_direct_input(WB:WBGene00001532)
GO:0000977	RNA polymerase II regulatory region sequence-specific DNA binding	has_direct_input(WB:WBGene00001534)
GO:0000977	RNA polymerase II regulatory region sequence-specific DNA binding	has_direct_input(WB:WBGene00001535)
GO:0000977	RNA polymerase II regulatory region sequence-specific DNA binding	has_direct_input(WB:WBGene00001543)
GO:0004674	protein serine/threonine kinase activity	has_direct_input(WB:WBGene00001569)
GO:0061665	SUMO ligase activity	has_direct_input(WB:WBGene00001574)
GO:0003730	mRNA 3'-UTR binding	has_direct_input(WB:WBGene00001609)
GO:0048027	mRNA 5'-UTR binding	has_direct_input(WB:WBGene00001647)
GO:0005085	guanyl-nucleotide exchange factor activity	has_direct_input(WB:WBGene00001648)
GO:0005096	GTPase activator activity	has_direct_input(WB:WBGene00001648)
GO:0005092	GDP-dissociation inhibitor activity	has_direct_input(WB:WBGene00001648)
GO:0005092	GDP-dissociation inhibitor activity	has_direct_input(WB:WBGene00001678)
GO:0072697	protein localization to cell cortex	has_direct_input(WB:WBGene00001678)
GO:0044212	transcription regulatory region DNA binding	has_direct_input(WB:WBGene00002015
GO:0000977	RNA polymerase II regulatory region sequence-specific DNA binding	has_direct_input(WB:WBGene00002116)
GO:0003729	mRNA binding	has_direct_input(WB:WBGene00002203)
GO:2000635	negative regulation of primary miRNA processing	has_direct_input(WB:WBGene00002285
GO:2000635	negative regulation of primary miRNA processing	has_direct_input(WB:WBGene00002285
GO:0070878	primary miRNA binding	has_direct_input(WB:WBGene00002285)
GO:0050265	RNA uridylyltransferase activity	has_direct_input(WB:WBGene00002285)
GO:0003730	mRNA 3'-UTR binding	has_direct_input(WB:WBGene00002335)
GO:0001012	RNA polymerase II regulatory region DNA binding	has_direct_input(WB:WBGene00002980)
GO:0003730	mRNA 3'-UTR binding	has_direct_input(WB:WBGene00003003)
GO:0003729	mRNA binding	has_direct_input(WB:WBGene00003014)
GO:0004674	protein serine/threonine kinase activity	has_direct_input(WB:WBGene00003020)
GO:0000977	RNA polymerase II regulatory region sequence-specific DNA binding	has_direct_input(WB:WBGene00003024)
GO:0001012	RNA polymerase II regulatory region DNA binding	has_direct_input(WB:WBGene00003033)
GO:0000977	RNA polymerase II regulatory region sequence-specific DNA binding	has_direct_input(WB:WBGene00003033)
GO:0001012	RNA polymerase II regulatory region DNA binding	has_direct_input(WB:WBGene00003033)
GO:0070878	primary miRNA binding	has_direct_input(WB:WBGene00003039)
GO:0000980	RNA polymerase II distal enhancer sequence-specific DNA binding	has_direct_input(WB:WBGene00003100)
GO:0004860	protein kinase inhibitor activity	has_direct_input(WB:WBGene00003150)
GO:0000981	RNA polymerase II transcription factor activity, sequence-specific DNA binding	has_direct_input(WB:WBGene00003167)
GO:0000977	RNA polymerase II regulatory region sequence-specific DNA binding	has_direct_input(WB:WBGene00003167)
GO:0000977	RNA polymerase II regulatory region sequence-specific DNA binding	has_direct_input(WB:WBGene00003167)
GO:0001190	transcriptional activator activity, RNA polymerase II transcription factor binding	has_direct_input(WB:WBGene00003167)
GO:0000977	RNA polymerase II regulatory region sequence-specific DNA binding	has_direct_input(WB:WBGene00003168)
GO:0000977	RNA polymerase II regulatory region sequence-specific DNA binding	has_direct_input(WB:WBGene00003171)
GO:0004672	protein kinase activity	has_direct_input(WB:WBGene00003183)
GO:0004674	protein serine/threonine kinase activity	has_direct_input(WB:WBGene00003183)
GO:0044257	cellular protein catabolic process	has_direct_input(WB:WBGene00003209)
GO:0004674	protein serine/threonine kinase activity	has_direct_input(WB:WBGene00003230)
GO:0000977	RNA polymerase II regulatory region sequence-specific DNA binding	has_direct_input(WB:WBGene00003232)
GO:0030676	Rac guanyl-nucleotide exchange factor activity	has_direct_input(WB:WBGene00003239)
GO:0070878	primary miRNA binding	has_direct_input(WB:WBGene00003322)
GO:0003730	mRNA 3'-UTR binding	has_direct_input(WB:WBGene00003395)
GO:0000980	RNA polymerase II distal enhancer sequence-specific DNA binding	has_direct_input(WB:WBGene00003514)
GO:0001158	enhancer sequence-specific DNA binding	has_direct_input(WB:WBGene00003514)
GO:0003730	mRNA 3'-UTR binding	has_direct_input(WB:WBGene00003784)
GO:0003682	chromatin binding	has_direct_input(WB:WBGene00003848
GO:0035197	siRNA binding	has_direct_input(WB:WBGene00003848)
GO:0000977	RNA polymerase II regulatory region sequence-specific DNA binding	has_direct_input(WB:WBGene00003856)
GO:0004674	protein serine/threonine kinase activity	has_direct_input(WB:WBGene00003864)
GO:0004674	protein serine/threonine kinase activity	has_direct_input(WB:WBGene00003864)
GO:0000977	RNA polymerase II regulatory region sequence-specific DNA binding	has_direct_input(WB:WBGene00004020)
GO:0000977	RNA polymerase II regulatory region sequence-specific DNA binding	has_direct_input(WB:WBGene00004027)
GO:0004468	lysine N-acetyltransferase activity, acting on acetyl phosphate as donor	has_direct_input(WB:WBGene00004077)
GO:0003730	mRNA 3'-UTR binding	has_direct_input(WB:WBGene00004078)
GO:0001012	RNA polymerase II regulatory region DNA binding	has_direct_input(WB:WBGene00004334)
GO:0005096	GTPase activator activity	has_direct_input(WB:WBGene00004357)
GO:0004672	protein kinase activity	has_direct_input(WB:WBGene00004789)
GO:0000977	RNA polymerase II regulatory region sequence-specific DNA binding	has_direct_input(WB:WBGene00004804)
GO:0004674	protein serine/threonine kinase activity	has_direct_input(WB:WBGene00004880)
GO:0000977	RNA polymerase II regulatory region sequence-specific DNA binding	has_direct_input(WB:WBGene00004981)
GO:0003730	mRNA 3'-UTR binding	has_direct_input(WB:WBGene00004984)
GO:0000977	RNA polymerase II regulatory region sequence-specific DNA binding	has_direct_input(WB:WBGene00006412)
GO:0000977	RNA polymerase II regulatory region sequence-specific DNA binding	has_direct_input(WB:WBGene00006600)
GO:0000977	RNA polymerase II regulatory region sequence-specific DNA binding	has_direct_input(WB:WBGene00006654)
GO:0000381	regulation of alternative mRNA splicing, via spliceosome	has_direct_input(WB:WBGene00006794)
GO:0000979	RNA polymerase II core promoter sequence-specific DNA binding	has_direct_input(WB:WBGene00006926)
GO:0004521	endoribonuclease activity	has_direct_input(WB:WBGene00006959)
GO:0030969	mRNA splicing via endonucleolytic cleavage and ligation involved in unfolded protein response	has_direct_input(WB:WBGene00006959)
GO:0070055	mRNA endonucleolytic cleavage involved in unfolded protein response	has_direct_input(WB:WBGene00006959)
GO:0003730	mRNA 3'-UTR binding	has_direct_input(WB:WBGene00006977)
GO:0003730	mRNA 3'-UTR binding	has_direct_input(WB:WBGene00008549)
GO:0001158	enhancer sequence-specific DNA binding	has_direct_input(WB:WBGene00009133)
GO:0061665	SUMO ligase activity	has_direct_input(WB:WBGene00009507)
GO:0001012	RNA polymerase II regulatory region DNA binding	has_direct_input(WB:WBGene00009773)
GO:0001012	RNA polymerase II regulatory region DNA binding	has_direct_input(WB:WBGene00010062)
GO:0004674	protein serine/threonine kinase activity	has_direct_input(WB:WBGene00010492)
GO:0004721	phosphoprotein phosphatase activity	has_direct_input(WB:WBGene00011732)
GO:1902463	protein localization to cell leading edge	has_direct_input(WB:WBGene00013038
GO:0061665	SUMO ligase activity	has_direct_input(WB:WBGene00018721)
GO:0003682	chromatin binding	has_direct_input(WB:WBGene00018725)
GO:0000977	RNA polymerase II regulatory region sequence-specific DNA binding	has_direct_input(WB:WBGene00018725)
GO:0001012	RNA polymerase II regulatory region DNA binding	has_direct_input(WB:WBGene00020016)
GO:0000977	RNA polymerase II regulatory region sequence-specific DNA binding	has_direct_input(WB:WBGene00036254)
GO:0007165	signal transduction	has_end_location(CL:0000084
GO:0007165	signal transduction	has_end_location(CL:0000084
GO:0001818	negative regulation of cytokine production	has_end_location(CL:0000084
GO:0001818	negative regulation of cytokine production	has_end_location(CL:0000084
GO:0048018	receptor agonist activity	has_end_location(CL:0000084
GO:0007267	cell-cell signaling	has_end_location(CL:0000084
GO:0007267	cell-cell signaling	has_end_location(CL:0000084
GO:1905475	regulation of protein localization to membrane	has_end_location(GO:0005635
GO:0046907	intracellular transport	has_end_location(GO:0005764
GO:0072659	protein localization to plasma membrane	has_end_location(GO:0042383)
GO:0072659	protein localization to plasma membrane	has_end_location(GO:0042383)
GO:0048312	intracellular distribution of mitochondria	has_end_location(GO:0043005)
GO:1990869	cellular response to chemokine	has_end_location(UBERON:0014783
GO:0008009	chemokine activity	has_end_location(UBERON:0014783
GO:0014812	muscle cell migration	has_end_location(UBERON:0014783
GO:0030335	positive regulation of cell migration	has_end_location(UBERON:0014783
GO:0007154	cell communication	has_end_location(UBERON:0014783
GO:0035690	cellular response to drug	has_input(CHEBI:10033)
GO:0017144	drug metabolic process	has_input(CHEBI:10033)
GO:0035690	cellular response to drug	has_input(CHEBI:10033)
GO:0015020	glucuronosyltransferase activity	has_input(CHEBI:10110)
GO:0015020	glucuronosyltransferase activity	has_input(CHEBI:10432)
GO:0016830	carbon-carbon lyase activity	has_input(CHEBI:15346
GO:0006930	substrate-dependent cell migration, cell extension	has_input(CHEBI:15422
GO:0071236	cellular response to antibiotic	has_input(CHEBI:15738
GO:0046321	positive regulation of fatty acid oxidation	has_input(CHEBI:15756)
GO:0055089	fatty acid homeostasis	has_input(CHEBI:15843)
GO:0044539	long-chain fatty acid import	has_input(CHEBI:15843)
GO:0050913	sensory perception of bitter taste	has_input(CHEBI:15854
GO:0007635	chemosensory behavior	has_input(CHEBI:15854
GO:0050913	sensory perception of bitter taste	has_input(CHEBI:15854
GO:0043279	response to alkaloid	has_input(CHEBI:15854)
GO:0050913	sensory perception of bitter taste	has_input(CHEBI:15854)
GO:0007635	chemosensory behavior	has_input(CHEBI:15858
GO:0006935	chemotaxis	has_input(CHEBI:15858
GO:0010035	response to inorganic substance	has_input(CHEBI:15858
GO:0010035	response to inorganic substance	has_input(CHEBI:15858
GO:0016038	absorption of visible light	has_input(CHEBI:16066)
GO:1990834	response to odorant	has_input(CHEBI:16188)
GO:0042743	hydrogen peroxide metabolic process	has_input(CHEBI:16240)
GO:0007635	chemosensory behavior	has_input(CHEBI:16382
GO:0006935	chemotaxis	has_input(CHEBI:16382
GO:0010035	response to inorganic substance	has_input(CHEBI:16382
GO:0010035	response to inorganic substance	has_input(CHEBI:16382
GO:0010035	response to inorganic substance	has_input(CHEBI:16382
GO:0010035	response to inorganic substance	has_input(CHEBI:16382)
GO:0043066	negative regulation of apoptotic process	has_input(CHEBI:16469
GO:0043066	negative regulation of apoptotic process	has_input(CHEBI:16469
GO:0043066	negative regulation of apoptotic process	has_input(CHEBI:16469
GO:0007166	cell surface receptor signaling pathway	has_input(CHEBI:16731
GO:0014070	response to organic cyclic compound	has_input(CHEBI:16731)
GO:0015020	glucuronosyltransferase activity	has_input(CHEBI:16755)
GO:0006930	substrate-dependent cell migration, cell extension	has_input(CHEBI:16761)
GO:0006734	NADH metabolic process	has_input(CHEBI:16908)
GO:0043066	negative regulation of apoptotic process	has_input(CHEBI:17026
GO:0043066	negative regulation of apoptotic process	has_input(CHEBI:17026
GO:0043066	negative regulation of apoptotic process	has_input(CHEBI:17026)
GO:0004408	holocytochrome-c synthase activity	has_input(CHEBI:17627)
GO:0043066	negative regulation of apoptotic process	has_input(CHEBI:17650
GO:0043066	negative regulation of apoptotic process	has_input(CHEBI:17650
GO:0043066	negative regulation of apoptotic process	has_input(CHEBI:17650
GO:1903408	positive regulation of sodium:potassium-exchanging ATPase activity	has_input(CHEBI:17650)
GO:0033477	S-methylmethionine metabolic process	has_input(CHEBI:17728)
GO:0061627	S-methylmethionine-homocysteine S-methyltransferase activity	has_input(CHEBI:17728)
GO:0071267	L-methionine salvage	has_input(CHEBI:17728)
GO:0050891	multicellular organismal water homeostasis	has_input(CHEBI:17924
GO:0050891	multicellular organismal water homeostasis	has_input(CHEBI:17924
GO:0010957	negative regulation of vitamin D biosynthetic process	has_input(CHEBI:17933
GO:0097237	cellular response to toxic substance	has_input(CHEBI:17963)
GO:1904049	negative regulation of spontaneous neurotransmitter secretion	has_input(CHEBI:18243
GO:0042137	sequestering of neurotransmitter	has_input(CHEBI:18243
GO:1902283	negative regulation of primary amine oxidase activity	has_input(CHEBI:18243)
GO:1900407	regulation of cellular response to oxidative stress	has_input(CHEBI:18243)
GO:0031668	cellular response to extracellular stimulus	has_input(CHEBI:18248)
GO:0017121	phospholipid scrambling	has_input(CHEBI:18303)
GO:0044070	regulation of anion transport	has_input(CHEBI:18367)
GO:0030170	pyridoxal phosphate binding	has_input(CHEBI:18405)
GO:0010629	negative regulation of gene expression	has_input(CHEBI:22651
GO:0001934	positive regulation of protein phosphorylation	has_input(CHEBI:22651
GO:0071267	L-methionine salvage	has_input(CHEBI:22860)
GO:0042493	response to drug	has_input(CHEBI:23359)
GO:0072389	flavin adenine dinucleotide catabolic process	has_input(CHEBI:24040)
GO:0007584	response to nutrient	has_input(CHEBI:24698)
GO:0005504	fatty acid binding	has_input(CHEBI:25681)
GO:2000786	positive regulation of autophagosome assembly	has_input(CHEBI:26034)
GO:0055089	fatty acid homeostasis	has_input(CHEBI:26208)
GO:0008144	drug binding	has_input(CHEBI:2639)
GO:0010628	positive regulation of gene expression	has_input(CHEBI:26523
GO:0010628	positive regulation of gene expression	has_input(CHEBI:26523)
GO:0007635	chemosensory behavior	has_input(CHEBI:26710
GO:0050927	positive regulation of positive chemotaxis	has_input(CHEBI:26710
GO:0050920	regulation of chemotaxis	has_input(CHEBI:26710
GO:1902074	response to salt	has_input(CHEBI:26710
GO:0050920	regulation of chemotaxis	has_input(CHEBI:26710
GO:0007635	chemosensory behavior	has_input(CHEBI:26710
GO:0050921	positive regulation of chemotaxis	has_input(CHEBI:26710
GO:0050927	positive regulation of positive chemotaxis	has_input(CHEBI:26710
GO:1902074	response to salt	has_input(CHEBI:26710
GO:0043157	response to cation stress	has_input(CHEBI:26710
GO:1902074	response to salt	has_input(CHEBI:26710)
GO:0050891	multicellular organismal water homeostasis	has_input(CHEBI:26710)
GO:0007635	chemosensory behavior	has_input(CHEBI:26710)
GO:0008306	associative learning	has_input(CHEBI:26710)
GO:0006935	chemotaxis	has_input(CHEBI:26710)
GO:0050891	multicellular organismal water homeostasis	has_input(CHEBI:26710)
GO:0050913	sensory perception of bitter taste	has_input(CHEBI:2674)
GO:0008241	peptidyl-dipeptidase activity	has_input(CHEBI:2718
GO:0035690	cellular response to drug	has_input(CHEBI:27504)
GO:0005515	protein binding	has_input(CHEBI:27656)
GO:0089720	caspase binding	has_input(CHEBI:27656)
GO:0035690	cellular response to drug	has_input(CHEBI:27899)
GO:0035690	cellular response to drug	has_input(CHEBI:27899)
GO:0009636	response to toxic substance	has_input(CHEBI:28119)
GO:1903002	positive regulation of lipid transport across blood brain barrier	has_input(CHEBI:28125)
GO:1903001	negative regulation of lipid transport across blood brain barrier	has_input(CHEBI:28125)
GO:0015909	long-chain fatty acid transport	has_input(CHEBI:28125)
GO:0055089	fatty acid homeostasis	has_input(CHEBI:28125)
GO:0061063	positive regulation of nematode larval development	has_input(CHEBI:28201)
GO:0071310	cellular response to organic substance	has_input(CHEBI:28262)
GO:0035690	cellular response to drug	has_input(CHEBI:28748)
GO:2001268	negative regulation of cysteine-type endopeptidase activity involved in apoptotic signaling pathway	has_input(CHEBI:28748)
GO:0015020	glucuronosyltransferase activity	has_input(CHEBI:28790)
GO:0010035	response to inorganic substance	has_input(CHEBI:29101
GO:0050850	positive regulation of calcium-mediated signaling	has_input(CHEBI:29101
GO:0010035	response to inorganic substance	has_input(CHEBI:29101
GO:0034765	regulation of ion transmembrane transport	has_input(CHEBI:29101)
GO:0046872	metal ion binding	has_input(CHEBI:29105)
GO:0071241	cellular response to inorganic substance	has_input(CHEBI:29195)
GO:0000122	negative regulation of transcription from RNA polymerase II promoter	has_input(CHEBI:30089)
GO:0045944	positive regulation of transcription from RNA polymerase II promoter	has_input(CHEBI:30089)
GO:0045944	positive regulation of transcription from RNA polymerase II promoter	has_input(CHEBI:30089)
GO:0000122	negative regulation of transcription from RNA polymerase II promoter	has_input(CHEBI:30089)
GO:0000122	negative regulation of transcription from RNA polymerase II promoter	has_input(CHEBI:30089)
GO:0000122	negative regulation of transcription from RNA polymerase II promoter	has_input(CHEBI:30089)
GO:0006970	response to osmotic stress	has_input(CHEBI:30911
GO:0042493	response to drug	has_input(CHEBI:31401)
GO:0071241	cellular response to inorganic substance	has_input(CHEBI:32139)
GO:0043157	response to cation stress	has_input(CHEBI:32588
GO:0001934	positive regulation of protein phosphorylation	has_input(CHEBI:34905
GO:0061395	positive regulation of transcription from RNA polymerase II promoter in response to arsenic-containing substance	has_input(CHEBI:35828)
GO:0061395	positive regulation of transcription from RNA polymerase II promoter in response to arsenic-containing substance	has_input(CHEBI:35828)
GO:0061395	positive regulation of transcription from RNA polymerase II promoter in response to arsenic-containing substance	has_input(CHEBI:35828)
GO:0035690	cellular response to drug	has_input(CHEBI:35852)
GO:0050850	positive regulation of calcium-mediated signaling	has_input(CHEBI:36093
GO:0010035	response to inorganic substance	has_input(CHEBI:36093
GO:0050850	positive regulation of calcium-mediated signaling	has_input(CHEBI:36093
GO:0010035	response to inorganic substance	has_input(CHEBI:36093
GO:0035690	cellular response to drug	has_input(CHEBI:3697)
GO:0032094	response to food	has_input(CHEBI:37167
GO:0016236	macroautophagy	has_input(CHEBI:37329)
GO:2000785	regulation of autophagosome assembly	has_input(CHEBI:37329)
GO:0035690	cellular response to drug	has_input(CHEBI:37537)
GO:1990834	response to odorant	has_input(CHEBI:37868)
GO:0035690	cellular response to drug	has_input(CHEBI:39548)
GO:0003678	DNA helicase activity	has_input(CHEBI:40304)
GO:0051880	G-quadruplex DNA binding	has_input(CHEBI:40304)
GO:1990955	G-rich single-stranded DNA binding	has_input(CHEBI:40304)
GO:0032357	oxidized purine DNA binding	has_input(CHEBI:40304)
GO:0015485	cholesterol binding	has_input(CHEBI:42977)
GO:0071397	cellular response to cholesterol	has_input(CHEBI:42977)
GO:0010628	positive regulation of gene expression	has_input(CHEBI:44241
GO:0006974	cellular response to DNA damage stimulus	has_input(CHEBI:44423)
GO:0032870	cellular response to hormone stimulus	has_input(CHEBI:4450)
GO:0015020	glucuronosyltransferase activity	has_input(CHEBI:45951)
GO:0010035	response to inorganic substance	has_input(CHEBI:47265
GO:0043157	response to cation stress	has_input(CHEBI:48607
GO:0015020	glucuronosyltransferase activity	has_input(CHEBI:4911)
GO:0010870	positive regulation of receptor biosynthetic process	has_input(CHEBI:50114)
GO:0010033	response to organic substance	has_input(CHEBI:50131)
GO:0035690	cellular response to drug	has_input(CHEBI:50131)
GO:1901522	positive regulation of transcription from RNA polymerase II promoter involved in cellular response to chemical stimulus	has_input(CHEBI:50648)
GO:0035690	cellular response to drug	has_input(CHEBI:52717)
GO:0010628	positive regulation of gene expression	has_input(CHEBI:59271)
GO:0008285	negative regulation of cell proliferation	has_input(CHEBI:59714)
GO:0045597	positive regulation of cell differentiation	has_input(CHEBI:59714)
GO:0010628	positive regulation of gene expression	has_input(CHEBI:59714)
GO:0007165	signal transduction	has_input(CHEBI:61089)
GO:0008144	drug binding	has_input(CHEBI:63053)
GO:0008144	drug binding	has_input(CHEBI:63057)
GO:0009743	response to carbohydrate	has_input(CHEBI:6364
GO:0009743	response to carbohydrate	has_input(CHEBI:6364)
GO:0043157	response to cation stress	has_input(CHEBI:6636
GO:0015020	glucuronosyltransferase activity	has_input(CHEBI:6717)
GO:0035690	cellular response to drug	has_input(CHEBI:6801)
GO:0046677	response to antibiotic	has_input(CHEBI:6909)
GO:0090722	receptor-receptor interaction	has_input(CHEBI:73364
GO:0090722	receptor-receptor interaction	has_input(CHEBI:73364
GO:0014070	response to organic cyclic compound	has_input(CHEBI:75142)
GO:0010243	response to organonitrogen compound	has_input(CHEBI:75142)
GO:0010628	positive regulation of gene expression	has_input(CHEBI:8069)
GO:0006702	androgen biosynthetic process	has_input(CHEBI:81481
GO:0070523	11-beta-hydroxysteroid dehydrogenase (NAD+) activity	has_input(CHEBI:81481
GO:1904196	negative regulation of granulosa cell proliferation	has_input(CHEBI:81569)
GO:2000184	positive regulation of progesterone biosynthetic process	has_input(CHEBI:81569)
GO:0042993	positive regulation of transcription factor import into nucleus	has_input(CHEBI:84491
GO:0010628	positive regulation of gene expression	has_input(CHEBI:84491)
GO:0035690	cellular response to drug	has_input(CHEBI:9150)
GO:0035690	cellular response to drug	has_input(CHEBI:9168)
GO:0000977	RNA polymerase II regulatory region sequence-specific DNA binding	has_input(ENSEMBL:ENSG00000107859)
GO:0001047	core promoter binding	has_input(ENSEMBL:ENSG00000109471)
GO:0000979	RNA polymerase II core promoter sequence-specific DNA binding	has_input(ENSEMBL:ENSG00000110092
GO:0000977	RNA polymerase II regulatory region sequence-specific DNA binding	has_input(ENSEMBL:ENSG00000124762)
GO:0000977	RNA polymerase II regulatory region sequence-specific DNA binding	has_input(ENSEMBL:ENSG00000125084)
GO:0000977	RNA polymerase II regulatory region sequence-specific DNA binding	has_input(ENSEMBL:ENSG00000145214)
GO:0000977	RNA polymerase II regulatory region sequence-specific DNA binding	has_input(ENSEMBL:ENSG00000153234)
GO:0000977	RNA polymerase II regulatory region sequence-specific DNA binding	has_input(ENSEMBL:ENSG00000162761)
GO:0000977	RNA polymerase II regulatory region sequence-specific DNA binding	has_input(ENSEMBL:ENSG00000163132)
GO:0035326	enhancer binding	has_input(ENSEMBL:ENSG00000243709)
GO:0000977	RNA polymerase II regulatory region sequence-specific DNA binding	has_input(ENSEMBL:ENSMUSG00000022997)
GO:0000977	RNA polymerase II regulatory region sequence-specific DNA binding	has_input(ENSEMBL:ENSMUSG00000025229)
GO:0000977	RNA polymerase II regulatory region sequence-specific DNA binding	has_input(ENSEMBL:ENSMUSG00000026686)
GO:0000977	RNA polymerase II regulatory region sequence-specific DNA binding	has_input(ENSEMBL:ENSMUSG00000026826)
GO:0000977	RNA polymerase II regulatory region sequence-specific DNA binding	has_input(ENSEMBL:ENSMUSG00000048450)
GO:0000122	negative regulation of transcription from RNA polymerase II promoter	has_input(ENSEMBL:ENST00000251595)
GO:0000979	RNA polymerase II core promoter sequence-specific DNA binding	has_input(ENSEMBL:ENST00000252951)
GO:0000122	negative regulation of transcription from RNA polymerase II promoter	has_input(ENSEMBL:ENST00000252951)
GO:0000122	negative regulation of transcription from RNA polymerase II promoter	has_input(ENSEMBL:ENST00000252951)
GO:0045944	positive regulation of transcription from RNA polymerase II promoter	has_input(ENSEMBL:ENST00000252951)
GO:0003723	RNA binding	has_input(ENSEMBL:ENST00000524851)
GO:1903076	regulation of protein localization to plasma membrane	has_input(GO:0000815)
GO:0034629	cellular protein complex localization	has_input(GO:0000938
GO:0007160	cell-matrix adhesion	has_input(GO:0005584
GO:0038065	collagen-activated signaling pathway	has_input(GO:0005584
GO:0038064	collagen receptor activity	has_input(GO:0005584
GO:0033627	cell adhesion mediated by integrin	has_input(GO:0005584
GO:0005518	collagen binding	has_input(GO:0005584
GO:1903923	positive regulation of protein processing in phagocytic vesicle	has_input(GO:0005584)
GO:0006911	phagocytosis, engulfment	has_input(GO:0005584)
GO:0007160	cell-matrix adhesion	has_input(GO:0005587
GO:0038065	collagen-activated signaling pathway	has_input(GO:0005587
GO:0038064	collagen receptor activity	has_input(GO:0005587
GO:0033627	cell adhesion mediated by integrin	has_input(GO:0005587
GO:0005518	collagen binding	has_input(GO:0005587
GO:0001952	regulation of cell-matrix adhesion	has_input(GO:0008305)
GO:0001933	negative regulation of protein phosphorylation	has_input(GO:0016459)
GO:0001932	regulation of protein phosphorylation	has_input(GO:0016459)
GO:1903839	positive regulation of mRNA 3'-UTR binding	has_input(GO:0016593)
GO:0034629	cellular protein complex localization	has_input(GO:0030008
GO:1990260	negative regulation of transcription from RNA polymerase II promoter by transcription factor localization involved in response to DNA damage checkpoint signaling	has_input(GO:0030907)
GO:0072660	maintenance of protein location in plasma membrane	has_input(GO:0031201)
GO:2001238	positive regulation of extrinsic apoptotic signaling pathway	has_input(GO:0031264)
GO:0005178	integrin binding	has_input(GO:0034683)
GO:0034629	cellular protein complex localization	has_input(GO:0036398
GO:0044382	CLRC ubiquitin ligase complex localization to heterochromatin	has_input(GO:0043494)
GO:0030159	receptor signaling complex scaffold activity	has_input(GO:1990909)
GO:0000122	negative regulation of transcription from RNA polymerase II promoter	has_input(InterPro:IPR008366)
GO:0006486	protein glycosylation	has_input(MGI:MGI:101864)
GO:0043565	sequence-specific DNA binding	has_input(MGI:MGI:101893)
GO:0044183	protein binding involved in protein folding	has_input(MGI:MGI:102518)
GO:0000209	protein polyubiquitination	has_input(MGI:MGI:102520)
GO:0043565	sequence-specific DNA binding	has_input(MGI:MGI:102778)
GO:0043565	sequence-specific DNA binding	has_input(MGI:MGI:102778)
GO:0043565	sequence-specific DNA binding	has_input(MGI:MGI:102851)
GO:0043161	proteasome-mediated ubiquitin-dependent protein catabolic process	has_input(MGI:MGI:102851)
GO:0043565	sequence-specific DNA binding	has_input(MGI:MGI:104556)
GO:0043161	proteasome-mediated ubiquitin-dependent protein catabolic process	has_input(MGI:MGI:104565)
GO:0072583	clathrin-dependent endocytosis	has_input(MGI:MGI:104582)
GO:0072583	clathrin-dependent endocytosis	has_input(MGI:MGI:104583
GO:0043565	sequence-specific DNA binding	has_input(MGI:MGI:104659)
GO:0043565	sequence-specific DNA binding	has_input(MGI:MGI:104659)
GO:0043565	sequence-specific DNA binding	has_input(MGI:MGI:104716)
GO:0043565	sequence-specific DNA binding	has_input(MGI:MGI:104853)
GO:0043565	sequence-specific DNA binding	has_input(MGI:MGI:104876)
GO:0043565	sequence-specific DNA binding	has_input(MGI:MGI:105095)
GO:0042787	protein ubiquitination involved in ubiquitin-dependent protein catabolic process	has_input(MGI:MGI:105098
GO:0042787	protein ubiquitination involved in ubiquitin-dependent protein catabolic process	has_input(MGI:MGI:105098)
GO:0003729	mRNA binding	has_input(MGI:MGI:105931)
GO:0031668	cellular response to extracellular stimulus	has_input(MGI:MGI:107179)
GO:0043565	sequence-specific DNA binding	has_input(MGI:MGI:107430)
GO:1990841	promoter-specific chromatin binding	has_input(MGI:MGI:107557)
GO:0043565	sequence-specific DNA binding	has_input(MGI:MGI:107606)
GO:0043565	sequence-specific DNA binding	has_input(MGI:MGI:107656)
GO:0003682	chromatin binding	has_input(MGI:MGI:107931)
GO:0003729	mRNA binding	has_input(MGI:MGI:108039)
GO:0044212	transcription regulatory region DNA binding	has_input(MGI:MGI:108090)
GO:0000380	alternative mRNA splicing, via spliceosome	has_input(MGI:MGI:108360)
GO:0006509	membrane protein ectodomain proteolysis	has_input(MGI:MGI:109244)
GO:0031490	chromatin DNA binding	has_input(MGI:MGI:109267)
GO:0006470	protein dephosphorylation	has_input(MGI:MGI:109452)
GO:0043565	sequence-specific DNA binding	has_input(MGI:MGI:109518)
GO:0003729	mRNA binding	has_input(MGI:MGI:109542)
GO:0045185	maintenance of protein location	has_input(MGI:MGI:1096392)
GO:0003682	chromatin binding	has_input(MGI:MGI:1096393)
GO:0006509	membrane protein ectodomain proteolysis	has_input(MGI:MGI:1097159)
GO:0006479	protein methylation	has_input(MGI:MGI:1098280)
GO:0043565	sequence-specific DNA binding	has_input(MGI:MGI:1277171)
GO:0043565	sequence-specific DNA binding	has_input(MGI:MGI:1277171)
GO:0006479	protein methylation	has_input(MGI:MGI:1321159)
GO:0005102	receptor binding	has_input(MGI:MGI:1339957)
GO:0005102	receptor binding	has_input(MGI:MGI:1339957)
GO:0044183	protein binding involved in protein folding	has_input(MGI:MGI:1340894)
GO:0033234	negative regulation of protein sumoylation	has_input(MGI:MGI:1341190)
GO:0006378	mRNA polyadenylation	has_input(MGI:MGI:1342328)
GO:0070888	E-box binding	has_input(MGI:MGI:1342771)
GO:0043565	sequence-specific DNA binding	has_input(MGI:MGI:1342771)
GO:0090312	positive regulation of protein deacetylation	has_input(MGI:MGI:1343091
GO:0006479	protein methylation	has_input(MGI:MGI:1349722)
GO:0043565	sequence-specific DNA binding	has_input(MGI:MGI:1351322)
GO:0043565	sequence-specific DNA binding	has_input(MGI:MGI:1352453)
GO:0043565	sequence-specific DNA binding	has_input(MGI:MGI:1355313)
GO:0031490	chromatin DNA binding	has_input(MGI:MGI:1859314)
GO:0003682	chromatin binding	has_input(MGI:MGI:1914693)
GO:0043565	sequence-specific DNA binding	has_input(MGI:MGI:1916813)
GO:0043161	proteasome-mediated ubiquitin-dependent protein catabolic process	has_input(MGI:MGI:1918040)
GO:0003729	mRNA binding	has_input(MGI:MGI:1918135)
GO:0043565	sequence-specific DNA binding	has_input(MGI:MGI:1918588)
GO:0043565	sequence-specific DNA binding	has_input(MGI:MGI:1919200)
GO:0043565	sequence-specific DNA binding	has_input(MGI:MGI:1919200)
GO:0070585	protein localization to mitochondrion	has_input(MGI:MGI:1921256)
GO:0003729	mRNA binding	has_input(MGI:MGI:1923091)
GO:0019904	protein domain specific binding	has_input(MGI:MGI:1923734)
GO:0050821	protein stabilization	has_input(MGI:MGI:1924118)
GO:0003723	RNA binding	has_input(MGI:MGI:1925118)
GO:0043565	sequence-specific DNA binding	has_input(MGI:MGI:1926923)
GO:0003729	mRNA binding	has_input(MGI:MGI:2137670)
GO:0034613	cellular protein localization	has_input(MGI:MGI:2182061)
GO:0061512	protein localization to cilium	has_input(MGI:MGI:2183153)
GO:0000380	alternative mRNA splicing, via spliceosome	has_input(MGI:MGI:2441869)
GO:0000380	alternative mRNA splicing, via spliceosome	has_input(MGI:MGI:2441869)
GO:0003682	chromatin binding	has_input(MGI:MGI:2444413)
GO:0098781	ncRNA transcription	has_input(MGI:MGI:2444886)
GO:0000209	protein polyubiquitination	has_input(MGI:MGI:2446089)
GO:0043565	sequence-specific DNA binding	has_input(MGI:MGI:2448492)
GO:0043565	sequence-specific DNA binding	has_input(MGI:MGI:2655198)
GO:0001158	enhancer sequence-specific DNA binding	has_input(MGI:MGI:2657025)
GO:0043565	sequence-specific DNA binding	has_input(MGI:MGI:2661338)
GO:0003729	mRNA binding	has_input(MGI:MGI:2669254)
GO:0030507	spectrin binding	has_input(MGI:MGI:2685200)
GO:0030507	spectrin binding	has_input(MGI:MGI:2685200)
GO:0042731	PH domain binding	has_input(MGI:MGI:2685200)
GO:0006468	protein phosphorylation	has_input(MGI:MGI:3036234
GO:0003723	RNA binding	has_input(MGI:MGI:3775246)
GO:0003723	RNA binding	has_input(MGI:MGI:3775249)
GO:0003729	mRNA binding	has_input(MGI:MGI:87884)
GO:0036065	fucosylation	has_input(MGI:MGI:87951)
GO:0043565	sequence-specific DNA binding	has_input(MGI:MGI:87994)
GO:0016554	cytidine to uridine editing	has_input(MGI:MGI:88052)
GO:0042787	protein ubiquitination involved in ubiquitin-dependent protein catabolic process	has_input(MGI:MGI:88064)
GO:0003729	mRNA binding	has_input(MGI:MGI:88077)
GO:0043565	sequence-specific DNA binding	has_input(MGI:MGI:88105)
GO:0003729	mRNA binding	has_input(MGI:MGI:88276)
GO:0005246	calcium channel regulator activity	has_input(MGI:MGI:88296)
GO:0006378	mRNA polyadenylation	has_input(MGI:MGI:88302)
GO:0001948	glycoprotein binding	has_input(MGI:MGI:88323)
GO:0002030	inhibitory G-protein coupled receptor phosphorylation	has_input(MGI:MGI:88398)
GO:0043565	sequence-specific DNA binding	has_input(MGI:MGI:88445)
GO:0043565	sequence-specific DNA binding	has_input(MGI:MGI:88452)
GO:0043565	sequence-specific DNA binding	has_input(MGI:MGI:88515)
GO:0043565	sequence-specific DNA binding	has_input(MGI:MGI:88515)
GO:0043565	sequence-specific DNA binding	has_input(MGI:MGI:88526)
GO:0043565	sequence-specific DNA binding	has_input(MGI:MGI:88526)
GO:0043565	sequence-specific DNA binding	has_input(MGI:MGI:88556)
GO:0043565	sequence-specific DNA binding	has_input(MGI:MGI:892013)
GO:0043565	sequence-specific DNA binding	has_input(MGI:MGI:893578)
GO:0043565	sequence-specific DNA binding	has_input(MGI:MGI:894675)
GO:0000209	protein polyubiquitination	has_input(MGI:MGI:95408)
GO:0043565	sequence-specific DNA binding	has_input(MGI:MGI:95484)
GO:0043565	sequence-specific DNA binding	has_input(MGI:MGI:95518)
GO:0000380	alternative mRNA splicing, via spliceosome	has_input(MGI:MGI:95522)
GO:0000380	alternative mRNA splicing, via spliceosome	has_input(MGI:MGI:95522)
GO:0000380	alternative mRNA splicing, via spliceosome	has_input(MGI:MGI:95523)
GO:0000380	alternative mRNA splicing, via spliceosome	has_input(MGI:MGI:95523)
GO:0000380	alternative mRNA splicing, via spliceosome	has_input(MGI:MGI:95524)
GO:0000380	alternative mRNA splicing, via spliceosome	has_input(MGI:MGI:95524)
GO:0051568	histone H3-K4 methylation	has_input(MGI:MGI:95607
GO:0043565	sequence-specific DNA binding	has_input(MGI:MGI:95663)
GO:0043565	sequence-specific DNA binding	has_input(MGI:MGI:95697)
GO:0043565	sequence-specific DNA binding	has_input(MGI:MGI:95697)
GO:0051568	histone H3-K4 methylation	has_input(MGI:MGI:95701)
GO:0042445	hormone metabolic process	has_input(MGI:MGI:95707)
GO:0043565	sequence-specific DNA binding	has_input(MGI:MGI:95709)
GO:0016236	macroautophagy	has_input(MGI:MGI:95713)
GO:0016236	macroautophagy	has_input(MGI:MGI:95713)
GO:0016236	macroautophagy	has_input(MGI:MGI:95719)
GO:0016236	macroautophagy	has_input(MGI:MGI:95719)
GO:0016236	macroautophagy	has_input(MGI:MGI:95720)
GO:0016236	macroautophagy	has_input(MGI:MGI:95720)
GO:0002091	negative regulation of receptor internalization	has_input(MGI:MGI:95808
GO:0003723	RNA binding	has_input(MGI:MGI:95809)
GO:0001948	glycoprotein binding	has_input(MGI:MGI:95819)
GO:0003723	RNA binding	has_input(MGI:MGI:95819)
GO:0043565	sequence-specific DNA binding	has_input(MGI:MGI:95842)
GO:0043565	sequence-specific DNA binding	has_input(MGI:MGI:96179)
GO:0043565	sequence-specific DNA binding	has_input(MGI:MGI:96449)
GO:0006402	mRNA catabolic process	has_input(MGI:MGI:96537)
GO:0006402	mRNA catabolic process	has_input(MGI:MGI:96548)
GO:0043565	sequence-specific DNA binding	has_input(MGI:MGI:96548)
GO:0043565	sequence-specific DNA binding	has_input(MGI:MGI:96548)
GO:0043565	sequence-specific DNA binding	has_input(MGI:MGI:96549)
GO:0006402	mRNA catabolic process	has_input(MGI:MGI:96559)
GO:0042445	hormone metabolic process	has_input(MGI:MGI:96573)
GO:0003730	mRNA 3'-UTR binding	has_input(MGI:MGI:96623)
GO:0043565	sequence-specific DNA binding	has_input(MGI:MGI:96685)
GO:0043565	sequence-specific DNA binding	has_input(MGI:MGI:96770)
GO:0005102	receptor binding	has_input(MGI:MGI:96828)
GO:0004725	protein tyrosine phosphatase activity	has_input(MGI:MGI:96892)
GO:0006378	mRNA polyadenylation	has_input(MGI:MGI:97052)
GO:0000209	protein polyubiquitination	has_input(MGI:MGI:97275)
GO:0043565	sequence-specific DNA binding	has_input(MGI:MGI:97276)
GO:0006509	membrane protein ectodomain proteolysis	has_input(MGI:MGI:97281)
GO:0005102	receptor binding	has_input(MGI:MGI:97373)
GO:0043565	sequence-specific DNA binding	has_input(MGI:MGI:97374)
GO:0043565	sequence-specific DNA binding	has_input(MGI:MGI:97487)
GO:0031490	chromatin DNA binding	has_input(MGI:MGI:97490)
GO:0043565	sequence-specific DNA binding	has_input(MGI:MGI:97490)
GO:0042445	hormone metabolic process	has_input(MGI:MGI:97762)
GO:0003729	mRNA binding	has_input(MGI:MGI:97765)
GO:0003723	RNA binding	has_input(MGI:MGI:97765)
GO:0006479	protein methylation	has_input(MGI:MGI:97844)
GO:0003682	chromatin binding	has_input(MGI:MGI:98330)
GO:0043565	sequence-specific DNA binding	has_input(MGI:MGI:98364)
GO:0030507	spectrin binding	has_input(MGI:MGI:98386)
GO:0043565	sequence-specific DNA binding	has_input(MGI:MGI:98389)
GO:0043565	sequence-specific DNA binding	has_input(MGI:MGI:98658)
GO:0072583	clathrin-dependent endocytosis	has_input(MGI:MGI:98822
GO:0042445	hormone metabolic process	has_input(MGI:MGI:98823)
GO:0042445	hormone metabolic process	has_input(MGI:MGI:98823)
GO:0042445	hormone metabolic process	has_input(MGI:MGI:98823)
GO:0043565	sequence-specific DNA binding	has_input(MGI:MGI:98958)
GO:0043565	sequence-specific DNA binding	has_input(MGI:MGI:98962)
GO:0043161	proteasome-mediated ubiquitin-dependent protein catabolic process	has_input(MGI:MGI:99454)
GO:0061630	ubiquitin protein ligase activity	has_input(MGI:MGI:99454)
GO:0004725	protein tyrosine phosphatase activity	has_input(MGI:MGI:99515
GO:1903071	positive regulation of ER-associated ubiquitin-dependent protein catabolic process	has_input(PR:000001044)
GO:0048018	receptor agonist activity	has_input(PR:000001488
GO:0048018	receptor agonist activity	has_input(PR:000001488
GO:0048018	receptor agonist activity	has_input(PR:000001488)
GO:0089720	caspase binding	has_input(PR:000002310)
GO:0089720	caspase binding	has_input(PR:000002317)
GO:0051091	positive regulation of sequence-specific DNA binding transcription factor activity	has_input(PR:000003112)
GO:0051091	positive regulation of sequence-specific DNA binding transcription factor activity	has_input(PR:000003112)
GO:0031293	membrane protein intracellular domain proteolysis	has_input(PR:000005858
GO:0019901	protein kinase binding	has_input(PR:000007185)
GO:0006508	proteolysis	has_input(PR:000012867)
GO:0001934	positive regulation of protein phosphorylation	has_input(PR:000029189)
GO:1903119	protein localization to actin cytoskeleton	has_input(PR:000037081
GO:1904498	protein localization to actomyosin contractile ring involved in mitotic cytokinesis	has_input(PR:000037082
GO:0031647	regulation of protein stability	has_input(PR:P51450-2)
GO:0043161	proteasome-mediated ubiquitin-dependent protein catabolic process	has_input(PR:P51450-2)
GO:0050731	positive regulation of peptidyl-tyrosine phosphorylation	has_input(PR:P70424
GO:0050731	positive regulation of peptidyl-tyrosine phosphorylation	has_input(PR:Q01279
GO:0050731	positive regulation of peptidyl-tyrosine phosphorylation	has_input(PR:Q61527
GO:0034613	cellular protein localization	has_input(PomBase:SPAC1093.06c)
GO:0034613	cellular protein localization	has_input(PomBase:SPAC1093.06c)
GO:0071459	protein localization to chromosome, centromeric region	has_input(PomBase:SPAC110.02)
GO:0097248	maintenance of protein location in cell cortex of cell tip	has_input(PomBase:SPAC110.03)
GO:1903212	protein localization to mating-type region heterochromatin	has_input(PomBase:SPAC1142.03c)
GO:1900182	positive regulation of protein localization to nucleus	has_input(PomBase:SPAC1420.03)
GO:0034613	cellular protein localization	has_input(PomBase:SPAC1420.03)
GO:0034067	protein localization to Golgi apparatus	has_input(PomBase:SPAC1486.02c)
GO:0034613	cellular protein localization	has_input(PomBase:SPAC14C4.09)
GO:1905391	regulation of protein localization to cell division site involved in cell separation after cytokinesis	has_input(PomBase:SPAC14C4.09)
GO:0034613	cellular protein localization	has_input(PomBase:SPAC1565.06c)
GO:0034501	protein localization to kinetochore	has_input(PomBase:SPAC15A10.15)
GO:0034613	cellular protein localization	has_input(PomBase:SPAC15A10.16)
GO:0034613	cellular protein localization	has_input(PomBase:SPAC16.01)
GO:1900182	positive regulation of protein localization to nucleus	has_input(PomBase:SPAC16.02c)
GO:1904498	protein localization to actomyosin contractile ring involved in mitotic cytokinesis	has_input(PomBase:SPAC1782.09c)
GO:0051220	cytoplasmic sequestering of protein	has_input(PomBase:SPAC1782.09c)
GO:0034613	cellular protein localization	has_input(PomBase:SPAC1783.07c)
GO:0034613	cellular protein localization	has_input(PomBase:SPAC17C9.05c)
GO:1901044	protein polyubiquitination involved in nucleus-associated proteasomal ubiquitin-dependent protein catabolic process	has_input(PomBase:SPAC17C9.13c)
GO:0044379	protein localization to actin cortical patch	has_input(PomBase:SPAC17G8.04c)
GO:0034613	cellular protein localization	has_input(PomBase:SPAC17G8.05)
GO:1902543	negative regulation of protein localization to mitotic spindle pole body	has_input(PomBase:SPAC17G8.10c)
GO:0034613	cellular protein localization	has_input(PomBase:SPAC18G6.02c)
GO:0034613	cellular protein localization	has_input(PomBase:SPAC18G6.15)
GO:1990954	establishment of protein localization to meiotic spindle pole body	has_input(PomBase:SPAC1F3.06c)
GO:0034613	cellular protein localization	has_input(PomBase:SPAC1F7.04)
GO:0071574	protein localization to medial cortex	has_input(PomBase:SPAC20G8.05c)
GO:0034613	cellular protein localization	has_input(PomBase:SPAC222.10c)
GO:0034504	protein localization to nucleus	has_input(PomBase:SPAC22E12.07)
GO:0071168	protein localization to chromatin	has_input(PomBase:SPAC23C4.03)
GO:0071459	protein localization to chromosome, centromeric region	has_input(PomBase:SPAC23C4.03)
GO:0034501	protein localization to kinetochore	has_input(PomBase:SPAC23C4.03)
GO:1904601	protein localization to actin fusion focus	has_input(PomBase:SPAC23D3.10c)
GO:1903026	negative regulation of RNA polymerase II regulatory region sequence-specific DNA binding	has_input(PomBase:SPAC23E2.01)
GO:0034613	cellular protein localization	has_input(PomBase:SPAC23H3.08c)
GO:0034504	protein localization to nucleus	has_input(PomBase:SPAC24B11.06c)
GO:1904498	protein localization to actomyosin contractile ring involved in mitotic cytokinesis	has_input(PomBase:SPAC24B11.11c)
GO:0034613	cellular protein localization	has_input(PomBase:SPAC24B11.11c)
GO:1903068	positive regulation of protein localization to cell tip	has_input(PomBase:SPAC24H6.09
GO:1904498	protein localization to actomyosin contractile ring involved in mitotic cytokinesis	has_input(PomBase:SPAC24H6.09)
GO:1903068	positive regulation of protein localization to cell tip	has_input(PomBase:SPAC24H6.09)
GO:0097248	maintenance of protein location in cell cortex of cell tip	has_input(PomBase:SPAC24H6.09)
GO:0043161	proteasome-mediated ubiquitin-dependent protein catabolic process	has_input(PomBase:SPAC27D7.03c)
GO:1904498	protein localization to actomyosin contractile ring involved in mitotic cytokinesis	has_input(PomBase:SPAC27F1.02c)
GO:0034613	cellular protein localization	has_input(PomBase:SPAC2F7.03c)
GO:1903068	positive regulation of protein localization to cell tip	has_input(PomBase:SPAC2F7.03c)
GO:1903068	positive regulation of protein localization to cell tip	has_input(PomBase:SPAC2F7.03c)
GO:1902440	protein localization to mitotic spindle pole body	has_input(PomBase:SPAC3A11.14c)
GO:0034613	cellular protein localization	has_input(PomBase:SPAC3C7.12)
GO:1903476	protein localization to cell division site involved in mitotic actomyosin contractile ring assembly	has_input(PomBase:SPAC3G9.05)
GO:0034613	cellular protein localization	has_input(PomBase:SPAC4F10.11)
GO:1903394	protein localization to kinetochore involved in kinetochore assembly	has_input(PomBase:SPAC4F10.12)
GO:0034613	cellular protein localization	has_input(PomBase:SPAC4F10.15c)
GO:0071574	protein localization to medial cortex	has_input(PomBase:SPAC4F8.13c)
GO:0034613	cellular protein localization	has_input(PomBase:SPAC513.03)
GO:1990847	peptide pheromone transmembrane export involved in conjugation with cellular fusion	has_input(PomBase:SPAC513.03)
GO:0034613	cellular protein localization	has_input(PomBase:SPAC57A10.02)
GO:0034613	cellular protein localization	has_input(PomBase:SPAC5D6.05)
GO:0031145	anaphase-promoting complex-dependent catabolic process	has_input(PomBase:SPAC5D6.08c)
GO:0031145	anaphase-promoting complex-dependent catabolic process	has_input(PomBase:SPAC5D6.08c)
GO:0034613	cellular protein localization	has_input(PomBase:SPAC631.01c)
GO:0071574	protein localization to medial cortex	has_input(PomBase:SPAC644.06c)
GO:0000730	DNA recombinase assembly	has_input(PomBase:SPAC644.14c)
GO:0070198	protein localization to chromosome, telomeric region	has_input(PomBase:SPAC664.01c)
GO:0034613	cellular protein localization	has_input(PomBase:SPAC664.01c)
GO:0035372	protein localization to microtubule	has_input(PomBase:SPAC664.10)
GO:1904519	protein localization to microtubule minus-end	has_input(PomBase:SPAC664.10)
GO:1904825	protein localization to microtubule plus-end	has_input(PomBase:SPAC664.10)
GO:0034613	cellular protein localization	has_input(PomBase:SPAC688.11)
GO:0034613	cellular protein localization	has_input(PomBase:SPAC6F12.03c)
GO:0034613	cellular protein localization	has_input(PomBase:SPAC6F12.09)
GO:0034613	cellular protein localization	has_input(PomBase:SPAC6G10.02c)
GO:1903360	protein localization to lateral cortical node	has_input(PomBase:SPAC821.03c)
GO:0034613	cellular protein localization	has_input(PomBase:SPAC821.06)
GO:0042787	protein ubiquitination involved in ubiquitin-dependent protein catabolic process	has_input(PomBase:SPAC821.08c)
GO:0034613	cellular protein localization	has_input(PomBase:SPAC821.09)
GO:1905391	regulation of protein localization to cell division site involved in cell separation after cytokinesis	has_input(PomBase:SPAC821.09)
GO:0034613	cellular protein localization	has_input(PomBase:SPAC821.12)
GO:0034613	cellular protein localization	has_input(PomBase:SPAC869.11)
GO:0000730	DNA recombinase assembly	has_input(PomBase:SPAC8E11.03c)
GO:0071574	protein localization to medial cortex	has_input(PomBase:SPAC926.03)
GO:0034613	cellular protein localization	has_input(PomBase:SPAC9G1.09)
GO:1990975	establishment of protein localization to mitotic spindle pole body	has_input(PomBase:SPAC9G1.09)
GO:0034613	cellular protein localization	has_input(PomBase:SPAC9G1.11c)
GO:0071574	protein localization to medial cortex	has_input(PomBase:SPAP8A3.08)
GO:1900182	positive regulation of protein localization to nucleus	has_input(PomBase:SPAPB8E5.02c)
GO:0034613	cellular protein localization	has_input(PomBase:SPAPB8E5.02c)
GO:1990847	peptide pheromone transmembrane export involved in conjugation with cellular fusion	has_input(PomBase:SPAPB8E5.05)
GO:0034613	cellular protein localization	has_input(PomBase:SPAPB8E5.05)
GO:0002143	tRNA wobble position uridine thiolation	has_input(PomBase:SPATRNALYS.03)
GO:0002143	tRNA wobble position uridine thiolation	has_input(PomBase:SPATRNALYS.04)
GO:0071459	protein localization to chromosome, centromeric region	has_input(PomBase:SPBC1105.17)
GO:0034613	cellular protein localization	has_input(PomBase:SPBC1105.17)
GO:0071459	protein localization to chromosome, centromeric region	has_input(PomBase:SPBC1105.17)
GO:0042787	protein ubiquitination involved in ubiquitin-dependent protein catabolic process	has_input(PomBase:SPBC1105.17)
GO:0034501	protein localization to kinetochore	has_input(PomBase:SPBC1105.17)
GO:1900181	negative regulation of protein localization to nucleus	has_input(PomBase:SPBC11C11.08)
GO:0034613	cellular protein localization	has_input(PomBase:SPBC12D12.01)
GO:1900182	positive regulation of protein localization to nucleus	has_input(PomBase:SPBC146.07)
GO:0044379	protein localization to actin cortical patch	has_input(PomBase:SPBC146.13c)
GO:0043161	proteasome-mediated ubiquitin-dependent protein catabolic process	has_input(PomBase:SPBC14C8.01c)
GO:0042787	protein ubiquitination involved in ubiquitin-dependent protein catabolic process	has_input(PomBase:SPBC14C8.01c)
GO:0031145	anaphase-promoting complex-dependent catabolic process	has_input(PomBase:SPBC14C8.01c)
GO:0034613	cellular protein localization	has_input(PomBase:SPBC14C8.01c)
GO:0043161	proteasome-mediated ubiquitin-dependent protein catabolic process	has_input(PomBase:SPBC14C8.07c)
GO:0034613	cellular protein localization	has_input(PomBase:SPBC1539.04)
GO:0034613	cellular protein localization	has_input(PomBase:SPBC1604.20c)
GO:0035372	protein localization to microtubule	has_input(PomBase:SPBC1604.20c)
GO:0034613	cellular protein localization	has_input(PomBase:SPBC16A3.01)
GO:0071459	protein localization to chromosome, centromeric region	has_input(PomBase:SPBC16C6.10)
GO:0034613	cellular protein localization	has_input(PomBase:SPBC16C6.10)
GO:0034613	cellular protein localization	has_input(PomBase:SPBC16C6.14)
GO:0051220	cytoplasmic sequestering of protein	has_input(PomBase:SPBC16E9.01c)
GO:1903360	protein localization to lateral cortical node	has_input(PomBase:SPBC16H5.11c)
GO:0034613	cellular protein localization	has_input(PomBase:SPBC1706.01)
GO:1900039	positive regulation of cellular response to hypoxia	has_input(PomBase:SPBC19C2.09
GO:0035103	sterol regulatory element binding protein cleavage	has_input(PomBase:SPBC19C2.09
GO:0035103	sterol regulatory element binding protein cleavage	has_input(PomBase:SPBC19C2.09)
GO:0034613	cellular protein localization	has_input(PomBase:SPBC19G7.05c)
GO:0071574	protein localization to medial cortex	has_input(PomBase:SPBC1A4.05)
GO:0034613	cellular protein localization	has_input(PomBase:SPBC1D7.05)
GO:0072659	protein localization to plasma membrane	has_input(PomBase:SPBC1D7.05)
GO:0034501	protein localization to kinetochore	has_input(PomBase:SPBC20F10.06)
GO:0034613	cellular protein localization	has_input(PomBase:SPBC20F10.06)
GO:1990975	establishment of protein localization to mitotic spindle pole body	has_input(PomBase:SPBC21.06c)
GO:0034613	cellular protein localization	has_input(PomBase:SPBC21.06c)
GO:0034613	cellular protein localization	has_input(PomBase:SPBC21D10.12)
GO:0034613	cellular protein localization	has_input(PomBase:SPBC244.01c)
GO:0034613	cellular protein localization	has_input(PomBase:SPBC25D12.04)
GO:0031146	SCF-dependent proteasomal ubiquitin-dependent protein catabolic process	has_input(PomBase:SPBC25H2.13c)
GO:1903067	negative regulation of protein localization to cell tip	has_input(PomBase:SPBC28E12.03)
GO:0034613	cellular protein localization	has_input(PomBase:SPBC28E12.03)
GO:0034613	cellular protein localization	has_input(PomBase:SPBC29A10.14)
GO:1904601	protein localization to actin fusion focus	has_input(PomBase:SPBC2D10.05)
GO:0034613	cellular protein localization	has_input(PomBase:SPBC31A8.01c)
GO:0034613	cellular protein localization	has_input(PomBase:SPBC342.05)
GO:0016485	protein processing	has_input(PomBase:SPBC354.05c)
GO:1900039	positive regulation of cellular response to hypoxia	has_input(PomBase:SPBC354.05c)
GO:0035103	sterol regulatory element binding protein cleavage	has_input(PomBase:SPBC354.05c)
GO:0034067	protein localization to Golgi apparatus	has_input(PomBase:SPBC359.03c)
GO:0034613	cellular protein localization	has_input(PomBase:SPBC365.15)
GO:0034613	cellular protein localization	has_input(PomBase:SPBC428.08c)
GO:0034613	cellular protein localization	has_input(PomBase:SPBC428.13c)
GO:0034613	cellular protein localization	has_input(PomBase:SPBC530.04)
GO:0031145	anaphase-promoting complex-dependent catabolic process	has_input(PomBase:SPBC582.03)
GO:1904668	positive regulation of ubiquitin protein ligase activity	has_input(PomBase:SPBC582.03)
GO:0031145	anaphase-promoting complex-dependent catabolic process	has_input(PomBase:SPBC582.03)
GO:0043161	proteasome-mediated ubiquitin-dependent protein catabolic process	has_input(PomBase:SPBC582.03)
GO:0031145	anaphase-promoting complex-dependent catabolic process	has_input(PomBase:SPBC582.03)
GO:0042787	protein ubiquitination involved in ubiquitin-dependent protein catabolic process	has_input(PomBase:SPBC582.03)
GO:0034613	cellular protein localization	has_input(PomBase:SPBC609.02)
GO:1904601	protein localization to actin fusion focus	has_input(PomBase:SPBC646.06c)
GO:0034613	cellular protein localization	has_input(PomBase:SPBC651.03c)
GO:0034501	protein localization to kinetochore	has_input(PomBase:SPBC725.12)
GO:0006606	protein import into nucleus	has_input(PomBase:SPBC776.13)
GO:0034613	cellular protein localization	has_input(PomBase:SPBC800.03)
GO:0034613	cellular protein localization	has_input(PomBase:SPBC902.06)
GO:0060049	regulation of protein glycosylation	has_input(PomBase:SPBC947.10)
GO:0072697	protein localization to cell cortex	has_input(PomBase:SPBP19A11.04c)
GO:0034501	protein localization to kinetochore	has_input(PomBase:SPBP35G2.03c)
GO:0006606	protein import into nucleus	has_input(PomBase:SPBP4H10.06c)
GO:0034501	protein localization to kinetochore	has_input(PomBase:SPBP4H10.06c)
GO:0034503	protein localization to nucleolar rDNA repeats	has_input(PomBase:SPBP4H10.06c)
GO:0034613	cellular protein localization	has_input(PomBase:SPBPJ4664.03)
GO:1990847	peptide pheromone transmembrane export involved in conjugation with cellular fusion	has_input(PomBase:SPBPJ4664.03)
GO:0034613	cellular protein localization	has_input(PomBase:SPCC1183.12)
GO:0034613	cellular protein localization	has_input(PomBase:SPCC1223.06)
GO:0034613	cellular protein localization	has_input(PomBase:SPCC126.06)
GO:0034613	cellular protein localization	has_input(PomBase:SPCC1322.12c)
GO:0034613	cellular protein localization	has_input(PomBase:SPCC1739.11c)
GO:0034613	cellular protein localization	has_input(PomBase:SPCC1753.03c)
GO:0034613	cellular protein localization	has_input(PomBase:SPCC1795.01c)
GO:0034613	cellular protein localization	has_input(PomBase:SPCC188.13c)
GO:0071218	cellular response to misfolded protein	has_input(PomBase:SPCC188.13c)
GO:0042026	protein refolding	has_input(PomBase:SPCC188.13c)
GO:0071574	protein localization to medial cortex	has_input(PomBase:SPCC18B5.03)
GO:0097248	maintenance of protein location in cell cortex of cell tip	has_input(PomBase:SPCC1919.10c)
GO:0061586	positive regulation of transcription by transcription factor localization	has_input(PomBase:SPCC290.04)
GO:0034501	protein localization to kinetochore	has_input(PomBase:SPCC320.13c)
GO:0034613	cellular protein localization	has_input(PomBase:SPCC338.17c)
GO:0071574	protein localization to medial cortex	has_input(PomBase:SPCC4B3.15)
GO:1904668	positive regulation of ubiquitin protein ligase activity	has_input(PomBase:SPCC4E9.02)
GO:0034613	cellular protein localization	has_input(PomBase:SPCC613.12c)
GO:0034613	cellular protein localization	has_input(PomBase:SPCC645.05c)
GO:1903476	protein localization to cell division site involved in mitotic actomyosin contractile ring assembly	has_input(PomBase:SPCC645.06c)
GO:0042787	protein ubiquitination involved in ubiquitin-dependent protein catabolic process	has_input(PomBase:SPCC663.05c)
GO:0034613	cellular protein localization	has_input(PomBase:SPCC736.11)
GO:0034613	cellular protein localization	has_input(PomBase:SPCC830.08c)
GO:1903476	protein localization to cell division site involved in mitotic actomyosin contractile ring assembly	has_input(PomBase:SPCC895.05)
GO:0034613	cellular protein localization	has_input(PomBase:SPCC895.05)
GO:1990151	protein localization to cell tip	has_input(PomBase:SPCC895.05)
GO:0034613	cellular protein localization	has_input(PomBase:SPCC895.07)
GO:0034501	protein localization to kinetochore	has_input(PomBase:SPCC962.02c)
GO:0034613	cellular protein localization	has_input(PomBase:SPCC962.02c)
GO:0071574	protein localization to medial cortex	has_input(PomBase:SPCC970.04c)
GO:0034613	cellular protein localization	has_input(PomBase:SPCP1E11.04c)
GO:0034474	U2 snRNA 3'-end processing	has_input(PomBase:SPSNRNA.02)
GO:0090669	telomerase RNA stabilization	has_input(RNAcentral:URS00004A7003_9606)
GO:0097271	protein localization to bud neck	has_input(SGD:S000000022)
GO:0006468	protein phosphorylation	has_input(SGD:S000000337)
GO:0006470	protein dephosphorylation	has_input(SGD:S000000385)
GO:0018105	peptidyl-serine phosphorylation	has_input(SGD:S000000385)
GO:0016887	ATPase activity	has_input(SGD:S000000596)
GO:0016887	ATPase activity	has_input(SGD:S000000596)
GO:0010485	H4 histone acetyltransferase activity	has_input(SGD:S000000782)
GO:0006468	protein phosphorylation	has_input(SGD:S000000971)
GO:0071041	antisense RNA transcript catabolic process	has_input(SGD:S000001634)
GO:0016887	ATPase activity	has_input(SGD:S000001774)
GO:0016887	ATPase activity	has_input(SGD:S000001774)
GO:0006392	transcription elongation from mitochondrial promoter	has_input(SGD:S000001858)
GO:0006468	protein phosphorylation	has_input(SGD:S000002297)
GO:0004674	protein serine/threonine kinase activity	has_input(SGD:S000002520)
GO:0000009	alpha-1,6-mannosyltransferase activity	has_input(SGD:S000002653)
GO:0043407	negative regulation of MAP kinase activity	has_input(SGD:S000003272)
GO:0045762	positive regulation of adenylate cyclase activity	has_input(SGD:S000003542)
GO:0006468	protein phosphorylation	has_input(SGD:S000004166)
GO:0006468	protein phosphorylation	has_input(SGD:S000004342)
GO:0006468	protein phosphorylation	has_input(SGD:S000005075)
GO:0018105	peptidyl-serine phosphorylation	has_input(SGD:S000006011
GO:0006470	protein dephosphorylation	has_input(SGD:S000006011)
GO:0000224	peptide-N4-(N-acetyl-beta-glucosaminyl)asparagine amidase activity	has_input(SGD:S000006017)
GO:0008104	protein localization	has_input(UniProtKB:A1Z6E0)
GO:0045184	establishment of protein localization	has_input(UniProtKB:A2ARA8)
GO:0043066	negative regulation of apoptotic process	has_input(UniProtKB:A4LAP1)
GO:0043066	negative regulation of apoptotic process	has_input(UniProtKB:A5PJB2
GO:0043066	negative regulation of apoptotic process	has_input(UniProtKB:A5PJB2
GO:0043066	negative regulation of apoptotic process	has_input(UniProtKB:A5PJB2)
GO:0010629	negative regulation of gene expression	has_input(UniProtKB:D0Z5N4
GO:0010628	positive regulation of gene expression	has_input(UniProtKB:D0Z5N4
GO:0010629	negative regulation of gene expression	has_input(UniProtKB:D0Z5N4
GO:0010629	negative regulation of gene expression	has_input(UniProtKB:D0Z5N4
GO:0010629	negative regulation of gene expression	has_input(UniProtKB:D0Z5N4
GO:0001934	positive regulation of protein phosphorylation	has_input(UniProtKB:D0Z5N4)
GO:0010629	negative regulation of gene expression	has_input(UniProtKB:D0Z5N4)
GO:0045944	positive regulation of transcription from RNA polymerase II promoter	has_input(UniProtKB:D3Z1W3
GO:0045944	positive regulation of transcription from RNA polymerase II promoter	has_input(UniProtKB:D3Z1W3
GO:0019901	protein kinase binding	has_input(UniProtKB:D3Z9M9)
GO:0045041	protein import into mitochondrial intermembrane space	has_input(UniProtKB:D6W196)
GO:0090326	positive regulation of locomotion involved in locomotory behavior	has_input(UniProtKB:D9N129
GO:2000010	positive regulation of protein localization to cell surface	has_input(UniProtKB:D9N129)
GO:0005515	protein binding	has_input(UniProtKB:E1BGA9)
GO:0010634	positive regulation of epithelial cell migration	has_input(UniProtKB:E2RPX1)
GO:0050731	positive regulation of peptidyl-tyrosine phosphorylation	has_input(UniProtKB:E2RPX1)
GO:2000394	positive regulation of lamellipodium morphogenesis	has_input(UniProtKB:E2RPX1)
GO:0006468	protein phosphorylation	has_input(UniProtKB:E9PTX9
GO:0005515	protein binding	has_input(UniProtKB:E9PTX9)
GO:0072594	establishment of protein localization to organelle	has_input(UniProtKB:E9PY46)
GO:1902083	negative regulation of peptidyl-cysteine S-nitrosylation	has_input(UniProtKB:E9PZQ0)
GO:0033137	negative regulation of peptidyl-serine phosphorylation	has_input(UniProtKB:E9Q401
GO:1902083	negative regulation of peptidyl-cysteine S-nitrosylation	has_input(UniProtKB:E9Q401)
GO:0033137	negative regulation of peptidyl-serine phosphorylation	has_input(UniProtKB:E9Q401)
GO:0033135	regulation of peptidyl-serine phosphorylation	has_input(UniProtKB:E9Q401)
GO:0036309	protein localization to M-band	has_input(UniProtKB:F1LM42
GO:0090270	regulation of fibroblast growth factor production	has_input(UniProtKB:F1NHT7
GO:0090270	regulation of fibroblast growth factor production	has_input(UniProtKB:F1NHT7
GO:0060315	negative regulation of ryanodine-sensitive calcium-release channel activity	has_input(UniProtKB:F1PEE8)
GO:0060316	positive regulation of ryanodine-sensitive calcium-release channel activity	has_input(UniProtKB:F1PEE8)
GO:0016567	protein ubiquitination	has_input(UniProtKB:F1S6Q9
GO:0030433	ER-associated ubiquitin-dependent protein catabolic process	has_input(UniProtKB:F6VAN0)
GO:0030163	protein catabolic process	has_input(UniProtKB:F6VAN0)
GO:0006888	ER to Golgi vesicle-mediated transport	has_input(UniProtKB:F6VAN0)
GO:0010628	positive regulation of gene expression	has_input(UniProtKB:F6WI90)
GO:0031293	membrane protein intracellular domain proteolysis	has_input(UniProtKB:G3HTZ9
GO:0031293	membrane protein intracellular domain proteolysis	has_input(UniProtKB:G3HTZ9
GO:0097499	protein localization to non-motile cilium	has_input(UniProtKB:G5EBV8)
GO:0097500	receptor localization to non-motile cilium	has_input(UniProtKB:G5ECV4
GO:0097500	receptor localization to non-motile cilium	has_input(UniProtKB:G5ECV4
GO:0042993	positive regulation of transcription factor import into nucleus	has_input(UniProtKB:H2KZZ2
GO:2000679	positive regulation of transcription regulatory region DNA binding	has_input(UniProtKB:I3LUZ9)
GO:0043066	negative regulation of apoptotic process	has_input(UniProtKB:I7CLV3
GO:0043066	negative regulation of apoptotic process	has_input(UniProtKB:I7CLV3
GO:0043066	negative regulation of apoptotic process	has_input(UniProtKB:I7CLV3
GO:0010628	positive regulation of gene expression	has_input(UniProtKB:O00194)
GO:0070585	protein localization to mitochondrion	has_input(UniProtKB:O00429
GO:0099074	mitochondrion to lysosome transport	has_input(UniProtKB:O00429)
GO:0006626	protein targeting to mitochondrion	has_input(UniProtKB:O00429)
GO:0071902	positive regulation of protein serine/threonine kinase activity	has_input(UniProtKB:O00506)
GO:0050821	protein stabilization	has_input(UniProtKB:O00506)
GO:0006470	protein dephosphorylation	has_input(UniProtKB:O00506)
GO:0010629	negative regulation of gene expression	has_input(UniProtKB:O00548)
GO:2000510	positive regulation of dendritic cell chemotaxis	has_input(UniProtKB:O00585
GO:0046827	positive regulation of protein export from nucleus	has_input(UniProtKB:O00910)
GO:0071168	protein localization to chromatin	has_input(UniProtKB:O01427)
GO:0090002	establishment of protein localization to plasma membrane	has_input(UniProtKB:O08917)
GO:0072594	establishment of protein localization to organelle	has_input(UniProtKB:O14576)
GO:0006468	protein phosphorylation	has_input(UniProtKB:O14641
GO:0010521	telomerase inhibitor activity	has_input(UniProtKB:O14746)
GO:0090002	establishment of protein localization to plasma membrane	has_input(UniProtKB:O14920
GO:0090002	establishment of protein localization to plasma membrane	has_input(UniProtKB:O14920
GO:0090002	establishment of protein localization to plasma membrane	has_input(UniProtKB:O14920
GO:0032091	negative regulation of protein binding	has_input(UniProtKB:O15144)
GO:0033365	protein localization to organelle	has_input(UniProtKB:O15273)
GO:0051082	unfolded protein binding	has_input(UniProtKB:O15354)
GO:0042787	protein ubiquitination involved in ubiquitin-dependent protein catabolic process	has_input(UniProtKB:O15354)
GO:0000209	protein polyubiquitination	has_input(UniProtKB:O15354)
GO:0032091	negative regulation of protein binding	has_input(UniProtKB:O15379
GO:2001237	negative regulation of extrinsic apoptotic signaling pathway	has_input(UniProtKB:O15519)
GO:0000122	negative regulation of transcription from RNA polymerase II promoter	has_input(UniProtKB:O15528)
GO:0042308	negative regulation of protein import into nucleus	has_input(UniProtKB:O16850)
GO:0097499	protein localization to non-motile cilium	has_input(UniProtKB:O16913
GO:0045944	positive regulation of transcription from RNA polymerase II promoter	has_input(UniProtKB:O35393
GO:0090270	regulation of fibroblast growth factor production	has_input(UniProtKB:O42486
GO:0090270	regulation of fibroblast growth factor production	has_input(UniProtKB:O42486
GO:2001241	positive regulation of extrinsic apoptotic signaling pathway in absence of ligand	has_input(UniProtKB:O43293)
GO:0018105	peptidyl-serine phosphorylation	has_input(UniProtKB:O43464)
GO:0002020	protease binding	has_input(UniProtKB:O43464)
GO:0016504	peptidase activator activity	has_input(UniProtKB:O43464)
GO:0010952	positive regulation of peptidase activity	has_input(UniProtKB:O43464)
GO:0004674	protein serine/threonine kinase activity	has_input(UniProtKB:O43464)
GO:0045944	positive regulation of transcription from RNA polymerase II promoter	has_input(UniProtKB:O43474)
GO:0000122	negative regulation of transcription from RNA polymerase II promoter	has_input(UniProtKB:O43474)
GO:0051247	positive regulation of protein metabolic process	has_input(UniProtKB:O43474)
GO:0042147	retrograde transport, endosome to Golgi	has_input(UniProtKB:O43493)
GO:0006473	protein acetylation	has_input(UniProtKB:O43524
GO:0051261	protein depolymerization	has_input(UniProtKB:O43633
GO:0051258	protein polymerization	has_input(UniProtKB:O43633)
GO:0048692	negative regulation of axon extension involved in regeneration	has_input(UniProtKB:O44408
GO:0004697	protein kinase C activity	has_input(UniProtKB:O45818)
GO:2000406	positive regulation of T cell migration	has_input(UniProtKB:O54890)
GO:0002175	protein localization to paranode region of axon	has_input(UniProtKB:O54991
GO:0000422	mitophagy	has_input(UniProtKB:O60260
GO:0006468	protein phosphorylation	has_input(UniProtKB:O60260
GO:0004674	protein serine/threonine kinase activity	has_input(UniProtKB:O60260
GO:0018108	peptidyl-tyrosine phosphorylation	has_input(UniProtKB:O60260
GO:0018105	peptidyl-serine phosphorylation	has_input(UniProtKB:O60260
GO:0072655	establishment of protein localization to mitochondrion	has_input(UniProtKB:O60260)
GO:0072656	maintenance of protein location in mitochondrion	has_input(UniProtKB:O60260)
GO:0051444	negative regulation of ubiquitin-protein transferase activity	has_input(UniProtKB:O60260)
GO:0072655	establishment of protein localization to mitochondrion	has_input(UniProtKB:O60260)
GO:0072656	maintenance of protein location in mitochondrion	has_input(UniProtKB:O60260)
GO:0097027	ubiquitin-protein transferase activator activity	has_input(UniProtKB:O60260)
GO:0000209	protein polyubiquitination	has_input(UniProtKB:O60260)
GO:0044212	transcription regulatory region DNA binding	has_input(UniProtKB:O60260)
GO:1904925	positive regulation of mitophagy in response to mitochondrial depolarization	has_input(UniProtKB:O60260)
GO:0010498	proteasomal protein catabolic process	has_input(UniProtKB:O60260)
GO:0036503	ERAD pathway	has_input(UniProtKB:O60337)
GO:0072657	protein localization to membrane	has_input(UniProtKB:O60493)
GO:0090002	establishment of protein localization to plasma membrane	has_input(UniProtKB:O60716
GO:0072659	protein localization to plasma membrane	has_input(UniProtKB:O60894)
GO:0072659	protein localization to plasma membrane	has_input(UniProtKB:O60895)
GO:0072659	protein localization to plasma membrane	has_input(UniProtKB:O60896)
GO:0031623	receptor internalization	has_input(UniProtKB:O60896)
GO:0045185	maintenance of protein location	has_input(UniProtKB:O60934)
GO:0004601	peroxidase activity	has_input(UniProtKB:O61213)
GO:0097499	protein localization to non-motile cilium	has_input(UniProtKB:O61938)
GO:0004674	protein serine/threonine kinase activity	has_input(UniProtKB:O62486)
GO:0033365	protein localization to organelle	has_input(UniProtKB:O70548)
GO:0045041	protein import into mitochondrial intermembrane space	has_input(UniProtKB:O74700)
GO:0010628	positive regulation of gene expression	has_input(UniProtKB:O75030
GO:0045184	establishment of protein localization	has_input(UniProtKB:O75122)
GO:1903839	positive regulation of mRNA 3'-UTR binding	has_input(UniProtKB:O75150
GO:0051291	protein heterooligomerization	has_input(UniProtKB:O75351)
GO:0051291	protein heterooligomerization	has_input(UniProtKB:O75351)
GO:0071168	protein localization to chromatin	has_input(UniProtKB:O75376)
GO:0010821	regulation of mitochondrion organization	has_input(UniProtKB:O75436
GO:0006468	protein phosphorylation	has_input(UniProtKB:O75531)
GO:0004672	protein kinase activity	has_input(UniProtKB:O75531)
GO:0098639	collagen binding involved in cell-matrix adhesion	has_input(UniProtKB:O75578)
GO:0007160	cell-matrix adhesion	has_input(UniProtKB:O75578)
GO:0061077	chaperone-mediated protein folding	has_input(UniProtKB:O75718
GO:0032403	protein complex binding	has_input(UniProtKB:O75718
GO:0050821	protein stabilization	has_input(UniProtKB:O75718
GO:0005518	collagen binding	has_input(UniProtKB:O75718
GO:0032403	protein complex binding	has_input(UniProtKB:O75718
GO:0005518	collagen binding	has_input(UniProtKB:O75718
GO:0050821	protein stabilization	has_input(UniProtKB:O75955)
GO:0090435	protein localization to nuclear envelope	has_input(UniProtKB:O76329)
GO:0035720	intraciliary anterograde transport	has_input(UniProtKB:O88413)
GO:0018105	peptidyl-serine phosphorylation	has_input(UniProtKB:O89046
GO:0036120	cellular response to platelet-derived growth factor stimulus	has_input(UniProtKB:O89046
GO:0004697	protein kinase C activity	has_input(UniProtKB:O89046
GO:1903044	protein localization to membrane raft	has_input(UniProtKB:O94905
GO:0043495	protein anchor	has_input(UniProtKB:O94979)
GO:0005246	calcium channel regulator activity	has_input(UniProtKB:O95180)
GO:1901019	regulation of calcium ion transmembrane transporter activity	has_input(UniProtKB:O95180)
GO:1901800	positive regulation of proteasomal protein catabolic process	has_input(UniProtKB:O95249)
GO:0019899	enzyme binding	has_input(UniProtKB:O95271)
GO:0003950	NAD+ ADP-ribosyltransferase activity	has_input(UniProtKB:O95271)
GO:0036503	ERAD pathway	has_input(UniProtKB:O95342)
GO:0010507	negative regulation of autophagy	has_input(UniProtKB:O95352
GO:0032487	regulation of Rap protein signal transduction	has_input(UniProtKB:O95398
GO:0045184	establishment of protein localization	has_input(UniProtKB:O95398)
GO:1903044	protein localization to membrane raft	has_input(UniProtKB:O95810
GO:0006611	protein export from nucleus	has_input(UniProtKB:O95863)
GO:0042813	Wnt-activated receptor activity	has_input(UniProtKB:O96014)
GO:2000679	positive regulation of transcription regulatory region DNA binding	has_input(UniProtKB:O97894)
GO:0010468	regulation of gene expression	has_input(UniProtKB:P00451)
GO:0006468	protein phosphorylation	has_input(UniProtKB:P00519
GO:0030297	transmembrane receptor protein tyrosine kinase activator activity	has_input(UniProtKB:P00533)
GO:0006620	posttranslational protein targeting to membrane	has_input(UniProtKB:P00533)
GO:2000643	positive regulation of early endosome to late endosome transport	has_input(UniProtKB:P00533)
GO:0006620	posttranslational protein targeting to membrane	has_input(UniProtKB:P00533)
GO:0035308	negative regulation of protein dephosphorylation	has_input(UniProtKB:P00546)
GO:0035308	negative regulation of protein dephosphorylation	has_input(UniProtKB:P00546)
GO:1903044	protein localization to membrane raft	has_input(UniProtKB:P00558
GO:0006626	protein targeting to mitochondrion	has_input(UniProtKB:P00830)
GO:0032270	positive regulation of cellular protein metabolic process	has_input(UniProtKB:P00966
GO:0045944	positive regulation of transcription from RNA polymerase II promoter	has_input(UniProtKB:P00966
GO:0006367	transcription initiation from RNA polymerase II promoter	has_input(UniProtKB:P01106)
GO:0000979	RNA polymerase II core promoter sequence-specific DNA binding	has_input(UniProtKB:P01106)
GO:0006369	termination of RNA polymerase II transcription	has_input(UniProtKB:P01106)
GO:0034497	protein localization to pre-autophagosomal structure	has_input(UniProtKB:P01123)
GO:0030546	receptor activator activity	has_input(UniProtKB:P01130
GO:0030546	receptor activator activity	has_input(UniProtKB:P01130)
GO:0048227	plasma membrane to endosome transport	has_input(UniProtKB:P01133)
GO:0045732	positive regulation of protein catabolic process	has_input(UniProtKB:P01133)
GO:2000641	regulation of early endosome to late endosome transport	has_input(UniProtKB:P01133)
GO:0048260	positive regulation of receptor-mediated endocytosis	has_input(UniProtKB:P01133)
GO:2000397	positive regulation of ubiquitin-dependent endocytosis	has_input(UniProtKB:P01133)
GO:2000643	positive regulation of early endosome to late endosome transport	has_input(UniProtKB:P01133)
GO:0072661	protein targeting to plasma membrane	has_input(UniProtKB:P01135)
GO:0007179	transforming growth factor beta receptor signaling pathway	has_input(UniProtKB:P01137
GO:0010719	negative regulation of epithelial to mesenchymal transition	has_input(UniProtKB:P01137)
GO:0007179	transforming growth factor beta receptor signaling pathway	has_input(UniProtKB:P01137)
GO:0030512	negative regulation of transforming growth factor beta receptor signaling pathway	has_input(UniProtKB:P01137)
GO:0071560	cellular response to transforming growth factor beta stimulus	has_input(UniProtKB:P01137)
GO:0007265	Ras protein signal transduction	has_input(UniProtKB:P01139)
GO:0071432	peptide mating pheromone maturation involved in conjugation with cellular fusion	has_input(UniProtKB:P01149)
GO:0043066	negative regulation of apoptotic process	has_input(UniProtKB:P01240
GO:0043066	negative regulation of apoptotic process	has_input(UniProtKB:P01246
GO:0051603	proteolysis involved in cellular protein catabolic process	has_input(UniProtKB:P01308)
GO:0043066	negative regulation of apoptotic process	has_input(UniProtKB:P01317
GO:0043066	negative regulation of apoptotic process	has_input(UniProtKB:P01317
GO:0043066	negative regulation of apoptotic process	has_input(UniProtKB:P01317
GO:1903431	positive regulation of cell maturation	has_input(UniProtKB:P01317)
GO:0007266	Rho protein signal transduction	has_input(UniProtKB:P01317)
GO:0060761	negative regulation of response to cytokine stimulus	has_input(UniProtKB:P01375)
GO:0006509	membrane protein ectodomain proteolysis	has_input(UniProtKB:P01375)
GO:0071356	cellular response to tumor necrosis factor	has_input(UniProtKB:P01375)
GO:0061481	response to TNF agonist	has_input(UniProtKB:P01375)
GO:0031625	ubiquitin protein ligase binding	has_input(UniProtKB:P01574)
GO:0019901	protein kinase binding	has_input(UniProtKB:P01574)
GO:0000977	RNA polymerase II regulatory region sequence-specific DNA binding	has_input(UniProtKB:P01584
GO:1903909	regulation of receptor clustering	has_input(UniProtKB:P01730
GO:1903909	regulation of receptor clustering	has_input(UniProtKB:P01730
GO:0031065	positive regulation of histone deacetylation	has_input(UniProtKB:P02309
GO:0009299	mRNA transcription	has_input(UniProtKB:P02511)
GO:0009299	mRNA transcription	has_input(UniProtKB:P02511)
GO:0031647	regulation of protein stability	has_input(UniProtKB:P02647)
GO:0010875	positive regulation of cholesterol efflux	has_input(UniProtKB:P02647)
GO:1900026	positive regulation of substrate adhesion-dependent cell spreading	has_input(UniProtKB:P02751
GO:0051894	positive regulation of focal adhesion assembly	has_input(UniProtKB:P02751
GO:0043547	positive regulation of GTPase activity	has_input(UniProtKB:P02751
GO:0010811	positive regulation of cell-substrate adhesion	has_input(UniProtKB:P02751
GO:0010810	regulation of cell-substrate adhesion	has_input(UniProtKB:P02751)
GO:0051603	proteolysis involved in cellular protein catabolic process	has_input(UniProtKB:P02751)
GO:1901201	regulation of extracellular matrix assembly	has_input(UniProtKB:P02751)
GO:0004197	cysteine-type endopeptidase activity	has_input(UniProtKB:P02751)
GO:0004197	cysteine-type endopeptidase activity	has_input(UniProtKB:P02751)
GO:0034446	substrate adhesion-dependent cell spreading	has_input(UniProtKB:P02751)
GO:0051603	proteolysis involved in cellular protein catabolic process	has_input(UniProtKB:P02751)
GO:0001819	positive regulation of cytokine production	has_input(UniProtKB:P02778)
GO:0048260	positive regulation of receptor-mediated endocytosis	has_input(UniProtKB:P02787)
GO:0018013	N-terminal peptidyl-glycine methylation	has_input(UniProtKB:P02994)
GO:0018027	peptidyl-lysine dimethylation	has_input(UniProtKB:P02994)
GO:0071211	protein targeting to vacuole involved in autophagy	has_input(UniProtKB:P03316)
GO:0050840	extracellular matrix binding	has_input(UniProtKB:P04004)
GO:1900121	negative regulation of receptor binding	has_input(UniProtKB:P04004)
GO:0001953	negative regulation of cell-matrix adhesion	has_input(UniProtKB:P04004)
GO:0016567	protein ubiquitination	has_input(UniProtKB:P04035)
GO:1902236	negative regulation of endoplasmic reticulum stress-induced intrinsic apoptotic signaling pathway	has_input(UniProtKB:P04035)
GO:0006625	protein targeting to peroxisome	has_input(UniProtKB:P04040)
GO:0005114	type II transforming growth factor beta receptor binding	has_input(UniProtKB:P04202
GO:0005102	receptor binding	has_input(UniProtKB:P04202
GO:0050714	positive regulation of protein secretion	has_input(UniProtKB:P04275
GO:0010468	regulation of gene expression	has_input(UniProtKB:P04275)
GO:0004175	endopeptidase activity	has_input(UniProtKB:P04279
GO:0004252	serine-type endopeptidase activity	has_input(UniProtKB:P04279
GO:0002778	antibacterial peptide production	has_input(UniProtKB:P04279
GO:0006508	proteolysis	has_input(UniProtKB:P04279
GO:0016811	hydrolase activity, acting on carbon-nitrogen (but not peptide) bonds, in linear amides	has_input(UniProtKB:P04279
GO:0030177	positive regulation of Wnt signaling pathway	has_input(UniProtKB:P04628)
GO:0006620	posttranslational protein targeting to membrane	has_input(UniProtKB:P04629)
GO:0018107	peptidyl-threonine phosphorylation	has_input(UniProtKB:P04637
GO:0000976	transcription regulatory region sequence-specific DNA binding	has_input(UniProtKB:P04637)
GO:0003700	transcription factor activity, sequence-specific DNA binding	has_input(UniProtKB:P04637)
GO:1902310	positive regulation of peptidyl-serine dephosphorylation	has_input(UniProtKB:P04637)
GO:0042787	protein ubiquitination involved in ubiquitin-dependent protein catabolic process	has_input(UniProtKB:P04637)
GO:0090311	regulation of protein deacetylation	has_input(UniProtKB:P04637)
GO:0042026	protein refolding	has_input(UniProtKB:P04637)
GO:0004647	phosphoserine phosphatase activity	has_input(UniProtKB:P04637)
GO:0061631	ubiquitin conjugating enzyme activity	has_input(UniProtKB:P04637)
GO:0033138	positive regulation of peptidyl-serine phosphorylation	has_input(UniProtKB:P04792)
GO:0033138	positive regulation of peptidyl-serine phosphorylation	has_input(UniProtKB:P04792)
GO:0070262	peptidyl-serine dephosphorylation	has_input(UniProtKB:P04807)
GO:0043066	negative regulation of apoptotic process	has_input(UniProtKB:P05019
GO:0043066	negative regulation of apoptotic process	has_input(UniProtKB:P05019
GO:0045893	positive regulation of transcription, DNA-templated	has_input(UniProtKB:P05019)
GO:0072659	protein localization to plasma membrane	has_input(UniProtKB:P05023)
GO:0072657	protein localization to membrane	has_input(UniProtKB:P05064
GO:1902966	positive regulation of protein localization to early endosome	has_input(UniProtKB:P05067)
GO:0051088	PMA-inducible membrane protein ectodomain proteolysis	has_input(UniProtKB:P05067)
GO:0000042	protein targeting to Golgi	has_input(UniProtKB:P05067)
GO:0006509	membrane protein ectodomain proteolysis	has_input(UniProtKB:P05067)
GO:0051604	protein maturation	has_input(UniProtKB:P05067)
GO:1902955	positive regulation of early endosome to recycling endosome transport	has_input(UniProtKB:P05067)
GO:0006620	posttranslational protein targeting to membrane	has_input(UniProtKB:P05067)
GO:0051603	proteolysis involved in cellular protein catabolic process	has_input(UniProtKB:P05067)
GO:0007229	integrin-mediated signaling pathway	has_input(UniProtKB:P05106)
GO:0003256	regulation of transcription from RNA polymerase II promoter involved in myocardial precursor cell differentiation	has_input(UniProtKB:P05125)
GO:0034613	cellular protein localization	has_input(UniProtKB:P05132
GO:0006507	GPI anchor release	has_input(UniProtKB:P05187)
GO:0070262	peptidyl-serine dephosphorylation	has_input(UniProtKB:P05198)
GO:0018105	peptidyl-serine phosphorylation	has_input(UniProtKB:P05198)
GO:0010998	regulation of translational initiation by eIF2 alpha phosphorylation	has_input(UniProtKB:P05198)
GO:0090277	positive regulation of peptide hormone secretion	has_input(UniProtKB:P05305
GO:0045785	positive regulation of cell adhesion	has_input(UniProtKB:P05362
GO:0060355	positive regulation of cell adhesion molecule production	has_input(UniProtKB:P05362)
GO:0060354	negative regulation of cell adhesion molecule production	has_input(UniProtKB:P05362)
GO:0050839	cell adhesion molecule binding	has_input(UniProtKB:P05362)
GO:0016485	protein processing	has_input(UniProtKB:P05539)
GO:0032964	collagen biosynthetic process	has_input(UniProtKB:P05539)
GO:0010629	negative regulation of gene expression	has_input(UniProtKB:P05556
GO:0098639	collagen binding involved in cell-matrix adhesion	has_input(UniProtKB:P05556)
GO:0007160	cell-matrix adhesion	has_input(UniProtKB:P05556)
GO:0007160	cell-matrix adhesion	has_input(UniProtKB:P05556)
GO:0098639	collagen binding involved in cell-matrix adhesion	has_input(UniProtKB:P05556)
GO:0098639	collagen binding involved in cell-matrix adhesion	has_input(UniProtKB:P05556)
GO:1903077	negative regulation of protein localization to plasma membrane	has_input(UniProtKB:P05556)
GO:0045807	positive regulation of endocytosis	has_input(UniProtKB:P05556)
GO:1903077	negative regulation of protein localization to plasma membrane	has_input(UniProtKB:P05556)
GO:0007160	cell-matrix adhesion	has_input(UniProtKB:P05556)
GO:0050821	protein stabilization	has_input(UniProtKB:P05814)
GO:0005515	protein binding	has_input(UniProtKB:P06241)
GO:0039650	suppression by virus of host cysteine-type endopeptidase activity involved in apoptotic process	has_input(UniProtKB:P06396)
GO:0006367	transcription initiation from RNA polymerase II promoter	has_input(UniProtKB:P06681)
GO:0000979	RNA polymerase II core promoter sequence-specific DNA binding	has_input(UniProtKB:P06681)
GO:0006369	termination of RNA polymerase II transcription	has_input(UniProtKB:P06681)
GO:0016925	protein sumoylation	has_input(UniProtKB:P06701)
GO:0071988	protein localization to spindle pole body	has_input(UniProtKB:P06704
GO:0034645	cellular macromolecule biosynthetic process	has_input(UniProtKB:P06730)
GO:0034450	ubiquitin-ubiquitin ligase activity	has_input(UniProtKB:P06744
GO:0042787	protein ubiquitination involved in ubiquitin-dependent protein catabolic process	has_input(UniProtKB:P06744)
GO:0000209	protein polyubiquitination	has_input(UniProtKB:P06744)
GO:0006513	protein monoubiquitination	has_input(UniProtKB:P06744)
GO:1904264	ubiquitin protein ligase activity involved in ERAD pathway	has_input(UniProtKB:P06744)
GO:0007229	integrin-mediated signaling pathway	has_input(UniProtKB:P06756
GO:0010629	negative regulation of gene expression	has_input(UniProtKB:P06756
GO:0016925	protein sumoylation	has_input(UniProtKB:P06778)
GO:0019789	SUMO transferase activity	has_input(UniProtKB:P06778)
GO:0004707	MAP kinase activity	has_input(UniProtKB:P06784
GO:0006509	membrane protein ectodomain proteolysis	has_input(UniProtKB:P06804)
GO:1902679	negative regulation of RNA biosynthetic process	has_input(UniProtKB:P06821)
GO:0004872	receptor activity	has_input(UniProtKB:P06881)
GO:0004872	receptor activity	has_input(UniProtKB:P06881)
GO:0004872	receptor activity	has_input(UniProtKB:P06881)
GO:1903044	protein localization to membrane raft	has_input(UniProtKB:P07195
GO:0046598	positive regulation of viral entry into host cell	has_input(UniProtKB:P07237)
GO:1901925	negative regulation of protein import into nucleus during spindle assembly checkpoint	has_input(UniProtKB:P07270)
GO:0016538	cyclin-dependent protein serine/threonine kinase regulator activity	has_input(UniProtKB:P07270)
GO:0051099	positive regulation of binding	has_input(UniProtKB:P07284)
GO:1903044	protein localization to membrane raft	has_input(UniProtKB:P07339
GO:1903645	negative regulation of chaperone-mediated protein folding	has_input(UniProtKB:P07437)
GO:0036505	prosaposin receptor activity	has_input(UniProtKB:P07602)
GO:0001664	G-protein coupled receptor binding	has_input(UniProtKB:P07602:PRO_0000031622)
GO:0008528	G-protein coupled peptide receptor activity	has_input(UniProtKB:P07602:PRO_0000031622)
GO:0042277	peptide binding	has_input(UniProtKB:P07602:PRO_0000031622)
GO:2001240	negative regulation of extrinsic apoptotic signaling pathway in absence of ligand	has_input(UniProtKB:P07949)
GO:0072659	protein localization to plasma membrane	has_input(UniProtKB:P08050
GO:1990219	positive regulation by symbiont of host protein levels	has_input(UniProtKB:P08106)
GO:0006507	GPI anchor release	has_input(UniProtKB:P08174)
GO:0010950	positive regulation of endopeptidase activity	has_input(UniProtKB:P08253
GO:0070006	metalloaminopeptidase activity	has_input(UniProtKB:P08253)
GO:0006508	proteolysis	has_input(UniProtKB:P08253)
GO:0016485	protein processing	has_input(UniProtKB:P08253)
GO:0010628	positive regulation of gene expression	has_input(UniProtKB:P08648)
GO:1903077	negative regulation of protein localization to plasma membrane	has_input(UniProtKB:P08648)
GO:1903077	negative regulation of protein localization to plasma membrane	has_input(UniProtKB:P08648)
GO:0090150	establishment of protein localization to membrane	has_input(UniProtKB:P08670)
GO:0033137	negative regulation of peptidyl-serine phosphorylation	has_input(UniProtKB:P08670)
GO:0010468	regulation of gene expression	has_input(UniProtKB:P08796)
GO:0010467	gene expression	has_input(UniProtKB:P08796)
GO:0036051	protein localization to trailing edge	has_input(UniProtKB:P08799
GO:0034613	cellular protein localization	has_input(UniProtKB:P08799
GO:0008104	protein localization	has_input(UniProtKB:P08799)
GO:0034613	cellular protein localization	has_input(UniProtKB:P08799)
GO:0010467	gene expression	has_input(UniProtKB:P08799)
GO:0034613	cellular protein localization	has_input(UniProtKB:P08799)
GO:0036052	protein localization to uropod	has_input(UniProtKB:P08799)
GO:0090722	receptor-receptor interaction	has_input(UniProtKB:P08908)
GO:0090722	receptor-receptor interaction	has_input(UniProtKB:P08908)
GO:2001135	regulation of endocytic recycling	has_input(UniProtKB:P09055)
GO:1903077	negative regulation of protein localization to plasma membrane	has_input(UniProtKB:P09055)
GO:2000737	negative regulation of stem cell differentiation	has_input(UniProtKB:P09056)
GO:2000406	positive regulation of T cell migration	has_input(UniProtKB:P09103
GO:0010634	positive regulation of epithelial cell migration	has_input(UniProtKB:P09327)
GO:2000394	positive regulation of lamellipodium morphogenesis	has_input(UniProtKB:P09327)
GO:0050731	positive regulation of peptidyl-tyrosine phosphorylation	has_input(UniProtKB:P09327)
GO:0009299	mRNA transcription	has_input(UniProtKB:P09601)
GO:0016567	protein ubiquitination	has_input(UniProtKB:P09693
GO:0016579	protein deubiquitination	has_input(UniProtKB:P09693
GO:1904264	ubiquitin protein ligase activity involved in ERAD pathway	has_input(UniProtKB:P09693)
GO:1904455	ubiquitin-specific protease activity involved in negative regulation of ERAD pathway	has_input(UniProtKB:P09693)
GO:0036503	ERAD pathway	has_input(UniProtKB:P09693)
GO:0072661	protein targeting to plasma membrane	has_input(UniProtKB:P09803)
GO:0018394	peptidyl-lysine acetylation	has_input(UniProtKB:P09874)
GO:0043066	negative regulation of apoptotic process	has_input(UniProtKB:P09874)
GO:0004468	lysine N-acetyltransferase activity, acting on acetyl phosphate as donor	has_input(UniProtKB:P09874)
GO:0045732	positive regulation of protein catabolic process	has_input(UniProtKB:P0C0L5)
GO:0035066	positive regulation of histone acetylation	has_input(UniProtKB:P0C0S5)
GO:0071169	establishment of protein localization to chromatin	has_input(UniProtKB:P0C0S5)
GO:0030674	protein binding, bridging	has_input(UniProtKB:P0CG63)
GO:0000977	RNA polymerase II regulatory region sequence-specific DNA binding	has_input(UniProtKB:P10145)
GO:0010629	negative regulation of gene expression	has_input(UniProtKB:P10145)
GO:0042787	protein ubiquitination involved in ubiquitin-dependent protein catabolic process	has_input(UniProtKB:P10275
GO:0036369	transcription factor catabolic process	has_input(UniProtKB:P10275
GO:0061631	ubiquitin conjugating enzyme activity	has_input(UniProtKB:P10275)
GO:0005515	protein binding	has_input(UniProtKB:P10275)
GO:0000209	protein polyubiquitination	has_input(UniProtKB:P10275)
GO:0036369	transcription factor catabolic process	has_input(UniProtKB:P10275)
GO:0033668	negative regulation by symbiont of host apoptotic process	has_input(UniProtKB:P10415
GO:0010628	positive regulation of gene expression	has_input(UniProtKB:P10415
GO:0010628	positive regulation of gene expression	has_input(UniProtKB:P10415)
GO:0010628	positive regulation of gene expression	has_input(UniProtKB:P10451)
GO:0045039	protein import into mitochondrial inner membrane	has_input(UniProtKB:P10566)
GO:0000976	transcription regulatory region sequence-specific DNA binding	has_input(UniProtKB:P10599)
GO:0006470	protein dephosphorylation	has_input(UniProtKB:P10636
GO:0006470	protein dephosphorylation	has_input(UniProtKB:P10636
GO:0006493	protein O-linked glycosylation	has_input(UniProtKB:P10636)
GO:0005515	protein binding	has_input(UniProtKB:P10636)
GO:0005515	protein binding	has_input(UniProtKB:P10637)
GO:0010628	positive regulation of gene expression	has_input(UniProtKB:P10721
GO:0006468	protein phosphorylation	has_input(UniProtKB:P10733)
GO:0004672	protein kinase activity	has_input(UniProtKB:P10733)
GO:0033138	positive regulation of peptidyl-serine phosphorylation	has_input(UniProtKB:P10916)
GO:0045892	negative regulation of transcription, DNA-templated	has_input(UniProtKB:P10923)
GO:0003700	transcription factor activity, sequence-specific DNA binding	has_input(UniProtKB:P11021)
GO:0000981	RNA polymerase II transcription factor activity, sequence-specific DNA binding	has_input(UniProtKB:P11021)
GO:0048018	receptor agonist activity	has_input(UniProtKB:P11229
GO:2001135	regulation of endocytic recycling	has_input(UniProtKB:P11276
GO:0090722	receptor-receptor interaction	has_input(UniProtKB:P11362
GO:0000122	negative regulation of transcription from RNA polymerase II promoter	has_input(UniProtKB:P11403)
GO:0034501	protein localization to kinetochore	has_input(UniProtKB:P11709)
GO:0042147	retrograde transport, endosome to Golgi	has_input(UniProtKB:P11717)
GO:0042147	retrograde transport, endosome to Golgi	has_input(UniProtKB:P11717)
GO:0045892	negative regulation of transcription, DNA-templated	has_input(UniProtKB:P11831)
GO:0016925	protein sumoylation	has_input(UniProtKB:P11978)
GO:0030514	negative regulation of BMP signaling pathway	has_input(UniProtKB:P12643)
GO:0010468	regulation of gene expression	has_input(UniProtKB:P12644
GO:0090002	establishment of protein localization to plasma membrane	has_input(UniProtKB:P12688)
GO:0090002	establishment of protein localization to plasma membrane	has_input(UniProtKB:P12830
GO:2000643	positive regulation of early endosome to late endosome transport	has_input(UniProtKB:P12830
GO:0072661	protein targeting to plasma membrane	has_input(UniProtKB:P12830)
GO:0001078	transcriptional repressor activity, RNA polymerase II core promoter proximal region sequence-specific binding	has_input(UniProtKB:P12830)
GO:0000122	negative regulation of transcription from RNA polymerase II promoter	has_input(UniProtKB:P12830)
GO:0004872	receptor activity	has_input(UniProtKB:P12969)
GO:0032880	regulation of protein localization	has_input(UniProtKB:P13350)
GO:0001132	RNA polymerase II transcription factor activity, TBP-class protein binding	has_input(UniProtKB:P13393)
GO:0004185	serine-type carboxypeptidase activity	has_input(UniProtKB:P13473
GO:0006508	proteolysis	has_input(UniProtKB:P13473
GO:0043032	positive regulation of macrophage activation	has_input(UniProtKB:P13504
GO:0030433	ER-associated ubiquitin-dependent protein catabolic process	has_input(UniProtKB:P13569)
GO:0036503	ERAD pathway	has_input(UniProtKB:P13569)
GO:0051057	positive regulation of small GTPase mediated signal transduction	has_input(UniProtKB:P13589)
GO:0034113	heterotypic cell-cell adhesion	has_input(UniProtKB:P13612
GO:0010629	negative regulation of gene expression	has_input(UniProtKB:P13612
GO:0010467	gene expression	has_input(UniProtKB:P13773)
GO:0010467	gene expression	has_input(UniProtKB:P13773)
GO:0006507	GPI anchor release	has_input(UniProtKB:P13987)
GO:0090160	Golgi to lysosome transport	has_input(UniProtKB:P14222
GO:0016274	protein-arginine N-methyltransferase activity	has_input(UniProtKB:P14416)
GO:1900180	regulation of protein localization to nucleus	has_input(UniProtKB:P14635)
GO:0000977	RNA polymerase II regulatory region sequence-specific DNA binding	has_input(UniProtKB:P14635)
GO:0010628	positive regulation of gene expression	has_input(UniProtKB:P14679
GO:0032773	positive regulation of monophenol monooxygenase activity	has_input(UniProtKB:P14679
GO:0010950	positive regulation of endopeptidase activity	has_input(UniProtKB:P14780)
GO:0090002	establishment of protein localization to plasma membrane	has_input(UniProtKB:P15116
GO:0001933	negative regulation of protein phosphorylation	has_input(UniProtKB:P15311
GO:0090002	establishment of protein localization to plasma membrane	has_input(UniProtKB:P15311
GO:0010800	positive regulation of peptidyl-threonine phosphorylation	has_input(UniProtKB:P15311)
GO:0006468	protein phosphorylation	has_input(UniProtKB:P15311)
GO:0072659	protein localization to plasma membrane	has_input(UniProtKB:P15311)
GO:0072659	protein localization to plasma membrane	has_input(UniProtKB:P15311)
GO:0045944	positive regulation of transcription from RNA polymerase II promoter	has_input(UniProtKB:P15379)
GO:0072659	protein localization to plasma membrane	has_input(UniProtKB:P15389
GO:2000651	positive regulation of sodium ion transmembrane transporter activity	has_input(UniProtKB:P15389
GO:0010628	positive regulation of gene expression	has_input(UniProtKB:P15389
GO:2001259	positive regulation of cation channel activity	has_input(UniProtKB:P15389
GO:0034613	cellular protein localization	has_input(UniProtKB:P15409)
GO:0044212	transcription regulatory region DNA binding	has_input(UniProtKB:P15559)
GO:0071363	cellular response to growth factor stimulus	has_input(UniProtKB:P15692)
GO:0035924	cellular response to vascular endothelial growth factor stimulus	has_input(UniProtKB:P15692)
GO:0090002	establishment of protein localization to plasma membrane	has_input(UniProtKB:P15924)
GO:0005085	guanyl-nucleotide exchange factor activity	has_input(UniProtKB:P16051
GO:0010629	negative regulation of gene expression	has_input(UniProtKB:P16144)
GO:0004185	serine-type carboxypeptidase activity	has_input(UniProtKB:P17046)
GO:0006508	proteolysis	has_input(UniProtKB:P17046)
GO:0006508	proteolysis	has_input(UniProtKB:P17047
GO:0004185	serine-type carboxypeptidase activity	has_input(UniProtKB:P17047)
GO:0009299	mRNA transcription	has_input(UniProtKB:P17066)
GO:0009299	mRNA transcription	has_input(UniProtKB:P17066)
GO:0034501	protein localization to kinetochore	has_input(UniProtKB:P17119)
GO:0098639	collagen binding involved in cell-matrix adhesion	has_input(UniProtKB:P17301)
GO:0098639	collagen binding involved in cell-matrix adhesion	has_input(UniProtKB:P17301)
GO:0007160	cell-matrix adhesion	has_input(UniProtKB:P17301)
GO:0007160	cell-matrix adhesion	has_input(UniProtKB:P17301)
GO:1903598	positive regulation of gap junction assembly	has_input(UniProtKB:P17302)
GO:1903598	positive regulation of gap junction assembly	has_input(UniProtKB:P17302)
GO:1903779	regulation of cardiac conduction	has_input(UniProtKB:P17302)
GO:0035646	endosome to melanosome transport	has_input(UniProtKB:P17643)
GO:0010800	positive regulation of peptidyl-threonine phosphorylation	has_input(UniProtKB:P17813
GO:0010800	positive regulation of peptidyl-threonine phosphorylation	has_input(UniProtKB:P17813
GO:0033138	positive regulation of peptidyl-serine phosphorylation	has_input(UniProtKB:P17813
GO:0033138	positive regulation of peptidyl-serine phosphorylation	has_input(UniProtKB:P17813
GO:0010800	positive regulation of peptidyl-threonine phosphorylation	has_input(UniProtKB:P17813)
GO:1904211	membrane protein proteolysis involved in retrograde protein transport, ER to cytosol	has_input(UniProtKB:P17861)
GO:1900103	positive regulation of endoplasmic reticulum unfolded protein response	has_input(UniProtKB:P17861)
GO:0051289	protein homotetramerization	has_input(UniProtKB:P17861)
GO:0070055	mRNA endonucleolytic cleavage involved in unfolded protein response	has_input(UniProtKB:P17861)
GO:0036503	ERAD pathway	has_input(UniProtKB:P17861)
GO:0006508	proteolysis	has_input(UniProtKB:P18065)
GO:0008233	peptidase activity	has_input(UniProtKB:P18065)
GO:1903044	protein localization to membrane raft	has_input(UniProtKB:P18206-2)
GO:0031293	membrane protein intracellular domain proteolysis	has_input(UniProtKB:P18850
GO:0031293	membrane protein intracellular domain proteolysis	has_input(UniProtKB:P18850
GO:0030433	ER-associated ubiquitin-dependent protein catabolic process	has_input(UniProtKB:P18850)
GO:0097466	glycoprotein ERAD pathway	has_input(UniProtKB:P18850)
GO:0016579	protein deubiquitination	has_input(UniProtKB:P19158)
GO:0004843	thiol-dependent ubiquitin-specific protease activity	has_input(UniProtKB:P19158)
GO:0060355	positive regulation of cell adhesion molecule production	has_input(UniProtKB:P19320
GO:0045785	positive regulation of cell adhesion	has_input(UniProtKB:P19320
GO:0060355	positive regulation of cell adhesion molecule production	has_input(UniProtKB:P19320)
GO:0060354	negative regulation of cell adhesion molecule production	has_input(UniProtKB:P19320)
GO:0090002	establishment of protein localization to plasma membrane	has_input(UniProtKB:P19438
GO:0033159	negative regulation of protein import into nucleus, translocation	has_input(UniProtKB:P19838)
GO:0043484	regulation of RNA splicing	has_input(UniProtKB:P20073)
GO:0048018	receptor agonist activity	has_input(UniProtKB:P20309
GO:0006612	protein targeting to membrane	has_input(UniProtKB:P20339)
GO:0017112	Rab guanyl-nucleotide exchange factor activity	has_input(UniProtKB:P20339)
GO:0000042	protein targeting to Golgi	has_input(UniProtKB:P20340)
GO:0004693	cyclin-dependent protein serine/threonine kinase activity	has_input(UniProtKB:P20438)
GO:0006468	protein phosphorylation	has_input(UniProtKB:P20459)
GO:0001047	core promoter binding	has_input(UniProtKB:P21190)
GO:0006357	regulation of transcription from RNA polymerase II promoter	has_input(UniProtKB:P21190)
GO:0045892	negative regulation of transcription, DNA-templated	has_input(UniProtKB:P21274)
GO:0030514	negative regulation of BMP signaling pathway	has_input(UniProtKB:P21274)
GO:0010468	regulation of gene expression	has_input(UniProtKB:P21275
GO:0010628	positive regulation of gene expression	has_input(UniProtKB:P21583
GO:0043393	regulation of protein binding	has_input(UniProtKB:P21707
GO:0070206	protein trimerization	has_input(UniProtKB:P22137)
GO:0006625	protein targeting to peroxisome	has_input(UniProtKB:P22307)
GO:0016925	protein sumoylation	has_input(UniProtKB:P22336)
GO:0019789	SUMO transferase activity	has_input(UniProtKB:P22336)
GO:0010628	positive regulation of gene expression	has_input(UniProtKB:P22455)
GO:0090004	positive regulation of establishment of protein localization to plasma membrane	has_input(UniProtKB:P22460)
GO:0008543	fibroblast growth factor receptor signaling pathway	has_input(UniProtKB:P22607)
GO:0010629	negative regulation of gene expression	has_input(UniProtKB:P22680)
GO:0010629	negative regulation of gene expression	has_input(UniProtKB:P22680)
GO:0006508	proteolysis	has_input(UniProtKB:P22692)
GO:0008233	peptidase activity	has_input(UniProtKB:P22692)
GO:0042813	Wnt-activated receptor activity	has_input(UniProtKB:P22725)
GO:0042813	Wnt-activated receptor activity	has_input(UniProtKB:P22725)
GO:0061408	positive regulation of transcription from RNA polymerase II promoter in response to heat stress	has_input(UniProtKB:P22943)
GO:0032880	regulation of protein localization	has_input(UniProtKB:P23201)
GO:0010629	negative regulation of gene expression	has_input(UniProtKB:P23229
GO:0071896	protein localization to adherens junction	has_input(UniProtKB:P23242)
GO:0061077	chaperone-mediated protein folding	has_input(UniProtKB:P23284)
GO:0032403	protein complex binding	has_input(UniProtKB:P23284)
GO:0032403	protein complex binding	has_input(UniProtKB:P23284)
GO:0061077	chaperone-mediated protein folding	has_input(UniProtKB:P23284)
GO:0005518	collagen binding	has_input(UniProtKB:P23284)
GO:0004674	protein serine/threonine kinase activity	has_input(UniProtKB:P23443)
GO:0018423	protein C-terminal leucine carboxyl O-methyltransferase activity	has_input(UniProtKB:P23594
GO:0052689	carboxylic ester hydrolase activity	has_input(UniProtKB:P23594
GO:0018423	protein C-terminal leucine carboxyl O-methyltransferase activity	has_input(UniProtKB:P23595)
GO:0052689	carboxylic ester hydrolase activity	has_input(UniProtKB:P23595)
GO:0001934	positive regulation of protein phosphorylation	has_input(UniProtKB:P23693)
GO:1903361	protein localization to basolateral plasma membrane	has_input(UniProtKB:P24348)
GO:0061077	chaperone-mediated protein folding	has_input(UniProtKB:P24367)
GO:0032403	protein complex binding	has_input(UniProtKB:P24367)
GO:0005518	collagen binding	has_input(UniProtKB:P24367)
GO:0061077	chaperone-mediated protein folding	has_input(UniProtKB:P24367)
GO:0032403	protein complex binding	has_input(UniProtKB:P24367)
GO:0005518	collagen binding	has_input(UniProtKB:P24367)
GO:0032403	protein complex binding	has_input(UniProtKB:P24369)
GO:0061077	chaperone-mediated protein folding	has_input(UniProtKB:P24369)
GO:0000122	negative regulation of transcription from RNA polymerase II promoter	has_input(UniProtKB:P24387)
GO:0000122	negative regulation of transcription from RNA polymerase II promoter	has_input(UniProtKB:P24468
GO:0031623	receptor internalization	has_input(UniProtKB:P25024)
GO:0031623	receptor internalization	has_input(UniProtKB:P25025)
GO:0090611	ubiquitin-independent protein catabolic process via the multivesicular body sorting pathway	has_input(UniProtKB:P25116)
GO:0031071	cysteine desulfurase activity	has_input(UniProtKB:P25374)
GO:0009299	mRNA transcription	has_input(UniProtKB:P25685)
GO:0001103	RNA polymerase II repressing transcription factor binding	has_input(UniProtKB:P25963)
GO:0010629	negative regulation of gene expression	has_input(UniProtKB:P25963)
GO:0010629	negative regulation of gene expression	has_input(UniProtKB:P26006
GO:0034113	heterotypic cell-cell adhesion	has_input(UniProtKB:P26010
GO:0010800	positive regulation of peptidyl-threonine phosphorylation	has_input(UniProtKB:P26038
GO:0001933	negative regulation of protein phosphorylation	has_input(UniProtKB:P26038)
GO:0006468	protein phosphorylation	has_input(UniProtKB:P26038)
GO:0010800	positive regulation of peptidyl-threonine phosphorylation	has_input(UniProtKB:P26040)
GO:0010800	positive regulation of peptidyl-threonine phosphorylation	has_input(UniProtKB:P26041
GO:0010800	positive regulation of peptidyl-threonine phosphorylation	has_input(UniProtKB:P26043
GO:0051219	phosphoprotein binding	has_input(UniProtKB:P26233)
GO:0007229	integrin-mediated signaling pathway	has_input(UniProtKB:P27361
GO:0001934	positive regulation of protein phosphorylation	has_input(UniProtKB:P27361)
GO:0043539	protein serine/threonine kinase activator activity	has_input(UniProtKB:P27361)
GO:0004674	protein serine/threonine kinase activity	has_input(UniProtKB:P27705
GO:0034501	protein localization to kinetochore	has_input(UniProtKB:P27895)
GO:0044829	positive regulation by host of viral genome replication	has_input(UniProtKB:P27958)
GO:0042813	Wnt-activated receptor activity	has_input(UniProtKB:P28047)
GO:0006625	protein targeting to peroxisome	has_input(UniProtKB:P28288)
GO:0010628	positive regulation of gene expression	has_input(UniProtKB:P28481)
GO:0007229	integrin-mediated signaling pathway	has_input(UniProtKB:P28482
GO:0001934	positive regulation of protein phosphorylation	has_input(UniProtKB:P28482)
GO:0034501	protein localization to kinetochore	has_input(UniProtKB:P28742)
GO:0032527	protein exit from endoplasmic reticulum	has_input(UniProtKB:P28795)
GO:0043032	positive regulation of macrophage activation	has_input(UniProtKB:P29452
GO:0032732	positive regulation of interleukin-1 production	has_input(UniProtKB:P29452)
GO:0016567	protein ubiquitination	has_input(UniProtKB:P29468)
GO:0032270	positive regulation of cellular protein metabolic process	has_input(UniProtKB:P29474
GO:0045944	positive regulation of transcription from RNA polymerase II promoter	has_input(UniProtKB:P29474
GO:0045944	positive regulation of transcription from RNA polymerase II promoter	has_input(UniProtKB:P29474)
GO:0000122	negative regulation of transcription from RNA polymerase II promoter	has_input(UniProtKB:P29474)
GO:0051247	positive regulation of protein metabolic process	has_input(UniProtKB:P29474)
GO:0034613	cellular protein localization	has_input(UniProtKB:P29475)
GO:0004222	metalloendopeptidase activity	has_input(UniProtKB:P29973)
GO:0006508	proteolysis	has_input(UniProtKB:P29973)
GO:1903071	positive regulation of ER-associated ubiquitin-dependent protein catabolic process	has_input(UniProtKB:P29994)
GO:0016558	protein import into peroxisome matrix	has_input(UniProtKB:P30044)
GO:1903125	negative regulation of thioredoxin peroxidase activity by peptidyl-threonine phosphorylation	has_input(UniProtKB:P30048)
GO:0060168	positive regulation of adenosine receptor signaling pathway	has_input(UniProtKB:P30542)
GO:0090002	establishment of protein localization to plasma membrane	has_input(UniProtKB:P30999
GO:0071459	protein localization to chromosome, centromeric region	has_input(UniProtKB:P31111)
GO:0034613	cellular protein localization	has_input(UniProtKB:P31324
GO:0018107	peptidyl-threonine phosphorylation	has_input(UniProtKB:P31749)
GO:0032148	activation of protein kinase B activity	has_input(UniProtKB:P31749)
GO:0018105	peptidyl-serine phosphorylation	has_input(UniProtKB:P31749)
GO:0031623	receptor internalization	has_input(UniProtKB:P32246)
GO:0031623	receptor internalization	has_input(UniProtKB:P32246)
GO:0016485	protein processing	has_input(UniProtKB:P32334)
GO:0006609	mRNA-binding (hnRNP) protein import into nucleus	has_input(UniProtKB:P32505)
GO:0004672	protein kinase activity	has_input(UniProtKB:P32521)
GO:0032880	regulation of protein localization	has_input(UniProtKB:P32526)
GO:0071988	protein localization to spindle pole body	has_input(UniProtKB:P32562)
GO:0004721	phosphoprotein phosphatase activity	has_input(UniProtKB:P32567)
GO:0004857	enzyme inhibitor activity	has_input(UniProtKB:P32571)
GO:0016925	protein sumoylation	has_input(UniProtKB:P32807)
GO:0006606	protein import into nucleus	has_input(UniProtKB:P32835
GO:0034087	establishment of mitotic sister chromatid cohesion	has_input(UniProtKB:P32908)
GO:0071896	protein localization to adherens junction	has_input(UniProtKB:P33151)
GO:0045944	positive regulation of transcription from RNA polymerase II promoter	has_input(UniProtKB:P33434)
GO:0005085	guanyl-nucleotide exchange factor activity	has_input(UniProtKB:P34042)
GO:0071586	CAAX-box protein processing	has_input(UniProtKB:P34165)
GO:0004222	metalloendopeptidase activity	has_input(UniProtKB:P34165)
GO:0071432	peptide mating pheromone maturation involved in conjugation with cellular fusion	has_input(UniProtKB:P34165)
GO:0035308	negative regulation of protein dephosphorylation	has_input(UniProtKB:P34221
GO:0008105	asymmetric protein localization	has_input(UniProtKB:P34299)
GO:0097120	receptor localization to synapse	has_input(UniProtKB:P34299)
GO:0090326	positive regulation of locomotion involved in locomotory behavior	has_input(UniProtKB:P34547)
GO:0090326	positive regulation of locomotion involved in locomotory behavior	has_input(UniProtKB:P34547)
GO:0005102	receptor binding	has_input(UniProtKB:P34709-1)
GO:0016562	protein import into peroxisome matrix, receptor recycling	has_input(UniProtKB:P35056)
GO:1903778	protein localization to vacuolar membrane	has_input(UniProtKB:P35169)
GO:0006468	protein phosphorylation	has_input(UniProtKB:P35222
GO:0060070	canonical Wnt signaling pathway	has_input(UniProtKB:P35222
GO:0010628	positive regulation of gene expression	has_input(UniProtKB:P35222
GO:0004672	protein kinase activity	has_input(UniProtKB:P35222
GO:0050821	protein stabilization	has_input(UniProtKB:P35222)
GO:0033137	negative regulation of peptidyl-serine phosphorylation	has_input(UniProtKB:P35222)
GO:0010801	negative regulation of peptidyl-threonine phosphorylation	has_input(UniProtKB:P35222)
GO:0000209	protein polyubiquitination	has_input(UniProtKB:P35222)
GO:0006513	protein monoubiquitination	has_input(UniProtKB:P35222)
GO:0035556	intracellular signal transduction	has_input(UniProtKB:P35222)
GO:0032403	protein complex binding	has_input(UniProtKB:P35232
GO:0010800	positive regulation of peptidyl-threonine phosphorylation	has_input(UniProtKB:P35241
GO:0001933	negative regulation of protein phosphorylation	has_input(UniProtKB:P35241
GO:0006468	protein phosphorylation	has_input(UniProtKB:P35241)
GO:0018107	peptidyl-threonine phosphorylation	has_input(UniProtKB:P35269
GO:0004872	receptor activity	has_input(UniProtKB:P35318)
GO:0004872	receptor activity	has_input(UniProtKB:P35318)
GO:1903071	positive regulation of ER-associated ubiquitin-dependent protein catabolic process	has_input(UniProtKB:P35354)
GO:0071712	ER-associated misfolded protein catabolic process	has_input(UniProtKB:P35354)
GO:0031398	positive regulation of protein ubiquitination	has_input(UniProtKB:P35354)
GO:0045944	positive regulation of transcription from RNA polymerase II promoter	has_input(UniProtKB:P35428
GO:0045944	positive regulation of transcription from RNA polymerase II promoter	has_input(UniProtKB:P35428)
GO:0030297	transmembrane receptor protein tyrosine kinase activator activity	has_input(UniProtKB:P35739
GO:0030297	transmembrane receptor protein tyrosine kinase activator activity	has_input(UniProtKB:P35739)
GO:1902946	protein localization to early endosome	has_input(UniProtKB:P35918
GO:1990264	peptidyl-tyrosine dephosphorylation involved in inactivation of protein kinase activity	has_input(UniProtKB:P35918)
GO:0045944	positive regulation of transcription from RNA polymerase II promoter	has_input(UniProtKB:P35918)
GO:0045944	positive regulation of transcription from RNA polymerase II promoter	has_input(UniProtKB:P35918)
GO:0030948	negative regulation of vascular endothelial growth factor receptor signaling pathway	has_input(UniProtKB:P35918)
GO:0006468	protein phosphorylation	has_input(UniProtKB:P35968)
GO:0070086	ubiquitin-dependent endocytosis	has_input(UniProtKB:P36035)
GO:0034501	protein localization to kinetochore	has_input(UniProtKB:P36131)
GO:0005096	GTPase activator activity	has_input(UniProtKB:P36412)
GO:0070534	protein K63-linked ubiquitination	has_input(UniProtKB:P37840)
GO:0006508	proteolysis	has_input(UniProtKB:P37840)
GO:0050821	protein stabilization	has_input(UniProtKB:P37840)
GO:0004674	protein serine/threonine kinase activity	has_input(UniProtKB:P37840)
GO:0018105	peptidyl-serine phosphorylation	has_input(UniProtKB:P37840)
GO:0000042	protein targeting to Golgi	has_input(UniProtKB:P38116)
GO:0000042	protein targeting to Golgi	has_input(UniProtKB:P38116)
GO:0030674	protein binding, bridging	has_input(UniProtKB:P38182)
GO:0043549	regulation of kinase activity	has_input(UniProtKB:P38692)
GO:0035308	negative regulation of protein dephosphorylation	has_input(UniProtKB:P39966
GO:0004674	protein serine/threonine kinase activity	has_input(UniProtKB:P40065)
GO:0006468	protein phosphorylation	has_input(UniProtKB:P40065)
GO:0032880	regulation of protein localization	has_input(UniProtKB:P40091)
GO:1902570	protein localization to nucleolus	has_input(UniProtKB:P40121)
GO:0006470	protein dephosphorylation	has_input(UniProtKB:P40450)
GO:1901901	regulation of protein localization to cell division site involved in cytokinesis	has_input(UniProtKB:P40450)
GO:0034087	establishment of mitotic sister chromatid cohesion	has_input(UniProtKB:P40541
GO:0006517	protein deglycosylation	has_input(UniProtKB:P40557
GO:0097466	glycoprotein ERAD pathway	has_input(UniProtKB:P40557)
GO:0045039	protein import into mitochondrial inner membrane	has_input(UniProtKB:P40763)
GO:0034501	protein localization to kinetochore	has_input(UniProtKB:P40957)
GO:0034501	protein localization to kinetochore	has_input(UniProtKB:P40957)
GO:0034501	protein localization to kinetochore	has_input(UniProtKB:P40958
GO:0010628	positive regulation of gene expression	has_input(UniProtKB:P40967
GO:0090277	positive regulation of peptide hormone secretion	has_input(UniProtKB:P41159)
GO:0090278	negative regulation of peptide hormone secretion	has_input(UniProtKB:P41159)
GO:0006508	proteolysis	has_input(UniProtKB:P41221
GO:0042813	Wnt-activated receptor activity	has_input(UniProtKB:P41221)
GO:0045944	positive regulation of transcription from RNA polymerase II promoter	has_input(UniProtKB:P41233)
GO:0006517	protein deglycosylation	has_input(UniProtKB:P41800
GO:0032880	regulation of protein localization	has_input(UniProtKB:P41832)
GO:1901901	regulation of protein localization to cell division site involved in cytokinesis	has_input(UniProtKB:P41832)
GO:0043539	protein serine/threonine kinase activator activity	has_input(UniProtKB:P42345)
GO:0030291	protein serine/threonine kinase inhibitor activity	has_input(UniProtKB:P42345)
GO:0006470	protein dephosphorylation	has_input(UniProtKB:P42525)
GO:0043154	negative regulation of cysteine-type endopeptidase activity involved in apoptotic process	has_input(UniProtKB:P42574)
GO:0033668	negative regulation by symbiont of host apoptotic process	has_input(UniProtKB:P42574)
GO:2001238	positive regulation of extrinsic apoptotic signaling pathway	has_input(UniProtKB:P42574)
GO:0043280	positive regulation of cysteine-type endopeptidase activity involved in apoptotic process	has_input(UniProtKB:P42574)
GO:0043280	positive regulation of cysteine-type endopeptidase activity involved in apoptotic process	has_input(UniProtKB:P42574)
GO:0043280	positive regulation of cysteine-type endopeptidase activity involved in apoptotic process	has_input(UniProtKB:P42574)
GO:0006919	activation of cysteine-type endopeptidase activity involved in apoptotic process	has_input(UniProtKB:P42574)
GO:0006919	activation of cysteine-type endopeptidase activity involved in apoptotic process	has_input(UniProtKB:P42574)
GO:0006977	DNA damage response, signal transduction by p53 class mediator resulting in cell cycle arrest	has_input(UniProtKB:P42575)
GO:0032091	negative regulation of protein binding	has_input(UniProtKB:P42858
GO:0005522	profilin binding	has_input(UniProtKB:P42858
GO:0005515	protein binding	has_input(UniProtKB:P42858
GO:0002090	regulation of receptor internalization	has_input(UniProtKB:P43004)
GO:0045807	positive regulation of endocytosis	has_input(UniProtKB:P43004)
GO:0045944	positive regulation of transcription from RNA polymerase II promoter	has_input(UniProtKB:P43021)
GO:0045921	positive regulation of exocytosis	has_input(UniProtKB:P43235)
GO:0032689	negative regulation of interferon-gamma production	has_input(UniProtKB:P43431
GO:0043322	negative regulation of natural killer cell degranulation	has_input(UniProtKB:P43431
GO:0032689	negative regulation of interferon-gamma production	has_input(UniProtKB:P43431
GO:0032689	negative regulation of interferon-gamma production	has_input(UniProtKB:P43432
GO:0043322	negative regulation of natural killer cell degranulation	has_input(UniProtKB:P43432
GO:0032689	negative regulation of interferon-gamma production	has_input(UniProtKB:P43432
GO:1903044	protein localization to membrane raft	has_input(UniProtKB:P45880-2
GO:0043508	negative regulation of JUN kinase activity	has_input(UniProtKB:P45983)
GO:0051220	cytoplasmic sequestering of protein	has_input(UniProtKB:P46379)
GO:0000122	negative regulation of transcription from RNA polymerase II promoter	has_input(UniProtKB:P46414
GO:0010628	positive regulation of gene expression	has_input(UniProtKB:P46531
GO:0045944	positive regulation of transcription from RNA polymerase II promoter	has_input(UniProtKB:P46531
GO:0034501	protein localization to kinetochore	has_input(UniProtKB:P46675)
GO:0097466	glycoprotein ERAD pathway	has_input(UniProtKB:P46950
GO:0006517	protein deglycosylation	has_input(UniProtKB:P46950)
GO:0071988	protein localization to spindle pole body	has_input(UniProtKB:P47069)
GO:0045814	negative regulation of gene expression, epigenetic	has_input(UniProtKB:P48431)
GO:0072659	protein localization to plasma membrane	has_input(UniProtKB:P48675)
GO:0001933	negative regulation of protein phosphorylation	has_input(UniProtKB:P49023)
GO:0001932	regulation of protein phosphorylation	has_input(UniProtKB:P49023)
GO:1990126	retrograde transport, endosome to plasma membrane	has_input(UniProtKB:P49281-1)
GO:0001047	core promoter binding	has_input(UniProtKB:P49767)
GO:0010951	negative regulation of endopeptidase activity	has_input(UniProtKB:P49768
GO:0019899	enzyme binding	has_input(UniProtKB:P49768
GO:0006469	negative regulation of protein kinase activity	has_input(UniProtKB:P49841)
GO:0000977	RNA polymerase II regulatory region sequence-specific DNA binding	has_input(UniProtKB:P50281)
GO:0008191	metalloendopeptidase inhibitor activity	has_input(UniProtKB:P50281)
GO:1903044	protein localization to membrane raft	has_input(UniProtKB:P50454
GO:0008191	metalloendopeptidase inhibitor activity	has_input(UniProtKB:P51512)
GO:0033138	positive regulation of peptidyl-serine phosphorylation	has_input(UniProtKB:P51636)
GO:1903909	regulation of receptor clustering	has_input(UniProtKB:P51681)
GO:0033138	positive regulation of peptidyl-serine phosphorylation	has_input(UniProtKB:P51787
GO:0003810	protein-glutamine gamma-glutamyltransferase activity	has_input(UniProtKB:P52306)
GO:0032403	protein complex binding	has_input(UniProtKB:P52732
GO:0032403	protein complex binding	has_input(UniProtKB:P52732
GO:0032403	protein complex binding	has_input(UniProtKB:P52732
GO:0045944	positive regulation of transcription from RNA polymerase II promoter	has_input(UniProtKB:P52799
GO:0045944	positive regulation of transcription from RNA polymerase II promoter	has_input(UniProtKB:P52800
GO:0045944	positive regulation of transcription from RNA polymerase II promoter	has_input(UniProtKB:P52800
GO:0045944	positive regulation of transcription from RNA polymerase II promoter	has_input(UniProtKB:P52800)
GO:0018108	peptidyl-tyrosine phosphorylation	has_input(UniProtKB:P52824)
GO:0034501	protein localization to kinetochore	has_input(UniProtKB:P53086)
GO:0071988	protein localization to spindle pole body	has_input(UniProtKB:P53159)
GO:0032880	regulation of protein localization	has_input(UniProtKB:P53599)
GO:0045041	protein import into mitochondrial intermembrane space	has_input(UniProtKB:P53722)
GO:0006468	protein phosphorylation	has_input(UniProtKB:P53858)
GO:0006517	protein deglycosylation	has_input(UniProtKB:P53983
GO:0006508	proteolysis	has_input(UniProtKB:P54252)
GO:0004175	endopeptidase activity	has_input(UniProtKB:P54252)
GO:1902570	protein localization to nucleolus	has_input(UniProtKB:P54274)
GO:0003950	NAD+ ADP-ribosyltransferase activity	has_input(UniProtKB:P54274)
GO:0005515	protein binding	has_input(UniProtKB:P54360)
GO:0072697	protein localization to cell cortex	has_input(UniProtKB:P54632)
GO:0010467	gene expression	has_input(UniProtKB:P54632)
GO:0010467	gene expression	has_input(UniProtKB:P54657)
GO:0000122	negative regulation of transcription from RNA polymerase II promoter	has_input(UniProtKB:P54761)
GO:0023016	signal transduction by trans-phosphorylation	has_input(UniProtKB:P55011
GO:0023016	signal transduction by trans-phosphorylation	has_input(UniProtKB:P55011
GO:0023016	signal transduction by trans-phosphorylation	has_input(UniProtKB:P55011
GO:0023016	signal transduction by trans-phosphorylation	has_input(UniProtKB:P55011)
GO:0043162	ubiquitin-dependent protein catabolic process via the multivesicular body sorting pathway	has_input(UniProtKB:P55085)
GO:0045921	positive regulation of exocytosis	has_input(UniProtKB:P55097)
GO:0030674	protein binding, bridging	has_input(UniProtKB:P55196)
GO:0043066	negative regulation of apoptotic process	has_input(UniProtKB:P55210
GO:2001238	positive regulation of extrinsic apoptotic signaling pathway	has_input(UniProtKB:P55211)
GO:0043280	positive regulation of cysteine-type endopeptidase activity involved in apoptotic process	has_input(UniProtKB:P55211)
GO:0043280	positive regulation of cysteine-type endopeptidase activity involved in apoptotic process	has_input(UniProtKB:P55211)
GO:0043280	positive regulation of cysteine-type endopeptidase activity involved in apoptotic process	has_input(UniProtKB:P55211)
GO:0000122	negative regulation of transcription from RNA polymerase II promoter	has_input(UniProtKB:P55284)
GO:0043065	positive regulation of apoptotic process	has_input(UniProtKB:P55957)
GO:2001238	positive regulation of extrinsic apoptotic signaling pathway	has_input(UniProtKB:P55957)
GO:0098639	collagen binding involved in cell-matrix adhesion	has_input(UniProtKB:P56199)
GO:0007160	cell-matrix adhesion	has_input(UniProtKB:P56199)
GO:1903077	negative regulation of protein localization to plasma membrane	has_input(UniProtKB:P56199)
GO:1903077	negative regulation of protein localization to plasma membrane	has_input(UniProtKB:P56199)
GO:0070972	protein localization to endoplasmic reticulum	has_input(UniProtKB:P56589)
GO:0070972	protein localization to endoplasmic reticulum	has_input(UniProtKB:P56589)
GO:0006508	proteolysis	has_input(UniProtKB:P56704
GO:1904808	positive regulation of protein oxidation	has_input(UniProtKB:P56704
GO:0006508	proteolysis	has_input(UniProtKB:P56704
GO:0004175	endopeptidase activity	has_input(UniProtKB:P56704
GO:0030177	positive regulation of Wnt signaling pathway	has_input(UniProtKB:P56704)
GO:0006886	intracellular protein transport	has_input(UniProtKB:P56704)
GO:0004672	protein kinase activity	has_input(UniProtKB:P56716)
GO:0045944	positive regulation of transcription from RNA polymerase II promoter	has_input(UniProtKB:P57785)
GO:1904352	positive regulation of protein catabolic process in the vacuole	has_input(UniProtKB:P60033)
GO:0031369	translation initiation factor binding	has_input(UniProtKB:P60228)
GO:0090002	establishment of protein localization to plasma membrane	has_input(UniProtKB:P60484)
GO:0045944	positive regulation of transcription from RNA polymerase II promoter	has_input(UniProtKB:P60568)
GO:0045953	negative regulation of natural killer cell mediated cytotoxicity	has_input(UniProtKB:P60568)
GO:0004175	endopeptidase activity	has_input(UniProtKB:P60709)
GO:0010628	positive regulation of gene expression	has_input(UniProtKB:P60709)
GO:0010628	positive regulation of gene expression	has_input(UniProtKB:P60709)
GO:0006508	proteolysis	has_input(UniProtKB:P60709)
GO:0010628	positive regulation of gene expression	has_input(UniProtKB:P60710)
GO:0010628	positive regulation of gene expression	has_input(UniProtKB:P60710)
GO:0032091	negative regulation of protein binding	has_input(UniProtKB:P60879
GO:0006612	protein targeting to membrane	has_input(UniProtKB:P61006)
GO:0033124	obsolete regulation of GTP catabolic process	has_input(UniProtKB:P61019)
GO:0005096	GTPase activator activity	has_input(UniProtKB:P61019)
GO:1903909	regulation of receptor clustering	has_input(UniProtKB:P61073)
GO:0033124	obsolete regulation of GTP catabolic process	has_input(UniProtKB:P61106)
GO:0005096	GTPase activator activity	has_input(UniProtKB:P61106)
GO:0000060	protein import into nucleus, translocation	has_input(UniProtKB:P61266-2)
GO:0034260	negative regulation of GTPase activity	has_input(UniProtKB:P61586)
GO:0035025	positive regulation of Rho protein signal transduction	has_input(UniProtKB:P61586)
GO:0007179	transforming growth factor beta receptor signaling pathway	has_input(UniProtKB:P61812)
GO:0016575	histone deacetylation	has_input(UniProtKB:P61830)
GO:0010498	proteasomal protein catabolic process	has_input(UniProtKB:P61978
GO:0032515	negative regulation of phosphoprotein phosphatase activity	has_input(UniProtKB:P62136)
GO:0070972	protein localization to endoplasmic reticulum	has_input(UniProtKB:P62136)
GO:0018105	peptidyl-serine phosphorylation	has_input(UniProtKB:P62753)
GO:0006334	nucleosome assembly	has_input(UniProtKB:P62805
GO:0006334	nucleosome assembly	has_input(UniProtKB:P62805
GO:0006334	nucleosome assembly	has_input(UniProtKB:P62805
GO:0032403	protein complex binding	has_input(UniProtKB:P62805
GO:0032403	protein complex binding	has_input(UniProtKB:P62805
GO:0006334	nucleosome assembly	has_input(UniProtKB:P62805
GO:0006612	protein targeting to membrane	has_input(UniProtKB:P62820)
GO:0045944	positive regulation of transcription from RNA polymerase II promoter	has_input(UniProtKB:P62965)
GO:0045184	establishment of protein localization	has_input(UniProtKB:P63000
GO:0016601	Rac protein signal transduction	has_input(UniProtKB:P63000)
GO:0016601	Rac protein signal transduction	has_input(UniProtKB:P63000)
GO:0030676	Rac guanyl-nucleotide exchange factor activity	has_input(UniProtKB:P63000)
GO:0034260	negative regulation of GTPase activity	has_input(UniProtKB:P63000)
GO:0072661	protein targeting to plasma membrane	has_input(UniProtKB:P63000)
GO:0043547	positive regulation of GTPase activity	has_input(UniProtKB:P63000)
GO:0016601	Rac protein signal transduction	has_input(UniProtKB:P63000)
GO:0048365	Rac GTPase binding	has_input(UniProtKB:P63000)
GO:0048365	Rac GTPase binding	has_input(UniProtKB:P63000)
GO:0048365	Rac GTPase binding	has_input(UniProtKB:P63000)
GO:0030674	protein binding, bridging	has_input(UniProtKB:P63001
GO:0045184	establishment of protein localization	has_input(UniProtKB:P63001
GO:0030676	Rac guanyl-nucleotide exchange factor activity	has_input(UniProtKB:P63001
GO:0030674	protein binding, bridging	has_input(UniProtKB:P63001
GO:0045184	establishment of protein localization	has_input(UniProtKB:P63001)
GO:1900027	regulation of ruffle assembly	has_input(UniProtKB:P63001)
GO:0090630	activation of GTPase activity	has_input(UniProtKB:P63001)
GO:0043547	positive regulation of GTPase activity	has_input(UniProtKB:P63001)
GO:0072659	protein localization to plasma membrane	has_input(UniProtKB:P63034)
GO:0005515	protein binding	has_input(UniProtKB:P63037)
GO:0033138	positive regulation of peptidyl-serine phosphorylation	has_input(UniProtKB:P63104)
GO:0032091	negative regulation of protein binding	has_input(UniProtKB:P63261
GO:0072599	establishment of protein localization to endoplasmic reticulum	has_input(UniProtKB:P68106)
GO:0006334	nucleosome assembly	has_input(UniProtKB:P68431)
GO:0032403	protein complex binding	has_input(UniProtKB:P68431)
GO:0010628	positive regulation of gene expression	has_input(UniProtKB:P70335
GO:1900182	positive regulation of protein localization to nucleus	has_input(UniProtKB:P70335)
GO:0032689	negative regulation of interferon-gamma production	has_input(UniProtKB:P70380)
GO:0043322	negative regulation of natural killer cell degranulation	has_input(UniProtKB:P70380)
GO:0032689	negative regulation of interferon-gamma production	has_input(UniProtKB:P70380)
GO:0050821	protein stabilization	has_input(UniProtKB:P70414
GO:0010468	regulation of gene expression	has_input(UniProtKB:P70414
GO:1901021	positive regulation of calcium ion transmembrane transporter activity	has_input(UniProtKB:P70414
GO:0036371	protein localization to T-tubule	has_input(UniProtKB:P70414)
GO:1903281	positive regulation of calcium:sodium antiporter activity	has_input(UniProtKB:P70414)
GO:0004674	protein serine/threonine kinase activity	has_input(UniProtKB:P70460
GO:0006468	protein phosphorylation	has_input(UniProtKB:P70460
GO:0090005	negative regulation of establishment of protein localization to plasma membrane	has_input(UniProtKB:P78310)
GO:0010628	positive regulation of gene expression	has_input(UniProtKB:P78352
GO:0010628	positive regulation of gene expression	has_input(UniProtKB:P78352
GO:0010628	positive regulation of gene expression	has_input(UniProtKB:P78504
GO:0035581	sequestering of extracellular ligand from receptor	has_input(UniProtKB:P78504)
GO:0060394	negative regulation of pathway-restricted SMAD protein phosphorylation	has_input(UniProtKB:P84022)
GO:0039614	induction by virus of host protein phosphorylation	has_input(UniProtKB:P84022)
GO:0060392	negative regulation of SMAD protein import into nucleus	has_input(UniProtKB:P84022)
GO:0006334	nucleosome assembly	has_input(UniProtKB:P84243)
GO:0032403	protein complex binding	has_input(UniProtKB:P84243)
GO:0006334	nucleosome assembly	has_input(UniProtKB:P84243)
GO:0045039	protein import into mitochondrial inner membrane	has_input(UniProtKB:P87108)
GO:0070585	protein localization to mitochondrion	has_input(UniProtKB:P97287
GO:0045944	positive regulation of transcription from RNA polymerase II promoter	has_input(UniProtKB:P97333)
GO:0010628	positive regulation of gene expression	has_input(UniProtKB:P97471
GO:0010628	positive regulation of gene expression	has_input(UniProtKB:P97471
GO:0010954	positive regulation of protein processing	has_input(UniProtKB:P97953)
GO:0010575	positive regulation of vascular endothelial growth factor production	has_input(UniProtKB:P97953)
GO:0004197	cysteine-type endopeptidase activity	has_input(UniProtKB:P98160)
GO:0004197	cysteine-type endopeptidase activity	has_input(UniProtKB:P98160)
GO:0051603	proteolysis involved in cellular protein catabolic process	has_input(UniProtKB:P98160)
GO:2001244	positive regulation of intrinsic apoptotic signaling pathway	has_input(UniProtKB:P98170)
GO:0044257	cellular protein catabolic process	has_input(UniProtKB:P98170)
GO:0032403	protein complex binding	has_input(UniProtKB:P98175)
GO:0032403	protein complex binding	has_input(UniProtKB:P98175)
GO:0032403	protein complex binding	has_input(UniProtKB:P98175)
GO:0045944	positive regulation of transcription from RNA polymerase II promoter	has_input(UniProtKB:Q00731)
GO:0006468	protein phosphorylation	has_input(UniProtKB:Q00987)
GO:0050821	protein stabilization	has_input(UniProtKB:Q00987)
GO:0006977	DNA damage response, signal transduction by p53 class mediator resulting in cell cycle arrest	has_input(UniProtKB:Q00987)
GO:0016301	kinase activity	has_input(UniProtKB:Q00987)
GO:0006977	DNA damage response, signal transduction by p53 class mediator resulting in cell cycle arrest	has_input(UniProtKB:Q00987)
GO:0072659	protein localization to plasma membrane	has_input(UniProtKB:Q01082
GO:0010628	positive regulation of gene expression	has_input(UniProtKB:Q01097
GO:0010628	positive regulation of gene expression	has_input(UniProtKB:Q01097
GO:0004175	endopeptidase activity	has_input(UniProtKB:Q01201
GO:0006508	proteolysis	has_input(UniProtKB:Q01201
GO:0003256	regulation of transcription from RNA polymerase II promoter involved in myocardial precursor cell differentiation	has_input(UniProtKB:Q01231)
GO:0032386	regulation of intracellular transport	has_input(UniProtKB:Q01337)
GO:0032386	regulation of intracellular transport	has_input(UniProtKB:Q01338)
GO:0045944	positive regulation of transcription from RNA polymerase II promoter	has_input(UniProtKB:Q01705
GO:0045944	positive regulation of transcription from RNA polymerase II promoter	has_input(UniProtKB:Q01705)
GO:0045814	negative regulation of gene expression, epigenetic	has_input(UniProtKB:Q01860
GO:0000977	RNA polymerase II regulatory region sequence-specific DNA binding	has_input(UniProtKB:Q01860
GO:0032507	maintenance of protein location in cell	has_input(UniProtKB:Q01959
GO:0032226	positive regulation of synaptic transmission, dopaminergic	has_input(UniProtKB:Q01959
GO:0002090	regulation of receptor internalization	has_input(UniProtKB:Q01959
GO:0045807	positive regulation of endocytosis	has_input(UniProtKB:Q01959
GO:0045944	positive regulation of transcription from RNA polymerase II promoter	has_input(UniProtKB:Q02085
GO:0045944	positive regulation of transcription from RNA polymerase II promoter	has_input(UniProtKB:Q02085)
GO:0033137	negative regulation of peptidyl-serine phosphorylation	has_input(UniProtKB:Q02248)
GO:0071896	protein localization to adherens junction	has_input(UniProtKB:Q02248)
GO:0010801	negative regulation of peptidyl-threonine phosphorylation	has_input(UniProtKB:Q02248)
GO:0004175	endopeptidase activity	has_input(UniProtKB:Q02383)
GO:0004252	serine-type endopeptidase activity	has_input(UniProtKB:Q02383)
GO:0002778	antibacterial peptide production	has_input(UniProtKB:Q02383)
GO:0006508	proteolysis	has_input(UniProtKB:Q02383)
GO:0016811	hydrolase activity, acting on carbon-nitrogen (but not peptide) bonds, in linear amides	has_input(UniProtKB:Q02383)
GO:0090002	establishment of protein localization to plasma membrane	has_input(UniProtKB:Q02487)
GO:0010467	gene expression	has_input(UniProtKB:Q03100)
GO:0023058	adaptation of signaling pathway	has_input(UniProtKB:Q03100)
GO:1903044	protein localization to membrane raft	has_input(UniProtKB:Q03135
GO:1903994	obsolete positive regulation of protein stabilization	has_input(UniProtKB:Q03135)
GO:0001934	positive regulation of protein phosphorylation	has_input(UniProtKB:Q03135)
GO:0004842	ubiquitin-protein transferase activity	has_input(UniProtKB:Q03206)
GO:0003730	mRNA 3'-UTR binding	has_input(UniProtKB:Q03405)
GO:0070935	3'-UTR-mediated mRNA stabilization	has_input(UniProtKB:Q03405)
GO:0034501	protein localization to kinetochore	has_input(UniProtKB:Q03954)
GO:0033235	positive regulation of protein sumoylation	has_input(UniProtKB:Q04110)
GO:0042347	negative regulation of NF-kappaB import into nucleus	has_input(UniProtKB:Q04206)
GO:0016925	protein sumoylation	has_input(UniProtKB:Q04437)
GO:0010628	positive regulation of gene expression	has_input(UniProtKB:Q04721
GO:0004175	endopeptidase activity	has_input(UniProtKB:Q04864)
GO:0006508	proteolysis	has_input(UniProtKB:Q04864)
GO:0007229	integrin-mediated signaling pathway	has_input(UniProtKB:Q05397
GO:0044387	negative regulation of protein kinase activity by regulation of protein phosphorylation	has_input(UniProtKB:Q05397)
GO:0006620	posttranslational protein targeting to membrane	has_input(UniProtKB:Q05586)
GO:0018108	peptidyl-tyrosine phosphorylation	has_input(UniProtKB:Q05655
GO:0051603	proteolysis involved in cellular protein catabolic process	has_input(UniProtKB:Q05793)
GO:0000042	protein targeting to Golgi	has_input(UniProtKB:Q06704
GO:0000042	protein targeting to Golgi	has_input(UniProtKB:Q06704)
GO:0000042	protein targeting to Golgi	has_input(UniProtKB:Q06704)
GO:0010468	regulation of gene expression	has_input(UniProtKB:Q06826)
GO:0030957	Tat protein binding	has_input(UniProtKB:Q07812)
GO:0090200	positive regulation of release of cytochrome c from mitochondria	has_input(UniProtKB:Q07812)
GO:0032461	positive regulation of protein oligomerization	has_input(UniProtKB:Q07812)
GO:0043065	positive regulation of apoptotic process	has_input(UniProtKB:Q07812)
GO:0032461	positive regulation of protein oligomerization	has_input(UniProtKB:Q07812)
GO:1903638	positive regulation of protein import into mitochondrial outer membrane	has_input(UniProtKB:Q07812)
GO:0016925	protein sumoylation	has_input(UniProtKB:Q07869)
GO:0061656	SUMO conjugating enzyme activity	has_input(UniProtKB:Q07869)
GO:0005102	receptor binding	has_input(UniProtKB:Q07954)
GO:0070006	metalloaminopeptidase activity	has_input(UniProtKB:Q07954)
GO:0070006	metalloaminopeptidase activity	has_input(UniProtKB:Q07954)
GO:0006508	proteolysis	has_input(UniProtKB:Q07954)
GO:0048019	receptor antagonist activity	has_input(UniProtKB:Q07954)
GO:0006508	proteolysis	has_input(UniProtKB:Q07954)
GO:1900116	extracellular negative regulation of signal transduction	has_input(UniProtKB:Q07954)
GO:0051344	negative regulation of cyclic-nucleotide phosphodiesterase activity	has_input(UniProtKB:Q08499)
GO:0034501	protein localization to kinetochore	has_input(UniProtKB:Q08581)
GO:0000122	negative regulation of transcription from RNA polymerase II promoter	has_input(UniProtKB:Q08775)
GO:0045184	establishment of protein localization	has_input(UniProtKB:Q09472)
GO:0072594	establishment of protein localization to organelle	has_input(UniProtKB:Q0VGT2)
GO:0000977	RNA polymerase II regulatory region sequence-specific DNA binding	has_input(UniProtKB:Q10739)
GO:0034497	protein localization to pre-autophagosomal structure	has_input(UniProtKB:Q12142)
GO:0030234	enzyme regulator activity	has_input(UniProtKB:Q12149)
GO:1901917	regulation of exoribonuclease activity	has_input(UniProtKB:Q12149)
GO:0034087	establishment of mitotic sister chromatid cohesion	has_input(UniProtKB:Q12158
GO:0004674	protein serine/threonine kinase activity	has_input(UniProtKB:Q12188)
GO:0006468	protein phosphorylation	has_input(UniProtKB:Q12188)
GO:0016925	protein sumoylation	has_input(UniProtKB:Q12223)
GO:0019789	SUMO transferase activity	has_input(UniProtKB:Q12223)
GO:0045039	protein import into mitochondrial inner membrane	has_input(UniProtKB:Q12328)
GO:0004722	protein serine/threonine phosphatase activity	has_input(UniProtKB:Q12461
GO:0004693	cyclin-dependent protein serine/threonine kinase activity	has_input(UniProtKB:Q12477)
GO:0072600	establishment of protein localization to Golgi	has_input(UniProtKB:Q12772
GO:1901017	negative regulation of potassium ion transmembrane transporter activity	has_input(UniProtKB:Q12809)
GO:0070534	protein K63-linked ubiquitination	has_input(UniProtKB:Q12933)
GO:0016567	protein ubiquitination	has_input(UniProtKB:Q12933)
GO:0006468	protein phosphorylation	has_input(UniProtKB:Q12933)
GO:0042787	protein ubiquitination involved in ubiquitin-dependent protein catabolic process	has_input(UniProtKB:Q12933)
GO:0072659	protein localization to plasma membrane	has_input(UniProtKB:Q12967)
GO:0030674	protein binding, bridging	has_input(UniProtKB:Q13009)
GO:0061512	protein localization to cilium	has_input(UniProtKB:Q13099)
GO:0006469	negative regulation of protein kinase activity	has_input(UniProtKB:Q13153)
GO:2001237	negative regulation of extrinsic apoptotic signaling pathway	has_input(UniProtKB:Q13177)
GO:0010628	positive regulation of gene expression	has_input(UniProtKB:Q13224
GO:0010628	positive regulation of gene expression	has_input(UniProtKB:Q13224
GO:0006412	translation	has_input(UniProtKB:Q13309
GO:0030295	protein kinase activator activity	has_input(UniProtKB:Q13315)
GO:0010628	positive regulation of gene expression	has_input(UniProtKB:Q13418)
GO:0090002	establishment of protein localization to plasma membrane	has_input(UniProtKB:Q13464
GO:0090002	establishment of protein localization to plasma membrane	has_input(UniProtKB:Q13464
GO:0090002	establishment of protein localization to plasma membrane	has_input(UniProtKB:Q13464
GO:0016567	protein ubiquitination	has_input(UniProtKB:Q13490)
GO:0010507	negative regulation of autophagy	has_input(UniProtKB:Q13501)
GO:0030295	protein kinase activator activity	has_input(UniProtKB:Q13535)
GO:0004674	protein serine/threonine kinase activity	has_input(UniProtKB:Q13541)
GO:0072661	protein targeting to plasma membrane	has_input(UniProtKB:Q13563)
GO:0035372	protein localization to microtubule	has_input(UniProtKB:Q13563)
GO:0072657	protein localization to membrane	has_input(UniProtKB:Q13637)
GO:0010629	negative regulation of gene expression	has_input(UniProtKB:Q13683
GO:0010628	positive regulation of gene expression	has_input(UniProtKB:Q13950)
GO:0097200	cysteine-type endopeptidase activity involved in execution phase of apoptosis	has_input(UniProtKB:Q14126)
GO:0090002	establishment of protein localization to plasma membrane	has_input(UniProtKB:Q14126)
GO:0072594	establishment of protein localization to organelle	has_input(UniProtKB:Q14203
GO:0044860	protein localization to plasma membrane raft	has_input(UniProtKB:Q14242)
GO:1903044	protein localization to membrane raft	has_input(UniProtKB:Q14254
GO:1903994	obsolete positive regulation of protein stabilization	has_input(UniProtKB:Q14254)
GO:0032092	positive regulation of protein binding	has_input(UniProtKB:Q14457
GO:0032091	negative regulation of protein binding	has_input(UniProtKB:Q14457)
GO:0045944	positive regulation of transcription from RNA polymerase II promoter	has_input(UniProtKB:Q14469
GO:2000010	positive regulation of protein localization to cell surface	has_input(UniProtKB:Q14524)
GO:2000649	regulation of sodium ion transmembrane transporter activity	has_input(UniProtKB:Q14524)
GO:0072659	protein localization to plasma membrane	has_input(UniProtKB:Q14524)
GO:0017080	sodium channel regulator activity	has_input(UniProtKB:Q14524)
GO:0033137	negative regulation of peptidyl-serine phosphorylation	has_input(UniProtKB:Q14524)
GO:1903071	positive regulation of ER-associated ubiquitin-dependent protein catabolic process	has_input(UniProtKB:Q14643)
GO:0004674	protein serine/threonine kinase activity	has_input(UniProtKB:Q14653)
GO:0001934	positive regulation of protein phosphorylation	has_input(UniProtKB:Q14653)
GO:0018105	peptidyl-serine phosphorylation	has_input(UniProtKB:Q14653)
GO:0001934	positive regulation of protein phosphorylation	has_input(UniProtKB:Q14653)
GO:2001238	positive regulation of extrinsic apoptotic signaling pathway	has_input(UniProtKB:Q14790)
GO:0043280	positive regulation of cysteine-type endopeptidase activity involved in apoptotic process	has_input(UniProtKB:Q14790)
GO:0043280	positive regulation of cysteine-type endopeptidase activity involved in apoptotic process	has_input(UniProtKB:Q14790)
GO:0006919	activation of cysteine-type endopeptidase activity involved in apoptotic process	has_input(UniProtKB:Q14790)
GO:0006509	membrane protein ectodomain proteolysis	has_input(UniProtKB:Q14956)
GO:0034067	protein localization to Golgi apparatus	has_input(UniProtKB:Q14999)
GO:0008233	peptidase activity	has_input(UniProtKB:Q15185)
GO:0045184	establishment of protein localization	has_input(UniProtKB:Q15404
GO:0010628	positive regulation of gene expression	has_input(UniProtKB:Q15466)
GO:0071169	establishment of protein localization to chromatin	has_input(UniProtKB:Q15910)
GO:0000060	protein import into nucleus, translocation	has_input(UniProtKB:Q16236)
GO:0000060	protein import into nucleus, translocation	has_input(UniProtKB:Q16236)
GO:0004222	metalloendopeptidase activity	has_input(UniProtKB:Q16281)
GO:0006508	proteolysis	has_input(UniProtKB:Q16281)
GO:1900122	positive regulation of receptor binding	has_input(UniProtKB:Q16281)
GO:0002092	positive regulation of receptor internalization	has_input(UniProtKB:Q16288)
GO:0031623	receptor internalization	has_input(UniProtKB:Q16602)
GO:0002031	G-protein coupled receptor internalization	has_input(UniProtKB:Q16602)
GO:0072659	protein localization to plasma membrane	has_input(UniProtKB:Q16602)
GO:0090200	positive regulation of release of cytochrome c from mitochondria	has_input(UniProtKB:Q16611)
GO:0043065	positive regulation of apoptotic process	has_input(UniProtKB:Q16611)
GO:0017154	semaphorin receptor activity	has_input(UniProtKB:Q17330)
GO:0004674	protein serine/threonine kinase activity	has_input(UniProtKB:Q17353)
GO:0000187	activation of MAPK activity	has_input(UniProtKB:Q17446)
GO:0000187	activation of MAPK activity	has_input(UniProtKB:Q17446)
GO:0097500	receptor localization to non-motile cilium	has_input(UniProtKB:Q18571
GO:0097500	receptor localization to non-motile cilium	has_input(UniProtKB:Q18571
GO:0097500	receptor localization to non-motile cilium	has_input(UniProtKB:Q18571
GO:0072594	establishment of protein localization to organelle	has_input(UniProtKB:Q18685
GO:0097499	protein localization to non-motile cilium	has_input(UniProtKB:Q18807)
GO:1904810	negative regulation of dense core granule transport	has_input(UniProtKB:Q19020
GO:0034501	protein localization to kinetochore	has_input(UniProtKB:Q19020)
GO:0090326	positive regulation of locomotion involved in locomotory behavior	has_input(UniProtKB:Q20059
GO:2000010	positive regulation of protein localization to cell surface	has_input(UniProtKB:Q20059)
GO:0010628	positive regulation of gene expression	has_input(UniProtKB:Q20059)
GO:0006509	membrane protein ectodomain proteolysis	has_input(UniProtKB:Q29983)
GO:0032403	protein complex binding	has_input(UniProtKB:Q32P28
GO:0061077	chaperone-mediated protein folding	has_input(UniProtKB:Q32P28
GO:0050821	protein stabilization	has_input(UniProtKB:Q32P28)
GO:0005518	collagen binding	has_input(UniProtKB:Q32P28)
GO:0032403	protein complex binding	has_input(UniProtKB:Q32P28)
GO:0044257	cellular protein catabolic process	has_input(UniProtKB:Q3U133
GO:0044257	cellular protein catabolic process	has_input(UniProtKB:Q3U133
GO:0005516	calmodulin binding	has_input(UniProtKB:Q3UKW2)
GO:0005515	protein binding	has_input(UniProtKB:Q3UKW2)
GO:0032403	protein complex binding	has_input(UniProtKB:Q3V1T4
GO:0061077	chaperone-mediated protein folding	has_input(UniProtKB:Q3V1T4
GO:0005518	collagen binding	has_input(UniProtKB:Q3V1T4)
GO:0032403	protein complex binding	has_input(UniProtKB:Q3V1T4)
GO:0061077	chaperone-mediated protein folding	has_input(UniProtKB:Q3V1T4)
GO:0010821	regulation of mitochondrion organization	has_input(UniProtKB:Q4G0F5)
GO:0046931	pore complex assembly	has_input(UniProtKB:Q4KMQ2)
GO:0007260	tyrosine phosphorylation of STAT protein	has_input(UniProtKB:Q54BD4
GO:0007260	tyrosine phosphorylation of STAT protein	has_input(UniProtKB:Q54BD4
GO:0061462	protein localization to lysosome	has_input(UniProtKB:Q54CK9)
GO:0046827	positive regulation of protein export from nucleus	has_input(UniProtKB:Q54ET8)
GO:0034613	cellular protein localization	has_input(UniProtKB:Q54HG2
GO:0034504	protein localization to nucleus	has_input(UniProtKB:Q54HI5)
GO:0061462	protein localization to lysosome	has_input(UniProtKB:Q54IR8)
GO:0034613	cellular protein localization	has_input(UniProtKB:Q54K32
GO:0034613	cellular protein localization	has_input(UniProtKB:Q54K32
GO:0006468	protein phosphorylation	has_input(UniProtKB:Q54L90)
GO:0010467	gene expression	has_input(UniProtKB:Q54LJ4)
GO:0071168	protein localization to chromatin	has_input(UniProtKB:Q54LY5
GO:1902463	protein localization to cell leading edge	has_input(UniProtKB:Q552S0)
GO:0071539	protein localization to centrosome	has_input(UniProtKB:Q558Z2)
GO:0090435	protein localization to nuclear envelope	has_input(UniProtKB:Q558Z2)
GO:0032507	maintenance of protein location in cell	has_input(UniProtKB:Q55CL6
GO:1904778	positive regulation of protein localization to cell cortex	has_input(UniProtKB:Q55CL6)
GO:0061630	ubiquitin protein ligase activity	has_input(UniProtKB:Q55CL6)
GO:0006468	protein phosphorylation	has_input(UniProtKB:Q55D99)
GO:0036051	protein localization to trailing edge	has_input(UniProtKB:Q55D99)
GO:0043066	negative regulation of apoptotic process	has_input(UniProtKB:Q5EC27
GO:0009306	protein secretion	has_input(UniProtKB:Q5FXM5)
GO:0033365	protein localization to organelle	has_input(UniProtKB:Q5TZA2
GO:0033365	protein localization to organelle	has_input(UniProtKB:Q5TZA2
GO:1903839	positive regulation of mRNA 3'-UTR binding	has_input(UniProtKB:Q5VTR2
GO:0032403	protein complex binding	has_input(UniProtKB:Q5VVJ2
GO:0032403	protein complex binding	has_input(UniProtKB:Q5VVJ2
GO:0032403	protein complex binding	has_input(UniProtKB:Q5VVJ2)
GO:0032403	protein complex binding	has_input(UniProtKB:Q5VZM2)
GO:0018105	peptidyl-serine phosphorylation	has_input(UniProtKB:Q5XHZ0
GO:0004674	protein serine/threonine kinase activity	has_input(UniProtKB:Q5XHZ0
GO:0030674	protein binding, bridging	has_input(UniProtKB:Q60610)
GO:0000122	negative regulation of transcription from RNA polymerase II promoter	has_input(UniProtKB:Q60707)
GO:0000122	negative regulation of transcription from RNA polymerase II promoter	has_input(UniProtKB:Q60707)
GO:0006468	protein phosphorylation	has_input(UniProtKB:Q60795
GO:0006468	protein phosphorylation	has_input(UniProtKB:Q60838
GO:0004672	protein kinase activity	has_input(UniProtKB:Q60838
GO:0006468	protein phosphorylation	has_input(UniProtKB:Q60838
GO:0032092	positive regulation of protein binding	has_input(UniProtKB:Q61006)
GO:0045944	positive regulation of transcription from RNA polymerase II promoter	has_input(UniProtKB:Q61115)
GO:0045944	positive regulation of transcription from RNA polymerase II promoter	has_input(UniProtKB:Q61115)
GO:0045944	positive regulation of transcription from RNA polymerase II promoter	has_input(UniProtKB:Q61115)
GO:0032226	positive regulation of synaptic transmission, dopaminergic	has_input(UniProtKB:Q61327
GO:0002090	regulation of receptor internalization	has_input(UniProtKB:Q61327
GO:0045807	positive regulation of endocytosis	has_input(UniProtKB:Q61327
GO:0070528	protein kinase C signaling	has_input(UniProtKB:Q61327)
GO:0071205	protein localization to juxtaparanode region of axon	has_input(UniProtKB:Q61330)
GO:0072594	establishment of protein localization to organelle	has_input(UniProtKB:Q61371)
GO:0045944	positive regulation of transcription from RNA polymerase II promoter	has_input(UniProtKB:Q61483
GO:0045944	positive regulation of transcription from RNA polymerase II promoter	has_input(UniProtKB:Q61483
GO:0072594	establishment of protein localization to organelle	has_input(UniProtKB:Q61602)
GO:0045944	positive regulation of transcription from RNA polymerase II promoter	has_input(UniProtKB:Q61982
GO:0010628	positive regulation of gene expression	has_input(UniProtKB:Q62108
GO:0010628	positive regulation of gene expression	has_input(UniProtKB:Q62108
GO:0036309	protein localization to M-band	has_input(UniProtKB:Q62261
GO:0034613	cellular protein localization	has_input(UniProtKB:Q62261
GO:0072659	protein localization to plasma membrane	has_input(UniProtKB:Q62261
GO:0010628	positive regulation of gene expression	has_input(UniProtKB:Q64124)
GO:0000122	negative regulation of transcription from RNA polymerase II promoter	has_input(UniProtKB:Q64318)
GO:0072655	establishment of protein localization to mitochondrion	has_input(UniProtKB:Q64337
GO:0072656	maintenance of protein location in mitochondrion	has_input(UniProtKB:Q64337
GO:0032801	receptor catabolic process	has_input(UniProtKB:Q64729)
GO:0006509	membrane protein ectodomain proteolysis	has_input(UniProtKB:Q6EMK4)
GO:0071733	transcriptional activation by promoter-enhancer looping	has_input(UniProtKB:Q6FI00)
GO:0045944	positive regulation of transcription from RNA polymerase II promoter	has_input(UniProtKB:Q6FI00)
GO:0032403	protein complex binding	has_input(UniProtKB:Q6JHU8
GO:0061077	chaperone-mediated protein folding	has_input(UniProtKB:Q6JHU8
GO:0005518	collagen binding	has_input(UniProtKB:Q6JHU8
GO:0061077	chaperone-mediated protein folding	has_input(UniProtKB:Q6JHU8)
GO:0005518	collagen binding	has_input(UniProtKB:Q6JHU8)
GO:0032403	protein complex binding	has_input(UniProtKB:Q6JHU8)
GO:0044257	cellular protein catabolic process	has_input(UniProtKB:Q6NUN9
GO:0044257	cellular protein catabolic process	has_input(UniProtKB:Q6NUN9
GO:0071108	protein K48-linked deubiquitination	has_input(UniProtKB:Q6NUN9)
GO:0043161	proteasome-mediated ubiquitin-dependent protein catabolic process	has_input(UniProtKB:Q6NUN9)
GO:0070936	protein K48-linked ubiquitination	has_input(UniProtKB:Q6NUN9)
GO:1990380	Lys48-specific deubiquitinase activity	has_input(UniProtKB:Q6NUN9)
GO:0000122	negative regulation of transcription from RNA polymerase II promoter	has_input(UniProtKB:Q6NXH9)
GO:1903044	protein localization to membrane raft	has_input(UniProtKB:Q6NZI2
GO:0000977	RNA polymerase II regulatory region sequence-specific DNA binding	has_input(UniProtKB:Q6P205
GO:0000977	RNA polymerase II regulatory region sequence-specific DNA binding	has_input(UniProtKB:Q6P205
GO:0036309	protein localization to M-band	has_input(UniProtKB:Q6PD03)
GO:0036371	protein localization to T-tubule	has_input(UniProtKB:Q6PIE5)
GO:0006468	protein phosphorylation	has_input(UniProtKB:Q6R327)
GO:0000987	core promoter proximal region sequence-specific DNA binding	has_input(UniProtKB:Q6RKQ3)
GO:0030284	estrogen receptor activity	has_input(UniProtKB:Q6RKQ3)
GO:1901799	negative regulation of proteasomal protein catabolic process	has_input(UniProtKB:Q6ZQ89)
GO:0070262	peptidyl-serine dephosphorylation	has_input(UniProtKB:Q6ZWX6)
GO:0010998	regulation of translational initiation by eIF2 alpha phosphorylation	has_input(UniProtKB:Q6ZWX6)
GO:0018105	peptidyl-serine phosphorylation	has_input(UniProtKB:Q6ZWX6)
GO:0006334	nucleosome assembly	has_input(UniProtKB:Q71DI3)
GO:0044869	negative regulation by host of viral exo-alpha-sialidase activity	has_input(UniProtKB:Q75VQ4)
GO:0044871	negative regulation by host of viral glycoprotein metabolic process	has_input(UniProtKB:Q75VQ4)
GO:0033365	protein localization to organelle	has_input(UniProtKB:Q76N32
GO:0033365	protein localization to organelle	has_input(UniProtKB:Q76N32
GO:0042147	retrograde transport, endosome to Golgi	has_input(UniProtKB:Q7BQ98)
GO:0042147	retrograde transport, endosome to Golgi	has_input(UniProtKB:Q7BQ98)
GO:0032403	protein complex binding	has_input(UniProtKB:Q7L523
GO:0032403	protein complex binding	has_input(UniProtKB:Q7L576
GO:0032403	protein complex binding	has_input(UniProtKB:Q7L576
GO:0032403	protein complex binding	has_input(UniProtKB:Q7L576
GO:0032403	protein complex binding	has_input(UniProtKB:Q7L576
GO:0035518	histone H2A monoubiquitination	has_input(UniProtKB:Q7L7L0)
GO:0045944	positive regulation of transcription from RNA polymerase II promoter	has_input(UniProtKB:Q7TN16)
GO:0043069	negative regulation of programmed cell death	has_input(UniProtKB:Q7XJE6)
GO:0006625	protein targeting to peroxisome	has_input(UniProtKB:Q7Z412)
GO:0002175	protein localization to paranode region of axon	has_input(UniProtKB:Q810U3)
GO:0050821	protein stabilization	has_input(UniProtKB:Q86KE7)
GO:0035372	protein localization to microtubule	has_input(UniProtKB:Q86Y91)
GO:0072657	protein localization to membrane	has_input(UniProtKB:Q86YV9)
GO:0036435	K48-linked polyubiquitin binding	has_input(UniProtKB:Q8BGE7
GO:0010629	negative regulation of gene expression	has_input(UniProtKB:Q8BM54)
GO:0072594	establishment of protein localization to organelle	has_input(UniProtKB:Q8BXG3)
GO:0097499	protein localization to non-motile cilium	has_input(UniProtKB:Q8I4N4)
GO:0018105	peptidyl-serine phosphorylation	has_input(UniProtKB:Q8IWU2)
GO:0018107	peptidyl-threonine phosphorylation	has_input(UniProtKB:Q8IWU2)
GO:0045046	protein import into peroxisome membrane	has_input(UniProtKB:Q8IYB4)
GO:0032092	positive regulation of protein binding	has_input(UniProtKB:Q8IYI6)
GO:0032092	positive regulation of protein binding	has_input(UniProtKB:Q8IYI6)
GO:0032403	protein complex binding	has_input(UniProtKB:Q8IZP0)
GO:0032403	protein complex binding	has_input(UniProtKB:Q8IZP0)
GO:0032403	protein complex binding	has_input(UniProtKB:Q8IZP0)
GO:0032403	protein complex binding	has_input(UniProtKB:Q8IZP0)
GO:0010628	positive regulation of gene expression	has_input(UniProtKB:Q8K4J6)
GO:0008104	protein localization	has_input(UniProtKB:Q8N0X7)
GO:0018105	peptidyl-serine phosphorylation	has_input(UniProtKB:Q8N122)
GO:0000042	protein targeting to Golgi	has_input(UniProtKB:Q8N6G5)
GO:0018105	peptidyl-serine phosphorylation	has_input(UniProtKB:Q8NFG4)
GO:0006468	protein phosphorylation	has_input(UniProtKB:Q8NFG4)
GO:0004674	protein serine/threonine kinase activity	has_input(UniProtKB:Q8NFG4)
GO:0045184	establishment of protein localization	has_input(UniProtKB:Q8T9S7
GO:2000778	positive regulation of interleukin-6 secretion	has_input(UniProtKB:Q8TDQ0)
GO:0006468	protein phosphorylation	has_input(UniProtKB:Q8TF40)
GO:0045184	establishment of protein localization	has_input(UniProtKB:Q8VCC8)
GO:0010628	positive regulation of gene expression	has_input(UniProtKB:Q8VCH4
GO:0010628	positive regulation of gene expression	has_input(UniProtKB:Q8VCH4
GO:0036371	protein localization to T-tubule	has_input(UniProtKB:Q8VDN2)
GO:0010628	positive regulation of gene expression	has_input(UniProtKB:Q8VDQ8)
GO:0001934	positive regulation of protein phosphorylation	has_input(UniProtKB:Q8WU20)
GO:0043495	protein anchor	has_input(UniProtKB:Q8WUM4)
GO:0032403	protein complex binding	has_input(UniProtKB:Q8WUW1
GO:0032403	protein complex binding	has_input(UniProtKB:Q8WUW1
GO:0032403	protein complex binding	has_input(UniProtKB:Q8WUW1
GO:0032403	protein complex binding	has_input(UniProtKB:Q8WUW1
GO:0016601	Rac protein signal transduction	has_input(UniProtKB:Q8WUW1)
GO:0032403	protein complex binding	has_input(UniProtKB:Q8WUW1)
GO:0048365	Rac GTPase binding	has_input(UniProtKB:Q8WUW1)
GO:0045184	establishment of protein localization	has_input(UniProtKB:Q8WV92
GO:0010951	negative regulation of endopeptidase activity	has_input(UniProtKB:Q8WW43)
GO:0019899	enzyme binding	has_input(UniProtKB:Q8WW43)
GO:1902463	protein localization to cell leading edge	has_input(UniProtKB:Q8WYL5)
GO:0061077	chaperone-mediated protein folding	has_input(UniProtKB:Q90830
GO:0061077	chaperone-mediated protein folding	has_input(UniProtKB:Q90830
GO:0005518	collagen binding	has_input(UniProtKB:Q90830
GO:0032403	protein complex binding	has_input(UniProtKB:Q90830
GO:0005518	collagen binding	has_input(UniProtKB:Q90830
GO:0032403	protein complex binding	has_input(UniProtKB:Q90830
GO:0031647	regulation of protein stability	has_input(UniProtKB:Q91790
GO:0010628	positive regulation of gene expression	has_input(UniProtKB:Q91VC4)
GO:0090002	establishment of protein localization to plasma membrane	has_input(UniProtKB:Q91ZD4)
GO:0010951	negative regulation of endopeptidase activity	has_input(UniProtKB:Q92542
GO:0019899	enzyme binding	has_input(UniProtKB:Q92542
GO:0016601	Rac protein signal transduction	has_input(UniProtKB:Q92558
GO:0032403	protein complex binding	has_input(UniProtKB:Q92558
GO:0048365	Rac GTPase binding	has_input(UniProtKB:Q92558
GO:0051284	positive regulation of sequestering of calcium ion	has_input(UniProtKB:Q92736)
GO:0033135	regulation of peptidyl-serine phosphorylation	has_input(UniProtKB:Q92736)
GO:0060315	negative regulation of ryanodine-sensitive calcium-release channel activity	has_input(UniProtKB:Q92736)
GO:0019855	calcium channel inhibitor activity	has_input(UniProtKB:Q92736)
GO:0004175	endopeptidase activity	has_input(UniProtKB:Q92759
GO:0006508	proteolysis	has_input(UniProtKB:Q92759
GO:0032403	protein complex binding	has_input(UniProtKB:Q92831
GO:0032403	protein complex binding	has_input(UniProtKB:Q92831
GO:0032403	protein complex binding	has_input(UniProtKB:Q92831
GO:0004721	phosphoprotein phosphatase activity	has_input(UniProtKB:Q92845)
GO:0006470	protein dephosphorylation	has_input(UniProtKB:Q92845)
GO:2000623	negative regulation of nuclear-transcribed mRNA catabolic process, nonsense-mediated decay	has_input(UniProtKB:Q92900)
GO:0071169	establishment of protein localization to chromatin	has_input(UniProtKB:Q92993)
GO:0097499	protein localization to non-motile cilium	has_input(UniProtKB:Q94218
GO:0097499	protein localization to non-motile cilium	has_input(UniProtKB:Q94218
GO:0004674	protein serine/threonine kinase activity	has_input(UniProtKB:Q965F9)
GO:0070936	protein K48-linked ubiquitination	has_input(UniProtKB:Q969H0
GO:2000059	negative regulation of protein ubiquitination involved in ubiquitin-dependent protein catabolic process	has_input(UniProtKB:Q96BY2)
GO:0005487	nucleocytoplasmic transporter activity	has_input(UniProtKB:Q96D46)
GO:0006611	protein export from nucleus	has_input(UniProtKB:Q96D46)
GO:0005049	nuclear export signal receptor activity	has_input(UniProtKB:Q96D46)
GO:0032880	regulation of protein localization	has_input(UniProtKB:Q96EY5)
GO:1903598	positive regulation of gap junction assembly	has_input(UniProtKB:Q96KN9)
GO:1903779	regulation of cardiac conduction	has_input(UniProtKB:Q96KN9)
GO:0032091	negative regulation of protein binding	has_input(UniProtKB:Q96KP1
GO:0032091	negative regulation of protein binding	has_input(UniProtKB:Q96KP1
GO:0032091	negative regulation of protein binding	has_input(UniProtKB:Q96KP1)
GO:0010628	positive regulation of gene expression	has_input(UniProtKB:Q96NA2)
GO:1905606	regulation of presynapse assembly	has_input(UniProtKB:Q96QK1)
GO:0072659	protein localization to plasma membrane	has_input(UniProtKB:Q99246
GO:0072659	protein localization to plasma membrane	has_input(UniProtKB:Q99246
GO:0045944	positive regulation of transcription from RNA polymerase II promoter	has_input(UniProtKB:Q99466
GO:0001228	transcriptional activator activity, RNA polymerase II transcription regulatory region sequence-specific binding	has_input(UniProtKB:Q99578
GO:0000981	RNA polymerase II transcription factor activity, sequence-specific DNA binding	has_input(UniProtKB:Q99578
GO:0032403	protein complex binding	has_input(UniProtKB:Q99623)
GO:2000510	positive regulation of dendritic cell chemotaxis	has_input(UniProtKB:Q99731
GO:0032880	regulation of protein localization	has_input(UniProtKB:Q99816)
GO:0005515	protein binding	has_input(UniProtKB:Q99816)
GO:0090002	establishment of protein localization to plasma membrane	has_input(UniProtKB:Q99959)
GO:0044791	positive regulation by host of viral release from host cell	has_input(UniProtKB:Q99IB8)
GO:0044829	positive regulation by host of viral genome replication	has_input(UniProtKB:Q99IB8)
GO:0030163	protein catabolic process	has_input(UniProtKB:Q99LX0
GO:0019901	protein kinase binding	has_input(UniProtKB:Q99MQ3)
GO:0004175	endopeptidase activity	has_input(UniProtKB:Q99MQ3)
GO:0006508	proteolysis	has_input(UniProtKB:Q99MQ3)
GO:0033138	positive regulation of peptidyl-serine phosphorylation	has_input(UniProtKB:Q9BKU3)
GO:0032091	negative regulation of protein binding	has_input(UniProtKB:Q9BR76
GO:0006470	protein dephosphorylation	has_input(UniProtKB:Q9BUL8)
GO:0006468	protein phosphorylation	has_input(UniProtKB:Q9BUL8)
GO:0010628	positive regulation of gene expression	has_input(UniProtKB:Q9BX97)
GO:0000422	mitophagy	has_input(UniProtKB:Q9BXM7
GO:0004175	endopeptidase activity	has_input(UniProtKB:Q9BXM7
GO:0006508	proteolysis	has_input(UniProtKB:Q9BXM7
GO:0004175	endopeptidase activity	has_input(UniProtKB:Q9BXM7)
GO:0030295	protein kinase activator activity	has_input(UniProtKB:Q9BXM7)
GO:0033619	membrane protein proteolysis	has_input(UniProtKB:Q9BXM7)
GO:0004672	protein kinase activity	has_input(UniProtKB:Q9BXM7)
GO:0018107	peptidyl-threonine phosphorylation	has_input(UniProtKB:Q9BXM7)
GO:0006508	proteolysis	has_input(UniProtKB:Q9BXM7)
GO:0004674	protein serine/threonine kinase activity	has_input(UniProtKB:Q9BXM7)
GO:0006468	protein phosphorylation	has_input(UniProtKB:Q9BXM7)
GO:0051258	protein polymerization	has_input(UniProtKB:Q9BY43)
GO:0006509	membrane protein ectodomain proteolysis	has_input(UniProtKB:Q9BZM5)
GO:0019538	protein metabolic process	has_input(UniProtKB:Q9BZR6
GO:1901985	positive regulation of protein acetylation	has_input(UniProtKB:Q9BZS1)
GO:0010628	positive regulation of gene expression	has_input(UniProtKB:Q9BZS1)
GO:0036435	K48-linked polyubiquitin binding	has_input(UniProtKB:Q9C030
GO:0035456	response to interferon-beta	has_input(UniProtKB:Q9C030)
GO:0003950	NAD+ ADP-ribosyltransferase activity	has_input(UniProtKB:Q9C0C2)
GO:0071205	protein localization to juxtaparanode region of axon	has_input(UniProtKB:Q9CPW0
GO:0071896	protein localization to adherens junction	has_input(UniProtKB:Q9CQ73)
GO:0045944	positive regulation of transcription from RNA polymerase II promoter	has_input(UniProtKB:Q9CQN4)
GO:0045944	positive regulation of transcription from RNA polymerase II promoter	has_input(UniProtKB:Q9CQN4)
GO:0005518	collagen binding	has_input(UniProtKB:Q9CYD3
GO:0032403	protein complex binding	has_input(UniProtKB:Q9CYD3
GO:0061077	chaperone-mediated protein folding	has_input(UniProtKB:Q9CYD3
GO:0043923	positive regulation by host of viral transcription	has_input(UniProtKB:Q9DGW5)
GO:0008139	nuclear localization sequence binding	has_input(UniProtKB:Q9EPI6
GO:0008139	nuclear localization sequence binding	has_input(UniProtKB:Q9EPI6
GO:0006507	GPI anchor release	has_input(UniProtKB:Q9ESD1)
GO:0010507	negative regulation of autophagy	has_input(UniProtKB:Q9GZQ8
GO:0004674	protein serine/threonine kinase activity	has_input(UniProtKB:Q9H1E3
GO:0018105	peptidyl-serine phosphorylation	has_input(UniProtKB:Q9H1E3
GO:0006509	membrane protein ectodomain proteolysis	has_input(UniProtKB:Q9H2A7)
GO:0004672	protein kinase activity	has_input(UniProtKB:Q9H4X1)
GO:0000977	RNA polymerase II regulatory region sequence-specific DNA binding	has_input(UniProtKB:Q9H6I2
GO:0010628	positive regulation of gene expression	has_input(UniProtKB:Q9H6S0)
GO:0000977	RNA polymerase II regulatory region sequence-specific DNA binding	has_input(UniProtKB:Q9H9S0
GO:0032757	positive regulation of interleukin-8 production	has_input(UniProtKB:Q9HC29)
GO:0051092	positive regulation of NF-kappaB transcription factor activity	has_input(UniProtKB:Q9HC29)
GO:0000122	negative regulation of transcription from RNA polymerase II promoter	has_input(UniProtKB:Q9JHX2)
GO:0045944	positive regulation of transcription from RNA polymerase II promoter	has_input(UniProtKB:Q9JI71
GO:0045944	positive regulation of transcription from RNA polymerase II promoter	has_input(UniProtKB:Q9JI71
GO:0018108	peptidyl-tyrosine phosphorylation	has_input(UniProtKB:Q9JJ00)
GO:0022615	protein to membrane docking	has_input(UniProtKB:Q9JJK4)
GO:0000977	RNA polymerase II regulatory region sequence-specific DNA binding	has_input(UniProtKB:Q9JJQ7)
GO:0000977	RNA polymerase II regulatory region sequence-specific DNA binding	has_input(UniProtKB:Q9JJQ7)
GO:0045184	establishment of protein localization	has_input(UniProtKB:Q9JJZ5)
GO:0045184	establishment of protein localization	has_input(UniProtKB:Q9JJZ5)
GO:0097500	receptor localization to non-motile cilium	has_input(UniProtKB:Q9N2S7
GO:0097500	receptor localization to non-motile cilium	has_input(UniProtKB:Q9N2S7
GO:0061512	protein localization to cilium	has_input(UniProtKB:Q9NQC8)
GO:0045944	positive regulation of transcription from RNA polymerase II promoter	has_input(UniProtKB:Q9NR61
GO:1901838	positive regulation of transcription of nuclear large rRNA transcript from RNA polymerase I promoter	has_input(UniProtKB:Q9NWS0)
GO:0033365	protein localization to organelle	has_input(UniProtKB:Q9NXG0
GO:0010951	negative regulation of endopeptidase activity	has_input(UniProtKB:Q9NZ42
GO:0019899	enzyme binding	has_input(UniProtKB:Q9NZ42
GO:0072659	protein localization to plasma membrane	has_input(UniProtKB:Q9P289)
GO:0072659	protein localization to plasma membrane	has_input(UniProtKB:Q9P289)
GO:0007039	protein catabolic process in the vacuole	has_input(UniProtKB:Q9QUI0)
GO:0032956	regulation of actin cytoskeleton organization	has_input(UniProtKB:Q9QUI0)
GO:0045944	positive regulation of transcription from RNA polymerase II promoter	has_input(UniProtKB:Q9QUS4
GO:0045944	positive regulation of transcription from RNA polymerase II promoter	has_input(UniProtKB:Q9QUS4)
GO:0045944	positive regulation of transcription from RNA polymerase II promoter	has_input(UniProtKB:Q9QUS4)
GO:0045944	positive regulation of transcription from RNA polymerase II promoter	has_input(UniProtKB:Q9QUS4)
GO:0045944	positive regulation of transcription from RNA polymerase II promoter	has_input(UniProtKB:Q9QUS4)
GO:0045944	positive regulation of transcription from RNA polymerase II promoter	has_input(UniProtKB:Q9QUS4)
GO:0042813	Wnt-activated receptor activity	has_input(UniProtKB:Q9QXQ7)
GO:0050821	protein stabilization	has_input(UniProtKB:Q9QYJ4)
GO:0008237	metallopeptidase activity	has_input(UniProtKB:Q9R0N3
GO:0052014	catabolism by symbiont of host protein	has_input(UniProtKB:Q9R0N3
GO:0000122	negative regulation of transcription from RNA polymerase II promoter	has_input(UniProtKB:Q9R1Z8)
GO:0042993	positive regulation of transcription factor import into nucleus	has_input(UniProtKB:Q9R210
GO:0045944	positive regulation of transcription from RNA polymerase II promoter	has_input(UniProtKB:Q9R229
GO:0045944	positive regulation of transcription from RNA polymerase II promoter	has_input(UniProtKB:Q9R229
GO:0097499	protein localization to non-motile cilium	has_input(UniProtKB:Q9U1S7)
GO:0034613	cellular protein localization	has_input(UniProtKB:Q9U720
GO:0097499	protein localization to non-motile cilium	has_input(UniProtKB:Q9UAX4
GO:0016925	protein sumoylation	has_input(UniProtKB:Q9UBE0)
GO:0001774	microglial cell activation	has_input(UniProtKB:Q9UBK2)
GO:0044212	transcription regulatory region DNA binding	has_input(UniProtKB:Q9UBK2)
GO:0005515	protein binding	has_input(UniProtKB:Q9UBQ0)
GO:0016925	protein sumoylation	has_input(UniProtKB:Q9UBT2)
GO:0019901	protein kinase binding	has_input(UniProtKB:Q9UEW8)
GO:0071902	positive regulation of protein serine/threonine kinase activity	has_input(UniProtKB:Q9UHD2)
GO:0032091	negative regulation of protein binding	has_input(UniProtKB:Q9UHD2)
GO:0072659	protein localization to plasma membrane	has_input(UniProtKB:Q9UKE5)
GO:0010629	negative regulation of gene expression	has_input(UniProtKB:Q9UKX5
GO:0098639	collagen binding involved in cell-matrix adhesion	has_input(UniProtKB:Q9UKX5)
GO:0007160	cell-matrix adhesion	has_input(UniProtKB:Q9UKX5)
GO:0032091	negative regulation of protein binding	has_input(UniProtKB:Q9UN37)
GO:0032880	regulation of protein localization	has_input(UniProtKB:Q9UN37)
GO:0048018	receptor agonist activity	has_input(UniProtKB:Q9UP38)
GO:0061462	protein localization to lysosome	has_input(UniProtKB:Q9UP52)
GO:1904352	positive regulation of protein catabolic process in the vacuole	has_input(UniProtKB:Q9UP52)
GO:0000122	negative regulation of transcription from RNA polymerase II promoter	has_input(UniProtKB:Q9UQF0)
GO:1901985	positive regulation of protein acetylation	has_input(UniProtKB:Q9UQL6
GO:1901727	positive regulation of histone deacetylase activity	has_input(UniProtKB:Q9UQL6
GO:0032091	negative regulation of protein binding	has_input(UniProtKB:Q9UQL6)
GO:0045944	positive regulation of transcription from RNA polymerase II promoter	has_input(UniProtKB:Q9UQL6)
GO:0033138	positive regulation of peptidyl-serine phosphorylation	has_input(UniProtKB:Q9UQL6)
GO:0008104	protein localization	has_input(UniProtKB:Q9V6L9)
GO:0045175	basal protein localization	has_input(UniProtKB:Q9VDR7)
GO:0044828	negative regulation by host of viral genome replication	has_input(UniProtKB:Q9WMX2)
GO:0045944	positive regulation of transcription from RNA polymerase II promoter	has_input(UniProtKB:Q9WTN3)
GO:0045162	clustering of voltage-gated sodium channels	has_input(UniProtKB:Q9WTU3
GO:0045162	clustering of voltage-gated sodium channels	has_input(UniProtKB:Q9WTU3)
GO:0072659	protein localization to plasma membrane	has_input(UniProtKB:Q9WTU3)
GO:0045944	positive regulation of transcription from RNA polymerase II promoter	has_input(UniProtKB:Q9WV93
GO:0045944	positive regulation of transcription from RNA polymerase II promoter	has_input(UniProtKB:Q9WV93
GO:0045944	positive regulation of transcription from RNA polymerase II promoter	has_input(UniProtKB:Q9WV93)
GO:0045944	positive regulation of transcription from RNA polymerase II promoter	has_input(UniProtKB:Q9WV93)
GO:0045944	positive regulation of transcription from RNA polymerase II promoter	has_input(UniProtKB:Q9WV93)
GO:0045944	positive regulation of transcription from RNA polymerase II promoter	has_input(UniProtKB:Q9WV93)
GO:0016310	phosphorylation	has_input(UniProtKB:Q9WVC3
GO:0010628	positive regulation of gene expression	has_input(UniProtKB:Q9Y219)
GO:0000977	RNA polymerase II regulatory region sequence-specific DNA binding	has_input(UniProtKB:Q9Y261
GO:0032403	protein complex binding	has_input(UniProtKB:Q9Y2A7
GO:0032403	protein complex binding	has_input(UniProtKB:Q9Y2A7
GO:0032403	protein complex binding	has_input(UniProtKB:Q9Y2A7
GO:0032403	protein complex binding	has_input(UniProtKB:Q9Y2A7
GO:0048365	Rac GTPase binding	has_input(UniProtKB:Q9Y2A7)
GO:0032403	protein complex binding	has_input(UniProtKB:Q9Y2A7)
GO:0016601	Rac protein signal transduction	has_input(UniProtKB:Q9Y2A7)
GO:0016601	Rac protein signal transduction	has_input(UniProtKB:Q9Y2A7)
GO:0032403	protein complex binding	has_input(UniProtKB:Q9Y2A7)
GO:0048365	Rac GTPase binding	has_input(UniProtKB:Q9Y2A7)
GO:0032403	protein complex binding	has_input(UniProtKB:Q9Y2A7)
GO:0032403	protein complex binding	has_input(UniProtKB:Q9Y2A7)
GO:0072663	establishment of protein localization to peroxisome	has_input(UniProtKB:Q9Y3D6)
GO:0051261	protein depolymerization	has_input(UniProtKB:Q9Y3E7)
GO:0090002	establishment of protein localization to plasma membrane	has_input(UniProtKB:Q9Y3L5
GO:0017016	Ras GTPase binding	has_input(UniProtKB:Q9Y3L5)
GO:0043547	positive regulation of GTPase activity	has_input(UniProtKB:Q9Y3L5)
GO:0006184	obsolete GTP catabolic process	has_input(UniProtKB:Q9Y3P9)
GO:0003924	GTPase activity	has_input(UniProtKB:Q9Y3P9)
GO:0090002	establishment of protein localization to plasma membrane	has_input(UniProtKB:Q9Y446)
GO:0090150	establishment of protein localization to membrane	has_input(UniProtKB:Q9Y4I1
GO:0000122	negative regulation of transcription from RNA polymerase II promoter	has_input(UniProtKB:Q9Y5W3)
GO:0070972	protein localization to endoplasmic reticulum	has_input(UniProtKB:Q9Y5Y5)
GO:0071168	protein localization to chromatin	has_input(UniProtKB:Q9Y618)
GO:0030674	protein binding, bridging	has_input(UniProtKB:Q9Y624
GO:0050821	protein stabilization	has_input(UniProtKB:Q9Y6E0)
GO:0070534	protein K63-linked ubiquitination	has_input(UniProtKB:Q9Y6H5)
GO:0070534	protein K63-linked ubiquitination	has_input(UniProtKB:Q9Y6K9)
GO:0072594	establishment of protein localization to organelle	has_input(UniProtKB:Q9Y6K9)
GO:0070534	protein K63-linked ubiquitination	has_input(UniProtKB:Q9Y6K9)
GO:0032403	protein complex binding	has_input(UniProtKB:Q9Y6W5
GO:0032403	protein complex binding	has_input(UniProtKB:Q9Y6W5
GO:0032403	protein complex binding	has_input(UniProtKB:Q9Y6W5
GO:0032403	protein complex binding	has_input(UniProtKB:Q9Y6W5
GO:0034613	cellular protein localization	has_input(UniProtKB:Q9Z0J4)
GO:0032487	regulation of Rap protein signal transduction	has_input(UniProtKB:Q9Z1C8
GO:0045184	establishment of protein localization	has_input(UniProtKB:Q9Z1C8)
GO:0032091	negative regulation of protein binding	has_input(UniProtKB:Q9Z266
GO:0033120	positive regulation of RNA splicing	has_input(UniProtKB:R4I3J1
GO:0010628	positive regulation of gene expression	has_input(UniProtKB:R4I3J1
GO:0033120	positive regulation of RNA splicing	has_input(UniProtKB:R4I3J1
GO:0093002	response to nematicide	has_input(UniProtKB:R4I3J1)
GO:0093002	response to nematicide	has_input(UniProtKB:R4I3J1)
GO:0097237	cellular response to toxic substance	has_input(UniProtKB:R4I3J1)
GO:0009636	response to toxic substance	has_input(UniProtKB:R4I3J1)
GO:0093002	response to nematicide	has_input(UniProtKB:S5VRK7)
GO:0043066	negative regulation of apoptotic process	has_input(UniProtKB:W5PH94
GO:0043066	negative regulation of apoptotic process	has_input(UniProtKB:W5PH94
GO:0045723	positive regulation of fatty acid biosynthetic process	has_input(UniProtKB:W5PH94)
GO:0004672	protein kinase activity	has_input(WB:WBGene00000223)
GO:0016274	protein-arginine N-methyltransferase activity	has_input(WB:WBGene00000366)
GO:1990837	sequence-specific double-stranded DNA binding	has_input(WB:WBGene00000468)
GO:0018105	peptidyl-serine phosphorylation	has_input(WB:WBGene00000939)
GO:0061630	ubiquitin protein ligase activity	has_input(WB:WBGene00001008)
GO:0000977	RNA polymerase II regulatory region sequence-specific DNA binding	has_input(WB:WBGene00001170)
GO:0016247	channel regulator activity	has_input(WB:WBGene00001612)
GO:0045176	apical protein localization	has_input(WB:WBGene00001980
GO:0097120	receptor localization to synapse	has_input(WB:WBGene00002974
GO:0004674	protein serine/threonine kinase activity	has_input(WB:WBGene00003916)
GO:0045167	asymmetric protein localization involved in cell fate determination	has_input(WB:WBGene00004804)
GO:0097120	receptor localization to synapse	has_input(WB:WBGene00006765
GO:0000389	mRNA 3'-splice site recognition	has_input(WB:WBGene00006822)
GO:0030969	mRNA splicing via endonucleolytic cleavage and ligation involved in unfolded protein response	has_input(WB:WBGene00006959)
GO:0000977	RNA polymerase II regulatory region sequence-specific DNA binding	has_input(WB:WBGene00006962)
GO:0006611	protein export from nucleus	has_input(WB:WBGene00008748
GO:0004672	protein kinase activity	has_input(WB:WBGene00008748)
GO:0000977	RNA polymerase II regulatory region sequence-specific DNA binding	has_input(WB:WBGene00011315)
GO:0004674	protein serine/threonine kinase activity	has_input(WB:WBGene00018076)
GO:0001103	RNA polymerase II repressing transcription factor binding	has_input(WB:WBGene00018725)
GO:0005515	protein binding	has_input(WB:WBGene00018725)
GO:0042826	histone deacetylase binding	has_input(WB:WBGene00018725)
GO:0016274	protein-arginine N-methyltransferase activity	has_input(WB:WBGene00020506)
GO:0048252	lauric acid metabolic process	has_output(CHEBI:10615)
GO:0002933	lipid hydroxylation	has_output(CHEBI:10615)
GO:0008395	steroid hydroxylase activity	has_output(CHEBI:1156
GO:1903233	regulation of calcium ion-dependent exocytosis of neurotransmitter	has_output(CHEBI:14321)
GO:1903233	regulation of calcium ion-dependent exocytosis of neurotransmitter	has_output(CHEBI:14321)
GO:0016885	ligase activity, forming carbon-carbon bonds	has_output(CHEBI:15345)
GO:0016885	ligase activity, forming carbon-carbon bonds	has_output(CHEBI:15346
GO:0016830	carbon-carbon lyase activity	has_output(CHEBI:15351
GO:0016830	carbon-carbon lyase activity	has_output(CHEBI:15351
GO:0016830	carbon-carbon lyase activity	has_output(CHEBI:15539
GO:0032306	regulation of prostaglandin secretion	has_output(CHEBI:15551
GO:0001516	prostaglandin biosynthetic process	has_output(CHEBI:15551)
GO:0001516	prostaglandin biosynthetic process	has_output(CHEBI:15552)
GO:0008116	prostaglandin-I synthase activity	has_output(CHEBI:15552)
GO:0001516	prostaglandin biosynthetic process	has_output(CHEBI:15553)
GO:0031392	regulation of prostaglandin biosynthetic process	has_output(CHEBI:15553)
GO:0031394	positive regulation of prostaglandin biosynthetic process	has_output(CHEBI:15553)
GO:0031394	positive regulation of prostaglandin biosynthetic process	has_output(CHEBI:15553)
GO:0008395	steroid hydroxylase activity	has_output(CHEBI:15826)
GO:0019395	fatty acid oxidation	has_output(CHEBI:15843)
GO:0019395	fatty acid oxidation	has_output(CHEBI:15843)
GO:0000309	nicotinamide-nucleotide adenylyltransferase activity	has_output(CHEBI:15846)
GO:0003865	3-oxo-5-alpha-steroid 4-dehydrogenase activity	has_output(CHEBI:15994
GO:0006702	androgen biosynthetic process	has_output(CHEBI:15994
GO:0016038	absorption of visible light	has_output(CHEBI:16066)
GO:0004771	sterol esterase activity	has_output(CHEBI:16113
GO:0003865	3-oxo-5-alpha-steroid 4-dehydrogenase activity	has_output(CHEBI:16330)
GO:0006702	androgen biosynthetic process	has_output(CHEBI:16330)
GO:0004508	steroid 17-alpha-monooxygenase activity	has_output(CHEBI:16422
GO:0006703	estrogen biosynthetic process	has_output(CHEBI:16469)
GO:0006703	estrogen biosynthetic process	has_output(CHEBI:16469)
GO:0006703	estrogen biosynthetic process	has_output(CHEBI:16469)
GO:0006703	estrogen biosynthetic process	has_output(CHEBI:16469)
GO:0006703	estrogen biosynthetic process	has_output(CHEBI:16469)
GO:0006703	estrogen biosynthetic process	has_output(CHEBI:16469)
GO:0070330	aromatase activity	has_output(CHEBI:16469)
GO:0070330	aromatase activity	has_output(CHEBI:16469)
GO:0070330	aromatase activity	has_output(CHEBI:16469)
GO:0070330	aromatase activity	has_output(CHEBI:16469)
GO:0070330	aromatase activity	has_output(CHEBI:16469)
GO:0070330	aromatase activity	has_output(CHEBI:16469)
GO:0070523	11-beta-hydroxysteroid dehydrogenase (NAD+) activity	has_output(CHEBI:16962)
GO:0034650	cortisol metabolic process	has_output(CHEBI:16962)
GO:0004508	steroid 17-alpha-monooxygenase activity	has_output(CHEBI:17252
GO:0003865	3-oxo-5-alpha-steroid 4-dehydrogenase activity	has_output(CHEBI:17263
GO:0006702	androgen biosynthetic process	has_output(CHEBI:17263
GO:0006703	estrogen biosynthetic process	has_output(CHEBI:17263
GO:0006703	estrogen biosynthetic process	has_output(CHEBI:17263
GO:0006703	estrogen biosynthetic process	has_output(CHEBI:17263
GO:0006703	estrogen biosynthetic process	has_output(CHEBI:17263
GO:0006703	estrogen biosynthetic process	has_output(CHEBI:17263
GO:0006703	estrogen biosynthetic process	has_output(CHEBI:17263
GO:0070330	aromatase activity	has_output(CHEBI:17263
GO:0006703	estrogen biosynthetic process	has_output(CHEBI:17263
GO:0070330	aromatase activity	has_output(CHEBI:17263
GO:0070330	aromatase activity	has_output(CHEBI:17263
GO:0070330	aromatase activity	has_output(CHEBI:17263
GO:0070330	aromatase activity	has_output(CHEBI:17263
GO:0070330	aromatase activity	has_output(CHEBI:17263
GO:0070330	aromatase activity	has_output(CHEBI:17263
GO:0004508	steroid 17-alpha-monooxygenase activity	has_output(CHEBI:17347
GO:0010957	negative regulation of vitamin D biosynthetic process	has_output(CHEBI:17823
GO:0016039	absorption of UV light	has_output(CHEBI:17898)
GO:0004354	glutamate dehydrogenase (NADP+) activity	has_output(CHEBI:18009
GO:0004408	holocytochrome-c synthase activity	has_output(CHEBI:18070)
GO:0016880	acid-ammonia (or amide) ligase activity	has_output(CHEBI:21644)
GO:0006703	estrogen biosynthetic process	has_output(CHEBI:23965
GO:0070330	aromatase activity	has_output(CHEBI:23965
GO:0070330	aromatase activity	has_output(CHEBI:23965)
GO:0006703	estrogen biosynthetic process	has_output(CHEBI:23965)
GO:0043390	aflatoxin B1 metabolic process	has_output(CHEBI:2505)
GO:0032306	regulation of prostaglandin secretion	has_output(CHEBI:26340
GO:0019825	oxygen binding	has_output(CHEBI:27259
GO:0019395	fatty acid oxidation	has_output(CHEBI:28125)
GO:0019395	fatty acid oxidation	has_output(CHEBI:28125)
GO:0016213	linoleoyl-CoA desaturase activity	has_output(CHEBI:28364)
GO:0006636	unsaturated fatty acid biosynthetic process	has_output(CHEBI:28661
GO:0043651	linoleic acid metabolic process	has_output(CHEBI:28661
GO:0016213	linoleoyl-CoA desaturase activity	has_output(CHEBI:28661
GO:0006636	unsaturated fatty acid biosynthetic process	has_output(CHEBI:28661)
GO:0016213	linoleoyl-CoA desaturase activity	has_output(CHEBI:28661)
GO:0070576	vitamin D 24-hydroxylase activity	has_output(CHEBI:28818)
GO:1901754	vitamin D3 catabolic process	has_output(CHEBI:28818)
GO:0004143	diacylglycerol kinase activity	has_output(CHEBI:29089
GO:0004143	diacylglycerol kinase activity	has_output(CHEBI:29089
GO:0046834	lipid phosphorylation	has_output(CHEBI:29089)
GO:0046339	diacylglycerol metabolic process	has_output(CHEBI:29089)
GO:0004354	glutamate dehydrogenase (NADP+) activity	has_output(CHEBI:29985)
GO:0004771	sterol esterase activity	has_output(CHEBI:30823
GO:0051791	medium-chain fatty acid metabolic process	has_output(CHEBI:30823)
GO:0019367	fatty acid elongation, saturated fatty acid	has_output(CHEBI:31001)
GO:0019367	fatty acid elongation, saturated fatty acid	has_output(CHEBI:31003)
GO:0006636	unsaturated fatty acid biosynthetic process	has_output(CHEBI:32389
GO:0036109	alpha-linolenic acid metabolic process	has_output(CHEBI:32389
GO:0006636	unsaturated fatty acid biosynthetic process	has_output(CHEBI:32389)
GO:0016213	linoleoyl-CoA desaturase activity	has_output(CHEBI:32389)
GO:0006702	androgen biosynthetic process	has_output(CHEBI:34133)
GO:0070523	11-beta-hydroxysteroid dehydrogenase (NAD+) activity	has_output(CHEBI:34133)
GO:0036109	alpha-linolenic acid metabolic process	has_output(CHEBI:36006
GO:0006636	unsaturated fatty acid biosynthetic process	has_output(CHEBI:36006)
GO:0042759	long-chain fatty acid biosynthetic process	has_output(CHEBI:36033)
GO:0009922	fatty acid elongase activity	has_output(CHEBI:36033)
GO:0034626	fatty acid elongation, polyunsaturated fatty acid	has_output(CHEBI:36033)
GO:0006636	unsaturated fatty acid biosynthetic process	has_output(CHEBI:36033)
GO:0030148	sphingolipid biosynthetic process	has_output(CHEBI:37550)
GO:0046512	sphingosine biosynthetic process	has_output(CHEBI:37550)
GO:0019395	fatty acid oxidation	has_output(CHEBI:44247)
GO:0008241	peptidyl-dipeptidase activity	has_output(CHEBI:48432)
GO:0016121	carotene catabolic process	has_output(CHEBI:53153)
GO:0016702	oxidoreductase activity, acting on single donors with incorporation of molecular oxygen, incorporation of two atoms of oxygen	has_output(CHEBI:53153)
GO:0042759	long-chain fatty acid biosynthetic process	has_output(CHEBI:53486)
GO:0009922	fatty acid elongase activity	has_output(CHEBI:53486)
GO:0034626	fatty acid elongation, polyunsaturated fatty acid	has_output(CHEBI:53486)
GO:0006636	unsaturated fatty acid biosynthetic process	has_output(CHEBI:53486)
GO:0042759	long-chain fatty acid biosynthetic process	has_output(CHEBI:53487)
GO:0009922	fatty acid elongase activity	has_output(CHEBI:53487)
GO:0034626	fatty acid elongation, polyunsaturated fatty acid	has_output(CHEBI:53487)
GO:0004871	signal transducer activity	has_output(CHEBI:61089
GO:0030639	polyketide biosynthetic process	has_output(CHEBI:61089)
GO:0042761	very long-chain fatty acid biosynthetic process	has_output(CHEBI:61204)
GO:0042761	very long-chain fatty acid biosynthetic process	has_output(CHEBI:61205)
GO:0042759	long-chain fatty acid biosynthetic process	has_output(CHEBI:65136)
GO:0042759	long-chain fatty acid biosynthetic process	has_output(CHEBI:65136)
GO:0009922	fatty acid elongase activity	has_output(CHEBI:65136)
GO:0009922	fatty acid elongase activity	has_output(CHEBI:65136)
GO:0034626	fatty acid elongation, polyunsaturated fatty acid	has_output(CHEBI:65136)
GO:0034626	fatty acid elongation, polyunsaturated fatty acid	has_output(CHEBI:65136)
GO:0004602	glutathione peroxidase activity	has_output(CHEBI:72639
GO:0004602	glutathione peroxidase activity	has_output(CHEBI:72639)
GO:0042761	very long-chain fatty acid biosynthetic process	has_output(CHEBI:72714)
GO:0101020	estrogen 16-alpha-hydroxylase activity	has_output(CHEBI:776
GO:0090276	regulation of peptide hormone secretion	has_output(CHEBI:7872
GO:0042759	long-chain fatty acid biosynthetic process	has_output(CHEBI:78862)
GO:0009922	fatty acid elongase activity	has_output(CHEBI:78862)
GO:0034626	fatty acid elongation, polyunsaturated fatty acid	has_output(CHEBI:78862)
GO:0008395	steroid hydroxylase activity	has_output(CHEBI:87602
GO:0009299	mRNA transcription	has_output(DDB:DDB_G0289073)
GO:0006461	protein complex assembly	has_output(GO:0016342)
GO:0006461	protein complex assembly	has_output(GO:0016342)
GO:0001816	cytokine production	has_output(MGI:MGI:1339751)
GO:0031490	chromatin DNA binding	has_output(MGI:MGI:1913389)
GO:0098781	ncRNA transcription	has_output(MGI:MGI:1923054)
GO:0010954	positive regulation of protein processing	has_output(PR:000037268
GO:0070534	protein K63-linked ubiquitination	has_output(PR:000044487)
GO:0051865	protein autoubiquitination	has_output(PR:000044487)
GO:0070534	protein K63-linked ubiquitination	has_output(PR:000044494)
GO:0070534	protein K63-linked ubiquitination	has_output(PR:000044494)
GO:0004674	protein serine/threonine kinase activity	has_output(PR:000044496)
GO:0006468	protein phosphorylation	has_output(PR:000044496)
GO:0050731	positive regulation of peptidyl-tyrosine phosphorylation	has_output(PR:000044844)
GO:0050731	positive regulation of peptidyl-tyrosine phosphorylation	has_output(PR:000044845)
GO:0050731	positive regulation of peptidyl-tyrosine phosphorylation	has_output(PR:000044846)
GO:0072659	protein localization to plasma membrane	has_output(SGD:S000000272)
GO:0004674	protein serine/threonine kinase activity	has_output(SGD:S000000479)
GO:0046427	positive regulation of JAK-STAT cascade	has_output(UniProtKB:E1U8C5)
GO:0046427	positive regulation of JAK-STAT cascade	has_output(UniProtKB:E1U8C5)
GO:0046427	positive regulation of JAK-STAT cascade	has_output(UniProtKB:K7GSE8
GO:0046427	positive regulation of JAK-STAT cascade	has_output(UniProtKB:K7GSE8)
GO:0032270	positive regulation of cellular protein metabolic process	has_output(UniProtKB:O95477)
GO:2000010	positive regulation of protein localization to cell surface	has_output(UniProtKB:P02787)
GO:0008241	peptidyl-dipeptidase activity	has_output(UniProtKB:P05067:PRO_0000000093)
GO:0004869	cysteine-type endopeptidase inhibitor activity	has_output(UniProtKB:P08311)
GO:0010951	negative regulation of endopeptidase activity	has_output(UniProtKB:P08311)
GO:0006412	translation	has_output(UniProtKB:P08796)
GO:0045944	positive regulation of transcription from RNA polymerase II promoter	has_output(UniProtKB:P29474)
GO:1903078	positive regulation of protein localization to plasma membrane	has_output(UniProtKB:P32248)
GO:0072376	protein activation cascade	has_output(UniProtKB:P41969)
GO:0006468	protein phosphorylation	has_output(UniProtKB:P42224)
GO:0070165	positive regulation of adiponectin secretion	has_output(UniProtKB:Q60994)
GO:0050715	positive regulation of cytokine secretion	has_output(UniProtKB:Q99P87)
GO:0070177	contractile vacuole discharge	has_participant(CHEBI:15422)
GO:1904661	negative regulation of sensory perception of bitter taste	has_participant(CHEBI:15854)
GO:0018298	protein-chromophore linkage	has_participant(CHEBI:16066)
GO:0018298	protein-chromophore linkage	has_participant(CHEBI:16066)
GO:0018298	protein-chromophore linkage	has_participant(CHEBI:16066)
GO:0016038	absorption of visible light	has_participant(CHEBI:16066)
GO:0018298	protein-chromophore linkage	has_participant(CHEBI:16066)
GO:1902379	chemoattractant activity involved in axon guidance	has_participant(CHEBI:16618)
GO:0018298	protein-chromophore linkage	has_participant(CHEBI:17898
GO:0018298	protein-chromophore linkage	has_participant(CHEBI:17898)
GO:0018298	protein-chromophore linkage	has_participant(CHEBI:17898)
GO:1990239	steroid hormone binding	has_participant(CHEBI:27584)
GO:0008144	drug binding	has_participant(CHEBI:27899)
GO:0006811	ion transport	has_participant(CHEBI:28938)
GO:0006811	ion transport	has_participant(CHEBI:29101
GO:0006811	ion transport	has_participant(CHEBI:29103
GO:1902379	chemoattractant activity involved in axon guidance	has_participant(CHEBI:29108
GO:0008144	drug binding	has_participant(CHEBI:35852)
GO:0042493	response to drug	has_participant(CHEBI:3764)
GO:0042493	response to drug	has_participant(CHEBI:44241
GO:0042493	response to drug	has_participant(CHEBI:44241)
GO:0042493	response to drug	has_participant(CHEBI:44241)
GO:0042493	response to drug	has_participant(CHEBI:5439
GO:0042493	response to drug	has_participant(CHEBI:5439)
GO:0005501	retinoid binding	has_participant(CHEBI:6067)
GO:0097159	organic cyclic compound binding	has_participant(CHEBI:73297
GO:0014070	response to organic cyclic compound	has_participant(CHEBI:75142)
GO:0010243	response to organonitrogen compound	has_participant(CHEBI:75142)
GO:0042493	response to drug	has_participant(CHEBI:77013)
GO:0042493	response to drug	has_participant(CHEBI:8069
GO:0042493	response to drug	has_participant(CHEBI:8069)
GO:0042493	response to drug	has_participant(CHEBI:8069)
GO:0097159	organic cyclic compound binding	has_participant(CHEBI:9233
GO:0009653	anatomical structure morphogenesis	has_participant(EMAPA:13130)
GO:0060135	maternal process involved in female pregnancy	has_participant(EMAPA:16036)
GO:0040016	embryonic cleavage	has_participant(EMAPA:16036)
GO:0001701	in utero embryonic development	has_participant(EMAPA:16037)
GO:0001708	cell fate specification	has_participant(EMAPA:16039
GO:0061031	endodermal digestive tract morphogenesis	has_participant(EMAPA:16039)
GO:0060412	ventricular septum morphogenesis	has_participant(EMAPA:16039)
GO:0001832	blastocyst growth	has_participant(EMAPA:16039)
GO:0001947	heart looping	has_participant(EMAPA:16039)
GO:0008015	blood circulation	has_participant(EMAPA:16039)
GO:0035264	multicellular organism growth	has_participant(EMAPA:16039)
GO:0007566	embryo implantation	has_participant(EMAPA:16039)
GO:0007368	determination of left/right symmetry	has_participant(EMAPA:16039)
GO:0048511	rhythmic process	has_participant(EMAPA:16039)
GO:0048511	rhythmic process	has_participant(EMAPA:16039)
GO:0001843	neural tube closure	has_participant(EMAPA:16039)
GO:0036342	post-anal tail morphogenesis	has_participant(EMAPA:16039)
GO:0001835	blastocyst hatching	has_participant(EMAPA:16039)
GO:0003401	axis elongation	has_participant(EMAPA:16039)
GO:0061156	pulmonary artery morphogenesis	has_participant(EMAPA:16039)
GO:0060325	face morphogenesis	has_participant(EMAPA:16039)
GO:0090245	axis elongation involved in somitogenesis	has_participant(EMAPA:16039)
GO:0001702	gastrulation with mouth forming second	has_participant(EMAPA:16039)
GO:0010159	specification of animal organ position	has_participant(EMAPA:16039)
GO:0048617	embryonic foregut morphogenesis	has_participant(EMAPA:16039)
GO:0048511	rhythmic process	has_participant(EMAPA:16039)
GO:0001701	in utero embryonic development	has_participant(EMAPA:16039)
GO:0007368	determination of left/right symmetry	has_participant(EMAPA:16039)
GO:0001701	in utero embryonic development	has_participant(EMAPA:16039)
GO:0003151	outflow tract morphogenesis	has_participant(EMAPA:16039)
GO:0048557	embryonic digestive tract morphogenesis	has_participant(EMAPA:16039)
GO:0001756	somitogenesis	has_participant(EMAPA:16039)
GO:0007368	determination of left/right symmetry	has_participant(EMAPA:16039)
GO:0051602	response to electrical stimulus	has_participant(EMAPA:16039)
GO:0048704	embryonic skeletal system morphogenesis	has_participant(EMAPA:16039)
GO:0048598	embryonic morphogenesis	has_participant(EMAPA:16039)
GO:0001756	somitogenesis	has_participant(EMAPA:16039)
GO:0001756	somitogenesis	has_participant(EMAPA:16039)
GO:0035912	dorsal aorta morphogenesis	has_participant(EMAPA:16039)
GO:0060136	embryonic process involved in female pregnancy	has_participant(EMAPA:16039)
GO:0060323	head morphogenesis	has_participant(EMAPA:16039)
GO:0060136	embryonic process involved in female pregnancy	has_participant(EMAPA:16039)
GO:0060411	cardiac septum morphogenesis	has_participant(EMAPA:16039)
GO:0040034	regulation of development, heterochronic	has_participant(EMAPA:16039)
GO:0010172	embryonic body morphogenesis	has_participant(EMAPA:16039)
GO:0048790	maintenance of presynaptic active zone structure	has_participant(EMAPA:16039)
GO:0048701	embryonic cranial skeleton morphogenesis	has_participant(EMAPA:16039)
GO:0001701	in utero embryonic development	has_participant(EMAPA:16039)
GO:0001701	in utero embryonic development	has_participant(EMAPA:16039)
GO:0001701	in utero embryonic development	has_participant(EMAPA:16039)
GO:0060028	convergent extension involved in axis elongation	has_participant(EMAPA:16039)
GO:0001701	in utero embryonic development	has_participant(EMAPA:16039)
GO:0007566	embryo implantation	has_participant(EMAPA:16039)
GO:0007369	gastrulation	has_participant(EMAPA:16039)
GO:0042733	embryonic digit morphogenesis	has_participant(EMAPA:16039)
GO:0060347	heart trabecula formation	has_participant(EMAPA:16039)
GO:0001708	cell fate specification	has_participant(EMAPA:16041)
GO:0060710	chorio-allantoic fusion	has_participant(EMAPA:16042)
GO:0060670	branching involved in labyrinthine layer morphogenesis	has_participant(EMAPA:16042)
GO:0060136	embryonic process involved in female pregnancy	has_participant(EMAPA:16042)
GO:0035162	embryonic hemopoiesis	has_participant(EMAPA:16042)
GO:0005977	glycogen metabolic process	has_participant(EMAPA:16042)
GO:0001701	in utero embryonic development	has_participant(EMAPA:16042)
GO:0060713	labyrinthine layer morphogenesis	has_participant(EMAPA:16042)
GO:0060136	embryonic process involved in female pregnancy	has_participant(EMAPA:16042)
GO:0035162	embryonic hemopoiesis	has_participant(EMAPA:16042)
GO:0035162	embryonic hemopoiesis	has_participant(EMAPA:16042)
GO:0060669	embryonic placenta morphogenesis	has_participant(EMAPA:16042)
GO:0060670	branching involved in labyrinthine layer morphogenesis	has_participant(EMAPA:16042)
GO:0060670	branching involved in labyrinthine layer morphogenesis	has_participant(EMAPA:16042)
GO:0060670	branching involved in labyrinthine layer morphogenesis	has_participant(EMAPA:16042)
GO:0001701	in utero embryonic development	has_participant(EMAPA:16042)
GO:0001701	in utero embryonic development	has_participant(EMAPA:16046)
GO:0001701	in utero embryonic development	has_participant(EMAPA:16050)
GO:0001701	in utero embryonic development	has_participant(EMAPA:16050)
GO:0002011	morphogenesis of an epithelial sheet	has_participant(EMAPA:16050)
GO:0001708	cell fate specification	has_participant(EMAPA:16050)
GO:0007163	establishment or maintenance of cell polarity	has_participant(EMAPA:16051
GO:0001701	in utero embryonic development	has_participant(EMAPA:16051)
GO:0001701	in utero embryonic development	has_participant(EMAPA:16052)
GO:0046697	decidualization	has_participant(EMAPA:16059)
GO:0001702	gastrulation with mouth forming second	has_participant(EMAPA:16062)
GO:0001701	in utero embryonic development	has_participant(EMAPA:16062)
GO:0001708	cell fate specification	has_participant(EMAPA:16065)
GO:0007369	gastrulation	has_participant(EMAPA:16071)
GO:0048319	axial mesoderm morphogenesis	has_participant(EMAPA:16071)
GO:0090009	primitive streak formation	has_participant(EMAPA:16072)
GO:0007369	gastrulation	has_participant(EMAPA:16072)
GO:0001702	gastrulation with mouth forming second	has_participant(EMAPA:16072)
GO:0048598	embryonic morphogenesis	has_participant(EMAPA:16072)
GO:0001839	neural plate morphogenesis	has_participant(EMAPA:16073)
GO:0009653	anatomical structure morphogenesis	has_participant(EMAPA:16075)
GO:0009653	anatomical structure morphogenesis	has_participant(EMAPA:16075)
GO:0007368	determination of left/right symmetry	has_participant(EMAPA:16075)
GO:0001756	somitogenesis	has_participant(EMAPA:16097)
GO:0003416	endochondral bone growth	has_participant(EMAPA:16098)
GO:0009887	animal organ morphogenesis	has_participant(EMAPA:16103)
GO:0048514	blood vessel morphogenesis	has_participant(EMAPA:16104)
GO:0008217	regulation of blood pressure	has_participant(EMAPA:16104)
GO:0001525	angiogenesis	has_participant(EMAPA:16104)
GO:0061371	determination of heart left/right asymmetry	has_participant(EMAPA:16104)
GO:0001974	blood vessel remodeling	has_participant(EMAPA:16104)
GO:0001525	angiogenesis	has_participant(EMAPA:16104)
GO:0001525	angiogenesis	has_participant(EMAPA:16104)
GO:0002040	sprouting angiogenesis	has_participant(EMAPA:16104)
GO:0001974	blood vessel remodeling	has_participant(EMAPA:16104)
GO:0060977	coronary vasculature morphogenesis	has_participant(EMAPA:16104)
GO:0001974	blood vessel remodeling	has_participant(EMAPA:16104)
GO:0061371	determination of heart left/right asymmetry	has_participant(EMAPA:16105)
GO:0003143	embryonic heart tube morphogenesis	has_participant(EMAPA:16105)
GO:0009408	response to heat	has_participant(EMAPA:16105)
GO:0060047	heart contraction	has_participant(EMAPA:16105)
GO:0003344	pericardium morphogenesis	has_participant(EMAPA:16105)
GO:0001701	in utero embryonic development	has_participant(EMAPA:16105)
GO:0003181	atrioventricular valve morphogenesis	has_participant(EMAPA:16105)
GO:0005977	glycogen metabolic process	has_participant(EMAPA:16105)
GO:0003007	heart morphogenesis	has_participant(EMAPA:16105)
GO:0007368	determination of left/right symmetry	has_participant(EMAPA:16105)
GO:0055010	ventricular cardiac muscle tissue morphogenesis	has_participant(EMAPA:16105)
GO:0003139	secondary heart field specification	has_participant(EMAPA:16105)
GO:0055091	phospholipid homeostasis	has_participant(EMAPA:16105)
GO:0048844	artery morphogenesis	has_participant(EMAPA:16105)
GO:0007368	determination of left/right symmetry	has_participant(EMAPA:16105)
GO:0007368	determination of left/right symmetry	has_participant(EMAPA:16105)
GO:0060347	heart trabecula formation	has_participant(EMAPA:16105)
GO:0001988	positive regulation of heart rate involved in baroreceptor response to decreased systemic arterial blood pressure	has_participant(EMAPA:16105)
GO:0001525	angiogenesis	has_participant(EMAPA:16105)
GO:0008217	regulation of blood pressure	has_participant(EMAPA:16105)
GO:0055010	ventricular cardiac muscle tissue morphogenesis	has_participant(EMAPA:16105)
GO:0055089	fatty acid homeostasis	has_participant(EMAPA:16105)
GO:0055072	iron ion homeostasis	has_participant(EMAPA:16105)
GO:0007368	determination of left/right symmetry	has_participant(EMAPA:16105)
GO:0001701	in utero embryonic development	has_participant(EMAPA:16105)
GO:0001701	in utero embryonic development	has_participant(EMAPA:16105)
GO:0007368	determination of left/right symmetry	has_participant(EMAPA:16105)
GO:0007368	determination of left/right symmetry	has_participant(EMAPA:16105)
GO:0003148	outflow tract septum morphogenesis	has_participant(EMAPA:16105)
GO:0003151	outflow tract morphogenesis	has_participant(EMAPA:16105)
GO:0003151	outflow tract morphogenesis	has_participant(EMAPA:16105)
GO:0035239	tube morphogenesis	has_participant(EMAPA:16105)
GO:0003007	heart morphogenesis	has_participant(EMAPA:16105)
GO:0003151	outflow tract morphogenesis	has_participant(EMAPA:16105)
GO:0019430	removal of superoxide radicals	has_participant(EMAPA:16105)
GO:0001947	heart looping	has_participant(EMAPA:16105)
GO:0002027	regulation of heart rate	has_participant(EMAPA:16105)
GO:0008217	regulation of blood pressure	has_participant(EMAPA:16105)
GO:0055008	cardiac muscle tissue morphogenesis	has_participant(EMAPA:16105)
GO:0007368	determination of left/right symmetry	has_participant(EMAPA:16105)
GO:0005977	glycogen metabolic process	has_participant(EMAPA:16105)
GO:0009887	animal organ morphogenesis	has_participant(EMAPA:16105)
GO:0003007	heart morphogenesis	has_participant(EMAPA:16106)
GO:0009653	anatomical structure morphogenesis	has_participant(EMAPA:16107)
GO:0001525	angiogenesis	has_participant(EMAPA:16107)
GO:0048598	embryonic morphogenesis	has_participant(EMAPA:16118)
GO:0009653	anatomical structure morphogenesis	has_participant(EMAPA:16118)
GO:0001701	in utero embryonic development	has_participant(EMAPA:16131)
GO:0050830	defense response to Gram-positive bacterium	has_participant(EMAPA:16138)
GO:0001878	response to yeast	has_participant(EMAPA:16138)
GO:0050832	defense response to fungus	has_participant(EMAPA:16138)
GO:0001842	neural fold formation	has_participant(EMAPA:16142)
GO:0048853	forebrain morphogenesis	has_participant(EMAPA:16144)
GO:0035284	brain segmentation	has_participant(EMAPA:16148)
GO:0001842	neural fold formation	has_participant(EMAPA:16162)
GO:0022007	convergent extension involved in neural plate elongation	has_participant(EMAPA:16164)
GO:0001843	neural tube closure	has_participant(EMAPA:16164)
GO:0001843	neural tube closure	has_participant(EMAPA:16168)
GO:0001756	somitogenesis	has_participant(EMAPA:16172)
GO:0001756	somitogenesis	has_participant(EMAPA:16172)
GO:0001756	somitogenesis	has_participant(EMAPA:16172)
GO:0009952	anterior/posterior pattern specification	has_participant(EMAPA:16177
GO:0001708	cell fate specification	has_participant(EMAPA:16183
GO:0060028	convergent extension involved in axis elongation	has_participant(EMAPA:16183)
GO:0090245	axis elongation involved in somitogenesis	has_participant(EMAPA:16183)
GO:0001756	somitogenesis	has_participant(EMAPA:16184)
GO:0001756	somitogenesis	has_participant(EMAPA:16184)
GO:0007379	segment specification	has_participant(EMAPA:16184)
GO:0001756	somitogenesis	has_participant(EMAPA:16184)
GO:0001756	somitogenesis	has_participant(EMAPA:16184)
GO:0001756	somitogenesis	has_participant(EMAPA:16184)
GO:0001756	somitogenesis	has_participant(EMAPA:16184)
GO:0001756	somitogenesis	has_participant(EMAPA:16184)
GO:0001757	somite specification	has_participant(EMAPA:16184)
GO:0001757	somite specification	has_participant(EMAPA:16184)
GO:0001756	somitogenesis	has_participant(EMAPA:16184)
GO:0001756	somitogenesis	has_participant(EMAPA:16189)
GO:0060032	notochord regression	has_participant(EMAPA:16191)
GO:0007368	determination of left/right symmetry	has_participant(EMAPA:16191)
GO:0048570	notochord morphogenesis	has_participant(EMAPA:16191)
GO:0042473	outer ear morphogenesis	has_participant(EMAPA:16193)
GO:0048663	neuron fate commitment	has_participant(EMAPA:16194
GO:0090103	cochlea morphogenesis	has_participant(EMAPA:16194)
GO:0032474	otolith morphogenesis	has_participant(EMAPA:16194)
GO:0042472	inner ear morphogenesis	has_participant(EMAPA:16194)
GO:0071600	otic vesicle morphogenesis	has_participant(EMAPA:16197)
GO:0048596	embryonic camera-type eye morphogenesis	has_participant(EMAPA:16198)
GO:0060033	anatomical structure regression	has_participant(EMAPA:16198)
GO:0001974	blood vessel remodeling	has_participant(EMAPA:16198)
GO:0048593	camera-type eye morphogenesis	has_participant(EMAPA:16198)
GO:0048593	camera-type eye morphogenesis	has_participant(EMAPA:16198)
GO:0048048	embryonic eye morphogenesis	has_participant(EMAPA:16198)
GO:0002089	lens morphogenesis in camera-type eye	has_participant(EMAPA:16198)
GO:0009566	fertilization	has_participant(EMAPA:16198)
GO:0048597	post-embryonic camera-type eye morphogenesis	has_participant(EMAPA:16198)
GO:0001525	angiogenesis	has_participant(EMAPA:16201)
GO:0001525	angiogenesis	has_participant(EMAPA:16201)
GO:0001525	angiogenesis	has_participant(EMAPA:16201)
GO:0048514	blood vessel morphogenesis	has_participant(EMAPA:16201)
GO:0035909	aorta morphogenesis	has_participant(EMAPA:16204)
GO:0048844	artery morphogenesis	has_participant(EMAPA:16204)
GO:0001525	angiogenesis	has_participant(EMAPA:16204)
GO:0048844	artery morphogenesis	has_participant(EMAPA:16204)
GO:0048844	artery morphogenesis	has_participant(EMAPA:16204)
GO:0007368	determination of left/right symmetry	has_participant(EMAPA:16215)
GO:0001947	heart looping	has_participant(EMAPA:16215)
GO:0001525	angiogenesis	has_participant(EMAPA:16240)
GO:0048514	blood vessel morphogenesis	has_participant(EMAPA:16240)
GO:0048514	blood vessel morphogenesis	has_participant(EMAPA:16240)
GO:0048546	digestive tract morphogenesis	has_participant(EMAPA:16247)
GO:0055069	zinc ion homeostasis	has_participant(EMAPA:16247)
GO:0016331	morphogenesis of embryonic epithelium	has_participant(EMAPA:16247)
GO:0048617	embryonic foregut morphogenesis	has_participant(EMAPA:16247)
GO:0003401	axis elongation	has_participant(EMAPA:16255)
GO:0060325	face morphogenesis	has_participant(EMAPA:16262)
GO:0009653	anatomical structure morphogenesis	has_participant(EMAPA:16262)
GO:0001701	in utero embryonic development	has_participant(EMAPA:16272)
GO:0009653	anatomical structure morphogenesis	has_participant(EMAPA:16272)
GO:0048699	generation of neurons	has_participant(EMAPA:16277)
GO:0001756	somitogenesis	has_participant(EMAPA:16315)
GO:0001756	somitogenesis	has_participant(EMAPA:16316)
GO:0001756	somitogenesis	has_participant(EMAPA:16317)
GO:0042593	glucose homeostasis	has_participant(EMAPA:16332)
GO:0051873	killing by host of symbiont cells	has_participant(EMAPA:16332)
GO:0005977	glycogen metabolic process	has_participant(EMAPA:16332)
GO:0055069	zinc ion homeostasis	has_participant(EMAPA:16332)
GO:0006885	regulation of pH	has_participant(EMAPA:16332)
GO:0009749	response to glucose	has_participant(EMAPA:16332)
GO:0055008	cardiac muscle tissue morphogenesis	has_participant(EMAPA:16339)
GO:0003148	outflow tract septum morphogenesis	has_participant(EMAPA:16346)
GO:0003007	heart morphogenesis	has_participant(EMAPA:16346)
GO:0055010	ventricular cardiac muscle tissue morphogenesis	has_participant(EMAPA:16346)
GO:0003151	outflow tract morphogenesis	has_participant(EMAPA:16346)
GO:0003151	outflow tract morphogenesis	has_participant(EMAPA:16346)
GO:0003007	heart morphogenesis	has_participant(EMAPA:16350)
GO:0060347	heart trabecula formation	has_participant(EMAPA:16350)
GO:0055010	ventricular cardiac muscle tissue morphogenesis	has_participant(EMAPA:16350)
GO:0003208	cardiac ventricle morphogenesis	has_participant(EMAPA:16350)
GO:0048754	branching morphogenesis of an epithelial tube	has_participant(EMAPA:16354)
GO:0016331	morphogenesis of embryonic epithelium	has_participant(EMAPA:16363)
GO:0048617	embryonic foregut morphogenesis	has_participant(EMAPA:16363)
GO:0060136	embryonic process involved in female pregnancy	has_participant(EMAPA:16370)
GO:0048514	blood vessel morphogenesis	has_participant(EMAPA:16370)
GO:0001974	blood vessel remodeling	has_participant(EMAPA:16370)
GO:0008015	blood circulation	has_participant(EMAPA:16370)
GO:0002040	sprouting angiogenesis	has_participant(EMAPA:16370)
GO:0048514	blood vessel morphogenesis	has_participant(EMAPA:16370)
GO:0001974	blood vessel remodeling	has_participant(EMAPA:16370)
GO:0001525	angiogenesis	has_participant(EMAPA:16370)
GO:0046697	decidualization	has_participant(EMAPA:16370)
GO:0035162	embryonic hemopoiesis	has_participant(EMAPA:16370)
GO:0005977	glycogen metabolic process	has_participant(EMAPA:16370)
GO:0001974	blood vessel remodeling	has_participant(EMAPA:16370)
GO:0001974	blood vessel remodeling	has_participant(EMAPA:16370)
GO:0060325	face morphogenesis	has_participant(EMAPA:16382)
GO:0048704	embryonic skeletal system morphogenesis	has_participant(EMAPA:16382)
GO:0009653	anatomical structure morphogenesis	has_participant(EMAPA:16399)
GO:0030326	embryonic limb morphogenesis	has_participant(EMAPA:16405)
GO:0035108	limb morphogenesis	has_participant(EMAPA:16405)
GO:0050884	neuromuscular process controlling posture	has_participant(EMAPA:16405)
GO:0007499	ectoderm and mesoderm interaction	has_participant(EMAPA:16405)
GO:0035115	embryonic forelimb morphogenesis	has_participant(EMAPA:16405)
GO:0048705	skeletal system morphogenesis	has_participant(EMAPA:16405)
GO:0042733	embryonic digit morphogenesis	has_participant(EMAPA:16405)
GO:0009952	anterior/posterior pattern specification	has_participant(EMAPA:16405)
GO:0002009	morphogenesis of an epithelium	has_participant(EMAPA:16405)
GO:0035115	embryonic forelimb morphogenesis	has_participant(EMAPA:16406)
GO:0001756	somitogenesis	has_participant(EMAPA:16414)
GO:0007379	segment specification	has_participant(EMAPA:16414)
GO:0001756	somitogenesis	has_participant(EMAPA:16441)
GO:0001756	somitogenesis	has_participant(EMAPA:16445)
GO:0001756	somitogenesis	has_participant(EMAPA:16449)
GO:0001756	somitogenesis	has_participant(EMAPA:16453)
GO:0001756	somitogenesis	has_participant(EMAPA:16457)
GO:0001756	somitogenesis	has_participant(EMAPA:16461)
GO:0001756	somitogenesis	has_participant(EMAPA:16465)
GO:0001843	neural tube closure	has_participant(EMAPA:16469)
GO:0001843	neural tube closure	has_participant(EMAPA:16470)
GO:0001708	cell fate specification	has_participant(EMAPA:16472
GO:0016331	morphogenesis of embryonic epithelium	has_participant(EMAPA:16472)
GO:0001843	neural tube closure	has_participant(EMAPA:16472)
GO:0001843	neural tube closure	has_participant(EMAPA:16478)
GO:0007379	segment specification	has_participant(EMAPA:16478)
GO:0016331	morphogenesis of embryonic epithelium	has_participant(EMAPA:16478)
GO:0021575	hindbrain morphogenesis	has_participant(EMAPA:16478)
GO:0035284	brain segmentation	has_participant(EMAPA:16480)
GO:0035284	brain segmentation	has_participant(EMAPA:16484)
GO:0007379	segment specification	has_participant(EMAPA:16484)
GO:0021658	rhombomere 3 morphogenesis	has_participant(EMAPA:16488)
GO:0035284	brain segmentation	has_participant(EMAPA:16488)
GO:0007379	segment specification	has_participant(EMAPA:16488)
GO:0021797	forebrain anterior/posterior pattern specification	has_participant(EMAPA:16512)
GO:0048663	neuron fate commitment	has_participant(EMAPA:16525
GO:0021513	spinal cord dorsal/ventral patterning	has_participant(EMAPA:16525)
GO:0001839	neural plate morphogenesis	has_participant(EMAPA:16527)
GO:0048663	neuron fate commitment	has_participant(EMAPA:16530
GO:0001708	cell fate specification	has_participant(EMAPA:16530
GO:0001842	neural fold formation	has_participant(EMAPA:16530)
GO:0001843	neural tube closure	has_participant(EMAPA:16530)
GO:0060026	convergent extension	has_participant(EMAPA:16530)
GO:0001708	cell fate specification	has_participant(EMAPA:16530)
GO:0021513	spinal cord dorsal/ventral patterning	has_participant(EMAPA:16530)
GO:0021513	spinal cord dorsal/ventral patterning	has_participant(EMAPA:16531)
GO:0042472	inner ear morphogenesis	has_participant(EMAPA:16536)
GO:0071600	otic vesicle morphogenesis	has_participant(EMAPA:16538)
GO:0060235	lens induction in camera-type eye	has_participant(EMAPA:16540)
GO:0009887	animal organ morphogenesis	has_participant(EMAPA:16542)
GO:0043585	nose morphogenesis	has_participant(EMAPA:16542)
GO:0003181	atrioventricular valve morphogenesis	has_participant(EMAPA:16546)
GO:0060492	lung induction	has_participant(EMAPA:16548)
GO:0009887	animal organ morphogenesis	has_participant(EMAPA:16558)
GO:0060606	tube closure	has_participant(EMAPA:16569)
GO:0036342	post-anal tail morphogenesis	has_participant(EMAPA:16580)
GO:0009887	animal organ morphogenesis	has_participant(EMAPA:16586)
GO:0001756	somitogenesis	has_participant(EMAPA:16600)
GO:0001756	somitogenesis	has_participant(EMAPA:16604)
GO:0001756	somitogenesis	has_participant(EMAPA:16608)
GO:0048853	forebrain morphogenesis	has_participant(EMAPA:16640)
GO:0021798	forebrain dorsal/ventral pattern formation	has_participant(EMAPA:16640)
GO:0003002	regionalization	has_participant(EMAPA:16640)
GO:0021871	forebrain regionalization	has_participant(EMAPA:16641)
GO:0021797	forebrain anterior/posterior pattern specification	has_participant(EMAPA:16641)
GO:0021871	forebrain regionalization	has_participant(EMAPA:16652)
GO:0021602	cranial nerve morphogenesis	has_participant(EMAPA:16659)
GO:0021793	chemorepulsion of branchiomotor axon	has_participant(EMAPA:16668)
GO:0050883	musculoskeletal movement, spinal reflex action	has_participant(EMAPA:16668)
GO:0048265	response to pain	has_participant(EMAPA:16668)
GO:0001708	cell fate specification	has_participant(EMAPA:16669
GO:0042472	inner ear morphogenesis	has_participant(EMAPA:16669)
GO:0001708	cell fate specification	has_participant(EMAPA:16669)
GO:0042472	inner ear morphogenesis	has_participant(EMAPA:16671)
GO:0060235	lens induction in camera-type eye	has_participant(EMAPA:16672)
GO:0060235	lens induction in camera-type eye	has_participant(EMAPA:16672)
GO:0003408	optic cup formation involved in camera-type eye development	has_participant(EMAPA:16674)
GO:0002072	optic cup morphogenesis involved in camera-type eye development	has_participant(EMAPA:16674)
GO:0048593	camera-type eye morphogenesis	has_participant(EMAPA:16674)
GO:0048598	embryonic morphogenesis	has_participant(EMAPA:16680)
GO:0048704	embryonic skeletal system morphogenesis	has_participant(EMAPA:16681)
GO:0009887	animal organ morphogenesis	has_participant(EMAPA:16681)
GO:0048598	embryonic morphogenesis	has_participant(EMAPA:16681)
GO:0001525	angiogenesis	has_participant(EMAPA:16684)
GO:0048844	artery morphogenesis	has_participant(EMAPA:16687)
GO:0001974	blood vessel remodeling	has_participant(EMAPA:16687)
GO:0060347	heart trabecula formation	has_participant(EMAPA:16688)
GO:0003209	cardiac atrium morphogenesis	has_participant(EMAPA:16688)
GO:0003203	endocardial cushion morphogenesis	has_participant(EMAPA:16696)
GO:0060415	muscle tissue morphogenesis	has_participant(EMAPA:16706)
GO:0048644	muscle organ morphogenesis	has_participant(EMAPA:16706)
GO:0048850	hypophysis morphogenesis	has_participant(EMAPA:16724)
GO:0031128	developmental induction	has_participant(EMAPA:16725)
GO:0009887	animal organ morphogenesis	has_participant(EMAPA:16725)
GO:0002437	inflammatory response to antigenic stimulus	has_participant(EMAPA:16727)
GO:0060449	bud elongation involved in lung branching	has_participant(EMAPA:16728)
GO:0060425	lung morphogenesis	has_participant(EMAPA:16728)
GO:0060489	planar dichotomous subdivision of terminal units involved in lung branching morphogenesis	has_participant(EMAPA:16728)
GO:0001974	blood vessel remodeling	has_participant(EMAPA:16728)
GO:0007368	determination of left/right symmetry	has_participant(EMAPA:16728)
GO:0055091	phospholipid homeostasis	has_participant(EMAPA:16728)
GO:0002246	wound healing involved in inflammatory response	has_participant(EMAPA:16728)
GO:0060463	lung lobe morphogenesis	has_participant(EMAPA:16728)
GO:0050830	defense response to Gram-positive bacterium	has_participant(EMAPA:16728)
GO:0016337	single organismal cell-cell adhesion	has_participant(EMAPA:16728)
GO:0060488	orthogonal dichotomous subdivision of terminal units involved in lung branching morphogenesis	has_participant(EMAPA:16728)
GO:0048754	branching morphogenesis of an epithelial tube	has_participant(EMAPA:16728)
GO:0006954	inflammatory response	has_participant(EMAPA:16728)
GO:0060436	bronchiole morphogenesis	has_participant(EMAPA:16728)
GO:0007368	determination of left/right symmetry	has_participant(EMAPA:16728)
GO:0002446	neutrophil mediated immunity	has_participant(EMAPA:16728)
GO:0001525	angiogenesis	has_participant(EMAPA:16728)
GO:0009887	animal organ morphogenesis	has_participant(EMAPA:16729)
GO:0060449	bud elongation involved in lung branching	has_participant(EMAPA:16731)
GO:0048754	branching morphogenesis of an epithelial tube	has_participant(EMAPA:16733)
GO:0060449	bud elongation involved in lung branching	has_participant(EMAPA:16735)
GO:0003401	axis elongation	has_participant(EMAPA:16748)
GO:0036342	post-anal tail morphogenesis	has_participant(EMAPA:16748)
GO:0007368	determination of left/right symmetry	has_participant(EMAPA:16748)
GO:0035282	segmentation	has_participant(EMAPA:16748)
GO:0001708	cell fate specification	has_participant(EMAPA:16751
GO:0001756	somitogenesis	has_participant(EMAPA:16751)
GO:0007386	compartment pattern specification	has_participant(EMAPA:16751)
GO:0001756	somitogenesis	has_participant(EMAPA:16752)
GO:0001843	neural tube closure	has_participant(EMAPA:16754)
GO:0060026	convergent extension	has_participant(EMAPA:16757)
GO:0001843	neural tube closure	has_participant(EMAPA:16757)
GO:0060029	convergent extension involved in organogenesis	has_participant(EMAPA:16757)
GO:0030326	embryonic limb morphogenesis	has_participant(EMAPA:16778)
GO:0030326	embryonic limb morphogenesis	has_participant(EMAPA:16778)
GO:0035137	hindlimb morphogenesis	has_participant(EMAPA:16779)
GO:0048663	neuron fate commitment	has_participant(EMAPA:16797
GO:0048755	branching morphogenesis of a nerve	has_participant(EMAPA:16797)
GO:0060235	lens induction in camera-type eye	has_participant(EMAPA:16799)
GO:0048596	embryonic camera-type eye morphogenesis	has_participant(EMAPA:16799)
GO:0046331	lateral inhibition	has_participant(EMAPA:16801)
GO:0048598	embryonic morphogenesis	has_participant(EMAPA:16808)
GO:0048598	embryonic morphogenesis	has_participant(EMAPA:16808)
GO:0055008	cardiac muscle tissue morphogenesis	has_participant(EMAPA:16819)
GO:0048844	artery morphogenesis	has_participant(EMAPA:16827)
GO:0003148	outflow tract septum morphogenesis	has_participant(EMAPA:16827)
GO:0007368	determination of left/right symmetry	has_participant(EMAPA:16843)
GO:0009653	anatomical structure morphogenesis	has_participant(EMAPA:16843)
GO:0050830	defense response to Gram-positive bacterium	has_participant(EMAPA:16846)
GO:0009408	response to heat	has_participant(EMAPA:16846)
GO:0055072	iron ion homeostasis	has_participant(EMAPA:16846)
GO:0060586	multicellular organismal iron ion homeostasis	has_participant(EMAPA:16846)
GO:0055070	copper ion homeostasis	has_participant(EMAPA:16846)
GO:0042593	glucose homeostasis	has_participant(EMAPA:16846)
GO:0051593	response to folic acid	has_participant(EMAPA:16846)
GO:0046544	development of secondary male sexual characteristics	has_participant(EMAPA:16846)
GO:0060586	multicellular organismal iron ion homeostasis	has_participant(EMAPA:16846)
GO:0006629	lipid metabolic process	has_participant(EMAPA:16846)
GO:0055072	iron ion homeostasis	has_participant(EMAPA:16846)
GO:0001701	in utero embryonic development	has_participant(EMAPA:16846)
GO:0001701	in utero embryonic development	has_participant(EMAPA:16846)
GO:0032868	response to insulin	has_participant(EMAPA:16846)
GO:0006979	response to oxidative stress	has_participant(EMAPA:16846)
GO:0005977	glycogen metabolic process	has_participant(EMAPA:16846)
GO:0002432	granuloma formation	has_participant(EMAPA:16846)
GO:0001701	in utero embryonic development	has_participant(EMAPA:16846)
GO:0035162	embryonic hemopoiesis	has_participant(EMAPA:16846)
GO:0055088	lipid homeostasis	has_participant(EMAPA:16846)
GO:0050830	defense response to Gram-positive bacterium	has_participant(EMAPA:16846)
GO:0005977	glycogen metabolic process	has_participant(EMAPA:16846)
GO:0048562	embryonic organ morphogenesis	has_participant(EMAPA:16846)
GO:0035162	embryonic hemopoiesis	has_participant(EMAPA:16846)
GO:0035162	embryonic hemopoiesis	has_participant(EMAPA:16846)
GO:0042594	response to starvation	has_participant(EMAPA:16846)
GO:0060434	bronchus morphogenesis	has_participant(EMAPA:16849)
GO:0060439	trachea morphogenesis	has_participant(EMAPA:16853)
GO:0007585	respiratory gaseous exchange	has_participant(EMAPA:16853)
GO:0001738	morphogenesis of a polarized epithelium	has_participant(EMAPA:16855)
GO:0002009	morphogenesis of an epithelium	has_participant(EMAPA:16855)
GO:0001756	somitogenesis	has_participant(EMAPA:16860)
GO:0001756	somitogenesis	has_participant(EMAPA:16860)
GO:0030326	embryonic limb morphogenesis	has_participant(EMAPA:16892)
GO:0010172	embryonic body morphogenesis	has_participant(EMAPA:16893)
GO:0009408	response to heat	has_participant(EMAPA:16894)
GO:0052063	induction by symbiont of defense-related host nitric oxide production	has_participant(EMAPA:16894)
GO:0001525	angiogenesis	has_participant(EMAPA:16894)
GO:0001843	neural tube closure	has_participant(EMAPA:16894)
GO:0010447	response to acidic pH	has_participant(EMAPA:16894)
GO:0008065	establishment of blood-nerve barrier	has_participant(EMAPA:16894)
GO:0002035	brain renin-angiotensin system	has_participant(EMAPA:16894)
GO:0035094	response to nicotine	has_participant(EMAPA:16894)
GO:0006979	response to oxidative stress	has_participant(EMAPA:16894)
GO:0009611	response to wounding	has_participant(EMAPA:16894)
GO:0009060	aerobic respiration	has_participant(EMAPA:16894)
GO:0019226	transmission of nerve impulse	has_participant(EMAPA:16894)
GO:0009410	response to xenobiotic stimulus	has_participant(EMAPA:16894)
GO:0021978	telencephalon regionalization	has_participant(EMAPA:16895)
GO:0001843	neural tube closure	has_participant(EMAPA:16895)
GO:0048853	forebrain morphogenesis	has_participant(EMAPA:16895)
GO:0001701	in utero embryonic development	has_participant(EMAPA:16895)
GO:0021797	forebrain anterior/posterior pattern specification	has_participant(EMAPA:16896)
GO:0006006	glucose metabolic process	has_participant(EMAPA:16896)
GO:0009649	entrainment of circadian clock	has_participant(EMAPA:16896)
GO:0007601	visual perception	has_participant(EMAPA:16896)
GO:0048850	hypophysis morphogenesis	has_participant(EMAPA:16898)
GO:0009887	animal organ morphogenesis	has_participant(EMAPA:16898)
GO:0031128	developmental induction	has_participant(EMAPA:16899)
GO:0001708	cell fate specification	has_participant(EMAPA:16903)
GO:0048663	neuron fate commitment	has_participant(EMAPA:16910
GO:0048663	neuron fate commitment	has_participant(EMAPA:16910
GO:0021978	telencephalon regionalization	has_participant(EMAPA:16910)
GO:0021798	forebrain dorsal/ventral pattern formation	has_participant(EMAPA:16910)
GO:0021798	forebrain dorsal/ventral pattern formation	has_participant(EMAPA:16910)
GO:0021819	layer formation in cerebral cortex	has_participant(EMAPA:16913)
GO:0021575	hindbrain morphogenesis	has_participant(EMAPA:16916)
GO:0001525	angiogenesis	has_participant(EMAPA:16916)
GO:0048663	neuron fate commitment	has_participant(EMAPA:16974
GO:0048663	neuron fate commitment	has_participant(EMAPA:16974
GO:0048663	neuron fate commitment	has_participant(EMAPA:16974
GO:0001843	neural tube closure	has_participant(EMAPA:16974)
GO:0048699	generation of neurons	has_participant(EMAPA:16983)
GO:0048755	branching morphogenesis of a nerve	has_participant(EMAPA:16983)
GO:0044321	response to leptin	has_participant(EMAPA:16985)
GO:0042473	outer ear morphogenesis	has_participant(EMAPA:16991)
GO:0042472	inner ear morphogenesis	has_participant(EMAPA:16994)
GO:0042472	inner ear morphogenesis	has_participant(EMAPA:16994)
GO:0071600	otic vesicle morphogenesis	has_participant(EMAPA:16994)
GO:0009617	response to bacterium	has_participant(EMAPA:17000)
GO:0006954	inflammatory response	has_participant(EMAPA:17000)
GO:0042474	middle ear morphogenesis	has_participant(EMAPA:17000)
GO:0042474	middle ear morphogenesis	has_participant(EMAPA:17002)
GO:0042474	middle ear morphogenesis	has_participant(EMAPA:17002)
GO:0048844	artery morphogenesis	has_participant(EMAPA:17004)
GO:0048844	artery morphogenesis	has_participant(EMAPA:17004)
GO:0048844	artery morphogenesis	has_participant(EMAPA:17005)
GO:0048514	blood vessel morphogenesis	has_participant(EMAPA:17005)
GO:0048844	artery morphogenesis	has_participant(EMAPA:17008)
GO:0002025	vasodilation by norepinephrine-epinephrine involved in regulation of systemic arterial blood pressure	has_participant(EMAPA:17008)
GO:0009887	animal organ morphogenesis	has_participant(EMAPA:17011)
GO:0060413	atrial septum morphogenesis	has_participant(EMAPA:17011)
GO:0003289	atrial septum primum morphogenesis	has_participant(EMAPA:17013)
GO:0009887	animal organ morphogenesis	has_participant(EMAPA:17021)
GO:0055069	zinc ion homeostasis	has_participant(EMAPA:17021)
GO:0048557	embryonic digestive tract morphogenesis	has_participant(EMAPA:17023)
GO:0048557	embryonic digestive tract morphogenesis	has_participant(EMAPA:17036)
GO:0009887	animal organ morphogenesis	has_participant(EMAPA:17066)
GO:0009887	animal organ morphogenesis	has_participant(EMAPA:17066)
GO:0007368	determination of left/right symmetry	has_participant(EMAPA:17067)
GO:0009887	animal organ morphogenesis	has_participant(EMAPA:17068)
GO:0048663	neuron fate commitment	has_participant(EMAPA:17092
GO:0021793	chemorepulsion of branchiomotor axon	has_participant(EMAPA:17157)
GO:0048593	camera-type eye morphogenesis	has_participant(EMAPA:17161)
GO:0048048	embryonic eye morphogenesis	has_participant(EMAPA:17161)
GO:0048593	camera-type eye morphogenesis	has_participant(EMAPA:17162)
GO:0048597	post-embryonic camera-type eye morphogenesis	has_participant(EMAPA:17162)
GO:0002089	lens morphogenesis in camera-type eye	has_participant(EMAPA:17163)
GO:0048593	camera-type eye morphogenesis	has_participant(EMAPA:17166)
GO:0048663	neuron fate commitment	has_participant(EMAPA:17168
GO:0060059	embryonic retina morphogenesis in camera-type eye	has_participant(EMAPA:17168)
GO:0060060	post-embryonic retina morphogenesis in camera-type eye	has_participant(EMAPA:17168)
GO:0033194	response to hydroperoxide	has_participant(EMAPA:17168)
GO:0061304	retinal blood vessel morphogenesis	has_participant(EMAPA:17168)
GO:0060042	retina morphogenesis in camera-type eye	has_participant(EMAPA:17168)
GO:0048048	embryonic eye morphogenesis	has_participant(EMAPA:17168)
GO:0007601	visual perception	has_participant(EMAPA:17168)
GO:0001895	retina homeostasis	has_participant(EMAPA:17168)
GO:0001306	age-dependent response to oxidative stress	has_participant(EMAPA:17168)
GO:0048048	embryonic eye morphogenesis	has_participant(EMAPA:17168)
GO:0048069	eye pigmentation	has_participant(EMAPA:17168)
GO:0048593	camera-type eye morphogenesis	has_participant(EMAPA:17169)
GO:0007440	foregut morphogenesis	has_participant(EMAPA:17178)
GO:0005977	glycogen metabolic process	has_participant(EMAPA:17185)
GO:0002009	morphogenesis of an epithelium	has_participant(EMAPA:17201)
GO:0009653	anatomical structure morphogenesis	has_participant(EMAPA:17201)
GO:0009653	anatomical structure morphogenesis	has_participant(EMAPA:17209)
GO:0072092	ureteric bud invasion	has_participant(EMAPA:17209)
GO:0060350	endochondral bone morphogenesis	has_participant(EMAPA:17213)
GO:0001503	ossification	has_participant(EMAPA:17213)
GO:0048704	embryonic skeletal system morphogenesis	has_participant(EMAPA:17214)
GO:0048705	skeletal system morphogenesis	has_participant(EMAPA:17214)
GO:0048704	embryonic skeletal system morphogenesis	has_participant(EMAPA:17214)
GO:0048704	embryonic skeletal system morphogenesis	has_participant(EMAPA:17214)
GO:0007379	segment specification	has_participant(EMAPA:17214)
GO:0060349	bone morphogenesis	has_participant(EMAPA:17215)
GO:0035282	segmentation	has_participant(EMAPA:17215)
GO:0021612	facial nerve structural organization	has_participant(EMAPA:17264)
GO:0021615	glossopharyngeal nerve morphogenesis	has_participant(EMAPA:17268)
GO:0021644	vagus nerve morphogenesis	has_participant(EMAPA:17272)
GO:0042472	inner ear morphogenesis	has_participant(EMAPA:17283)
GO:0042472	inner ear morphogenesis	has_participant(EMAPA:17286)
GO:0042472	inner ear morphogenesis	has_participant(EMAPA:17286)
GO:0042472	inner ear morphogenesis	has_participant(EMAPA:17290)
GO:0045299	otolith mineralization	has_participant(EMAPA:17290)
GO:0042472	inner ear morphogenesis	has_participant(EMAPA:17290)
GO:0042472	inner ear morphogenesis	has_participant(EMAPA:17290)
GO:0042472	inner ear morphogenesis	has_participant(EMAPA:17290)
GO:0042472	inner ear morphogenesis	has_participant(EMAPA:17290)
GO:0042472	inner ear morphogenesis	has_participant(EMAPA:17293)
GO:0060879	semicircular canal fusion	has_participant(EMAPA:17293)
GO:0045299	otolith mineralization	has_participant(EMAPA:17293)
GO:0042472	inner ear morphogenesis	has_participant(EMAPA:17293)
GO:0042472	inner ear morphogenesis	has_participant(EMAPA:17293)
GO:0048752	semicircular canal morphogenesis	has_participant(EMAPA:17293)
GO:0048752	semicircular canal morphogenesis	has_participant(EMAPA:17296)
GO:0042472	inner ear morphogenesis	has_participant(EMAPA:17296)
GO:0048752	semicircular canal morphogenesis	has_participant(EMAPA:17296)
GO:0042472	inner ear morphogenesis	has_participant(EMAPA:17299)
GO:0042311	vasodilation	has_participant(EMAPA:17312)
GO:0042311	vasodilation	has_participant(EMAPA:17312)
GO:0002025	vasodilation by norepinephrine-epinephrine involved in regulation of systemic arterial blood pressure	has_participant(EMAPA:17312)
GO:0055009	atrial cardiac muscle tissue morphogenesis	has_participant(EMAPA:17320)
GO:0055009	atrial cardiac muscle tissue morphogenesis	has_participant(EMAPA:17326)
GO:0001525	angiogenesis	has_participant(EMAPA:17331)
GO:0055010	ventricular cardiac muscle tissue morphogenesis	has_participant(EMAPA:17331)
GO:0002027	regulation of heart rate	has_participant(EMAPA:17331)
GO:0003208	cardiac ventricle morphogenesis	has_participant(EMAPA:17331)
GO:0060047	heart contraction	has_participant(EMAPA:17331)
GO:0003222	ventricular trabecula myocardium morphogenesis	has_participant(EMAPA:17331)
GO:0060412	ventricular septum morphogenesis	has_participant(EMAPA:17333)
GO:0003149	membranous septum morphogenesis	has_participant(EMAPA:17333)
GO:0009887	animal organ morphogenesis	has_participant(EMAPA:17333)
GO:0003007	heart morphogenesis	has_participant(EMAPA:17333)
GO:0001974	blood vessel remodeling	has_participant(EMAPA:17337)
GO:0060047	heart contraction	has_participant(EMAPA:17337)
GO:0060048	cardiac muscle contraction	has_participant(EMAPA:17337)
GO:0042311	vasodilation	has_participant(EMAPA:17337)
GO:0055010	ventricular cardiac muscle tissue morphogenesis	has_participant(EMAPA:17339)
GO:0006936	muscle contraction	has_participant(EMAPA:17339)
GO:0008015	blood circulation	has_participant(EMAPA:17339)
GO:0055010	ventricular cardiac muscle tissue morphogenesis	has_participant(EMAPA:17342)
GO:0002025	vasodilation by norepinephrine-epinephrine involved in regulation of systemic arterial blood pressure	has_participant(EMAPA:17349)
GO:0002025	vasodilation by norepinephrine-epinephrine involved in regulation of systemic arterial blood pressure	has_participant(EMAPA:17349)
GO:0048704	embryonic skeletal system morphogenesis	has_participant(EMAPA:17355)
GO:0042476	odontogenesis	has_participant(EMAPA:17355)
GO:0048704	embryonic skeletal system morphogenesis	has_participant(EMAPA:17356)
GO:0048598	embryonic morphogenesis	has_participant(EMAPA:17359)
GO:0048598	embryonic morphogenesis	has_participant(EMAPA:17359)
GO:0048704	embryonic skeletal system morphogenesis	has_participant(EMAPA:17362)
GO:0007588	excretion	has_participant(EMAPA:17373
GO:0009887	animal organ morphogenesis	has_participant(EMAPA:17373)
GO:0009408	response to heat	has_participant(EMAPA:17373)
GO:0055074	calcium ion homeostasis	has_participant(EMAPA:17373)
GO:0003338	metanephros morphogenesis	has_participant(EMAPA:17373)
GO:0070295	renal water absorption	has_participant(EMAPA:17373)
GO:0072092	ureteric bud invasion	has_participant(EMAPA:17373)
GO:0010447	response to acidic pH	has_participant(EMAPA:17373)
GO:0002446	neutrophil mediated immunity	has_participant(EMAPA:17373)
GO:0001658	branching involved in ureteric bud morphogenesis	has_participant(EMAPA:17373)
GO:0008217	regulation of blood pressure	has_participant(EMAPA:17373)
GO:0060993	kidney morphogenesis	has_participant(EMAPA:17373)
GO:0005977	glycogen metabolic process	has_participant(EMAPA:17373)
GO:0044321	response to leptin	has_participant(EMAPA:17373)
GO:0001999	renal response to blood flow involved in circulatory renin-angiotensin regulation of systemic arterial blood pressure	has_participant(EMAPA:17373)
GO:0006954	inflammatory response	has_participant(EMAPA:17373)
GO:0002009	morphogenesis of an epithelium	has_participant(EMAPA:17373)
GO:0009887	animal organ morphogenesis	has_participant(EMAPA:17373)
GO:0031129	inductive cell-cell signaling	has_participant(EMAPA:17375)
GO:0031129	inductive cell-cell signaling	has_participant(EMAPA:17376)
GO:0001658	branching involved in ureteric bud morphogenesis	has_participant(EMAPA:17376)
GO:0009653	anatomical structure morphogenesis	has_participant(EMAPA:17382)
GO:0030538	embryonic genitalia morphogenesis	has_participant(EMAPA:17382)
GO:0007548	sex differentiation	has_participant(EMAPA:17383)
GO:0030238	male sex determination	has_participant(EMAPA:17383)
GO:0019100	male germ-line sex determination	has_participant(EMAPA:17383)
GO:0035262	gonad morphogenesis	has_participant(EMAPA:17383)
GO:0007530	sex determination	has_participant(EMAPA:17383)
GO:0048705	skeletal system morphogenesis	has_participant(EMAPA:17392)
GO:0060349	bone morphogenesis	has_participant(EMAPA:17396)
GO:0035115	embryonic forelimb morphogenesis	has_participant(EMAPA:17412)
GO:0042733	embryonic digit morphogenesis	has_participant(EMAPA:17412)
GO:0030326	embryonic limb morphogenesis	has_participant(EMAPA:17412)
GO:0048704	embryonic skeletal system morphogenesis	has_participant(EMAPA:17412)
GO:0035137	hindlimb morphogenesis	has_participant(EMAPA:17412)
GO:0042733	embryonic digit morphogenesis	has_participant(EMAPA:17412)
GO:0042733	embryonic digit morphogenesis	has_participant(EMAPA:17412)
GO:0035115	embryonic forelimb morphogenesis	has_participant(EMAPA:17412)
GO:0035880	embryonic nail plate morphogenesis	has_participant(EMAPA:17412)
GO:0042733	embryonic digit morphogenesis	has_participant(EMAPA:17412)
GO:0035136	forelimb morphogenesis	has_participant(EMAPA:17412)
GO:0035115	embryonic forelimb morphogenesis	has_participant(EMAPA:17412)
GO:0030326	embryonic limb morphogenesis	has_participant(EMAPA:17412)
GO:0035115	embryonic forelimb morphogenesis	has_participant(EMAPA:17417)
GO:0035115	embryonic forelimb morphogenesis	has_participant(EMAPA:17420)
GO:0035115	embryonic forelimb morphogenesis	has_participant(EMAPA:17421)
GO:0030326	embryonic limb morphogenesis	has_participant(EMAPA:17424)
GO:0035115	embryonic forelimb morphogenesis	has_participant(EMAPA:17424)
GO:0030326	embryonic limb morphogenesis	has_participant(EMAPA:17424)
GO:0035108	limb morphogenesis	has_participant(EMAPA:17428)
GO:0042733	embryonic digit morphogenesis	has_participant(EMAPA:17428)
GO:0035115	embryonic forelimb morphogenesis	has_participant(EMAPA:17428)
GO:0042733	embryonic digit morphogenesis	has_participant(EMAPA:17428)
GO:0048704	embryonic skeletal system morphogenesis	has_participant(EMAPA:17428)
GO:0035115	embryonic forelimb morphogenesis	has_participant(EMAPA:17428)
GO:0030326	embryonic limb morphogenesis	has_participant(EMAPA:17428)
GO:0030326	embryonic limb morphogenesis	has_participant(EMAPA:17428)
GO:0030326	embryonic limb morphogenesis	has_participant(EMAPA:17428)
GO:0035108	limb morphogenesis	has_participant(EMAPA:17428)
GO:0035115	embryonic forelimb morphogenesis	has_participant(EMAPA:17428)
GO:0030326	embryonic limb morphogenesis	has_participant(EMAPA:17429)
GO:0042733	embryonic digit morphogenesis	has_participant(EMAPA:17432)
GO:0042733	embryonic digit morphogenesis	has_participant(EMAPA:17432)
GO:0042733	embryonic digit morphogenesis	has_participant(EMAPA:17435)
GO:0042733	embryonic digit morphogenesis	has_participant(EMAPA:17458)
GO:0030326	embryonic limb morphogenesis	has_participant(EMAPA:17458)
GO:0048704	embryonic skeletal system morphogenesis	has_participant(EMAPA:17458)
GO:0009408	response to heat	has_participant(EMAPA:17458)
GO:0050905	neuromuscular process	has_participant(EMAPA:17458)
GO:0042733	embryonic digit morphogenesis	has_participant(EMAPA:17458)
GO:0042733	embryonic digit morphogenesis	has_participant(EMAPA:17458)
GO:0050884	neuromuscular process controlling posture	has_participant(EMAPA:17458)
GO:0035136	forelimb morphogenesis	has_participant(EMAPA:17458)
GO:0035137	hindlimb morphogenesis	has_participant(EMAPA:17458)
GO:0009266	response to temperature stimulus	has_participant(EMAPA:17458)
GO:0009409	response to cold	has_participant(EMAPA:17458)
GO:0035880	embryonic nail plate morphogenesis	has_participant(EMAPA:17458)
GO:0042733	embryonic digit morphogenesis	has_participant(EMAPA:17458)
GO:0035115	embryonic forelimb morphogenesis	has_participant(EMAPA:17458)
GO:0035108	limb morphogenesis	has_participant(EMAPA:17459)
GO:0035137	hindlimb morphogenesis	has_participant(EMAPA:17459)
GO:0042733	embryonic digit morphogenesis	has_participant(EMAPA:17459)
GO:0019233	sensory perception of pain	has_participant(EMAPA:17459)
GO:0048704	embryonic skeletal system morphogenesis	has_participant(EMAPA:17459)
GO:0030326	embryonic limb morphogenesis	has_participant(EMAPA:17459)
GO:0030326	embryonic limb morphogenesis	has_participant(EMAPA:17459)
GO:0030326	embryonic limb morphogenesis	has_participant(EMAPA:17459)
GO:0035108	limb morphogenesis	has_participant(EMAPA:17459)
GO:0030326	embryonic limb morphogenesis	has_participant(EMAPA:17459)
GO:0042733	embryonic digit morphogenesis	has_participant(EMAPA:17463)
GO:0042733	embryonic digit morphogenesis	has_participant(EMAPA:17463)
GO:0042733	embryonic digit morphogenesis	has_participant(EMAPA:17466)
GO:0030326	embryonic limb morphogenesis	has_participant(EMAPA:17499)
GO:0061113	pancreas morphogenesis	has_participant(EMAPA:17503)
GO:0002526	acute inflammatory response	has_participant(EMAPA:17503)
GO:0009887	animal organ morphogenesis	has_participant(EMAPA:17503)
GO:0055072	iron ion homeostasis	has_participant(EMAPA:17503)
GO:0009636	response to toxic substance	has_participant(EMAPA:17503)
GO:0006954	inflammatory response	has_participant(EMAPA:17503)
GO:0036342	post-anal tail morphogenesis	has_participant(EMAPA:17511)
GO:0048855	adenohypophysis morphogenesis	has_participant(EMAPA:17514)
GO:0009887	animal organ morphogenesis	has_participant(EMAPA:17523)
GO:0009887	animal organ morphogenesis	has_participant(EMAPA:17523)
GO:0022405	hair cycle process	has_participant(EMAPA:17525)
GO:0031069	hair follicle morphogenesis	has_participant(EMAPA:17525)
GO:0050830	defense response to Gram-positive bacterium	has_participant(EMAPA:17525)
GO:0043589	skin morphogenesis	has_participant(EMAPA:17525)
GO:0002526	acute inflammatory response	has_participant(EMAPA:17525)
GO:0006954	inflammatory response	has_participant(EMAPA:17525)
GO:0061436	establishment of skin barrier	has_participant(EMAPA:17528)
GO:0009650	UV protection	has_participant(EMAPA:17528)
GO:0009725	response to hormone	has_participant(EMAPA:17528)
GO:0031069	hair follicle morphogenesis	has_participant(EMAPA:17528)
GO:0048730	epidermis morphogenesis	has_participant(EMAPA:17528)
GO:0090136	epithelial cell-cell adhesion	has_participant(EMAPA:17528)
GO:0031424	keratinization	has_participant(EMAPA:17528)
GO:0048514	blood vessel morphogenesis	has_participant(EMAPA:17528)
GO:0007499	ectoderm and mesoderm interaction	has_participant(EMAPA:17529)
GO:0031069	hair follicle morphogenesis	has_participant(EMAPA:17529)
GO:0031069	hair follicle morphogenesis	has_participant(EMAPA:17529)
GO:0009887	animal organ morphogenesis	has_participant(EMAPA:17529)
GO:0021798	forebrain dorsal/ventral pattern formation	has_participant(EMAPA:17536)
GO:0048852	diencephalon morphogenesis	has_participant(EMAPA:17540)
GO:0019226	transmission of nerve impulse	has_participant(EMAPA:17540)
GO:0048699	generation of neurons	has_participant(EMAPA:17540)
GO:0048663	neuron fate commitment	has_participant(EMAPA:17544
GO:0048663	neuron fate commitment	has_participant(EMAPA:17544
GO:0048663	neuron fate commitment	has_participant(EMAPA:17544
GO:0006006	glucose metabolic process	has_participant(EMAPA:17544)
GO:0021796	cerebral cortex regionalization	has_participant(EMAPA:17544)
GO:0019226	transmission of nerve impulse	has_participant(EMAPA:17544)
GO:0050877	neurological system process	has_participant(EMAPA:17544)
GO:0009749	response to glucose	has_participant(EMAPA:17544)
GO:0021819	layer formation in cerebral cortex	has_participant(EMAPA:17544)
GO:0042552	myelination	has_participant(EMAPA:17544)
GO:0021696	cerebellar cortex morphogenesis	has_participant(EMAPA:17544)
GO:0060292	long term synaptic depression	has_participant(EMAPA:17544)
GO:0002035	brain renin-angiotensin system	has_participant(EMAPA:17544)
GO:0007163	establishment or maintenance of cell polarity	has_participant(EMAPA:17547
GO:0048663	neuron fate commitment	has_participant(EMAPA:17547
GO:0042220	response to cocaine	has_participant(EMAPA:17549)
GO:0007612	learning	has_participant(EMAPA:17549)
GO:0022008	neurogenesis	has_participant(EMAPA:17549)
GO:0007585	respiratory gaseous exchange	has_participant(EMAPA:17550)
GO:0048663	neuron fate commitment	has_participant(EMAPA:17572
GO:0007605	sensory perception of sound	has_participant(EMAPA:17572)
GO:0048663	neuron fate commitment	has_participant(EMAPA:17577
GO:0001708	cell fate specification	has_participant(EMAPA:17577
GO:0048663	neuron fate commitment	has_participant(EMAPA:17577
GO:0001708	cell fate specification	has_participant(EMAPA:17577
GO:0048663	neuron fate commitment	has_participant(EMAPA:17577
GO:0042552	myelination	has_participant(EMAPA:17577)
GO:0050883	musculoskeletal movement, spinal reflex action	has_participant(EMAPA:17577)
GO:0019226	transmission of nerve impulse	has_participant(EMAPA:17577)
GO:0048705	skeletal system morphogenesis	has_participant(EMAPA:17577)
GO:0042473	outer ear morphogenesis	has_participant(EMAPA:17588)
GO:0042473	outer ear morphogenesis	has_participant(EMAPA:17588)
GO:0042473	outer ear morphogenesis	has_participant(EMAPA:17589)
GO:0042472	inner ear morphogenesis	has_participant(EMAPA:17593)
GO:0042472	inner ear morphogenesis	has_participant(EMAPA:17597)
GO:0042472	inner ear morphogenesis	has_participant(EMAPA:17597)
GO:0060029	convergent extension involved in organogenesis	has_participant(EMAPA:17597)
GO:0060026	convergent extension	has_participant(EMAPA:17597)
GO:0060384	innervation	has_participant(EMAPA:17597)
GO:0007605	sensory perception of sound	has_participant(EMAPA:17597)
GO:0090103	cochlea morphogenesis	has_participant(EMAPA:17597)
GO:0042472	inner ear morphogenesis	has_participant(EMAPA:17598)
GO:0090103	cochlea morphogenesis	has_participant(EMAPA:17598)
GO:0042474	middle ear morphogenesis	has_participant(EMAPA:17601)
GO:0042474	middle ear morphogenesis	has_participant(EMAPA:17601)
GO:0048663	neuron fate commitment	has_participant(EMAPA:17606
GO:0007608	sensory perception of smell	has_participant(EMAPA:17606)
GO:0048844	artery morphogenesis	has_participant(EMAPA:17613)
GO:0001974	blood vessel remodeling	has_participant(EMAPA:17613)
GO:0048557	embryonic digestive tract morphogenesis	has_participant(EMAPA:17623)
GO:0048754	branching morphogenesis of an epithelial tube	has_participant(EMAPA:17625)
GO:0048704	embryonic skeletal system morphogenesis	has_participant(EMAPA:17639)
GO:0048705	skeletal system morphogenesis	has_participant(EMAPA:17639)
GO:0048704	embryonic skeletal system morphogenesis	has_participant(EMAPA:17639)
GO:0048701	embryonic cranial skeleton morphogenesis	has_participant(EMAPA:17639)
GO:0060425	lung morphogenesis	has_participant(EMAPA:17653)
GO:0007368	determination of left/right symmetry	has_participant(EMAPA:17653)
GO:0048754	branching morphogenesis of an epithelial tube	has_participant(EMAPA:17653)
GO:0001974	blood vessel remodeling	has_participant(EMAPA:17655)
GO:0048754	branching morphogenesis of an epithelial tube	has_participant(EMAPA:17655)
GO:0048514	blood vessel morphogenesis	has_participant(EMAPA:17660)
GO:0060463	lung lobe morphogenesis	has_participant(EMAPA:17661)
GO:0048754	branching morphogenesis of an epithelial tube	has_participant(EMAPA:17661)
GO:0060461	right lung morphogenesis	has_participant(EMAPA:17661)
GO:0001974	blood vessel remodeling	has_participant(EMAPA:17663)
GO:0048754	branching morphogenesis of an epithelial tube	has_participant(EMAPA:17663)
GO:0048514	blood vessel morphogenesis	has_participant(EMAPA:17668)
GO:0060349	bone morphogenesis	has_participant(EMAPA:17674)
GO:0048704	embryonic skeletal system morphogenesis	has_participant(EMAPA:17674)
GO:0048704	embryonic skeletal system morphogenesis	has_participant(EMAPA:17674)
GO:0048704	embryonic skeletal system morphogenesis	has_participant(EMAPA:17674)
GO:0048704	embryonic skeletal system morphogenesis	has_participant(EMAPA:17674)
GO:0048705	skeletal system morphogenesis	has_participant(EMAPA:17674)
GO:0048705	skeletal system morphogenesis	has_participant(EMAPA:17675)
GO:0048705	skeletal system morphogenesis	has_participant(EMAPA:17677)
GO:0009887	animal organ morphogenesis	has_participant(EMAPA:17678)
GO:0048704	embryonic skeletal system morphogenesis	has_participant(EMAPA:17678)
GO:0048705	skeletal system morphogenesis	has_participant(EMAPA:17679)
GO:0048704	embryonic skeletal system morphogenesis	has_participant(EMAPA:17680)
GO:0060349	bone morphogenesis	has_participant(EMAPA:17680)
GO:0030282	bone mineralization	has_participant(EMAPA:17680)
GO:0060349	bone morphogenesis	has_participant(EMAPA:17680)
GO:0048701	embryonic cranial skeleton morphogenesis	has_participant(EMAPA:17680)
GO:0045453	bone resorption	has_participant(EMAPA:17680)
GO:0048705	skeletal system morphogenesis	has_participant(EMAPA:17680)
GO:0060363	cranial suture morphogenesis	has_participant(EMAPA:17680)
GO:0048701	embryonic cranial skeleton morphogenesis	has_participant(EMAPA:17680)
GO:0060349	bone morphogenesis	has_participant(EMAPA:17681)
GO:0048701	embryonic cranial skeleton morphogenesis	has_participant(EMAPA:17681)
GO:0048705	skeletal system morphogenesis	has_participant(EMAPA:17681)
GO:0048702	embryonic neurocranium morphogenesis	has_participant(EMAPA:17681)
GO:0060272	embryonic skeletal joint morphogenesis	has_participant(EMAPA:17682)
GO:0048704	embryonic skeletal system morphogenesis	has_participant(EMAPA:17682)
GO:0048703	embryonic viscerocranium morphogenesis	has_participant(EMAPA:17682)
GO:0005977	glycogen metabolic process	has_participant(EMAPA:17701)
GO:0007528	neuromuscular junction development	has_participant(EMAPA:17701)
GO:0060384	innervation	has_participant(EMAPA:17701)
GO:0048790	maintenance of presynaptic active zone structure	has_participant(EMAPA:17701)
GO:0051124	synaptic growth at neuromuscular junction	has_participant(EMAPA:17701)
GO:0005977	glycogen metabolic process	has_participant(EMAPA:17701)
GO:0009887	animal organ morphogenesis	has_participant(EMAPA:17701)
GO:0035115	embryonic forelimb morphogenesis	has_participant(EMAPA:17710)
GO:0048704	embryonic skeletal system morphogenesis	has_participant(EMAPA:17711)
GO:0030326	embryonic limb morphogenesis	has_participant(EMAPA:17711)
GO:0048704	embryonic skeletal system morphogenesis	has_participant(EMAPA:17741)
GO:0030326	embryonic limb morphogenesis	has_participant(EMAPA:17741)
GO:0048754	branching morphogenesis of an epithelial tube	has_participant(EMAPA:17751)
GO:0046541	saliva secretion	has_participant(EMAPA:17751)
GO:0060693	regulation of branching involved in salivary gland morphogenesis	has_participant(EMAPA:17751)
GO:0060664	epithelial cell proliferation involved in salivary gland morphogenesis	has_participant(EMAPA:17755
GO:0060693	regulation of branching involved in salivary gland morphogenesis	has_participant(EMAPA:17755)
GO:0060664	epithelial cell proliferation involved in salivary gland morphogenesis	has_participant(EMAPA:17755)
GO:0060662	salivary gland cavitation	has_participant(EMAPA:17755)
GO:0007435	salivary gland morphogenesis	has_participant(EMAPA:17755)
GO:0060445	branching involved in salivary gland morphogenesis	has_participant(EMAPA:17755)
GO:0060445	branching involved in salivary gland morphogenesis	has_participant(EMAPA:17756)
GO:0048754	branching morphogenesis of an epithelial tube	has_participant(EMAPA:17756)
GO:0048563	post-embryonic animal organ morphogenesis	has_participant(EMAPA:17759)
GO:0007595	lactation	has_participant(EMAPA:17759)
GO:0060056	mammary gland involution	has_participant(EMAPA:17759)
GO:0001525	angiogenesis	has_participant(EMAPA:17759)
GO:0007499	ectoderm and mesoderm interaction	has_participant(EMAPA:17759)
GO:0010159	specification of animal organ position	has_participant(EMAPA:17759)
GO:0046543	development of secondary female sexual characteristics	has_participant(EMAPA:17759)
GO:0060745	mammary gland branching involved in pregnancy	has_participant(EMAPA:17759)
GO:0060648	mammary gland bud morphogenesis	has_participant(EMAPA:17759)
GO:0060156	milk ejection reflex	has_participant(EMAPA:17759)
GO:0060764	cell-cell signaling involved in mammary gland development	has_participant(EMAPA:17759)
GO:0060603	mammary gland duct morphogenesis	has_participant(EMAPA:17760)
GO:0060444	branching involved in mammary gland duct morphogenesis	has_participant(EMAPA:17760)
GO:0060763	mammary duct terminal end bud growth	has_participant(EMAPA:17760)
GO:0048663	neuron fate commitment	has_participant(EMAPA:17778
GO:0048663	neuron fate commitment	has_participant(EMAPA:17787
GO:0021696	cerebellar cortex morphogenesis	has_participant(EMAPA:17787)
GO:0021696	cerebellar cortex morphogenesis	has_participant(EMAPA:17787)
GO:0009611	response to wounding	has_participant(EMAPA:17787)
GO:0021587	cerebellum morphogenesis	has_participant(EMAPA:17787)
GO:0050877	neurological system process	has_participant(EMAPA:17787)
GO:0021612	facial nerve structural organization	has_participant(EMAPA:17796)
GO:0021612	facial nerve structural organization	has_participant(EMAPA:17796)
GO:0043179	rhythmic excitation	has_participant(EMAPA:17813)
GO:0042472	inner ear morphogenesis	has_participant(EMAPA:17815)
GO:0042472	inner ear morphogenesis	has_participant(EMAPA:17821)
GO:0048752	semicircular canal morphogenesis	has_participant(EMAPA:17821)
GO:0048752	semicircular canal morphogenesis	has_participant(EMAPA:17821)
GO:0042474	middle ear morphogenesis	has_participant(EMAPA:17824)
GO:0042474	middle ear morphogenesis	has_participant(EMAPA:17824)
GO:0042474	middle ear morphogenesis	has_participant(EMAPA:17825)
GO:0042474	middle ear morphogenesis	has_participant(EMAPA:17825)
GO:0042474	middle ear morphogenesis	has_participant(EMAPA:17826)
GO:0042474	middle ear morphogenesis	has_participant(EMAPA:17826)
GO:0042474	middle ear morphogenesis	has_participant(EMAPA:17827)
GO:0048593	camera-type eye morphogenesis	has_participant(EMAPA:17829)
GO:0048048	embryonic eye morphogenesis	has_participant(EMAPA:17829)
GO:0048048	embryonic eye morphogenesis	has_participant(EMAPA:17829)
GO:0048048	embryonic eye morphogenesis	has_participant(EMAPA:17837)
GO:0002089	lens morphogenesis in camera-type eye	has_participant(EMAPA:17838)
GO:0042542	response to hydrogen peroxide	has_participant(EMAPA:17838)
GO:0048593	camera-type eye morphogenesis	has_participant(EMAPA:17838)
GO:0048048	embryonic eye morphogenesis	has_participant(EMAPA:17838)
GO:0045216	cell-cell junction organization	has_participant(EMAPA:17841)
GO:0002089	lens morphogenesis in camera-type eye	has_participant(EMAPA:17841)
GO:0021631	optic nerve morphogenesis	has_participant(EMAPA:17846)
GO:0097070	ductus arteriosus closure	has_participant(EMAPA:17858)
GO:0048844	artery morphogenesis	has_participant(EMAPA:17858)
GO:0003290	atrial septum secundum morphogenesis	has_participant(EMAPA:17864)
GO:0003007	heart morphogenesis	has_participant(EMAPA:17869)
GO:0003181	atrioventricular valve morphogenesis	has_participant(EMAPA:17869)
GO:0003179	heart valve morphogenesis	has_participant(EMAPA:17869)
GO:0002025	vasodilation by norepinephrine-epinephrine involved in regulation of systemic arterial blood pressure	has_participant(EMAPA:17876)
GO:0048644	muscle organ morphogenesis	has_participant(EMAPA:17883)
GO:0007442	hindgut morphogenesis	has_participant(EMAPA:17896)
GO:0060197	cloacal septation	has_participant(EMAPA:17896)
GO:0009887	animal organ morphogenesis	has_participant(EMAPA:17896)
GO:0009887	animal organ morphogenesis	has_participant(EMAPA:17896)
GO:0009653	anatomical structure morphogenesis	has_participant(EMAPA:17896)
GO:0048557	embryonic digestive tract morphogenesis	has_participant(EMAPA:17896)
GO:0060536	cartilage morphogenesis	has_participant(EMAPA:17906)
GO:0060536	cartilage morphogenesis	has_participant(EMAPA:17907)
GO:0048704	embryonic skeletal system morphogenesis	has_participant(EMAPA:17907)
GO:0001701	in utero embryonic development	has_participant(EMAPA:17907)
GO:0048705	skeletal system morphogenesis	has_participant(EMAPA:17907)
GO:0042475	odontogenesis of dentin-containing tooth	has_participant(EMAPA:17917)
GO:0042476	odontogenesis	has_participant(EMAPA:17917)
GO:0042475	odontogenesis of dentin-containing tooth	has_participant(EMAPA:17917)
GO:0042476	odontogenesis	has_participant(EMAPA:17917)
GO:0042475	odontogenesis of dentin-containing tooth	has_participant(EMAPA:17918)
GO:0042475	odontogenesis of dentin-containing tooth	has_participant(EMAPA:17918)
GO:0042475	odontogenesis of dentin-containing tooth	has_participant(EMAPA:17918)
GO:0042475	odontogenesis of dentin-containing tooth	has_participant(EMAPA:17918)
GO:0042476	odontogenesis	has_participant(EMAPA:17919)
GO:0042475	odontogenesis of dentin-containing tooth	has_participant(EMAPA:17919)
GO:0042475	odontogenesis of dentin-containing tooth	has_participant(EMAPA:17921)
GO:0042475	odontogenesis of dentin-containing tooth	has_participant(EMAPA:17921)
GO:0042475	odontogenesis of dentin-containing tooth	has_participant(EMAPA:17921)
GO:0060325	face morphogenesis	has_participant(EMAPA:17925)
GO:0048704	embryonic skeletal system morphogenesis	has_participant(EMAPA:17928)
GO:0048704	embryonic skeletal system morphogenesis	has_participant(EMAPA:17928)
GO:0048704	embryonic skeletal system morphogenesis	has_participant(EMAPA:17928)
GO:0048704	embryonic skeletal system morphogenesis	has_participant(EMAPA:17928)
GO:0048705	skeletal system morphogenesis	has_participant(EMAPA:17928)
GO:0001503	ossification	has_participant(EMAPA:17930)
GO:0060325	face morphogenesis	has_participant(EMAPA:17930)
GO:0048598	embryonic morphogenesis	has_participant(EMAPA:17930)
GO:0048598	embryonic morphogenesis	has_participant(EMAPA:17930)
GO:0048598	embryonic morphogenesis	has_participant(EMAPA:17930)
GO:0001701	in utero embryonic development	has_participant(EMAPA:17930)
GO:0016331	morphogenesis of embryonic epithelium	has_participant(EMAPA:17930)
GO:0001701	in utero embryonic development	has_participant(EMAPA:17930)
GO:0048704	embryonic skeletal system morphogenesis	has_participant(EMAPA:17933)
GO:0042475	odontogenesis of dentin-containing tooth	has_participant(EMAPA:17938)
GO:0042475	odontogenesis of dentin-containing tooth	has_participant(EMAPA:17938)
GO:0042476	odontogenesis	has_participant(EMAPA:17938)
GO:0042475	odontogenesis of dentin-containing tooth	has_participant(EMAPA:17939)
GO:0042475	odontogenesis of dentin-containing tooth	has_participant(EMAPA:17939)
GO:0042475	odontogenesis of dentin-containing tooth	has_participant(EMAPA:17942)
GO:0042475	odontogenesis of dentin-containing tooth	has_participant(EMAPA:17942)
GO:0072197	ureter morphogenesis	has_participant(EMAPA:17950)
GO:0048729	tissue morphogenesis	has_participant(EMAPA:17950)
GO:0001658	branching involved in ureteric bud morphogenesis	has_participant(EMAPA:17950)
GO:0061138	morphogenesis of a branching epithelium	has_participant(EMAPA:17950)
GO:0072273	metanephric nephron morphogenesis	has_participant(EMAPA:17954)
GO:0035261	external genitalia morphogenesis	has_participant(EMAPA:17959)
GO:0019101	female somatic sex determination	has_participant(EMAPA:17962)
GO:0042698	ovulation cycle	has_participant(EMAPA:17962)
GO:0030728	ovulation	has_participant(EMAPA:17962)
GO:0001553	luteinization	has_participant(EMAPA:17962)
GO:0035261	external genitalia morphogenesis	has_participant(EMAPA:17968)
GO:0060527	prostate epithelial cord arborization involved in prostate glandular acinus morphogenesis	has_participant(EMAPA:17968)
GO:0048808	male genitalia morphogenesis	has_participant(EMAPA:17969)
GO:0019102	male somatic sex determination	has_participant(EMAPA:17972)
GO:0030238	male sex determination	has_participant(EMAPA:17972)
GO:0048808	male genitalia morphogenesis	has_participant(EMAPA:17972)
GO:0009636	response to toxic substance	has_participant(EMAPA:17972)
GO:0009887	animal organ morphogenesis	has_participant(EMAPA:17972)
GO:0007339	binding of sperm to zona pellucida	has_participant(EMAPA:17972)
GO:0048705	skeletal system morphogenesis	has_participant(EMAPA:18007)
GO:0048704	embryonic skeletal system morphogenesis	has_participant(EMAPA:18007)
GO:0048704	embryonic skeletal system morphogenesis	has_participant(EMAPA:18010)
GO:0048704	embryonic skeletal system morphogenesis	has_participant(EMAPA:18010)
GO:0048705	skeletal system morphogenesis	has_participant(EMAPA:18010)
GO:0048704	embryonic skeletal system morphogenesis	has_participant(EMAPA:18010)
GO:0048704	embryonic skeletal system morphogenesis	has_participant(EMAPA:18010)
GO:0048704	embryonic skeletal system morphogenesis	has_participant(EMAPA:18010)
GO:0048705	skeletal system morphogenesis	has_participant(EMAPA:18010)
GO:0048705	skeletal system morphogenesis	has_participant(EMAPA:18010)
GO:0048705	skeletal system morphogenesis	has_participant(EMAPA:18010)
GO:0048705	skeletal system morphogenesis	has_participant(EMAPA:18010)
GO:0048704	embryonic skeletal system morphogenesis	has_participant(EMAPA:18011)
GO:0048705	skeletal system morphogenesis	has_participant(EMAPA:18011)
GO:0048704	embryonic skeletal system morphogenesis	has_participant(EMAPA:18011)
GO:0060325	face morphogenesis	has_participant(EMAPA:18016)
GO:0048705	skeletal system morphogenesis	has_participant(EMAPA:18016)
GO:0001957	intramembranous ossification	has_participant(EMAPA:18017)
GO:0048704	embryonic skeletal system morphogenesis	has_participant(EMAPA:18021)
GO:0048704	embryonic skeletal system morphogenesis	has_participant(EMAPA:18022)
GO:0048703	embryonic viscerocranium morphogenesis	has_participant(EMAPA:18022)
GO:0048703	embryonic viscerocranium morphogenesis	has_participant(EMAPA:18024)
GO:0060349	bone morphogenesis	has_participant(EMAPA:18027)
GO:0048704	embryonic skeletal system morphogenesis	has_participant(EMAPA:18027)
GO:0048704	embryonic skeletal system morphogenesis	has_participant(EMAPA:18028)
GO:0060349	bone morphogenesis	has_participant(EMAPA:18028)
GO:0060349	bone morphogenesis	has_participant(EMAPA:18028)
GO:0060349	bone morphogenesis	has_participant(EMAPA:18042)
GO:0003416	endochondral bone growth	has_participant(EMAPA:18042)
GO:0001503	ossification	has_participant(EMAPA:18042)
GO:0048705	skeletal system morphogenesis	has_participant(EMAPA:18045)
GO:0002035	brain renin-angiotensin system	has_participant(EMAPA:18207)
GO:0042474	middle ear morphogenesis	has_participant(EMAPA:18229)
GO:0030104	water homeostasis	has_participant(EMAPA:18231)
GO:0048593	camera-type eye morphogenesis	has_participant(EMAPA:18231)
GO:0060415	muscle tissue morphogenesis	has_participant(EMAPA:18234)
GO:0048593	camera-type eye morphogenesis	has_participant(EMAPA:18238)
GO:0048844	artery morphogenesis	has_participant(EMAPA:18240)
GO:0003149	membranous septum morphogenesis	has_participant(EMAPA:18246)
GO:0003150	muscular septum morphogenesis	has_participant(EMAPA:18247)
GO:0009887	animal organ morphogenesis	has_participant(EMAPA:18248)
GO:0050909	sensory perception of taste	has_participant(EMAPA:18272)
GO:0048644	muscle organ morphogenesis	has_participant(EMAPA:18276)
GO:0042593	glucose homeostasis	has_participant(EMAPA:18276)
GO:0048644	muscle organ morphogenesis	has_participant(EMAPA:18277)
GO:0060272	embryonic skeletal joint morphogenesis	has_participant(EMAPA:18290)
GO:0048704	embryonic skeletal system morphogenesis	has_participant(EMAPA:18290)
GO:0048704	embryonic skeletal system morphogenesis	has_participant(EMAPA:18290)
GO:0048704	embryonic skeletal system morphogenesis	has_participant(EMAPA:18290)
GO:0048704	embryonic skeletal system morphogenesis	has_participant(EMAPA:18290)
GO:0048704	embryonic skeletal system morphogenesis	has_participant(EMAPA:18290)
GO:0048704	embryonic skeletal system morphogenesis	has_participant(EMAPA:18290)
GO:0060349	bone morphogenesis	has_participant(EMAPA:18290)
GO:0048704	embryonic skeletal system morphogenesis	has_participant(EMAPA:18290)
GO:0060349	bone morphogenesis	has_participant(EMAPA:18290)
GO:0060325	face morphogenesis	has_participant(EMAPA:18290)
GO:0048704	embryonic skeletal system morphogenesis	has_participant(EMAPA:18290)
GO:0048705	skeletal system morphogenesis	has_participant(EMAPA:18290)
GO:0060536	cartilage morphogenesis	has_participant(EMAPA:18290)
GO:0048705	skeletal system morphogenesis	has_participant(EMAPA:18290)
GO:0048704	embryonic skeletal system morphogenesis	has_participant(EMAPA:18290)
GO:0048701	embryonic cranial skeleton morphogenesis	has_participant(EMAPA:18290)
GO:0048705	skeletal system morphogenesis	has_participant(EMAPA:18290)
GO:0042475	odontogenesis of dentin-containing tooth	has_participant(EMAPA:18293)
GO:0060073	micturition	has_participant(EMAPA:18321)
GO:0060083	smooth muscle contraction involved in micturition	has_participant(EMAPA:18321)
GO:0014832	urinary bladder smooth muscle contraction	has_participant(EMAPA:18321)
GO:0003338	metanephros morphogenesis	has_participant(EMAPA:18326)
GO:0048704	embryonic skeletal system morphogenesis	has_participant(EMAPA:18336)
GO:0048705	skeletal system morphogenesis	has_participant(EMAPA:18336)
GO:0048705	skeletal system morphogenesis	has_participant(EMAPA:18337)
GO:0048705	skeletal system morphogenesis	has_participant(EMAPA:18338)
GO:0048705	skeletal system morphogenesis	has_participant(EMAPA:18339)
GO:0048705	skeletal system morphogenesis	has_participant(EMAPA:18341)
GO:0009887	animal organ morphogenesis	has_participant(EMAPA:18343)
GO:0048704	embryonic skeletal system morphogenesis	has_participant(EMAPA:18344)
GO:0048705	skeletal system morphogenesis	has_participant(EMAPA:18344)
GO:0048704	embryonic skeletal system morphogenesis	has_participant(EMAPA:18344)
GO:0048705	skeletal system morphogenesis	has_participant(EMAPA:18344)
GO:0048704	embryonic skeletal system morphogenesis	has_participant(EMAPA:18344)
GO:0048704	embryonic skeletal system morphogenesis	has_participant(EMAPA:18344)
GO:0048704	embryonic skeletal system morphogenesis	has_participant(EMAPA:18344)
GO:0048704	embryonic skeletal system morphogenesis	has_participant(EMAPA:18374)
GO:0048705	skeletal system morphogenesis	has_participant(EMAPA:18374)
GO:0002011	morphogenesis of an epithelial sheet	has_participant(EMAPA:18411)
GO:0019236	response to pheromone	has_participant(EMAPA:18444)
GO:0035136	forelimb morphogenesis	has_participant(EMAPA:18475)
GO:0035137	hindlimb morphogenesis	has_participant(EMAPA:18475)
GO:0035136	forelimb morphogenesis	has_participant(EMAPA:18477)
GO:0035137	hindlimb morphogenesis	has_participant(EMAPA:18477)
GO:0035136	forelimb morphogenesis	has_participant(EMAPA:18479)
GO:0035137	hindlimb morphogenesis	has_participant(EMAPA:18479)
GO:0035136	forelimb morphogenesis	has_participant(EMAPA:18481)
GO:0035137	hindlimb morphogenesis	has_participant(EMAPA:18481)
GO:0035136	forelimb morphogenesis	has_participant(EMAPA:18483)
GO:0035137	hindlimb morphogenesis	has_participant(EMAPA:18483)
GO:0035137	hindlimb morphogenesis	has_participant(EMAPA:18490)
GO:0035137	hindlimb morphogenesis	has_participant(EMAPA:18492)
GO:0035137	hindlimb morphogenesis	has_participant(EMAPA:18494)
GO:0035137	hindlimb morphogenesis	has_participant(EMAPA:18496)
GO:0035137	hindlimb morphogenesis	has_participant(EMAPA:18498)
GO:0001525	angiogenesis	has_participant(EMAPA:18512)
GO:0001525	angiogenesis	has_participant(EMAPA:18513)
GO:0001525	angiogenesis	has_participant(EMAPA:18513)
GO:0060349	bone morphogenesis	has_participant(EMAPA:18514)
GO:0001525	angiogenesis	has_participant(EMAPA:18514)
GO:0009887	animal organ morphogenesis	has_participant(EMAPA:18535)
GO:0036342	post-anal tail morphogenesis	has_participant(EMAPA:18548)
GO:0048678	response to axon injury	has_participant(EMAPA:18577)
GO:0042552	myelination	has_participant(EMAPA:18577)
GO:0009611	response to wounding	has_participant(EMAPA:18577)
GO:0019226	transmission of nerve impulse	has_participant(EMAPA:18577)
GO:0019227	neuronal action potential propagation	has_participant(EMAPA:18577)
GO:0060384	innervation	has_participant(EMAPA:18577)
GO:0042474	middle ear morphogenesis	has_participant(EMAPA:18583)
GO:0042474	middle ear morphogenesis	has_participant(EMAPA:18583)
GO:0042474	middle ear morphogenesis	has_participant(EMAPA:18583)
GO:0048704	embryonic skeletal system morphogenesis	has_participant(EMAPA:18583)
GO:0042474	middle ear morphogenesis	has_participant(EMAPA:18584)
GO:0042474	middle ear morphogenesis	has_participant(EMAPA:18584)
GO:0042474	middle ear morphogenesis	has_participant(EMAPA:18584)
GO:0042474	middle ear morphogenesis	has_participant(EMAPA:18584)
GO:0048704	embryonic skeletal system morphogenesis	has_participant(EMAPA:18584)
GO:0042474	middle ear morphogenesis	has_participant(EMAPA:18585)
GO:0048704	embryonic skeletal system morphogenesis	has_participant(EMAPA:18585)
GO:0042474	middle ear morphogenesis	has_participant(EMAPA:18585)
GO:0042474	middle ear morphogenesis	has_participant(EMAPA:18585)
GO:0042474	middle ear morphogenesis	has_participant(EMAPA:18585)
GO:0048704	embryonic skeletal system morphogenesis	has_participant(EMAPA:18585)
GO:0060042	retina morphogenesis in camera-type eye	has_participant(EMAPA:18590)
GO:0048596	embryonic camera-type eye morphogenesis	has_participant(EMAPA:18590)
GO:0003085	negative regulation of systemic arterial blood pressure	has_participant(EMAPA:18601)
GO:0019430	removal of superoxide radicals	has_participant(EMAPA:18601)
GO:0042311	vasodilation	has_participant(EMAPA:18601)
GO:0002025	vasodilation by norepinephrine-epinephrine involved in regulation of systemic arterial blood pressure	has_participant(EMAPA:18601)
GO:0002033	angiotensin-mediated vasodilation involved in regulation of systemic arterial blood pressure	has_participant(EMAPA:18601)
GO:0001987	vasoconstriction of artery involved in baroreceptor response to lowering of systemic arterial blood pressure	has_participant(EMAPA:18601)
GO:0048514	blood vessel morphogenesis	has_participant(EMAPA:18601)
GO:0042310	vasoconstriction	has_participant(EMAPA:18601)
GO:0045216	cell-cell junction organization	has_participant(EMAPA:18601)
GO:0002025	vasodilation by norepinephrine-epinephrine involved in regulation of systemic arterial blood pressure	has_participant(EMAPA:18601)
GO:0035909	aorta morphogenesis	has_participant(EMAPA:18602)
GO:0007368	determination of left/right symmetry	has_participant(EMAPA:18602)
GO:0042311	vasodilation	has_participant(EMAPA:18609)
GO:0002025	vasodilation by norepinephrine-epinephrine involved in regulation of systemic arterial blood pressure	has_participant(EMAPA:18609)
GO:0001974	blood vessel remodeling	has_participant(EMAPA:18609)
GO:0006954	inflammatory response	has_participant(EMAPA:18609)
GO:0002025	vasodilation by norepinephrine-epinephrine involved in regulation of systemic arterial blood pressure	has_participant(EMAPA:18609)
GO:0002025	vasodilation by norepinephrine-epinephrine involved in regulation of systemic arterial blood pressure	has_participant(EMAPA:18638)
GO:0048704	embryonic skeletal system morphogenesis	has_participant(EMAPA:18650)
GO:0048703	embryonic viscerocranium morphogenesis	has_participant(EMAPA:18650)
GO:0046546	development of primary male sexual characteristics	has_participant(EMAPA:18681)
GO:0046544	development of secondary male sexual characteristics	has_participant(EMAPA:18682)
GO:0009887	animal organ morphogenesis	has_participant(EMAPA:18692)
GO:0009887	animal organ morphogenesis	has_participant(EMAPA:18692)
GO:0009653	anatomical structure morphogenesis	has_participant(EMAPA:18692)
GO:0048704	embryonic skeletal system morphogenesis	has_participant(EMAPA:18696)
GO:0048704	embryonic skeletal system morphogenesis	has_participant(EMAPA:18698)
GO:0060536	cartilage morphogenesis	has_participant(EMAPA:18698)
GO:0060535	trachea cartilage morphogenesis	has_participant(EMAPA:18699)
GO:0048704	embryonic skeletal system morphogenesis	has_participant(EMAPA:18705)
GO:0060349	bone morphogenesis	has_participant(EMAPA:18705)
GO:0048701	embryonic cranial skeleton morphogenesis	has_participant(EMAPA:18705)
GO:0060349	bone morphogenesis	has_participant(EMAPA:18705)
GO:0048704	embryonic skeletal system morphogenesis	has_participant(EMAPA:18706)
GO:0060349	bone morphogenesis	has_participant(EMAPA:18706)
GO:0048701	embryonic cranial skeleton morphogenesis	has_participant(EMAPA:18706)
GO:0048704	embryonic skeletal system morphogenesis	has_participant(EMAPA:18708)
GO:0048704	embryonic skeletal system morphogenesis	has_participant(EMAPA:18708)
GO:0060349	bone morphogenesis	has_participant(EMAPA:18715)
GO:0048705	skeletal system morphogenesis	has_participant(EMAPA:18715)
GO:0001957	intramembranous ossification	has_participant(EMAPA:18715)
GO:0048704	embryonic skeletal system morphogenesis	has_participant(EMAPA:18721)
GO:0048704	embryonic skeletal system morphogenesis	has_participant(EMAPA:18722)
GO:0060349	bone morphogenesis	has_participant(EMAPA:18722)
GO:0048704	embryonic skeletal system morphogenesis	has_participant(EMAPA:18722)
GO:0048704	embryonic skeletal system morphogenesis	has_participant(EMAPA:18722)
GO:0048704	embryonic skeletal system morphogenesis	has_participant(EMAPA:18724)
GO:0048704	embryonic skeletal system morphogenesis	has_participant(EMAPA:18728)
GO:0048704	embryonic skeletal system morphogenesis	has_participant(EMAPA:18728)
GO:0055072	iron ion homeostasis	has_participant(EMAPA:18767)
GO:0042832	defense response to protozoan	has_participant(EMAPA:18767)
GO:0035166	post-embryonic hemopoiesis	has_participant(EMAPA:18767)
GO:0055072	iron ion homeostasis	has_participant(EMAPA:18767)
GO:0009887	animal organ morphogenesis	has_participant(EMAPA:18767)
GO:0060586	multicellular organismal iron ion homeostasis	has_participant(EMAPA:18767)
GO:0002467	germinal center formation	has_participant(EMAPA:18767)
GO:0002432	granuloma formation	has_participant(EMAPA:18767)
GO:0050830	defense response to Gram-positive bacterium	has_participant(EMAPA:18767)
GO:0010159	specification of animal organ position	has_participant(EMAPA:18768
GO:0048514	blood vessel morphogenesis	has_participant(EMAPA:18768)
GO:0045060	negative thymic T cell selection	has_participant(EMAPA:18768)
GO:0043480	pigment accumulation in tissues	has_participant(EMAPA:18769)
GO:0048066	developmental pigmentation	has_participant(EMAPA:18769)
GO:0048105	establishment of body hair planar orientation	has_participant(EMAPA:18769)
GO:0022405	hair cycle process	has_participant(EMAPA:18769)
GO:0060684	epithelial-mesenchymal cell signaling	has_participant(EMAPA:18771)
GO:0031069	hair follicle morphogenesis	has_participant(EMAPA:18771)
GO:0048105	establishment of body hair planar orientation	has_participant(EMAPA:18771)
GO:0031069	hair follicle morphogenesis	has_participant(EMAPA:18771)
GO:0009887	animal organ morphogenesis	has_participant(EMAPA:18771)
GO:0009887	animal organ morphogenesis	has_participant(EMAPA:18771)
GO:0009887	animal organ morphogenesis	has_participant(EMAPA:18771)
GO:0009887	animal organ morphogenesis	has_participant(EMAPA:18771)
GO:0042472	inner ear morphogenesis	has_participant(EMAPA:18803)
GO:0007435	salivary gland morphogenesis	has_participant(EMAPA:18812)
GO:0060662	salivary gland cavitation	has_participant(EMAPA:18812)
GO:0060445	branching involved in salivary gland morphogenesis	has_participant(EMAPA:18813)
GO:0007435	salivary gland morphogenesis	has_participant(EMAPA:18813)
GO:0007435	salivary gland morphogenesis	has_participant(EMAPA:18814)
GO:0009887	animal organ morphogenesis	has_participant(EMAPA:18816)
GO:0048704	embryonic skeletal system morphogenesis	has_participant(EMAPA:18840)
GO:0048704	embryonic skeletal system morphogenesis	has_participant(EMAPA:18842)
GO:0043587	tongue morphogenesis	has_participant(EMAPA:18873)
GO:0048663	neuron fate commitment	has_participant(EMAPA:18875
GO:0007368	determination of left/right symmetry	has_participant(EMAPA:18889)
GO:0006954	inflammatory response	has_participant(EMAPA:18939)
GO:0048546	digestive tract morphogenesis	has_participant(EMAPA:18939)
GO:0009617	response to bacterium	has_participant(EMAPA:18939)
GO:0009887	animal organ morphogenesis	has_participant(EMAPA:18948)
GO:0009887	animal organ morphogenesis	has_participant(EMAPA:18948)
GO:0048701	embryonic cranial skeleton morphogenesis	has_participant(EMAPA:18948)
GO:0048807	female genitalia morphogenesis	has_participant(EMAPA:18986)
GO:0060197	cloacal septation	has_participant(EMAPA:18986)
GO:0048808	male genitalia morphogenesis	has_participant(EMAPA:18988)
GO:0030538	embryonic genitalia morphogenesis	has_participant(EMAPA:18988)
GO:0048704	embryonic skeletal system morphogenesis	has_participant(EMAPA:19016)
GO:0001503	ossification	has_participant(EMAPA:19016)
GO:0060349	bone morphogenesis	has_participant(EMAPA:19016)
GO:0001503	ossification	has_participant(EMAPA:19017)
GO:0060349	bone morphogenesis	has_participant(EMAPA:19017)
GO:0048704	embryonic skeletal system morphogenesis	has_participant(EMAPA:19019)
GO:0048704	embryonic skeletal system morphogenesis	has_participant(EMAPA:19033)
GO:0048704	embryonic skeletal system morphogenesis	has_participant(EMAPA:19033)
GO:0008542	visual learning	has_participant(EMAPA:19037)
GO:0021960	anterior commissure morphogenesis	has_participant(EMAPA:19038)
GO:0090103	cochlea morphogenesis	has_participant(EMAPA:19061)
GO:0048593	camera-type eye morphogenesis	has_participant(EMAPA:19077)
GO:0035136	forelimb morphogenesis	has_participant(EMAPA:19103)
GO:0048705	skeletal system morphogenesis	has_participant(EMAPA:19103)
GO:0048705	skeletal system morphogenesis	has_participant(EMAPA:19104)
GO:0030326	embryonic limb morphogenesis	has_participant(EMAPA:19106)
GO:0048704	embryonic skeletal system morphogenesis	has_participant(EMAPA:19106)
GO:0048705	skeletal system morphogenesis	has_participant(EMAPA:19141)
GO:0001503	ossification	has_participant(EMAPA:19142)
GO:0060349	bone morphogenesis	has_participant(EMAPA:19142)
GO:0030282	bone mineralization	has_participant(EMAPA:19142)
GO:0048705	skeletal system morphogenesis	has_participant(EMAPA:19142)
GO:0046849	bone remodeling	has_participant(EMAPA:19142)
GO:0046849	bone remodeling	has_participant(EMAPA:19143)
GO:0060349	bone morphogenesis	has_participant(EMAPA:19143)
GO:0030326	embryonic limb morphogenesis	has_participant(EMAPA:19143)
GO:0060349	bone morphogenesis	has_participant(EMAPA:19143)
GO:0001525	angiogenesis	has_participant(EMAPA:19143)
GO:0001503	ossification	has_participant(EMAPA:19143)
GO:0007163	establishment or maintenance of cell polarity	has_participant(EMAPA:19148
GO:0042472	inner ear morphogenesis	has_participant(EMAPA:19151)
GO:0007605	sensory perception of sound	has_participant(EMAPA:19151)
GO:0009887	animal organ morphogenesis	has_participant(EMAPA:19153)
GO:0048593	camera-type eye morphogenesis	has_participant(EMAPA:19154)
GO:0001994	norepinephrine-epinephrine vasoconstriction involved in regulation of systemic arterial blood pressure	has_participant(EMAPA:19160)
GO:0030538	embryonic genitalia morphogenesis	has_participant(EMAPA:19170)
GO:0048807	female genitalia morphogenesis	has_participant(EMAPA:19170)
GO:0022612	gland morphogenesis	has_participant(EMAPA:19180)
GO:0009887	animal organ morphogenesis	has_participant(EMAPA:19180)
GO:0048754	branching morphogenesis of an epithelial tube	has_participant(EMAPA:19180)
GO:0042474	middle ear morphogenesis	has_participant(EMAPA:19197)
GO:0042474	middle ear morphogenesis	has_participant(EMAPA:19197)
GO:0060364	frontal suture morphogenesis	has_participant(EMAPA:19198)
GO:0048704	embryonic skeletal system morphogenesis	has_participant(EMAPA:19202)
GO:0048705	skeletal system morphogenesis	has_participant(EMAPA:19202)
GO:0060367	sagittal suture morphogenesis	has_participant(EMAPA:19224)
GO:0060366	lambdoid suture morphogenesis	has_participant(EMAPA:19227)
GO:0051702	interaction with symbiont	has_participant(EMAPA:19252)
GO:0009609	response to symbiotic bacterium	has_participant(EMAPA:19252)
GO:0007442	hindgut morphogenesis	has_participant(EMAPA:19254)
GO:0022612	gland morphogenesis	has_participant(EMAPA:19286)
GO:0060442	branching involved in prostate gland morphogenesis	has_participant(EMAPA:19287)
GO:0060523	prostate epithelial cord elongation	has_participant(EMAPA:19287)
GO:0060527	prostate epithelial cord arborization involved in prostate glandular acinus morphogenesis	has_participant(EMAPA:19287)
GO:0009887	animal organ morphogenesis	has_participant(EMAPA:19290)
GO:0046544	development of secondary male sexual characteristics	has_participant(EMAPA:19296)
GO:0048704	embryonic skeletal system morphogenesis	has_participant(EMAPA:19335)
GO:0048704	embryonic skeletal system morphogenesis	has_participant(EMAPA:19336)
GO:0048704	embryonic skeletal system morphogenesis	has_participant(EMAPA:19350)
GO:0060349	bone morphogenesis	has_participant(EMAPA:19419)
GO:0048705	skeletal system morphogenesis	has_participant(EMAPA:19431)
GO:0048704	embryonic skeletal system morphogenesis	has_participant(EMAPA:19431)
GO:0048704	embryonic skeletal system morphogenesis	has_participant(EMAPA:19431)
GO:0048704	embryonic skeletal system morphogenesis	has_participant(EMAPA:19431)
GO:0048704	embryonic skeletal system morphogenesis	has_participant(EMAPA:19431)
GO:0060349	bone morphogenesis	has_participant(EMAPA:19431)
GO:0048704	embryonic skeletal system morphogenesis	has_participant(EMAPA:19431)
GO:0048704	embryonic skeletal system morphogenesis	has_participant(EMAPA:19431)
GO:0048704	embryonic skeletal system morphogenesis	has_participant(EMAPA:19431)
GO:0048705	skeletal system morphogenesis	has_participant(EMAPA:19432)
GO:0060349	bone morphogenesis	has_participant(EMAPA:19432)
GO:0048704	embryonic skeletal system morphogenesis	has_participant(EMAPA:19432)
GO:0048704	embryonic skeletal system morphogenesis	has_participant(EMAPA:19432)
GO:0048704	embryonic skeletal system morphogenesis	has_participant(EMAPA:19432)
GO:0060349	bone morphogenesis	has_participant(EMAPA:19432)
GO:0048704	embryonic skeletal system morphogenesis	has_participant(EMAPA:19432)
GO:0048704	embryonic skeletal system morphogenesis	has_participant(EMAPA:19432)
GO:0048704	embryonic skeletal system morphogenesis	has_participant(EMAPA:19432)
GO:0048704	embryonic skeletal system morphogenesis	has_participant(EMAPA:19433)
GO:0048704	embryonic skeletal system morphogenesis	has_participant(EMAPA:19433)
GO:0060349	bone morphogenesis	has_participant(EMAPA:19433)
GO:0048704	embryonic skeletal system morphogenesis	has_participant(EMAPA:19433)
GO:0048704	embryonic skeletal system morphogenesis	has_participant(EMAPA:19433)
GO:0048704	embryonic skeletal system morphogenesis	has_participant(EMAPA:19433)
GO:0048704	embryonic skeletal system morphogenesis	has_participant(EMAPA:19434)
GO:0048704	embryonic skeletal system morphogenesis	has_participant(EMAPA:19434)
GO:0048704	embryonic skeletal system morphogenesis	has_participant(EMAPA:19434)
GO:0048704	embryonic skeletal system morphogenesis	has_participant(EMAPA:19435)
GO:0060349	bone morphogenesis	has_participant(EMAPA:19463)
GO:0048704	embryonic skeletal system morphogenesis	has_participant(EMAPA:19466)
GO:0048704	embryonic skeletal system morphogenesis	has_participant(EMAPA:19466)
GO:0048704	embryonic skeletal system morphogenesis	has_participant(EMAPA:19466)
GO:0048704	embryonic skeletal system morphogenesis	has_participant(EMAPA:19466)
GO:0048704	embryonic skeletal system morphogenesis	has_participant(EMAPA:19467)
GO:0048704	embryonic skeletal system morphogenesis	has_participant(EMAPA:19467)
GO:0048704	embryonic skeletal system morphogenesis	has_participant(EMAPA:19467)
GO:0048704	embryonic skeletal system morphogenesis	has_participant(EMAPA:19467)
GO:0048704	embryonic skeletal system morphogenesis	has_participant(EMAPA:19467)
GO:0048705	skeletal system morphogenesis	has_participant(EMAPA:19472)
GO:0048705	skeletal system morphogenesis	has_participant(EMAPA:19472)
GO:0048704	embryonic skeletal system morphogenesis	has_participant(EMAPA:19472)
GO:0048705	skeletal system morphogenesis	has_participant(EMAPA:19472)
GO:0048704	embryonic skeletal system morphogenesis	has_participant(EMAPA:19529)
GO:0048704	embryonic skeletal system morphogenesis	has_participant(EMAPA:19529)
GO:0048705	skeletal system morphogenesis	has_participant(EMAPA:19529)
GO:0048704	embryonic skeletal system morphogenesis	has_participant(EMAPA:19529)
GO:0060349	bone morphogenesis	has_participant(EMAPA:19529)
GO:0048705	skeletal system morphogenesis	has_participant(EMAPA:19529)
GO:0048704	embryonic skeletal system morphogenesis	has_participant(EMAPA:19530)
GO:0048705	skeletal system morphogenesis	has_participant(EMAPA:19530)
GO:0048704	embryonic skeletal system morphogenesis	has_participant(EMAPA:19530)
GO:0060349	bone morphogenesis	has_participant(EMAPA:19530)
GO:0048705	skeletal system morphogenesis	has_participant(EMAPA:19530)
GO:0048704	embryonic skeletal system morphogenesis	has_participant(EMAPA:19532)
GO:0048704	embryonic skeletal system morphogenesis	has_participant(EMAPA:19533)
GO:0048704	embryonic skeletal system morphogenesis	has_participant(EMAPA:19542)
GO:0048704	embryonic skeletal system morphogenesis	has_participant(EMAPA:19542)
GO:0048704	embryonic skeletal system morphogenesis	has_participant(EMAPA:19542)
GO:0048704	embryonic skeletal system morphogenesis	has_participant(EMAPA:19543)
GO:0048704	embryonic skeletal system morphogenesis	has_participant(EMAPA:19543)
GO:0048704	embryonic skeletal system morphogenesis	has_participant(EMAPA:19544)
GO:0048704	embryonic skeletal system morphogenesis	has_participant(EMAPA:19545)
GO:0048705	skeletal system morphogenesis	has_participant(EMAPA:19548)
GO:0048705	skeletal system morphogenesis	has_participant(EMAPA:19548)
GO:0048705	skeletal system morphogenesis	has_participant(EMAPA:19549)
GO:0048704	embryonic skeletal system morphogenesis	has_participant(EMAPA:19549)
GO:0048705	skeletal system morphogenesis	has_participant(EMAPA:19549)
GO:0048705	skeletal system morphogenesis	has_participant(EMAPA:19549)
GO:0048704	embryonic skeletal system morphogenesis	has_participant(EMAPA:19551)
GO:0048704	embryonic skeletal system morphogenesis	has_participant(EMAPA:19552)
GO:0048705	skeletal system morphogenesis	has_participant(EMAPA:19553)
GO:0048705	skeletal system morphogenesis	has_participant(EMAPA:19553)
GO:0048704	embryonic skeletal system morphogenesis	has_participant(EMAPA:19553)
GO:0048704	embryonic skeletal system morphogenesis	has_participant(EMAPA:19554)
GO:0060349	bone morphogenesis	has_participant(EMAPA:19570)
GO:0060349	bone morphogenesis	has_participant(EMAPA:19571)
GO:0048705	skeletal system morphogenesis	has_participant(EMAPA:19588)
GO:0048705	skeletal system morphogenesis	has_participant(EMAPA:19588)
GO:0048704	embryonic skeletal system morphogenesis	has_participant(EMAPA:19588)
GO:0048704	embryonic skeletal system morphogenesis	has_participant(EMAPA:19589)
GO:0048704	embryonic skeletal system morphogenesis	has_participant(EMAPA:19590)
GO:0048704	embryonic skeletal system morphogenesis	has_participant(EMAPA:19591)
GO:0031424	keratinization	has_participant(EMAPA:19660)
GO:0048701	embryonic cranial skeleton morphogenesis	has_participant(EMAPA:25111)
GO:0048701	embryonic cranial skeleton morphogenesis	has_participant(EMAPA:25111)
GO:0048704	embryonic skeletal system morphogenesis	has_participant(EMAPA:25111)
GO:0048704	embryonic skeletal system morphogenesis	has_participant(EMAPA:25119)
GO:0048644	muscle organ morphogenesis	has_participant(EMAPA:25135)
GO:0048644	muscle organ morphogenesis	has_participant(EMAPA:25136)
GO:0016337	single organismal cell-cell adhesion	has_participant(EMAPA:25765)
GO:0001701	in utero embryonic development	has_participant(EMAPA:25765)
GO:0035264	multicellular organism growth	has_participant(EMAPA:25765)
GO:0007566	embryo implantation	has_participant(EMAPA:25765)
GO:0050830	defense response to Gram-positive bacterium	has_participant(EMAPA:25765)
GO:0007368	determination of left/right symmetry	has_participant(EMAPA:25765)
GO:0040034	regulation of development, heterochronic	has_participant(EMAPA:25765)
GO:0048562	embryonic organ morphogenesis	has_participant(EMAPA:26983)
GO:0046545	development of primary female sexual characteristics	has_participant(EMAPA:27665)
GO:0070295	renal water absorption	has_participant(EMAPA:28130)
GO:0003094	glomerular filtration	has_participant(EMAPA:28239)
GO:0070295	renal water absorption	has_participant(EMAPA:28281)
GO:0016337	single organismal cell-cell adhesion	has_participant(EMAPA:28281)
GO:0070295	renal water absorption	has_participant(EMAPA:28346)
GO:0008217	regulation of blood pressure	has_participant(EMAPA:28407)
GO:0016337	single organismal cell-cell adhesion	has_participant(EMAPA:28407)
GO:0001658	branching involved in ureteric bud morphogenesis	has_participant(EMAPA:28477)
GO:0060083	smooth muscle contraction involved in micturition	has_participant(EMAPA:28637)
GO:0070295	renal water absorption	has_participant(EMAPA:29659)
GO:0070295	renal water absorption	has_participant(EMAPA:29681)
GO:0022612	gland morphogenesis	has_participant(EMAPA:29771)
GO:0060571	morphogenesis of an epithelial fold	has_participant(EMAPA:29771)
GO:0060442	branching involved in prostate gland morphogenesis	has_participant(EMAPA:29794)
GO:0060442	branching involved in prostate gland morphogenesis	has_participant(EMAPA:29794)
GO:0060527	prostate epithelial cord arborization involved in prostate glandular acinus morphogenesis	has_participant(EMAPA:29794)
GO:0060527	prostate epithelial cord arborization involved in prostate glandular acinus morphogenesis	has_participant(EMAPA:29836)
GO:0060442	branching involved in prostate gland morphogenesis	has_participant(EMAPA:29836)
GO:0048754	branching morphogenesis of an epithelial tube	has_participant(EMAPA:29836)
GO:0060442	branching involved in prostate gland morphogenesis	has_participant(EMAPA:29836)
GO:0060527	prostate epithelial cord arborization involved in prostate glandular acinus morphogenesis	has_participant(EMAPA:29836)
GO:0060135	maternal process involved in female pregnancy	has_participant(EMAPA:29915)
GO:0002009	morphogenesis of an epithelium	has_participant(EMAPA:29915)
GO:0007566	embryo implantation	has_participant(EMAPA:29915)
GO:0032355	response to estradiol	has_participant(EMAPA:29915)
GO:0046697	decidualization	has_participant(EMAPA:29915)
GO:0060135	maternal process involved in female pregnancy	has_participant(EMAPA:29917)
GO:0007566	embryo implantation	has_participant(EMAPA:29917)
GO:0048807	female genitalia morphogenesis	has_participant(EMAPA:30819)
GO:0035239	tube morphogenesis	has_participant(EMAPA:31414)
GO:0003338	metanephros morphogenesis	has_participant(EMAPA:31414)
GO:0009887	animal organ morphogenesis	has_participant(EMAPA:31476)
GO:0060670	branching involved in labyrinthine layer morphogenesis	has_participant(EMAPA:31873)
GO:0090214	spongiotrophoblast layer developmental growth	has_participant(EMAPA:31876)
GO:0060512	prostate gland morphogenesis	has_participant(EMAPA:32290)
GO:0060740	prostate gland epithelium morphogenesis	has_participant(EMAPA:32290)
GO:0002009	morphogenesis of an epithelium	has_participant(EMAPA:32290)
GO:0060442	branching involved in prostate gland morphogenesis	has_participant(EMAPA:32290)
GO:0060571	morphogenesis of an epithelial fold	has_participant(EMAPA:32290)
GO:0060571	morphogenesis of an epithelial fold	has_participant(EMAPA:32290)
GO:0060740	prostate gland epithelium morphogenesis	has_participant(EMAPA:32290)
GO:0060740	prostate gland epithelium morphogenesis	has_participant(EMAPA:32290)
GO:0060523	prostate epithelial cord elongation	has_participant(EMAPA:32290)
GO:0030326	embryonic limb morphogenesis	has_participant(EMAPA:32614)
GO:0001975	response to amphetamine	has_participant(EMAPA:32672)
GO:0050877	neurological system process	has_participant(EMAPA:32673)
GO:0007605	sensory perception of sound	has_participant(EMAPA:32678)
GO:0006006	glucose metabolic process	has_participant(EMAPA:32678)
GO:0050877	neurological system process	has_participant(EMAPA:32678)
GO:0050877	neurological system process	has_participant(EMAPA:32678)
GO:0005977	glycogen metabolic process	has_participant(EMAPA:32688)
GO:0055008	cardiac muscle tissue morphogenesis	has_participant(EMAPA:32688)
GO:0014898	cardiac muscle hypertrophy in response to stress	has_participant(EMAPA:32688)
GO:0042632	cholesterol homeostasis	has_participant(EMAPA:32716)
GO:0005977	glycogen metabolic process	has_participant(EMAPA:32716)
GO:0005977	glycogen metabolic process	has_participant(EMAPA:32716)
GO:0042593	glucose homeostasis	has_participant(EMAPA:32716)
GO:0005977	glycogen metabolic process	has_participant(EMAPA:32716)
GO:0043403	skeletal muscle tissue regeneration	has_participant(EMAPA:32716)
GO:0005977	glycogen metabolic process	has_participant(EMAPA:32716)
GO:0048644	muscle organ morphogenesis	has_participant(EMAPA:32717)
GO:0042733	embryonic digit morphogenesis	has_participant(EMAPA:32722)
GO:0035108	limb morphogenesis	has_participant(EMAPA:32722)
GO:0042733	embryonic digit morphogenesis	has_participant(EMAPA:32722)
GO:0035115	embryonic forelimb morphogenesis	has_participant(EMAPA:32722)
GO:0035108	limb morphogenesis	has_participant(EMAPA:32725)
GO:0042733	embryonic digit morphogenesis	has_participant(EMAPA:32725)
GO:0060349	bone morphogenesis	has_participant(EMAPA:32740)
GO:0048704	embryonic skeletal system morphogenesis	has_participant(EMAPA:32740)
GO:0046849	bone remodeling	has_participant(EMAPA:32740)
GO:0048705	skeletal system morphogenesis	has_participant(EMAPA:32740)
GO:0048705	skeletal system morphogenesis	has_participant(EMAPA:32740)
GO:0048705	skeletal system morphogenesis	has_participant(EMAPA:32740)
GO:0001974	blood vessel remodeling	has_participant(EMAPA:32743)
GO:0048514	blood vessel morphogenesis	has_participant(EMAPA:32743)
GO:0001525	angiogenesis	has_participant(EMAPA:32743)
GO:0060033	anatomical structure regression	has_participant(EMAPA:32743)
GO:0048597	post-embryonic camera-type eye morphogenesis	has_participant(EMAPA:32743)
GO:0002027	regulation of heart rate	has_participant(EMAPA:32748)
GO:0014898	cardiac muscle hypertrophy in response to stress	has_participant(EMAPA:32748)
GO:0035166	post-embryonic hemopoiesis	has_participant(EMAPA:32760)
GO:0043434	response to peptide hormone	has_participant(EMAPA:32760)
GO:0060325	face morphogenesis	has_participant(EMAPA:32763)
GO:0044241	lipid digestion	has_participant(EMAPA:32764)
GO:0002227	innate immune response in mucosa	has_participant(EMAPA:32764)
GO:0001963	synaptic transmission, dopaminergic	has_participant(EMAPA:32768)
GO:0060291	long-term synaptic potentiation	has_participant(EMAPA:32768)
GO:0060291	long-term synaptic potentiation	has_participant(EMAPA:32768)
GO:0060291	long-term synaptic potentiation	has_participant(EMAPA:32769)
GO:0060291	long-term synaptic potentiation	has_participant(EMAPA:32770)
GO:0090136	epithelial cell-cell adhesion	has_participant(EMAPA:32779)
GO:0002035	brain renin-angiotensin system	has_participant(EMAPA:32780)
GO:0002035	brain renin-angiotensin system	has_participant(EMAPA:32780)
GO:0045453	bone resorption	has_participant(EMAPA:32782)
GO:0060349	bone morphogenesis	has_participant(EMAPA:32782)
GO:0001525	angiogenesis	has_participant(EMAPA:32782)
GO:0030282	bone mineralization	has_participant(EMAPA:32782)
GO:0009887	animal organ morphogenesis	has_participant(EMAPA:32782)
GO:0046849	bone remodeling	has_participant(EMAPA:32782)
GO:0061436	establishment of skin barrier	has_participant(EMAPA:32787)
GO:0048730	epidermis morphogenesis	has_participant(EMAPA:32787)
GO:0031424	keratinization	has_participant(EMAPA:32787)
GO:0007270	neuron-neuron synaptic transmission	has_participant(EMAPA:32789)
GO:0002035	brain renin-angiotensin system	has_participant(EMAPA:32789)
GO:0031069	hair follicle morphogenesis	has_participant(EMAPA:32792)
GO:0001708	cell fate specification	has_participant(EMAPA:32792)
GO:0022008	neurogenesis	has_participant(EMAPA:32804)
GO:0048705	skeletal system morphogenesis	has_participant(EMAPA:32806)
GO:0048705	skeletal system morphogenesis	has_participant(EMAPA:32806)
GO:0007608	sensory perception of smell	has_participant(EMAPA:32809)
GO:0009887	animal organ morphogenesis	has_participant(EMAPA:32812)
GO:0010159	specification of animal organ position	has_participant(EMAPA:32812)
GO:0048752	semicircular canal morphogenesis	has_participant(EMAPA:32832)
GO:0009887	animal organ morphogenesis	has_participant(EMAPA:32834)
GO:0048546	digestive tract morphogenesis	has_participant(EMAPA:32834)
GO:0044241	lipid digestion	has_participant(EMAPA:32834)
GO:0009411	response to UV	has_participant(EMAPA:32834)
GO:0009887	animal organ morphogenesis	has_participant(EMAPA:32834)
GO:0060325	face morphogenesis	has_participant(EMAPA:32839)
GO:0050877	neurological system process	has_participant(EMAPA:32842)
GO:0008542	visual learning	has_participant(EMAPA:32845)
GO:0009615	response to virus	has_participant(EMAPA:32845)
GO:0007611	learning or memory	has_participant(EMAPA:32845)
GO:0055075	potassium ion homeostasis	has_participant(EMAPA:32845)
GO:0051602	response to electrical stimulus	has_participant(EMAPA:32845)
GO:0009409	response to cold	has_participant(EMAPA:32845)
GO:0022008	neurogenesis	has_participant(EMAPA:32845)
GO:0022008	neurogenesis	has_participant(EMAPA:32845)
GO:0002021	response to dietary excess	has_participant(EMAPA:32845)
GO:0060291	long-term synaptic potentiation	has_participant(EMAPA:32845)
GO:0048172	regulation of short-term neuronal synaptic plasticity	has_participant(EMAPA:32845)
GO:0007616	long-term memory	has_participant(EMAPA:32845)
GO:0050877	neurological system process	has_participant(EMAPA:32845)
GO:0006006	glucose metabolic process	has_participant(EMAPA:32869)
GO:0045216	cell-cell junction organization	has_participant(EMAPA:32871)
GO:0042542	response to hydrogen peroxide	has_participant(EMAPA:32871)
GO:0048621	post-embryonic digestive tract morphogenesis	has_participant(EMAPA:32874)
GO:0048729	tissue morphogenesis	has_participant(EMAPA:32874)
GO:0042475	odontogenesis of dentin-containing tooth	has_participant(EMAPA:32888)
GO:0042475	odontogenesis of dentin-containing tooth	has_participant(EMAPA:32889)
GO:0042475	odontogenesis of dentin-containing tooth	has_participant(EMAPA:32889)
GO:0042475	odontogenesis of dentin-containing tooth	has_participant(EMAPA:32897)
GO:0042475	odontogenesis of dentin-containing tooth	has_participant(EMAPA:32897)
GO:0042475	odontogenesis of dentin-containing tooth	has_participant(EMAPA:32897)
GO:0042475	odontogenesis of dentin-containing tooth	has_participant(EMAPA:32906)
GO:0042476	odontogenesis	has_participant(EMAPA:32906)
GO:0009749	response to glucose	has_participant(EMAPA:32927)
GO:0042311	vasodilation	has_participant(EMAPA:35146)
GO:0001974	blood vessel remodeling	has_participant(EMAPA:35146)
GO:0045776	negative regulation of blood pressure	has_participant(EMAPA:35147)
GO:0001994	norepinephrine-epinephrine vasoconstriction involved in regulation of systemic arterial blood pressure	has_participant(EMAPA:35147)
GO:0003085	negative regulation of systemic arterial blood pressure	has_participant(EMAPA:35148)
GO:0042473	outer ear morphogenesis	has_participant(EMAPA:35157)
GO:0007548	sex differentiation	has_participant(EMAPA:35169)
GO:0001525	angiogenesis	has_participant(EMAPA:35182)
GO:0061031	endodermal digestive tract morphogenesis	has_participant(EMAPA:35197)
GO:0050829	defense response to Gram-negative bacterium	has_participant(EMAPA:35197)
GO:0048557	embryonic digestive tract morphogenesis	has_participant(EMAPA:35197)
GO:0060033	anatomical structure regression	has_participant(EMAPA:35198)
GO:0021587	cerebellum morphogenesis	has_participant(EMAPA:35214)
GO:0021683	cerebellar granular layer morphogenesis	has_participant(EMAPA:35217)
GO:0001957	intramembranous ossification	has_participant(EMAPA:35238)
GO:0060325	face morphogenesis	has_participant(EMAPA:35238)
GO:0001975	response to amphetamine	has_participant(EMAPA:35242)
GO:0031069	hair follicle morphogenesis	has_participant(EMAPA:35246)
GO:0042552	myelination	has_participant(EMAPA:35253)
GO:0009887	animal organ morphogenesis	has_participant(EMAPA:35269)
GO:0046697	decidualization	has_participant(EMAPA:35269)
GO:0006006	glucose metabolic process	has_participant(EMAPA:35297)
GO:0042475	odontogenesis of dentin-containing tooth	has_participant(EMAPA:35303)
GO:0060350	endochondral bone morphogenesis	has_participant(EMAPA:35304)
GO:0090136	epithelial cell-cell adhesion	has_participant(EMAPA:35315)
GO:0001738	morphogenesis of a polarized epithelium	has_participant(EMAPA:35321)
GO:0048844	artery morphogenesis	has_participant(EMAPA:35342)
GO:0002025	vasodilation by norepinephrine-epinephrine involved in regulation of systemic arterial blood pressure	has_participant(EMAPA:35342)
GO:0035137	hindlimb morphogenesis	has_participant(EMAPA:35354)
GO:0021796	cerebral cortex regionalization	has_participant(EMAPA:35357)
GO:0001975	response to amphetamine	has_participant(EMAPA:35357)
GO:0007528	neuromuscular junction development	has_participant(EMAPA:35375)
GO:0035136	forelimb morphogenesis	has_participant(EMAPA:35391)
GO:0050877	neurological system process	has_participant(EMAPA:35405)
GO:0042595	behavioral response to starvation	has_participant(EMAPA:35417)
GO:0007548	sex differentiation	has_participant(EMAPA:35421)
GO:0048729	tissue morphogenesis	has_participant(EMAPA:35440)
GO:0048705	skeletal system morphogenesis	has_participant(EMAPA:35456)
GO:0009887	animal organ morphogenesis	has_participant(EMAPA:35463)
GO:0002009	morphogenesis of an epithelium	has_participant(EMAPA:35472)
GO:0006006	glucose metabolic process	has_participant(EMAPA:35478)
GO:0048704	embryonic skeletal system morphogenesis	has_participant(EMAPA:35495)
GO:0048704	embryonic skeletal system morphogenesis	has_participant(EMAPA:35495)
GO:0048705	skeletal system morphogenesis	has_participant(EMAPA:35495)
GO:0048705	skeletal system morphogenesis	has_participant(EMAPA:35495)
GO:0003416	endochondral bone growth	has_participant(EMAPA:35503)
GO:0048705	skeletal system morphogenesis	has_participant(EMAPA:35503)
GO:0060349	bone morphogenesis	has_participant(EMAPA:35505)
GO:0060349	bone morphogenesis	has_participant(EMAPA:35505)
GO:0002467	germinal center formation	has_participant(EMAPA:35523)
GO:0042110	T cell activation	has_participant(EMAPA:35523)
GO:0002467	germinal center formation	has_participant(EMAPA:35531)
GO:0003017	lymph circulation	has_participant(EMAPA:35532)
GO:0060444	branching involved in mammary gland duct morphogenesis	has_participant(EMAPA:35538)
GO:0060599	lateral sprouting involved in mammary gland duct morphogenesis	has_participant(EMAPA:35538)
GO:0060748	tertiary branching involved in mammary gland duct morphogenesis	has_participant(EMAPA:35538)
GO:0032355	response to estradiol	has_participant(EMAPA:35538)
GO:0060603	mammary gland duct morphogenesis	has_participant(EMAPA:35538)
GO:0060744	mammary gland branching involved in thelarche	has_participant(EMAPA:35538)
GO:0060603	mammary gland duct morphogenesis	has_participant(EMAPA:35538)
GO:0060763	mammary duct terminal end bud growth	has_participant(EMAPA:35538)
GO:0048754	branching morphogenesis of an epithelial tube	has_participant(EMAPA:35538)
GO:0060762	regulation of branching involved in mammary gland duct morphogenesis	has_participant(EMAPA:35538)
GO:0060745	mammary gland branching involved in pregnancy	has_participant(EMAPA:35538)
GO:0060764	cell-cell signaling involved in mammary gland development	has_participant(EMAPA:35539)
GO:0060664	epithelial cell proliferation involved in salivary gland morphogenesis	has_participant(EMAPA:35574)
GO:0048644	muscle organ morphogenesis	has_participant(EMAPA:35577)
GO:0048644	muscle organ morphogenesis	has_participant(EMAPA:35578)
GO:0042733	embryonic digit morphogenesis	has_participant(EMAPA:35580)
GO:0042733	embryonic digit morphogenesis	has_participant(EMAPA:35580)
GO:0035880	embryonic nail plate morphogenesis	has_participant(EMAPA:35580)
GO:0035115	embryonic forelimb morphogenesis	has_participant(EMAPA:35580)
GO:0009653	anatomical structure morphogenesis	has_participant(EMAPA:35580)
GO:0048853	forebrain morphogenesis	has_participant(EMAPA:35588)
GO:0021819	layer formation in cerebral cortex	has_participant(EMAPA:35588)
GO:0001543	ovarian follicle rupture	has_participant(EMAPA:35627)
GO:0001545	primary ovarian follicle growth	has_participant(EMAPA:35631)
GO:0048754	branching morphogenesis of an epithelial tube	has_participant(EMAPA:35643)
GO:0048704	embryonic skeletal system morphogenesis	has_participant(EMAPA:35669)
GO:0002467	germinal center formation	has_participant(EMAPA:35684)
GO:0060060	post-embryonic retina morphogenesis in camera-type eye	has_participant(EMAPA:35688)
GO:0060136	embryonic process involved in female pregnancy	has_participant(EMAPA:35689)
GO:0001525	angiogenesis	has_participant(EMAPA:35689)
GO:0060136	embryonic process involved in female pregnancy	has_participant(EMAPA:35689)
GO:0001701	in utero embryonic development	has_participant(EMAPA:35689)
GO:0060136	embryonic process involved in female pregnancy	has_participant(EMAPA:35689)
GO:0005977	glycogen metabolic process	has_participant(EMAPA:35689)
GO:0042632	cholesterol homeostasis	has_participant(EMAPA:35690)
GO:0044268	multicellular organismal protein metabolic process	has_participant(EMAPA:35690)
GO:0006006	glucose metabolic process	has_participant(EMAPA:35690)
GO:0006629	lipid metabolic process	has_participant(EMAPA:35690)
GO:0006642	triglyceride mobilization	has_participant(EMAPA:35690)
GO:0006707	cholesterol catabolic process	has_participant(EMAPA:35690)
GO:0042593	glucose homeostasis	has_participant(EMAPA:35690)
GO:0055088	lipid homeostasis	has_participant(EMAPA:35690)
GO:0009749	response to glucose	has_participant(EMAPA:35690)
GO:0055092	sterol homeostasis	has_participant(EMAPA:35690)
GO:0002003	angiotensin maturation	has_participant(EMAPA:35690)
GO:0048754	branching morphogenesis of an epithelial tube	has_participant(EMAPA:35710)
GO:0060442	branching involved in prostate gland morphogenesis	has_participant(EMAPA:35710)
GO:0060527	prostate epithelial cord arborization involved in prostate glandular acinus morphogenesis	has_participant(EMAPA:35710)
GO:0060741	prostate gland stromal morphogenesis	has_participant(EMAPA:35713)
GO:0060741	prostate gland stromal morphogenesis	has_participant(EMAPA:35714)
GO:0048704	embryonic skeletal system morphogenesis	has_participant(EMAPA:35717)
GO:0060060	post-embryonic retina morphogenesis in camera-type eye	has_participant(EMAPA:35739)
GO:0060060	post-embryonic retina morphogenesis in camera-type eye	has_participant(EMAPA:35741)
GO:0060042	retina morphogenesis in camera-type eye	has_participant(EMAPA:35741)
GO:0060042	retina morphogenesis in camera-type eye	has_participant(EMAPA:35742)
GO:0046541	saliva secretion	has_participant(EMAPA:35750)
GO:0002455	humoral immune response mediated by circulating immunoglobulin	has_participant(EMAPA:35770)
GO:0060586	multicellular organismal iron ion homeostasis	has_participant(EMAPA:35770)
GO:0019731	antibacterial humoral response	has_participant(EMAPA:35770)
GO:0042632	cholesterol homeostasis	has_participant(EMAPA:35770)
GO:0002385	mucosal immune response	has_participant(EMAPA:35770)
GO:0060586	multicellular organismal iron ion homeostasis	has_participant(EMAPA:35770)
GO:0010045	response to nickel cation	has_participant(EMAPA:35772)
GO:0048705	skeletal system morphogenesis	has_participant(EMAPA:35773)
GO:0022612	gland morphogenesis	has_participant(EMAPA:35777)
GO:0060571	morphogenesis of an epithelial fold	has_participant(EMAPA:35784)
GO:0048546	digestive tract morphogenesis	has_participant(EMAPA:35784)
GO:0090103	cochlea morphogenesis	has_participant(EMAPA:35798)
GO:0002467	germinal center formation	has_participant(EMAPA:35803)
GO:0002467	germinal center formation	has_participant(EMAPA:35803)
GO:0090103	cochlea morphogenesis	has_participant(EMAPA:35827)
GO:0007435	salivary gland morphogenesis	has_participant(EMAPA:35833)
GO:0001738	morphogenesis of a polarized epithelium	has_participant(EMAPA:35833)
GO:0006006	glucose metabolic process	has_participant(EMAPA:35835)
GO:0009636	response to toxic substance	has_participant(EMAPA:35835)
GO:0043403	skeletal muscle tissue regeneration	has_participant(EMAPA:35866)
GO:0048705	skeletal system morphogenesis	has_participant(EMAPA:35873)
GO:0060535	trachea cartilage morphogenesis	has_participant(EMAPA:35875)
GO:0060439	trachea morphogenesis	has_participant(EMAPA:35877)
GO:0050954	sensory perception of mechanical stimulus	has_participant(EMAPA:35897)
GO:0048705	skeletal system morphogenesis	has_participant(EMAPA:35919)
GO:0009887	animal organ morphogenesis	has_participant(EMAPA:35998)
GO:0007605	sensory perception of sound	has_participant(EMAPA:36002)
GO:0005977	glycogen metabolic process	has_participant(EMAPA:36262)
GO:0042311	vasodilation	has_participant(EMAPA:36286)
GO:0031069	hair follicle morphogenesis	has_participant(EMAPA:36392)
GO:0009887	animal organ morphogenesis	has_participant(EMAPA:36437)
GO:0031069	hair follicle morphogenesis	has_participant(EMAPA:36498)
GO:0009617	response to bacterium	has_participant(EMAPA:36501)
GO:0060658	nipple morphogenesis	has_participant(EMAPA:36508)
GO:0002040	sprouting angiogenesis	has_participant(EMAPA:36520)
GO:0061299	retina vasculature morphogenesis in camera-type eye	has_participant(EMAPA:36520)
GO:0048701	embryonic cranial skeleton morphogenesis	has_participant(EMAPA:36521)
GO:0048701	embryonic cranial skeleton morphogenesis	has_participant(EMAPA:36521)
GO:0048701	embryonic cranial skeleton morphogenesis	has_participant(EMAPA:36521)
GO:0048704	embryonic skeletal system morphogenesis	has_participant(EMAPA:36521)
GO:0031069	hair follicle morphogenesis	has_participant(EMAPA:36527)
GO:0042311	vasodilation	has_participant(EMAPA:36530)
GO:0048514	blood vessel morphogenesis	has_participant(EMAPA:36531)
GO:0048514	blood vessel morphogenesis	has_participant(EMAPA:36532)
GO:0048514	blood vessel morphogenesis	has_participant(EMAPA:36533)
GO:0007595	lactation	has_participant(EMAPA:36540)
GO:0006885	regulation of pH	has_participant(EMAPA:36545)
GO:0055074	calcium ion homeostasis	has_participant(EMAPA:36554)
GO:0055075	potassium ion homeostasis	has_participant(EMAPA:36554)
GO:0006885	regulation of pH	has_participant(EMAPA:36554)
GO:0055075	potassium ion homeostasis	has_participant(EMAPA:36557)
GO:0048514	blood vessel morphogenesis	has_participant(EMAPA:36558)
GO:0060443	mammary gland morphogenesis	has_participant(EMAPA:36566)
GO:0007595	lactation	has_participant(EMAPA:36566)
GO:0060764	cell-cell signaling involved in mammary gland development	has_participant(EMAPA:36566)
GO:0048704	embryonic skeletal system morphogenesis	has_participant(EMAPA:36567)
GO:0048701	embryonic cranial skeleton morphogenesis	has_participant(EMAPA:36567)
GO:0048701	embryonic cranial skeleton morphogenesis	has_participant(EMAPA:36567)
GO:0048704	embryonic skeletal system morphogenesis	has_participant(EMAPA:36567)
GO:0060527	prostate epithelial cord arborization involved in prostate glandular acinus morphogenesis	has_participant(EMAPA:36568)
GO:0048703	embryonic viscerocranium morphogenesis	has_participant(EMAPA:36570)
GO:0001503	ossification	has_participant(EMAPA:36571)
GO:0042474	middle ear morphogenesis	has_participant(EMAPA:36571)
GO:0003222	ventricular trabecula myocardium morphogenesis	has_participant(EMAPA:36573)
GO:0019226	transmission of nerve impulse	has_participant(EMAPA:36577)
GO:0007605	sensory perception of sound	has_participant(EMAPA:36577)
GO:0030326	embryonic limb morphogenesis	has_participant(EMAPA:36579)
GO:0042472	inner ear morphogenesis	has_participant(EMAPA:36580)
GO:0030282	bone mineralization	has_participant(EMAPA:36583)
GO:0048729	tissue morphogenesis	has_participant(EMAPA:36591)
GO:0001974	blood vessel remodeling	has_participant(EMAPA:36612)
GO:0060349	bone morphogenesis	has_participant(EMAPA:36616)
GO:0048704	embryonic skeletal system morphogenesis	has_participant(EMAPA:36617)
GO:0048701	embryonic cranial skeleton morphogenesis	has_participant(EMAPA:36617)
GO:0048701	embryonic cranial skeleton morphogenesis	has_participant(EMAPA:36617)
GO:0048704	embryonic skeletal system morphogenesis	has_participant(EMAPA:36617)
GO:0048704	embryonic skeletal system morphogenesis	has_participant(EMAPA:36618)
GO:0001503	ossification	has_participant(EMAPA:36618)
GO:0048701	embryonic cranial skeleton morphogenesis	has_participant(EMAPA:36618)
GO:0048704	embryonic skeletal system morphogenesis	has_participant(EMAPA:36618)
GO:0048701	embryonic cranial skeleton morphogenesis	has_participant(EMAPA:36619)
GO:0048704	embryonic skeletal system morphogenesis	has_participant(EMAPA:36619)
GO:0048704	embryonic skeletal system morphogenesis	has_participant(EMAPA:36621)
GO:0048644	muscle organ morphogenesis	has_participant(EMAPA:36626)
GO:0007548	sex differentiation	has_participant(EMAPA:36629)
GO:0060443	mammary gland morphogenesis	has_participant(EMAPA:36634)
GO:0031069	hair follicle morphogenesis	has_participant(EMAPA:36640)
GO:2001178	positive regulation of mediator complex assembly	has_participant(GO:0016592)
GO:0032403	protein complex binding	has_participant(GO:0016592)
GO:0003682	chromatin binding	has_participant(MGI:MGI:101770)
GO:0003682	chromatin binding	has_participant(MGI:MGI:101791)
GO:0003682	chromatin binding	has_participant(MGI:MGI:101791)
GO:0006306	DNA methylation	has_participant(MGI:MGI:101893)
GO:0003677	DNA binding	has_participant(MGI:MGI:101893)
GO:0003677	DNA binding	has_participant(MGI:MGI:101893)
GO:0003682	chromatin binding	has_participant(MGI:MGI:101893)
GO:0003886	DNA (cytosine-5-)-methyltransferase activity	has_participant(MGI:MGI:101893)
GO:0003682	chromatin binding	has_participant(MGI:MGI:101893)
GO:0003682	chromatin binding	has_participant(MGI:MGI:101893)
GO:0003682	chromatin binding	has_participant(MGI:MGI:101893)
GO:0003677	DNA binding	has_participant(MGI:MGI:101893)
GO:0003682	chromatin binding	has_participant(MGI:MGI:101914)
GO:0006611	protein export from nucleus	has_participant(MGI:MGI:102469)
GO:0006470	protein dephosphorylation	has_participant(MGI:MGI:102469)
GO:0003682	chromatin binding	has_participant(MGI:MGI:102524)
GO:0003682	chromatin binding	has_participant(MGI:MGI:102525)
GO:0003682	chromatin binding	has_participant(MGI:MGI:102541)
GO:0003682	chromatin binding	has_participant(MGI:MGI:102563)
GO:0003682	chromatin binding	has_participant(MGI:MGI:102672)
GO:0003682	chromatin binding	has_participant(MGI:MGI:102672)
GO:0000977	RNA polymerase II regulatory region sequence-specific DNA binding	has_participant(MGI:MGI:102755)
GO:0003682	chromatin binding	has_participant(MGI:MGI:102810)
GO:0003677	DNA binding	has_participant(MGI:MGI:102851)
GO:0003677	DNA binding	has_participant(MGI:MGI:102851)
GO:0007260	tyrosine phosphorylation of STAT protein	has_participant(MGI:MGI:103036)
GO:0006468	protein phosphorylation	has_participant(MGI:MGI:103063)
GO:0003682	chromatin binding	has_participant(MGI:MGI:103067)
GO:0018105	peptidyl-serine phosphorylation	has_participant(MGI:MGI:103075)
GO:0003682	chromatin binding	has_participant(MGI:MGI:103189)
GO:0003682	chromatin binding	has_participant(MGI:MGI:103189)
GO:0003682	chromatin binding	has_participant(MGI:MGI:103189)
GO:0006611	protein export from nucleus	has_participant(MGI:MGI:103262)
GO:0006468	protein phosphorylation	has_participant(MGI:MGI:103262)
GO:0003682	chromatin binding	has_participant(MGI:MGI:103302)
GO:0006511	ubiquitin-dependent protein catabolic process	has_participant(MGI:MGI:103557)
GO:0003682	chromatin binding	has_participant(MGI:MGI:103573)
GO:0003677	DNA binding	has_participant(MGI:MGI:104554)
GO:0003677	DNA binding	has_participant(MGI:MGI:104554)
GO:0003677	DNA binding	has_participant(MGI:MGI:104555)
GO:0003682	chromatin binding	has_participant(MGI:MGI:104556)
GO:0003682	chromatin binding	has_participant(MGI:MGI:104556)
GO:0003682	chromatin binding	has_participant(MGI:MGI:104556)
GO:0006511	ubiquitin-dependent protein catabolic process	has_participant(MGI:MGI:104556)
GO:0003682	chromatin binding	has_participant(MGI:MGI:104556)
GO:0003682	chromatin binding	has_participant(MGI:MGI:104565)
GO:0042133	neurotransmitter metabolic process	has_participant(MGI:MGI:104629)
GO:0042133	neurotransmitter metabolic process	has_participant(MGI:MGI:104629)
GO:0042133	neurotransmitter metabolic process	has_participant(MGI:MGI:104629)
GO:0042133	neurotransmitter metabolic process	has_participant(MGI:MGI:104629)
GO:0003677	DNA binding	has_participant(MGI:MGI:104659)
GO:0003677	DNA binding	has_participant(MGI:MGI:104773)
GO:0003677	DNA binding	has_participant(MGI:MGI:104798)
GO:0003682	chromatin binding	has_participant(MGI:MGI:104798)
GO:0003682	chromatin binding	has_participant(MGI:MGI:104853)
GO:0044212	transcription regulatory region DNA binding	has_participant(MGI:MGI:104853)
GO:0003677	DNA binding	has_participant(MGI:MGI:104990)
GO:0006376	mRNA splice site selection	has_participant(MGI:MGI:105058)
GO:0003682	chromatin binding	has_participant(MGI:MGI:105097)
GO:0006306	DNA methylation	has_participant(MGI:MGI:105113)
GO:0003682	chromatin binding	has_participant(MGI:MGI:105388)
GO:0003677	DNA binding	has_participant(MGI:MGI:106012)
GO:0003682	chromatin binding	has_participant(MGI:MGI:106676)
GO:0016926	protein desumoylation	has_participant(MGI:MGI:106918)
GO:0006376	mRNA splice site selection	has_participant(MGI:MGI:107437)
GO:0003677	DNA binding	has_participant(MGI:MGI:107504)
GO:0044212	transcription regulatory region DNA binding	has_participant(MGI:MGI:107516)
GO:0003682	chromatin binding	has_participant(MGI:MGI:107516)
GO:0003682	chromatin binding	has_participant(MGI:MGI:107543)
GO:0003682	chromatin binding	has_participant(MGI:MGI:107557)
GO:0003677	DNA binding	has_participant(MGI:MGI:107570)
GO:0003677	DNA binding	has_participant(MGI:MGI:107570)
GO:0003682	chromatin binding	has_participant(MGI:MGI:107606)
GO:0035105	sterol regulatory element binding protein import into nucleus	has_participant(MGI:MGI:107606)
GO:0003682	chromatin binding	has_participant(MGI:MGI:107606)
GO:0003682	chromatin binding	has_participant(MGI:MGI:107656)
GO:0003677	DNA binding	has_participant(MGI:MGI:107704)
GO:0003682	chromatin binding	has_participant(MGI:MGI:107936)
GO:0003677	DNA binding	has_participant(MGI:MGI:108027)
GO:0003682	chromatin binding	has_participant(MGI:MGI:108055)
GO:0003682	chromatin binding	has_participant(MGI:MGI:108061)
GO:0033558	protein deacetylase activity	has_participant(MGI:MGI:108212)
GO:0016579	protein deubiquitination	has_participant(MGI:MGI:108212)
GO:0003677	DNA binding	has_participant(MGI:MGI:108395)
GO:0003677	DNA binding	has_participant(MGI:MGI:109128)
GO:0003682	chromatin binding	has_participant(MGI:MGI:109156)
GO:0003682	chromatin binding	has_participant(MGI:MGI:109189)
GO:0003682	chromatin binding	has_participant(MGI:MGI:109249)
GO:0003682	chromatin binding	has_participant(MGI:MGI:109330)
GO:0003682	chromatin binding	has_participant(MGI:MGI:109334)
GO:0006606	protein import into nucleus	has_participant(MGI:MGI:109344)
GO:0030509	BMP signaling pathway	has_participant(MGI:MGI:109452)
GO:0006468	protein phosphorylation	has_participant(MGI:MGI:109484)
GO:0019538	protein metabolic process	has_participant(MGI:MGI:109486)
GO:0003682	chromatin binding	has_participant(MGI:MGI:109516)
GO:0003682	chromatin binding	has_participant(MGI:MGI:109522)
GO:0003677	DNA binding	has_participant(MGI:MGI:1095413)
GO:0003682	chromatin binding	has_participant(MGI:MGI:1095438)
GO:0003682	chromatin binding	has_participant(MGI:MGI:109562)
GO:0003677	DNA binding	has_participant(MGI:MGI:109583)
GO:0003677	DNA binding	has_participant(MGI:MGI:109617)
GO:0018107	peptidyl-threonine phosphorylation	has_participant(MGI:MGI:1096330)
GO:0017048	Rho GTPase binding	has_participant(MGI:MGI:1096342)
GO:0003677	DNA binding	has_participant(MGI:MGI:1096383)
GO:0003682	chromatin binding	has_participant(MGI:MGI:1096393)
GO:0003682	chromatin binding	has_participant(MGI:MGI:1097153)
GO:0006369	termination of RNA polymerase II transcription	has_participant(MGI:MGI:1098283)
GO:0003682	chromatin binding	has_participant(MGI:MGI:1098693)
GO:0006376	mRNA splice site selection	has_participant(MGI:MGI:1098765)
GO:0003677	DNA binding	has_participant(MGI:MGI:1100089)
GO:0034765	regulation of ion transmembrane transport	has_participant(MGI:MGI:1194915)
GO:0016926	protein desumoylation	has_participant(MGI:MGI:1195985)
GO:0016926	protein desumoylation	has_participant(MGI:MGI:1197010)
GO:0000987	core promoter proximal region sequence-specific DNA binding	has_participant(MGI:MGI:1202709)
GO:0003677	DNA binding	has_participant(MGI:MGI:1270854)
GO:0003677	DNA binding	has_participant(MGI:MGI:1270854)
GO:0006369	termination of RNA polymerase II transcription	has_participant(MGI:MGI:1270859)
GO:0044267	cellular protein metabolic process	has_participant(MGI:MGI:1277151)
GO:0044267	cellular protein metabolic process	has_participant(MGI:MGI:1277151)
GO:0044267	cellular protein metabolic process	has_participant(MGI:MGI:1277151)
GO:0044267	cellular protein metabolic process	has_participant(MGI:MGI:1277151)
GO:0044267	cellular protein metabolic process	has_participant(MGI:MGI:1277151)
GO:0044267	cellular protein metabolic process	has_participant(MGI:MGI:1277151)
GO:0044267	cellular protein metabolic process	has_participant(MGI:MGI:1277151)
GO:0044267	cellular protein metabolic process	has_participant(MGI:MGI:1277151)
GO:0044267	cellular protein metabolic process	has_participant(MGI:MGI:1277151)
GO:0044267	cellular protein metabolic process	has_participant(MGI:MGI:1277151)
GO:0044267	cellular protein metabolic process	has_participant(MGI:MGI:1277151)
GO:0003682	chromatin binding	has_participant(MGI:MGI:1278342)
GO:0030509	BMP signaling pathway	has_participant(MGI:MGI:1328787)
GO:0033558	protein deacetylase activity	has_participant(MGI:MGI:1330824)
GO:0006468	protein phosphorylation	has_participant(MGI:MGI:1333784)
GO:0006913	nucleocytoplasmic transport	has_participant(MGI:MGI:1333784)
GO:0006468	protein phosphorylation	has_participant(MGI:MGI:1333784)
GO:0003682	chromatin binding	has_participant(MGI:MGI:1338068)
GO:0016485	protein processing	has_participant(MGI:MGI:1340806)
GO:0003682	chromatin binding	has_participant(MGI:MGI:1342771)
GO:0003682	chromatin binding	has_participant(MGI:MGI:1342771)
GO:0003682	chromatin binding	has_participant(MGI:MGI:1343498)
GO:0010467	gene expression	has_participant(MGI:MGI:1344337)
GO:0010467	gene expression	has_participant(MGI:MGI:1344337)
GO:0006376	mRNA splice site selection	has_participant(MGI:MGI:1344412)
GO:0003677	DNA binding	has_participant(MGI:MGI:1345281)
GO:0006468	protein phosphorylation	has_participant(MGI:MGI:1346865)
GO:0003682	chromatin binding	has_participant(MGI:MGI:1347007)
GO:0003677	DNA binding	has_participant(MGI:MGI:1347476)
GO:0003677	DNA binding	has_participant(MGI:MGI:1347476)
GO:0003677	DNA binding	has_participant(MGI:MGI:1347476)
GO:0018105	peptidyl-serine phosphorylation	has_participant(MGI:MGI:1347521)
GO:0003682	chromatin binding	has_participant(MGI:MGI:1351327)
GO:0003682	chromatin binding	has_participant(MGI:MGI:1351338)
GO:0003682	chromatin binding	has_participant(MGI:MGI:1351655)
GO:0051457	maintenance of protein location in nucleus	has_participant(MGI:MGI:1352460)
GO:0003677	DNA binding	has_participant(MGI:MGI:1354755)
GO:0006511	ubiquitin-dependent protein catabolic process	has_participant(MGI:MGI:1355314)
GO:0006376	mRNA splice site selection	has_participant(MGI:MGI:1859274)
GO:0030509	BMP signaling pathway	has_participant(MGI:MGI:1859993)
GO:0006508	proteolysis	has_participant(MGI:MGI:1860267)
GO:0006611	protein export from nucleus	has_participant(MGI:MGI:1861437)
GO:0006468	protein phosphorylation	has_participant(MGI:MGI:1861721)
GO:0006513	protein monoubiquitination	has_participant(MGI:MGI:1888986)
GO:0044267	cellular protein metabolic process	has_participant(MGI:MGI:1889011)
GO:0044267	cellular protein metabolic process	has_participant(MGI:MGI:1889011)
GO:0044267	cellular protein metabolic process	has_participant(MGI:MGI:1889011)
GO:0044267	cellular protein metabolic process	has_participant(MGI:MGI:1889011)
GO:0044267	cellular protein metabolic process	has_participant(MGI:MGI:1889011)
GO:0044267	cellular protein metabolic process	has_participant(MGI:MGI:1889011)
GO:0044267	cellular protein metabolic process	has_participant(MGI:MGI:1889011)
GO:0044267	cellular protein metabolic process	has_participant(MGI:MGI:1889011)
GO:0003682	chromatin binding	has_participant(MGI:MGI:1889585)
GO:0003682	chromatin binding	has_participant(MGI:MGI:1889585)
GO:0044212	transcription regulatory region DNA binding	has_participant(MGI:MGI:1890410)
GO:0003677	DNA binding	has_participant(MGI:MGI:1890518)
GO:0003677	DNA binding	has_participant(MGI:MGI:1891338)
GO:0006511	ubiquitin-dependent protein catabolic process	has_participant(MGI:MGI:1891700)
GO:0006470	protein dephosphorylation	has_participant(MGI:MGI:1891835)
GO:0006627	protein processing involved in protein targeting to mitochondrion	has_participant(MGI:MGI:1913843)
GO:0006611	protein export from nucleus	has_participant(MGI:MGI:1914149)
GO:0016485	protein processing	has_participant(MGI:MGI:1914419)
GO:0044212	transcription regulatory region DNA binding	has_participant(MGI:MGI:1914487)
GO:0003682	chromatin binding	has_participant(MGI:MGI:1914639)
GO:0003682	chromatin binding	has_participant(MGI:MGI:1915166)
GO:0006468	protein phosphorylation	has_participant(MGI:MGI:1915218)
GO:0019538	protein metabolic process	has_participant(MGI:MGI:1915513)
GO:0003682	chromatin binding	has_participant(MGI:MGI:1916202)
GO:0003682	chromatin binding	has_participant(MGI:MGI:1918940)
GO:0006306	DNA methylation	has_participant(MGI:MGI:1919200)
GO:0003682	chromatin binding	has_participant(MGI:MGI:1919200)
GO:0003682	chromatin binding	has_participant(MGI:MGI:1919200)
GO:0003677	DNA binding	has_participant(MGI:MGI:1919200)
GO:0000979	RNA polymerase II core promoter sequence-specific DNA binding	has_participant(MGI:MGI:1919404)
GO:0018105	peptidyl-serine phosphorylation	has_participant(MGI:MGI:1920431)
GO:0006470	protein dephosphorylation	has_participant(MGI:MGI:1920431)
GO:0003677	DNA binding	has_participant(MGI:MGI:1921305)
GO:0003682	chromatin binding	has_participant(MGI:MGI:1921325)
GO:0006470	protein dephosphorylation	has_participant(MGI:MGI:1921593)
GO:0006468	protein phosphorylation	has_participant(MGI:MGI:1921991)
GO:0003677	DNA binding	has_participant(MGI:MGI:1924108)
GO:0010467	gene expression	has_participant(MGI:MGI:1926218)
GO:0006376	mRNA splice site selection	has_participant(MGI:MGI:1928482)
GO:0006338	chromatin remodeling	has_participant(MGI:MGI:1929913)
GO:0003677	DNA binding	has_participant(MGI:MGI:1929913)
GO:0003682	chromatin binding	has_participant(MGI:MGI:1930001)
GO:0006606	protein import into nucleus	has_participant(MGI:MGI:1930018)
GO:0006907	pinocytosis	has_participant(MGI:MGI:1931256)
GO:0003677	DNA binding	has_participant(MGI:MGI:1931838)
GO:0006468	protein phosphorylation	has_participant(MGI:MGI:1932915)
GO:0008022	protein C-terminus binding	has_participant(MGI:MGI:1933154)
GO:0003682	chromatin binding	has_participant(MGI:MGI:1935147)
GO:0003682	chromatin binding	has_participant(MGI:MGI:2136343)
GO:0006468	protein phosphorylation	has_participant(MGI:MGI:2138281)
GO:0003677	DNA binding	has_participant(MGI:MGI:2139360)
GO:0006907	pinocytosis	has_participant(MGI:MGI:2140175)
GO:0003682	chromatin binding	has_participant(MGI:MGI:2140940)
GO:0006376	mRNA splice site selection	has_participant(MGI:MGI:2145597)
GO:0003682	chromatin binding	has_participant(MGI:MGI:2146182)
GO:0003677	DNA binding	has_participant(MGI:MGI:2149290)
GO:0003682	chromatin binding	has_participant(MGI:MGI:2149955)
GO:0006468	protein phosphorylation	has_participant(MGI:MGI:2180167)
GO:0003682	chromatin binding	has_participant(MGI:MGI:2385299)
GO:0003682	chromatin binding	has_participant(MGI:MGI:2387432)
GO:0003682	chromatin binding	has_participant(MGI:MGI:2443113)
GO:0003682	chromatin binding	has_participant(MGI:MGI:2443298)
GO:0003682	chromatin binding	has_participant(MGI:MGI:2444417)
GO:0003682	chromatin binding	has_participant(MGI:MGI:2447076)
GO:0003682	chromatin binding	has_participant(MGI:MGI:2448427)
GO:0000979	RNA polymerase II core promoter sequence-specific DNA binding	has_participant(MGI:MGI:2661061)
GO:0003677	DNA binding	has_participant(MGI:MGI:2664186)
GO:0006376	mRNA splice site selection	has_participant(MGI:MGI:2679008)
GO:0003677	DNA binding	has_participant(MGI:MGI:3030810)
GO:0006468	protein phosphorylation	has_participant(MGI:MGI:3036234)
GO:0006913	nucleocytoplasmic transport	has_participant(MGI:MGI:3036234)
GO:0006468	protein phosphorylation	has_participant(MGI:MGI:3036234)
GO:0003677	DNA binding	has_participant(MGI:MGI:3046414)
GO:0016567	protein ubiquitination	has_participant(MGI:MGI:3603344)
GO:0006470	protein dephosphorylation	has_participant(MGI:MGI:3610315)
GO:0090002	establishment of protein localization to plasma membrane	has_participant(MGI:MGI:3612190)
GO:0000987	core promoter proximal region sequence-specific DNA binding	has_participant(MGI:MGI:3612190)
GO:0006468	protein phosphorylation	has_participant(MGI:MGI:3646964)
GO:0003677	DNA binding	has_participant(MGI:MGI:4414022)
GO:0003682	chromatin binding	has_participant(MGI:MGI:87909)
GO:0003682	chromatin binding	has_participant(MGI:MGI:87951)
GO:0003677	DNA binding	has_participant(MGI:MGI:87963)
GO:0003677	DNA binding	has_participant(MGI:MGI:87964)
GO:0006897	endocytosis	has_participant(MGI:MGI:87991)
GO:0003677	DNA binding	has_participant(MGI:MGI:88006)
GO:0003682	chromatin binding	has_participant(MGI:MGI:88038)
GO:0003682	chromatin binding	has_participant(MGI:MGI:88038)
GO:0016485	protein processing	has_participant(MGI:MGI:88059)
GO:0016485	protein processing	has_participant(MGI:MGI:88059)
GO:0010467	gene expression	has_participant(MGI:MGI:88138)
GO:0016485	protein processing	has_participant(MGI:MGI:88139)
GO:0016485	protein processing	has_participant(MGI:MGI:88139)
GO:0003682	chromatin binding	has_participant(MGI:MGI:88156)
GO:0003677	DNA binding	has_participant(MGI:MGI:88177)
GO:0030509	BMP signaling pathway	has_participant(MGI:MGI:88177)
GO:0003682	chromatin binding	has_participant(MGI:MGI:88180)
GO:0030509	BMP signaling pathway	has_participant(MGI:MGI:88180)
GO:0042733	embryonic digit morphogenesis	has_participant(MGI:MGI:88180)
GO:0003677	DNA binding	has_participant(MGI:MGI:88250)
GO:0006468	protein phosphorylation	has_participant(MGI:MGI:88276)
GO:0042133	neurotransmitter metabolic process	has_participant(MGI:MGI:88297)
GO:0042133	neurotransmitter metabolic process	has_participant(MGI:MGI:88297)
GO:0003682	chromatin binding	has_participant(MGI:MGI:88313)
GO:0003682	chromatin binding	has_participant(MGI:MGI:88313)
GO:0003682	chromatin binding	has_participant(MGI:MGI:88313)
GO:0003682	chromatin binding	has_participant(MGI:MGI:88313)
GO:0003682	chromatin binding	has_participant(MGI:MGI:88354)
GO:0003682	chromatin binding	has_participant(MGI:MGI:88355)
GO:0003682	chromatin binding	has_participant(MGI:MGI:88364)
GO:0003677	DNA binding	has_participant(MGI:MGI:88364)
GO:0003682	chromatin binding	has_participant(MGI:MGI:88373)
GO:0003677	DNA binding	has_participant(MGI:MGI:88390)
GO:0018105	peptidyl-serine phosphorylation	has_participant(MGI:MGI:88398)
GO:0006611	protein export from nucleus	has_participant(MGI:MGI:88401)
GO:0003682	chromatin binding	has_participant(MGI:MGI:88413)
GO:0003676	nucleic acid binding	has_participant(MGI:MGI:88452)
GO:0003682	chromatin binding	has_participant(MGI:MGI:88452)
GO:0003677	DNA binding	has_participant(MGI:MGI:88452)
GO:0016485	protein processing	has_participant(MGI:MGI:88453)
GO:0030199	collagen fibril organization	has_participant(MGI:MGI:88453)
GO:0003677	DNA binding	has_participant(MGI:MGI:88467)
GO:0003677	DNA binding	has_participant(MGI:MGI:88467)
GO:0016485	protein processing	has_participant(MGI:MGI:88467)
GO:0018205	peptidyl-lysine modification	has_participant(MGI:MGI:88467)
GO:0018205	peptidyl-lysine modification	has_participant(MGI:MGI:88467)
GO:0016485	protein processing	has_participant(MGI:MGI:88467)
GO:0030199	collagen fibril organization	has_participant(MGI:MGI:88467)
GO:0003682	chromatin binding	has_participant(MGI:MGI:88467)
GO:0003677	DNA binding	has_participant(MGI:MGI:88468)
GO:0016485	protein processing	has_participant(MGI:MGI:88468)
GO:0016485	protein processing	has_participant(MGI:MGI:88468)
GO:0030199	collagen fibril organization	has_participant(MGI:MGI:88468)
GO:0003677	DNA binding	has_participant(MGI:MGI:88476)
GO:0003682	chromatin binding	has_participant(MGI:MGI:88491)
GO:0006513	protein monoubiquitination	has_participant(MGI:MGI:88557)
GO:0006511	ubiquitin-dependent protein catabolic process	has_participant(MGI:MGI:88557)
GO:0006513	protein monoubiquitination	has_participant(MGI:MGI:88557)
GO:0016485	protein processing	has_participant(MGI:MGI:88562)
GO:0003682	chromatin binding	has_participant(MGI:MGI:88613)
GO:0010736	serum response element binding	has_participant(MGI:MGI:88613)
GO:0019538	protein metabolic process	has_participant(MGI:MGI:894320)
GO:0006468	protein phosphorylation	has_participant(MGI:MGI:894678)
GO:0003682	chromatin binding	has_participant(MGI:MGI:94880)
GO:0003677	DNA binding	has_participant(MGI:MGI:94890)
GO:0000987	core promoter proximal region sequence-specific DNA binding	has_participant(MGI:MGI:94909)
GO:0006468	protein phosphorylation	has_participant(MGI:MGI:94941)
GO:0000980	RNA polymerase II distal enhancer sequence-specific DNA binding	has_participant(MGI:MGI:95296)
GO:0003677	DNA binding	has_participant(MGI:MGI:95407)
GO:0003682	chromatin binding	has_participant(MGI:MGI:95485)
GO:0003677	DNA binding	has_participant(MGI:MGI:95518)
GO:0006606	protein import into nucleus	has_participant(MGI:MGI:95523)
GO:0000980	RNA polymerase II distal enhancer sequence-specific DNA binding	has_participant(MGI:MGI:95554)
GO:0010736	serum response element binding	has_participant(MGI:MGI:95574)
GO:0003677	DNA binding	has_participant(MGI:MGI:95582)
GO:0017124	SH3 domain binding	has_participant(MGI:MGI:95602)
GO:0003682	chromatin binding	has_participant(MGI:MGI:95621)
GO:0000980	RNA polymerase II distal enhancer sequence-specific DNA binding	has_participant(MGI:MGI:95662)
GO:0003682	chromatin binding	has_participant(MGI:MGI:95662)
GO:0003677	DNA binding	has_participant(MGI:MGI:95662)
GO:0000979	RNA polymerase II core promoter sequence-specific DNA binding	has_participant(MGI:MGI:95663)
GO:0003677	DNA binding	has_participant(MGI:MGI:95663)
GO:0044212	transcription regulatory region DNA binding	has_participant(MGI:MGI:95664)
GO:0003677	DNA binding	has_participant(MGI:MGI:95664)
GO:0003677	DNA binding	has_participant(MGI:MGI:95674)
GO:0003677	DNA binding	has_participant(MGI:MGI:95674)
GO:0003677	DNA binding	has_participant(MGI:MGI:95674)
GO:0003677	DNA binding	has_participant(MGI:MGI:95679)
GO:0003677	DNA binding	has_participant(MGI:MGI:95679)
GO:0006376	mRNA splice site selection	has_participant(MGI:MGI:95698)
GO:0003677	DNA binding	has_participant(MGI:MGI:95705)
GO:0035556	intracellular signal transduction	has_participant(MGI:MGI:95707)
GO:0003682	chromatin binding	has_participant(MGI:MGI:95710)
GO:0006611	protein export from nucleus	has_participant(MGI:MGI:95727)
GO:0006468	protein phosphorylation	has_participant(MGI:MGI:95728)
GO:0003682	chromatin binding	has_participant(MGI:MGI:95728)
GO:0016485	protein processing	has_participant(MGI:MGI:95729)
GO:0019538	protein metabolic process	has_participant(MGI:MGI:95741)
GO:0003682	chromatin binding	has_participant(MGI:MGI:95760)
GO:0003682	chromatin binding	has_participant(MGI:MGI:95789)
GO:0006907	pinocytosis	has_participant(MGI:MGI:95794)
GO:0017124	SH3 domain binding	has_participant(MGI:MGI:95805)
GO:0006511	ubiquitin-dependent protein catabolic process	has_participant(MGI:MGI:95819)
GO:0003682	chromatin binding	has_participant(MGI:MGI:95880)
GO:0003682	chromatin binding	has_participant(MGI:MGI:95880)
GO:0010216	maintenance of DNA methylation	has_participant(MGI:MGI:95891)
GO:0003682	chromatin binding	has_participant(MGI:MGI:96015)
GO:0000978	RNA polymerase II core promoter proximal region sequence-specific DNA binding	has_participant(MGI:MGI:96020)
GO:0003682	chromatin binding	has_participant(MGI:MGI:96071)
GO:0006509	membrane protein ectodomain proteolysis	has_participant(MGI:MGI:96083)
GO:0003682	chromatin binding	has_participant(MGI:MGI:96170)
GO:0003682	chromatin binding	has_participant(MGI:MGI:96174)
GO:0000980	RNA polymerase II distal enhancer sequence-specific DNA binding	has_participant(MGI:MGI:96174)
GO:0003682	chromatin binding	has_participant(MGI:MGI:96177)
GO:0003682	chromatin binding	has_participant(MGI:MGI:96177)
GO:0003682	chromatin binding	has_participant(MGI:MGI:96180)
GO:0006338	chromatin remodeling	has_participant(MGI:MGI:96180)
GO:0003682	chromatin binding	has_participant(MGI:MGI:96182)
GO:0003682	chromatin binding	has_participant(MGI:MGI:96182)
GO:0003682	chromatin binding	has_participant(MGI:MGI:96182)
GO:0003677	DNA binding	has_participant(MGI:MGI:96183)
GO:0003682	chromatin binding	has_participant(MGI:MGI:96184)
GO:0003682	chromatin binding	has_participant(MGI:MGI:96184)
GO:0003682	chromatin binding	has_participant(MGI:MGI:96185)
GO:0003682	chromatin binding	has_participant(MGI:MGI:96185)
GO:0003682	chromatin binding	has_participant(MGI:MGI:96185)
GO:0003682	chromatin binding	has_participant(MGI:MGI:96185)
GO:0003682	chromatin binding	has_participant(MGI:MGI:96186)
GO:0003682	chromatin binding	has_participant(MGI:MGI:96187)
GO:0003682	chromatin binding	has_participant(MGI:MGI:96187)
GO:0003682	chromatin binding	has_participant(MGI:MGI:96187)
GO:0003682	chromatin binding	has_participant(MGI:MGI:96189)
GO:0016573	histone acetylation	has_participant(MGI:MGI:96189)
GO:0003682	chromatin binding	has_participant(MGI:MGI:96189)
GO:0003682	chromatin binding	has_participant(MGI:MGI:96189)
GO:0003682	chromatin binding	has_participant(MGI:MGI:96189)
GO:0003682	chromatin binding	has_participant(MGI:MGI:96197)
GO:0003682	chromatin binding	has_participant(MGI:MGI:96197)
GO:0006306	DNA methylation	has_participant(MGI:MGI:96208)
GO:0003682	chromatin binding	has_participant(MGI:MGI:96226)
GO:0006338	chromatin remodeling	has_participant(MGI:MGI:96437)
GO:0003682	chromatin binding	has_participant(MGI:MGI:96440)
GO:0003682	chromatin binding	has_participant(MGI:MGI:96440)
GO:0003677	DNA binding	has_participant(MGI:MGI:96449)
GO:0003682	chromatin binding	has_participant(MGI:MGI:96533)
GO:0000979	RNA polymerase II core promoter sequence-specific DNA binding	has_participant(MGI:MGI:96541)
GO:0016485	protein processing	has_participant(MGI:MGI:96543)
GO:0000978	RNA polymerase II core promoter proximal region sequence-specific DNA binding	has_participant(MGI:MGI:96548)
GO:0000979	RNA polymerase II core promoter sequence-specific DNA binding	has_participant(MGI:MGI:96557)
GO:0044212	transcription regulatory region DNA binding	has_participant(MGI:MGI:96612)
GO:0003677	DNA binding	has_participant(MGI:MGI:96683)
GO:0003682	chromatin binding	has_participant(MGI:MGI:96688)
GO:0003677	DNA binding	has_participant(MGI:MGI:96693)
GO:0003682	chromatin binding	has_participant(MGI:MGI:96837)
GO:0003682	chromatin binding	has_participant(MGI:MGI:96837)
GO:0003682	chromatin binding	has_participant(MGI:MGI:96837)
GO:0003677	DNA binding	has_participant(MGI:MGI:96925)
GO:0003682	chromatin binding	has_participant(MGI:MGI:96928)
GO:0003677	DNA binding	has_participant(MGI:MGI:97004)
GO:0003682	chromatin binding	has_participant(MGI:MGI:97168)
GO:0003682	chromatin binding	has_participant(MGI:MGI:97171)
GO:0003682	chromatin binding	has_participant(MGI:MGI:97250)
GO:0003682	chromatin binding	has_participant(MGI:MGI:97250)
GO:0003682	chromatin binding	has_participant(MGI:MGI:97276)
GO:0001102	RNA polymerase II activating transcription factor binding	has_participant(MGI:MGI:97308)
GO:0003677	DNA binding	has_participant(MGI:MGI:97312)
GO:0003682	chromatin binding	has_participant(MGI:MGI:97350)
GO:0003682	chromatin binding	has_participant(MGI:MGI:97357)
GO:0003682	chromatin binding	has_participant(MGI:MGI:97357)
GO:0016485	protein processing	has_participant(MGI:MGI:97363)
GO:0006493	protein O-linked glycosylation	has_participant(MGI:MGI:97363)
GO:0003682	chromatin binding	has_participant(MGI:MGI:97363)
GO:0003682	chromatin binding	has_participant(MGI:MGI:97367)
GO:0003682	chromatin binding	has_participant(MGI:MGI:97486)
GO:0003682	chromatin binding	has_participant(MGI:MGI:97486)
GO:0003677	DNA binding	has_participant(MGI:MGI:97490)
GO:0003682	chromatin binding	has_participant(MGI:MGI:97501)
GO:0003682	chromatin binding	has_participant(MGI:MGI:97501)
GO:0003677	DNA binding	has_participant(MGI:MGI:97508)
GO:0016485	protein processing	has_participant(MGI:MGI:97513)
GO:0003682	chromatin binding	has_participant(MGI:MGI:97530)
GO:0003682	chromatin binding	has_participant(MGI:MGI:97530)
GO:0019538	protein metabolic process	has_participant(MGI:MGI:97532)
GO:0003682	chromatin binding	has_participant(MGI:MGI:97567)
GO:0003682	chromatin binding	has_participant(MGI:MGI:97588)
GO:0003682	chromatin binding	has_participant(MGI:MGI:97588)
GO:0006468	protein phosphorylation	has_participant(MGI:MGI:97621)
GO:0003677	DNA binding	has_participant(MGI:MGI:97742)
GO:0003682	chromatin binding	has_participant(MGI:MGI:97747)
GO:0003682	chromatin binding	has_participant(MGI:MGI:97774)
GO:0017091	AU-rich element binding	has_participant(MGI:MGI:97798)
GO:0003677	DNA binding	has_participant(MGI:MGI:97849)
GO:0003682	chromatin binding	has_participant(MGI:MGI:97857)
GO:0003682	chromatin binding	has_participant(MGI:MGI:97914)
GO:0003677	DNA binding	has_participant(MGI:MGI:98277)
GO:0006509	membrane protein ectodomain proteolysis	has_participant(MGI:MGI:98279)
GO:0003682	chromatin binding	has_participant(MGI:MGI:98282)
GO:0006468	protein phosphorylation	has_participant(MGI:MGI:98283)
GO:0003682	chromatin binding	has_participant(MGI:MGI:98297)
GO:0003682	chromatin binding	has_participant(MGI:MGI:98297)
GO:0042133	neurotransmitter metabolic process	has_participant(MGI:MGI:98326)
GO:0042133	neurotransmitter metabolic process	has_participant(MGI:MGI:98326)
GO:0003682	chromatin binding	has_participant(MGI:MGI:98364)
GO:0003682	chromatin binding	has_participant(MGI:MGI:98364)
GO:0003682	chromatin binding	has_participant(MGI:MGI:98364)
GO:0003677	DNA binding	has_participant(MGI:MGI:98389)
GO:0003682	chromatin binding	has_participant(MGI:MGI:98460)
GO:0000980	RNA polymerase II distal enhancer sequence-specific DNA binding	has_participant(MGI:MGI:98480)
GO:0003682	chromatin binding	has_participant(MGI:MGI:98493)
GO:0003682	chromatin binding	has_participant(MGI:MGI:98494)
GO:0003682	chromatin binding	has_participant(MGI:MGI:98494)
GO:0003682	chromatin binding	has_participant(MGI:MGI:98495)
GO:0003682	chromatin binding	has_participant(MGI:MGI:98726)
GO:0043112	receptor metabolic process	has_participant(MGI:MGI:98729)
GO:0003677	DNA binding	has_participant(MGI:MGI:98730)
GO:0010467	gene expression	has_participant(MGI:MGI:98735)
GO:0010467	gene expression	has_participant(MGI:MGI:98735)
GO:0003677	DNA binding	has_participant(MGI:MGI:98769)
GO:0007588	excretion	has_participant(MGI:MGI:98821)
GO:0030350	iron-responsive element binding	has_participant(MGI:MGI:98822)
GO:0006376	mRNA splice site selection	has_participant(MGI:MGI:98864)
GO:0003677	DNA binding	has_participant(MGI:MGI:98865)
GO:0003677	DNA binding	has_participant(MGI:MGI:98865)
GO:0006606	protein import into nucleus	has_participant(MGI:MGI:98874)
GO:0006486	protein glycosylation	has_participant(MGI:MGI:98941)
GO:0003677	DNA binding	has_participant(MGI:MGI:98954)
GO:0003677	DNA binding	has_participant(MGI:MGI:98962)
GO:0003682	chromatin binding	has_participant(MGI:MGI:99438)
GO:0006468	protein phosphorylation	has_participant(MGI:MGI:99454)
GO:0006468	protein phosphorylation	has_participant(MGI:MGI:99454)
GO:0006406	mRNA export from nucleus	has_participant(MGI:MGI:99517)
GO:0006606	protein import into nucleus	has_participant(MGI:MGI:99517)
GO:0019538	protein metabolic process	has_participant(MGI:MGI:99523)
GO:0003682	chromatin binding	has_participant(MGI:MGI:99560)
GO:0003682	chromatin binding	has_participant(MGI:MGI:99583)
GO:0003682	chromatin binding	has_participant(MGI:MGI:99612)
GO:0003682	chromatin binding	has_participant(MGI:MGI:99655)
GO:0003677	DNA binding	has_participant(MGI:MGI:99660)
GO:0000060	protein import into nucleus, translocation	has_participant(MGI:MGI:99660)
GO:0006626	protein targeting to mitochondrion	has_participant(MGI:MGI:99702)
GO:0003682	chromatin binding	has_participant(MGI:MGI:99852)
GO:0003682	chromatin binding	has_participant(MGI:MGI:99852)
GO:0003682	chromatin binding	has_participant(MGI:MGI:99852)
GO:0003682	chromatin binding	has_participant(MGI:MGI:99852)
GO:0051291	protein heterooligomerization	has_participant(UniProtKB:D3ZYL0)
GO:0097194	execution phase of apoptosis	has_participant(UniProtKB:D9PTP5)
GO:0071345	cellular response to cytokine stimulus	has_participant(UniProtKB:E7FKY2)
GO:0023027	MHC class I protein binding, via antigen binding groove	has_participant(UniProtKB:F1CN43)
GO:0051291	protein heterooligomerization	has_participant(UniProtKB:F6THC2)
GO:0004867	serine-type endopeptidase inhibitor activity	has_participant(UniProtKB:G1NJS7)
GO:0001933	negative regulation of protein phosphorylation	has_participant(UniProtKB:H0YRX1
GO:0004674	protein serine/threonine kinase activity	has_participant(UniProtKB:H0Z303
GO:0008013	beta-catenin binding	has_participant(UniProtKB:H0Z303
GO:0051291	protein heterooligomerization	has_participant(UniProtKB:H2PHS1)
GO:0051291	protein heterooligomerization	has_participant(UniProtKB:H2QS79)
GO:0045893	positive regulation of transcription, DNA-templated	has_participant(UniProtKB:O42486)
GO:0023027	MHC class I protein binding, via antigen binding groove	has_participant(UniProtKB:O46789)
GO:0023027	MHC class I protein binding, via antigen binding groove	has_participant(UniProtKB:O46790)
GO:2001240	negative regulation of extrinsic apoptotic signaling pathway in absence of ligand	has_participant(UniProtKB:O54918)
GO:0038117	C-C motif chemokine 19 receptor activity	has_participant(UniProtKB:O70460)
GO:0010756	positive regulation of plasminogen activation	has_participant(UniProtKB:P00750)
GO:0051460	negative regulation of corticotropin secretion	has_participant(UniProtKB:P01189)
GO:1904657	negative regulation of sensory perception of sweet taste	has_participant(UniProtKB:P02881)
GO:1904657	negative regulation of sensory perception of sweet taste	has_participant(UniProtKB:P02883)
GO:0044721	protein import into peroxisome matrix, substrate release	has_participant(UniProtKB:P04040)
GO:0016560	protein import into peroxisome matrix, docking	has_participant(UniProtKB:P04040)
GO:0001047	core promoter binding	has_participant(UniProtKB:P10826)
GO:0051879	Hsp90 protein binding	has_participant(UniProtKB:P11501)
GO:0007166	cell surface receptor signaling pathway	has_participant(UniProtKB:P13773
GO:0007158	neuron cell-cell adhesion	has_participant(UniProtKB:P15116)
GO:0007158	neuron cell-cell adhesion	has_participant(UniProtKB:P19022)
GO:0034056	estrogen response element binding	has_participant(UniProtKB:P24387)
GO:0001046	core promoter sequence-specific DNA binding	has_participant(UniProtKB:P24387)
GO:0072657	protein localization to membrane	has_participant(UniProtKB:P35401
GO:0097194	execution phase of apoptosis	has_participant(UniProtKB:P39055)
GO:0007157	heterophilic cell-cell adhesion via plasma membrane cell adhesion molecules	has_participant(UniProtKB:P42523
GO:0098635	protein complex involved in cell-cell adhesion	has_participant(UniProtKB:P42523)
GO:2001244	positive regulation of intrinsic apoptotic signaling pathway	has_participant(UniProtKB:P51572)
GO:0072657	protein localization to membrane	has_participant(UniProtKB:P54673
GO:0043065	positive regulation of apoptotic process	has_participant(UniProtKB:P55211)
GO:0090201	negative regulation of release of cytochrome c from mitochondria	has_participant(UniProtKB:P58281)
GO:2001243	negative regulation of intrinsic apoptotic signaling pathway	has_participant(UniProtKB:P58281)
GO:0006977	DNA damage response, signal transduction by p53 class mediator resulting in cell cycle arrest	has_participant(UniProtKB:P78560)
GO:0007182	common-partner SMAD protein phosphorylation	has_participant(UniProtKB:P84022)
GO:0007182	common-partner SMAD protein phosphorylation	has_participant(UniProtKB:P84022)
GO:0038121	C-C motif chemokine 21 receptor activity	has_participant(UniProtKB:P84444)
GO:0043065	positive regulation of apoptotic process	has_participant(UniProtKB:P99999)
GO:0032459	regulation of protein oligomerization	has_participant(UniProtKB:Q07812)
GO:0060545	positive regulation of necroptotic process	has_participant(UniProtKB:Q13158
GO:2001238	positive regulation of extrinsic apoptotic signaling pathway	has_participant(UniProtKB:Q13158
GO:0060545	positive regulation of necroptotic process	has_participant(UniProtKB:Q13490)
GO:2001238	positive regulation of extrinsic apoptotic signaling pathway	has_participant(UniProtKB:Q13490)
GO:0060545	positive regulation of necroptotic process	has_participant(UniProtKB:Q13546)
GO:0051291	protein heterooligomerization	has_participant(UniProtKB:Q13546)
GO:0090200	positive regulation of release of cytochrome c from mitochondria	has_participant(UniProtKB:Q13794)
GO:0043065	positive regulation of apoptotic process	has_participant(UniProtKB:Q13794)
GO:0060545	positive regulation of necroptotic process	has_participant(UniProtKB:Q14790
GO:2001238	positive regulation of extrinsic apoptotic signaling pathway	has_participant(UniProtKB:Q14790
GO:0000122	negative regulation of transcription from RNA polymerase II promoter	has_participant(UniProtKB:Q14956)
GO:0007182	common-partner SMAD protein phosphorylation	has_participant(UniProtKB:Q15797)
GO:0051291	protein heterooligomerization	has_participant(UniProtKB:Q3SZK6)
GO:0043069	negative regulation of programmed cell death	has_participant(UniProtKB:Q4A187)
GO:0072659	protein localization to plasma membrane	has_participant(UniProtKB:Q54JL7)
GO:0007157	heterophilic cell-cell adhesion via plasma membrane cell adhesion molecules	has_participant(UniProtKB:Q54V07)
GO:0098635	protein complex involved in cell-cell adhesion	has_participant(UniProtKB:Q54V07)
GO:2001243	negative regulation of intrinsic apoptotic signaling pathway	has_participant(UniProtKB:Q5XJY4)
GO:0090201	negative regulation of release of cytochrome c from mitochondria	has_participant(UniProtKB:Q5XJY4)
GO:0051291	protein heterooligomerization	has_participant(UniProtKB:Q60855)
GO:0050821	protein stabilization	has_participant(UniProtKB:Q61221
GO:0070888	E-box binding	has_participant(UniProtKB:Q64HP0)
GO:0042605	peptide antigen binding	has_participant(UniProtKB:Q6J4Y8)
GO:1904657	negative regulation of sensory perception of sweet taste	has_participant(UniProtKB:Q6LEL2)
GO:0043069	negative regulation of programmed cell death	has_participant(UniProtKB:Q7XJE5)
GO:0004867	serine-type endopeptidase inhibitor activity	has_participant(UniProtKB:Q800Y7)
GO:0090200	positive regulation of release of cytochrome c from mitochondria	has_participant(UniProtKB:Q92934)
GO:0043065	positive regulation of apoptotic process	has_participant(UniProtKB:Q92934)
GO:0007182	common-partner SMAD protein phosphorylation	has_participant(UniProtKB:Q99717)
GO:0042605	peptide antigen binding	has_participant(UniProtKB:Q9DG07)
GO:0097194	execution phase of apoptosis	has_participant(UniProtKB:Q9GYJ9)
GO:0006977	DNA damage response, signal transduction by p53 class mediator resulting in cell cycle arrest	has_participant(UniProtKB:Q9HB75)
GO:2001244	positive regulation of intrinsic apoptotic signaling pathway	has_participant(UniProtKB:Q9Y3D6)
GO:0060545	positive regulation of necroptotic process	has_participant(UniProtKB:Q9Y572)
GO:0016441	posttranscriptional gene silencing	has_regulation_target(DDB:DDB_G0267258
GO:0016441	posttranscriptional gene silencing	has_regulation_target(DDB:DDB_G0267260
GO:0016441	posttranscriptional gene silencing	has_regulation_target(DDB:DDB_G0267338)
GO:0000976	transcription regulatory region sequence-specific DNA binding	has_regulation_target(DDB:DDB_G0269124
GO:0000976	transcription regulatory region sequence-specific DNA binding	has_regulation_target(DDB:DDB_G0273397
GO:0000976	transcription regulatory region sequence-specific DNA binding	has_regulation_target(DDB:DDB_G0277829
GO:0000976	transcription regulatory region sequence-specific DNA binding	has_regulation_target(DDB:DDB_G0281545
GO:0000976	transcription regulatory region sequence-specific DNA binding	has_regulation_target(DDB:DDB_G0289393
GO:0000976	transcription regulatory region sequence-specific DNA binding	has_regulation_target(DDB:DDB_G0289813
GO:0000976	transcription regulatory region sequence-specific DNA binding	has_regulation_target(DDB:DDB_G0289831
GO:0010629	negative regulation of gene expression	has_regulation_target(ENSEMBL:ENSBTAG00000001321)
GO:0010628	positive regulation of gene expression	has_regulation_target(ENSEMBL:ENSBTAG00000003994
GO:0010628	positive regulation of gene expression	has_regulation_target(ENSEMBL:ENSBTAG00000005910)
GO:0010628	positive regulation of gene expression	has_regulation_target(ENSEMBL:ENSBTAG00000006894
GO:0023019	signal transduction involved in regulation of gene expression	has_regulation_target(ENSEMBL:ENSBTAG00000006894)
GO:0010628	positive regulation of gene expression	has_regulation_target(ENSEMBL:ENSBTAG00000007062
GO:0010628	positive regulation of gene expression	has_regulation_target(ENSEMBL:ENSBTAG00000014447
GO:0010629	negative regulation of gene expression	has_regulation_target(ENSEMBL:ENSBTAG00000014911)
GO:0010629	negative regulation of gene expression	has_regulation_target(ENSEMBL:ENSBTAG00000019813
GO:0010629	negative regulation of gene expression	has_regulation_target(ENSEMBL:ENSBTAG00000021527
GO:0010629	negative regulation of gene expression	has_regulation_target(ENSEMBL:ENSBTAG00000025035
GO:0010628	positive regulation of gene expression	has_regulation_target(ENSEMBL:ENSBTAG00000025471
GO:0023019	signal transduction involved in regulation of gene expression	has_regulation_target(ENSEMBL:ENSBTAG00000025471)
GO:0023019	signal transduction involved in regulation of gene expression	has_regulation_target(ENSEMBL:ENSBTAG00000048171)
GO:0061014	positive regulation of mRNA catabolic process	has_regulation_target(ENSEMBL:ENSG00000090339)
GO:0045944	positive regulation of transcription from RNA polymerase II promoter	has_regulation_target(ENSEMBL:ENSG00000106459
GO:0045944	positive regulation of transcription from RNA polymerase II promoter	has_regulation_target(ENSEMBL:ENSG00000106459
GO:0032966	negative regulation of collagen biosynthetic process	has_regulation_target(ENSEMBL:ENSG00000108821
GO:0000122	negative regulation of transcription from RNA polymerase II promoter	has_regulation_target(ENSEMBL:ENSG00000109819)
GO:0045893	positive regulation of transcription, DNA-templated	has_regulation_target(ENSEMBL:ENSG00000118971)
GO:0045944	positive regulation of transcription from RNA polymerase II promoter	has_regulation_target(ENSEMBL:ENSG00000124253)
GO:0045944	positive regulation of transcription from RNA polymerase II promoter	has_regulation_target(ENSEMBL:ENSG00000147437)
GO:1900364	negative regulation of mRNA polyadenylation	has_regulation_target(ENSEMBL:ENSG00000158373)
GO:0061014	positive regulation of mRNA catabolic process	has_regulation_target(ENSEMBL:ENSG00000169429)
GO:0000122	negative regulation of transcription from RNA polymerase II promoter	has_regulation_target(ENSEMBL:ENSG00000179094)
GO:0000122	negative regulation of transcription from RNA polymerase II promoter	has_regulation_target(ENSEMBL:ENSG00000181195)
GO:1905642	negative regulation of DNA methylation	has_regulation_target(ENSEMBL:ENSG00000186868)
GO:0045944	positive regulation of transcription from RNA polymerase II promoter	has_regulation_target(ENSEMBL:ENSMUSG00000020866
GO:0045944	positive regulation of transcription from RNA polymerase II promoter	has_regulation_target(ENSEMBL:ENSMUSG00000020893)
GO:0045944	positive regulation of transcription from RNA polymerase II promoter	has_regulation_target(ENSEMBL:ENSMUSG00000021313
GO:0045944	positive regulation of transcription from RNA polymerase II promoter	has_regulation_target(ENSEMBL:ENSMUSG00000024112
GO:0006355	regulation of transcription, DNA-templated	has_regulation_target(ENSEMBL:ENSMUSG00000026686)
GO:0006355	regulation of transcription, DNA-templated	has_regulation_target(ENSEMBL:ENSMUSG00000027985)
GO:0000122	negative regulation of transcription from RNA polymerase II promoter	has_regulation_target(ENSEMBL:ENSMUSG00000029167)
GO:0006355	regulation of transcription, DNA-templated	has_regulation_target(ENSEMBL:ENSMUSG00000031603)
GO:0045944	positive regulation of transcription from RNA polymerase II promoter	has_regulation_target(ENSEMBL:ENSMUSG00000032511
GO:0045944	positive regulation of transcription from RNA polymerase II promoter	has_regulation_target(ENSEMBL:ENSMUSG00000039639
GO:0045944	positive regulation of transcription from RNA polymerase II promoter	has_regulation_target(ENSEMBL:ENSMUSG00000059325
GO:0010629	negative regulation of gene expression	has_regulation_target(ENSEMBL:ENSRNOP00000030913)
GO:0010629	negative regulation of gene expression	has_regulation_target(ENSEMBL:ENSRNOT00000028033)
GO:0010629	negative regulation of gene expression	has_regulation_target(ENSEMBL:ENSSSCG00000000214)
GO:0045893	positive regulation of transcription, DNA-templated	has_regulation_target(ENSEMBL:ENSSSCG00000000373)
GO:0045893	positive regulation of transcription, DNA-templated	has_regulation_target(ENSEMBL:ENSSSCG00000001938)
GO:0045892	negative regulation of transcription, DNA-templated	has_regulation_target(ENSEMBL:ENSSSCG00000001938)
GO:0045893	positive regulation of transcription, DNA-templated	has_regulation_target(ENSEMBL:ENSSSCG00000005163)
GO:0045944	positive regulation of transcription from RNA polymerase II promoter	has_regulation_target(ENSEMBL:ENSSSCG00000005163)
GO:0045893	positive regulation of transcription, DNA-templated	has_regulation_target(ENSEMBL:ENSSSCG00000006589)
GO:0010629	negative regulation of gene expression	has_regulation_target(ENSEMBL:ENSSSCG00000011579)
GO:0010628	positive regulation of gene expression	has_regulation_target(ENSEMBL:ENSSSCG00000012841)
GO:0045893	positive regulation of transcription, DNA-templated	has_regulation_target(ENSEMBL:ENSSSCG00000017950)
GO:0045944	positive regulation of transcription from RNA polymerase II promoter	has_regulation_target(ENSEMBL:ENSSSCG00000025434)
GO:0000122	negative regulation of transcription from RNA polymerase II promoter	has_regulation_target(ENSEMBL:ENSSSCG00000025434)
GO:0006357	regulation of transcription from RNA polymerase II promoter	has_regulation_target(ENSEMBL:ENSSSCG00000025434)
GO:0010629	negative regulation of gene expression	has_regulation_target(ENSEMBL:ENSSSCG00000025527)
GO:0045893	positive regulation of transcription, DNA-templated	has_regulation_target(ENSEMBL:ENSSSCG00000026109
GO:0045893	positive regulation of transcription, DNA-templated	has_regulation_target(ENSEMBL:ENSSSCG00000026109)
GO:0045893	positive regulation of transcription, DNA-templated	has_regulation_target(ENSEMBL:ENSSSCT00000028251)
GO:0051919	positive regulation of fibrinolysis	has_regulation_target(GO:0005577)
GO:0032211	negative regulation of telomere maintenance via telomerase	has_regulation_target(GO:0005697)
GO:2000811	negative regulation of anoikis	has_regulation_target(GO:0005942
GO:0031333	negative regulation of protein complex assembly	has_regulation_target(GO:0032807
GO:1905581	positive regulation of low-density lipoprotein particle clearance	has_regulation_target(GO:0034362
GO:1905581	positive regulation of low-density lipoprotein particle clearance	has_regulation_target(GO:0034362
GO:1905581	positive regulation of low-density lipoprotein particle clearance	has_regulation_target(GO:0034362
GO:1905581	positive regulation of low-density lipoprotein particle clearance	has_regulation_target(GO:0034362
GO:0051047	positive regulation of secretion	has_regulation_target(GO:0034362)
GO:0090004	positive regulation of establishment of protein localization to plasma membrane	has_regulation_target(GO:0042612)
GO:0010628	positive regulation of gene expression	has_regulation_target(GO:0042613
GO:0090004	positive regulation of establishment of protein localization to plasma membrane	has_regulation_target(GO:0042613
GO:1903364	positive regulation of cellular protein catabolic process	has_regulation_target(GO:0042825)
GO:0045862	positive regulation of proteolysis	has_regulation_target(GO:0042825)
GO:0061635	regulation of protein complex stability	has_regulation_target(GO:0042825)
GO:0051097	negative regulation of helicase activity	has_regulation_target(GO:0097373)
GO:0010468	regulation of gene expression	has_regulation_target(MGI:MGI:101757)
GO:0045944	positive regulation of transcription from RNA polymerase II promoter	has_regulation_target(MGI:MGI:101782
GO:2001161	negative regulation of histone H3-K79 methylation	has_regulation_target(MGI:MGI:101782)
GO:0003705	transcription factor activity, RNA polymerase II distal enhancer sequence-specific binding	has_regulation_target(MGI:MGI:101784)
GO:0045944	positive regulation of transcription from RNA polymerase II promoter	has_regulation_target(MGI:MGI:101784)
GO:0010468	regulation of gene expression	has_regulation_target(MGI:MGI:101791)
GO:0001077	transcriptional activator activity, RNA polymerase II core promoter proximal region sequence-specific binding	has_regulation_target(MGI:MGI:101875)
GO:0045944	positive regulation of transcription from RNA polymerase II promoter	has_regulation_target(MGI:MGI:101875)
GO:0006346	methylation-dependent chromatin silencing	has_regulation_target(MGI:MGI:101893)
GO:0045944	positive regulation of transcription from RNA polymerase II promoter	has_regulation_target(MGI:MGI:101893)
GO:0045944	positive regulation of transcription from RNA polymerase II promoter	has_regulation_target(MGI:MGI:101893)
GO:0045944	positive regulation of transcription from RNA polymerase II promoter	has_regulation_target(MGI:MGI:101893)
GO:0000122	negative regulation of transcription from RNA polymerase II promoter	has_regulation_target(MGI:MGI:101893)
GO:0045944	positive regulation of transcription from RNA polymerase II promoter	has_regulation_target(MGI:MGI:101893)
GO:0045944	positive regulation of transcription from RNA polymerase II promoter	has_regulation_target(MGI:MGI:101895)
GO:0004866	endopeptidase inhibitor activity	has_regulation_target(MGI:MGI:101900)
GO:0045944	positive regulation of transcription from RNA polymerase II promoter	has_regulation_target(MGI:MGI:101924)
GO:0045944	positive regulation of transcription from RNA polymerase II promoter	has_regulation_target(MGI:MGI:101925)
GO:0045944	positive regulation of transcription from RNA polymerase II promoter	has_regulation_target(MGI:MGI:101926
GO:0045944	positive regulation of transcription from RNA polymerase II promoter	has_regulation_target(MGI:MGI:101926)
GO:0003705	transcription factor activity, RNA polymerase II distal enhancer sequence-specific binding	has_regulation_target(MGI:MGI:101926)
GO:0045944	positive regulation of transcription from RNA polymerase II promoter	has_regulation_target(MGI:MGI:101926)
GO:0045944	positive regulation of transcription from RNA polymerase II promoter	has_regulation_target(MGI:MGI:101926)
GO:0006357	regulation of transcription from RNA polymerase II promoter	has_regulation_target(MGI:MGI:101926)
GO:0045944	positive regulation of transcription from RNA polymerase II promoter	has_regulation_target(MGI:MGI:101926)
GO:0045944	positive regulation of transcription from RNA polymerase II promoter	has_regulation_target(MGI:MGI:101927
GO:0045944	positive regulation of transcription from RNA polymerase II promoter	has_regulation_target(MGI:MGI:101927)
GO:0003705	transcription factor activity, RNA polymerase II distal enhancer sequence-specific binding	has_regulation_target(MGI:MGI:101927)
GO:0045944	positive regulation of transcription from RNA polymerase II promoter	has_regulation_target(MGI:MGI:101927)
GO:0045944	positive regulation of transcription from RNA polymerase II promoter	has_regulation_target(MGI:MGI:101927)
GO:0043488	regulation of mRNA stability	has_regulation_target(MGI:MGI:101950)
GO:0045944	positive regulation of transcription from RNA polymerase II promoter	has_regulation_target(MGI:MGI:101972
GO:0045944	positive regulation of transcription from RNA polymerase II promoter	has_regulation_target(MGI:MGI:101972
GO:0000122	negative regulation of transcription from RNA polymerase II promoter	has_regulation_target(MGI:MGI:102463)
GO:0051533	positive regulation of NFAT protein import into nucleus	has_regulation_target(MGI:MGI:102469
GO:0045944	positive regulation of transcription from RNA polymerase II promoter	has_regulation_target(MGI:MGI:102469)
GO:0051533	positive regulation of NFAT protein import into nucleus	has_regulation_target(MGI:MGI:102469)
GO:0010468	regulation of gene expression	has_regulation_target(MGI:MGI:102496)
GO:0010468	regulation of gene expression	has_regulation_target(MGI:MGI:102501)
GO:0000961	negative regulation of mitochondrial RNA catabolic process	has_regulation_target(MGI:MGI:102504)
GO:0045944	positive regulation of transcription from RNA polymerase II promoter	has_regulation_target(MGI:MGI:102523)
GO:0045944	positive regulation of transcription from RNA polymerase II promoter	has_regulation_target(MGI:MGI:102523)
GO:0045944	positive regulation of transcription from RNA polymerase II promoter	has_regulation_target(MGI:MGI:102525)
GO:0045944	positive regulation of transcription from RNA polymerase II promoter	has_regulation_target(MGI:MGI:102539)
GO:2000726	negative regulation of cardiac muscle cell differentiation	has_regulation_target(MGI:MGI:102541
GO:0010468	regulation of gene expression	has_regulation_target(MGI:MGI:102541)
GO:0043433	negative regulation of sequence-specific DNA binding transcription factor activity	has_regulation_target(MGI:MGI:102541)
GO:0051091	positive regulation of sequence-specific DNA binding transcription factor activity	has_regulation_target(MGI:MGI:102541)
GO:0003705	transcription factor activity, RNA polymerase II distal enhancer sequence-specific binding	has_regulation_target(MGI:MGI:102563)
GO:0000122	negative regulation of transcription from RNA polymerase II promoter	has_regulation_target(MGI:MGI:102563)
GO:0045944	positive regulation of transcription from RNA polymerase II promoter	has_regulation_target(MGI:MGI:102563)
GO:0045944	positive regulation of transcription from RNA polymerase II promoter	has_regulation_target(MGI:MGI:102643)
GO:0010468	regulation of gene expression	has_regulation_target(MGI:MGI:102663)
GO:0010468	regulation of gene expression	has_regulation_target(MGI:MGI:102687)
GO:0045944	positive regulation of transcription from RNA polymerase II promoter	has_regulation_target(MGI:MGI:102716)
GO:0045944	positive regulation of transcription from RNA polymerase II promoter	has_regulation_target(MGI:MGI:102717)
GO:0045944	positive regulation of transcription from RNA polymerase II promoter	has_regulation_target(MGI:MGI:102755)
GO:0000122	negative regulation of transcription from RNA polymerase II promoter	has_regulation_target(MGI:MGI:102778)
GO:0045944	positive regulation of transcription from RNA polymerase II promoter	has_regulation_target(MGI:MGI:102778)
GO:0006417	regulation of translation	has_regulation_target(MGI:MGI:102794)
GO:0001077	transcriptional activator activity, RNA polymerase II core promoter proximal region sequence-specific binding	has_regulation_target(MGI:MGI:102811)
GO:0045944	positive regulation of transcription from RNA polymerase II promoter	has_regulation_target(MGI:MGI:102849)
GO:0006357	regulation of transcription from RNA polymerase II promoter	has_regulation_target(MGI:MGI:102849)
GO:0045944	positive regulation of transcription from RNA polymerase II promoter	has_regulation_target(MGI:MGI:102850)
GO:0045944	positive regulation of transcription from RNA polymerase II promoter	has_regulation_target(MGI:MGI:102850)
GO:0051091	positive regulation of sequence-specific DNA binding transcription factor activity	has_regulation_target(MGI:MGI:102851)
GO:0003700	transcription factor activity, sequence-specific DNA binding	has_regulation_target(MGI:MGI:102851)
GO:0006357	regulation of transcription from RNA polymerase II promoter	has_regulation_target(MGI:MGI:102851)
GO:0003705	transcription factor activity, RNA polymerase II distal enhancer sequence-specific binding	has_regulation_target(MGI:MGI:102851)
GO:0003700	transcription factor activity, sequence-specific DNA binding	has_regulation_target(MGI:MGI:102851)
GO:0045944	positive regulation of transcription from RNA polymerase II promoter	has_regulation_target(MGI:MGI:102851)
GO:0045944	positive regulation of transcription from RNA polymerase II promoter	has_regulation_target(MGI:MGI:102935)
GO:0050790	regulation of catalytic activity	has_regulation_target(MGI:MGI:102956)
GO:0045944	positive regulation of transcription from RNA polymerase II promoter	has_regulation_target(MGI:MGI:102969)
GO:0001934	positive regulation of protein phosphorylation	has_regulation_target(MGI:MGI:103036)
GO:0000122	negative regulation of transcription from RNA polymerase II promoter	has_regulation_target(MGI:MGI:103038)
GO:0000122	negative regulation of transcription from RNA polymerase II promoter	has_regulation_target(MGI:MGI:103038)
GO:0045944	positive regulation of transcription from RNA polymerase II promoter	has_regulation_target(MGI:MGI:103060)
GO:0006357	regulation of transcription from RNA polymerase II promoter	has_regulation_target(MGI:MGI:103060)
GO:0018108	peptidyl-tyrosine phosphorylation	has_regulation_target(MGI:MGI:103062)
GO:0000122	negative regulation of transcription from RNA polymerase II promoter	has_regulation_target(MGI:MGI:103062)
GO:0045944	positive regulation of transcription from RNA polymerase II promoter	has_regulation_target(MGI:MGI:103098
GO:0003700	transcription factor activity, sequence-specific DNA binding	has_regulation_target(MGI:MGI:103098)
GO:0000381	regulation of alternative mRNA splicing, via spliceosome	has_regulation_target(MGI:MGI:103169)
GO:0045944	positive regulation of transcription from RNA polymerase II promoter	has_regulation_target(MGI:MGI:103177)
GO:0045944	positive regulation of transcription from RNA polymerase II promoter	has_regulation_target(MGI:MGI:103178)
GO:0010628	positive regulation of gene expression	has_regulation_target(MGI:MGI:103178)
GO:0043619	regulation of transcription from RNA polymerase II promoter in response to oxidative stress	has_regulation_target(MGI:MGI:103178)
GO:0030949	positive regulation of vascular endothelial growth factor receptor signaling pathway	has_regulation_target(MGI:MGI:103178)
GO:0030949	positive regulation of vascular endothelial growth factor receptor signaling pathway	has_regulation_target(MGI:MGI:103178)
GO:0043085	positive regulation of catalytic activity	has_regulation_target(MGI:MGI:103181)
GO:0043085	positive regulation of catalytic activity	has_regulation_target(MGI:MGI:103181)
GO:0000122	negative regulation of transcription from RNA polymerase II promoter	has_regulation_target(MGI:MGI:103187
GO:0000122	negative regulation of transcription from RNA polymerase II promoter	has_regulation_target(MGI:MGI:103189)
GO:0000122	negative regulation of transcription from RNA polymerase II promoter	has_regulation_target(MGI:MGI:103189)
GO:0045944	positive regulation of transcription from RNA polymerase II promoter	has_regulation_target(MGI:MGI:103189)
GO:0072307	regulation of metanephric nephron tubule epithelial cell differentiation	has_regulation_target(MGI:MGI:103262)
GO:0001934	positive regulation of protein phosphorylation	has_regulation_target(MGI:MGI:103267)
GO:0010628	positive regulation of gene expression	has_regulation_target(MGI:MGI:103302)
GO:0000122	negative regulation of transcription from RNA polymerase II promoter	has_regulation_target(MGI:MGI:103556)
GO:0010468	regulation of gene expression	has_regulation_target(MGI:MGI:103577)
GO:0045944	positive regulation of transcription from RNA polymerase II promoter	has_regulation_target(MGI:MGI:103579)
GO:0010468	regulation of gene expression	has_regulation_target(MGI:MGI:103580)
GO:0006357	regulation of transcription from RNA polymerase II promoter	has_regulation_target(MGI:MGI:103580)
GO:0001934	positive regulation of protein phosphorylation	has_regulation_target(MGI:MGI:103581)
GO:0045944	positive regulation of transcription from RNA polymerase II promoter	has_regulation_target(MGI:MGI:104336)
GO:0043086	negative regulation of catalytic activity	has_regulation_target(MGI:MGI:104513)
GO:0003700	transcription factor activity, sequence-specific DNA binding	has_regulation_target(MGI:MGI:104554)
GO:0045944	positive regulation of transcription from RNA polymerase II promoter	has_regulation_target(MGI:MGI:104554)
GO:0045944	positive regulation of transcription from RNA polymerase II promoter	has_regulation_target(MGI:MGI:104555)
GO:0001228	transcriptional activator activity, RNA polymerase II transcription regulatory region sequence-specific binding	has_regulation_target(MGI:MGI:104564
GO:0000122	negative regulation of transcription from RNA polymerase II promoter	has_regulation_target(MGI:MGI:104565)
GO:0000122	negative regulation of transcription from RNA polymerase II promoter	has_regulation_target(MGI:MGI:104565)
GO:0000122	negative regulation of transcription from RNA polymerase II promoter	has_regulation_target(MGI:MGI:104565)
GO:0071158	positive regulation of cell cycle arrest	has_regulation_target(MGI:MGI:104565)
GO:0045944	positive regulation of transcription from RNA polymerase II promoter	has_regulation_target(MGI:MGI:104565)
GO:0045944	positive regulation of transcription from RNA polymerase II promoter	has_regulation_target(MGI:MGI:104591)
GO:0045944	positive regulation of transcription from RNA polymerase II promoter	has_regulation_target(MGI:MGI:104593
GO:0045944	positive regulation of transcription from RNA polymerase II promoter	has_regulation_target(MGI:MGI:104597
GO:0000122	negative regulation of transcription from RNA polymerase II promoter	has_regulation_target(MGI:MGI:104597)
GO:0045944	positive regulation of transcription from RNA polymerase II promoter	has_regulation_target(MGI:MGI:104606)
GO:0045944	positive regulation of transcription from RNA polymerase II promoter	has_regulation_target(MGI:MGI:104627)
GO:0045944	positive regulation of transcription from RNA polymerase II promoter	has_regulation_target(MGI:MGI:104631)
GO:0045944	positive regulation of transcription from RNA polymerase II promoter	has_regulation_target(MGI:MGI:104638)
GO:0045944	positive regulation of transcription from RNA polymerase II promoter	has_regulation_target(MGI:MGI:104638)
GO:0010468	regulation of gene expression	has_regulation_target(MGI:MGI:104654)
GO:0003700	transcription factor activity, sequence-specific DNA binding	has_regulation_target(MGI:MGI:104659)
GO:0045944	positive regulation of transcription from RNA polymerase II promoter	has_regulation_target(MGI:MGI:104659)
GO:0000122	negative regulation of transcription from RNA polymerase II promoter	has_regulation_target(MGI:MGI:104659)
GO:0001077	transcriptional activator activity, RNA polymerase II core promoter proximal region sequence-specific binding	has_regulation_target(MGI:MGI:104671)
GO:0045944	positive regulation of transcription from RNA polymerase II promoter	has_regulation_target(MGI:MGI:104695)
GO:0045944	positive regulation of transcription from RNA polymerase II promoter	has_regulation_target(MGI:MGI:104696
GO:0045944	positive regulation of transcription from RNA polymerase II promoter	has_regulation_target(MGI:MGI:104716)
GO:0001077	transcriptional activator activity, RNA polymerase II core promoter proximal region sequence-specific binding	has_regulation_target(MGI:MGI:104737)
GO:0034244	negative regulation of transcription elongation from RNA polymerase II promoter	has_regulation_target(MGI:MGI:104737)
GO:0034244	negative regulation of transcription elongation from RNA polymerase II promoter	has_regulation_target(MGI:MGI:104738)
GO:0000122	negative regulation of transcription from RNA polymerase II promoter	has_regulation_target(MGI:MGI:104738)
GO:0000122	negative regulation of transcription from RNA polymerase II promoter	has_regulation_target(MGI:MGI:104738)
GO:0010468	regulation of gene expression	has_regulation_target(MGI:MGI:104738)
GO:0045944	positive regulation of transcription from RNA polymerase II promoter	has_regulation_target(MGI:MGI:104742)
GO:0045944	positive regulation of transcription from RNA polymerase II promoter	has_regulation_target(MGI:MGI:104750
GO:0045944	positive regulation of transcription from RNA polymerase II promoter	has_regulation_target(MGI:MGI:104750
GO:0060907	positive regulation of macrophage cytokine production	has_regulation_target(MGI:MGI:104798
GO:0000122	negative regulation of transcription from RNA polymerase II promoter	has_regulation_target(MGI:MGI:104798)
GO:0045944	positive regulation of transcription from RNA polymerase II promoter	has_regulation_target(MGI:MGI:104798)
GO:0060907	positive regulation of macrophage cytokine production	has_regulation_target(MGI:MGI:104798)
GO:0000981	RNA polymerase II transcription factor activity, sequence-specific DNA binding	has_regulation_target(MGI:MGI:104798)
GO:0000122	negative regulation of transcription from RNA polymerase II promoter	has_regulation_target(MGI:MGI:104853)
GO:0000122	negative regulation of transcription from RNA polymerase II promoter	has_regulation_target(MGI:MGI:104853)
GO:0045944	positive regulation of transcription from RNA polymerase II promoter	has_regulation_target(MGI:MGI:104853)
GO:0000122	negative regulation of transcription from RNA polymerase II promoter	has_regulation_target(MGI:MGI:104856)
GO:0010468	regulation of gene expression	has_regulation_target(MGI:MGI:104876)
GO:0000122	negative regulation of transcription from RNA polymerase II promoter	has_regulation_target(MGI:MGI:104876)
GO:0043619	regulation of transcription from RNA polymerase II promoter in response to oxidative stress	has_regulation_target(MGI:MGI:104887)
GO:0045944	positive regulation of transcription from RNA polymerase II promoter	has_regulation_target(MGI:MGI:104979)
GO:0045944	positive regulation of transcription from RNA polymerase II promoter	has_regulation_target(MGI:MGI:104990)
GO:0045944	positive regulation of transcription from RNA polymerase II promoter	has_regulation_target(MGI:MGI:104992)
GO:0001078	transcriptional repressor activity, RNA polymerase II core promoter proximal region sequence-specific binding	has_regulation_target(MGI:MGI:105057)
GO:0000122	negative regulation of transcription from RNA polymerase II promoter	has_regulation_target(MGI:MGI:105070
GO:0045944	positive regulation of transcription from RNA polymerase II promoter	has_regulation_target(MGI:MGI:105070
GO:0001227	transcriptional repressor activity, RNA polymerase II transcription regulatory region sequence-specific binding	has_regulation_target(MGI:MGI:105070
GO:0005085	guanyl-nucleotide exchange factor activity	has_regulation_target(MGI:MGI:105072)
GO:0045944	positive regulation of transcription from RNA polymerase II promoter	has_regulation_target(MGI:MGI:105095)
GO:0001205	transcriptional activator activity, RNA polymerase II distal enhancer sequence-specific binding	has_regulation_target(MGI:MGI:105108)
GO:0045944	positive regulation of transcription from RNA polymerase II promoter	has_regulation_target(MGI:MGI:105108)
GO:0000122	negative regulation of transcription from RNA polymerase II promoter	has_regulation_target(MGI:MGI:105113)
GO:0045944	positive regulation of transcription from RNA polymerase II promoter	has_regulation_target(MGI:MGI:105373)
GO:0045944	positive regulation of transcription from RNA polymerase II promoter	has_regulation_target(MGI:MGI:105373)
GO:0045944	positive regulation of transcription from RNA polymerase II promoter	has_regulation_target(MGI:MGI:105373)
GO:0007228	positive regulation of hh target transcription factor activity	has_regulation_target(MGI:MGI:105373)
GO:0045944	positive regulation of transcription from RNA polymerase II promoter	has_regulation_target(MGI:MGI:105373)
GO:0045944	positive regulation of transcription from RNA polymerase II promoter	has_regulation_target(MGI:MGI:105373)
GO:0000122	negative regulation of transcription from RNA polymerase II promoter	has_regulation_target(MGI:MGI:105373)
GO:0045944	positive regulation of transcription from RNA polymerase II promoter	has_regulation_target(MGI:MGI:105388)
GO:0005085	guanyl-nucleotide exchange factor activity	has_regulation_target(MGI:MGI:105926)
GO:0006417	regulation of translation	has_regulation_target(MGI:MGI:105931)
GO:0045944	positive regulation of transcription from RNA polymerase II promoter	has_regulation_target(MGI:MGI:106012)
GO:0045944	positive regulation of transcription from RNA polymerase II promoter	has_regulation_target(MGI:MGI:106012)
GO:0000981	RNA polymerase II transcription factor activity, sequence-specific DNA binding	has_regulation_target(MGI:MGI:106034)
GO:0045944	positive regulation of transcription from RNA polymerase II promoter	has_regulation_target(MGI:MGI:106091)
GO:0000122	negative regulation of transcription from RNA polymerase II promoter	has_regulation_target(MGI:MGI:106091)
GO:0045944	positive regulation of transcription from RNA polymerase II promoter	has_regulation_target(MGI:MGI:106215)
GO:0045944	positive regulation of transcription from RNA polymerase II promoter	has_regulation_target(MGI:MGI:106217
GO:0006357	regulation of transcription from RNA polymerase II promoter	has_regulation_target(MGI:MGI:106633)
GO:0045944	positive regulation of transcription from RNA polymerase II promoter	has_regulation_target(MGI:MGI:106658)
GO:0032513	negative regulation of protein phosphatase type 2B activity	has_regulation_target(MGI:MGI:107164)
GO:0045944	positive regulation of transcription from RNA polymerase II promoter	has_regulation_target(MGI:MGI:107172)
GO:0045944	positive regulation of transcription from RNA polymerase II promoter	has_regulation_target(MGI:MGI:107172)
GO:0045944	positive regulation of transcription from RNA polymerase II promoter	has_regulation_target(MGI:MGI:107179)
GO:0045944	positive regulation of transcription from RNA polymerase II promoter	has_regulation_target(MGI:MGI:107179)
GO:0010468	regulation of gene expression	has_regulation_target(MGI:MGI:107363)
GO:0045944	positive regulation of transcription from RNA polymerase II promoter	has_regulation_target(MGI:MGI:107364)
GO:0010628	positive regulation of gene expression	has_regulation_target(MGI:MGI:107364)
GO:0000122	negative regulation of transcription from RNA polymerase II promoter	has_regulation_target(MGI:MGI:107387)
GO:0001078	transcriptional repressor activity, RNA polymerase II core promoter proximal region sequence-specific binding	has_regulation_target(MGI:MGI:107387)
GO:0010468	regulation of gene expression	has_regulation_target(MGI:MGI:107404)
GO:0045944	positive regulation of transcription from RNA polymerase II promoter	has_regulation_target(MGI:MGI:107405)
GO:0030511	positive regulation of transforming growth factor beta receptor signaling pathway	has_regulation_target(MGI:MGI:107430)
GO:0045944	positive regulation of transcription from RNA polymerase II promoter	has_regulation_target(MGI:MGI:107430)
GO:0045944	positive regulation of transcription from RNA polymerase II promoter	has_regulation_target(MGI:MGI:107461)
GO:0015459	potassium channel regulator activity	has_regulation_target(MGI:MGI:107501)
GO:2001257	regulation of cation channel activity	has_regulation_target(MGI:MGI:107501)
GO:0045944	positive regulation of transcription from RNA polymerase II promoter	has_regulation_target(MGI:MGI:107504)
GO:0045944	positive regulation of transcription from RNA polymerase II promoter	has_regulation_target(MGI:MGI:107516)
GO:0000122	negative regulation of transcription from RNA polymerase II promoter	has_regulation_target(MGI:MGI:107543)
GO:0045944	positive regulation of transcription from RNA polymerase II promoter	has_regulation_target(MGI:MGI:107543)
GO:0045944	positive regulation of transcription from RNA polymerase II promoter	has_regulation_target(MGI:MGI:107543)
GO:0000122	negative regulation of transcription from RNA polymerase II promoter	has_regulation_target(MGI:MGI:107543)
GO:0045944	positive regulation of transcription from RNA polymerase II promoter	has_regulation_target(MGI:MGI:107557
GO:0045944	positive regulation of transcription from RNA polymerase II promoter	has_regulation_target(MGI:MGI:107558
GO:0045944	positive regulation of transcription from RNA polymerase II promoter	has_regulation_target(MGI:MGI:107570)
GO:0000122	negative regulation of transcription from RNA polymerase II promoter	has_regulation_target(MGI:MGI:107570)
GO:0045944	positive regulation of transcription from RNA polymerase II promoter	has_regulation_target(MGI:MGI:107606)
GO:0045944	positive regulation of transcription from RNA polymerase II promoter	has_regulation_target(MGI:MGI:107606)
GO:0000122	negative regulation of transcription from RNA polymerase II promoter	has_regulation_target(MGI:MGI:107606)
GO:0010628	positive regulation of gene expression	has_regulation_target(MGI:MGI:107656)
GO:0002728	negative regulation of natural killer cell cytokine production	has_regulation_target(MGI:MGI:107656)
GO:0000122	negative regulation of transcription from RNA polymerase II promoter	has_regulation_target(MGI:MGI:107656)
GO:0003705	transcription factor activity, RNA polymerase II distal enhancer sequence-specific binding	has_regulation_target(MGI:MGI:107656)
GO:0002729	positive regulation of natural killer cell cytokine production	has_regulation_target(MGI:MGI:107656)
GO:0045944	positive regulation of transcription from RNA polymerase II promoter	has_regulation_target(MGI:MGI:107656)
GO:0003700	transcription factor activity, sequence-specific DNA binding	has_regulation_target(MGI:MGI:107656)
GO:0000122	negative regulation of transcription from RNA polymerase II promoter	has_regulation_target(MGI:MGI:107657)
GO:0045944	positive regulation of transcription from RNA polymerase II promoter	has_regulation_target(MGI:MGI:107657)
GO:0000122	negative regulation of transcription from RNA polymerase II promoter	has_regulation_target(MGI:MGI:107730)
GO:0006919	activation of cysteine-type endopeptidase activity involved in apoptotic process	has_regulation_target(MGI:MGI:107739)
GO:2001268	negative regulation of cysteine-type endopeptidase activity involved in apoptotic signaling pathway	has_regulation_target(MGI:MGI:107739)
GO:0006919	activation of cysteine-type endopeptidase activity involved in apoptotic process	has_regulation_target(MGI:MGI:107739)
GO:2001056	positive regulation of cysteine-type endopeptidase activity	has_regulation_target(MGI:MGI:107739)
GO:0045944	positive regulation of transcription from RNA polymerase II promoter	has_regulation_target(MGI:MGI:107754)
GO:0045944	positive regulation of transcription from RNA polymerase II promoter	has_regulation_target(MGI:MGI:107754)
GO:0010468	regulation of gene expression	has_regulation_target(MGI:MGI:107754)
GO:0010468	regulation of gene expression	has_regulation_target(MGI:MGI:107765)
GO:0010468	regulation of gene expression	has_regulation_target(MGI:MGI:107785)
GO:0010468	regulation of gene expression	has_regulation_target(MGI:MGI:107793)
GO:0045944	positive regulation of transcription from RNA polymerase II promoter	has_regulation_target(MGI:MGI:107813)
GO:0045944	positive regulation of transcription from RNA polymerase II promoter	has_regulation_target(MGI:MGI:107813)
GO:0045944	positive regulation of transcription from RNA polymerase II promoter	has_regulation_target(MGI:MGI:107821)
GO:0010468	regulation of gene expression	has_regulation_target(MGI:MGI:107899)
GO:0001228	transcriptional activator activity, RNA polymerase II transcription regulatory region sequence-specific binding	has_regulation_target(MGI:MGI:107917)
GO:0010468	regulation of gene expression	has_regulation_target(MGI:MGI:107917)
GO:0000122	negative regulation of transcription from RNA polymerase II promoter	has_regulation_target(MGI:MGI:107920)
GO:0045944	positive regulation of transcription from RNA polymerase II promoter	has_regulation_target(MGI:MGI:107928)
GO:0033674	positive regulation of kinase activity	has_regulation_target(MGI:MGI:107929)
GO:0000122	negative regulation of transcription from RNA polymerase II promoter	has_regulation_target(MGI:MGI:107936)
GO:0045944	positive regulation of transcription from RNA polymerase II promoter	has_regulation_target(MGI:MGI:108027)
GO:0010628	positive regulation of gene expression	has_regulation_target(MGI:MGI:108029)
GO:0045944	positive regulation of transcription from RNA polymerase II promoter	has_regulation_target(MGI:MGI:108045)
GO:0045944	positive regulation of transcription from RNA polymerase II promoter	has_regulation_target(MGI:MGI:108061)
GO:0000122	negative regulation of transcription from RNA polymerase II promoter	has_regulation_target(MGI:MGI:108061)
GO:0045944	positive regulation of transcription from RNA polymerase II promoter	has_regulation_target(MGI:MGI:108067)
GO:0000122	negative regulation of transcription from RNA polymerase II promoter	has_regulation_target(MGI:MGI:108067)
GO:0000122	negative regulation of transcription from RNA polymerase II promoter	has_regulation_target(MGI:MGI:108069)
GO:0010628	positive regulation of gene expression	has_regulation_target(MGI:MGI:108078)
GO:0045944	positive regulation of transcription from RNA polymerase II promoter	has_regulation_target(MGI:MGI:108090)
GO:0033138	positive regulation of peptidyl-serine phosphorylation	has_regulation_target(MGI:MGI:108100)
GO:0010804	negative regulation of tumor necrosis factor-mediated signaling pathway	has_regulation_target(MGI:MGI:108212)
GO:0090312	positive regulation of protein deacetylation	has_regulation_target(MGI:MGI:108212)
GO:2001237	negative regulation of extrinsic apoptotic signaling pathway	has_regulation_target(MGI:MGI:108212)
GO:0045944	positive regulation of transcription from RNA polymerase II promoter	has_regulation_target(MGI:MGI:108395)
GO:0010468	regulation of gene expression	has_regulation_target(MGI:MGI:108404)
GO:0010468	regulation of gene expression	has_regulation_target(MGI:MGI:108405)
GO:0010468	regulation of gene expression	has_regulation_target(MGI:MGI:108440)
GO:0010468	regulation of gene expression	has_regulation_target(MGI:MGI:108460)
GO:0018108	peptidyl-tyrosine phosphorylation	has_regulation_target(MGI:MGI:108554)
GO:0045944	positive regulation of transcription from RNA polymerase II promoter	has_regulation_target(MGI:MGI:108559
GO:0045944	positive regulation of transcription from RNA polymerase II promoter	has_regulation_target(MGI:MGI:108559
GO:0045944	positive regulation of transcription from RNA polymerase II promoter	has_regulation_target(MGI:MGI:108571)
GO:0051091	positive regulation of sequence-specific DNA binding transcription factor activity	has_regulation_target(MGI:MGI:109128)
GO:0045944	positive regulation of transcription from RNA polymerase II promoter	has_regulation_target(MGI:MGI:109128)
GO:0003700	transcription factor activity, sequence-specific DNA binding	has_regulation_target(MGI:MGI:109128)
GO:0045944	positive regulation of transcription from RNA polymerase II promoter	has_regulation_target(MGI:MGI:109160)
GO:0000122	negative regulation of transcription from RNA polymerase II promoter	has_regulation_target(MGI:MGI:109160)
GO:0003705	transcription factor activity, RNA polymerase II distal enhancer sequence-specific binding	has_regulation_target(MGI:MGI:109160)
GO:0045900	negative regulation of translational elongation	has_regulation_target(MGI:MGI:109169)
GO:0010628	positive regulation of gene expression	has_regulation_target(MGI:MGI:109172)
GO:0016504	peptidase activator activity	has_regulation_target(MGI:MGI:109249)
GO:0000122	negative regulation of transcription from RNA polymerase II promoter	has_regulation_target(MGI:MGI:109267)
GO:0016505	peptidase activator activity involved in apoptotic process	has_regulation_target(MGI:MGI:109267)
GO:0045944	positive regulation of transcription from RNA polymerase II promoter	has_regulation_target(MGI:MGI:109321)
GO:0045944	positive regulation of transcription from RNA polymerase II promoter	has_regulation_target(MGI:MGI:109340)
GO:0045944	positive regulation of transcription from RNA polymerase II promoter	has_regulation_target(MGI:MGI:109495)
GO:0010468	regulation of gene expression	has_regulation_target(MGI:MGI:109497)
GO:0000122	negative regulation of transcription from RNA polymerase II promoter	has_regulation_target(MGI:MGI:109516)
GO:0045944	positive regulation of transcription from RNA polymerase II promoter	has_regulation_target(MGI:MGI:109516)
GO:0045944	positive regulation of transcription from RNA polymerase II promoter	has_regulation_target(MGI:MGI:109516)
GO:0045944	positive regulation of transcription from RNA polymerase II promoter	has_regulation_target(MGI:MGI:109516)
GO:0045944	positive regulation of transcription from RNA polymerase II promoter	has_regulation_target(MGI:MGI:109517)
GO:0045893	positive regulation of transcription, DNA-templated	has_regulation_target(MGI:MGI:109517)
GO:0000122	negative regulation of transcription from RNA polymerase II promoter	has_regulation_target(MGI:MGI:109517)
GO:0045944	positive regulation of transcription from RNA polymerase II promoter	has_regulation_target(MGI:MGI:109517)
GO:0006355	regulation of transcription, DNA-templated	has_regulation_target(MGI:MGI:109517)
GO:0045944	positive regulation of transcription from RNA polymerase II promoter	has_regulation_target(MGI:MGI:109517)
GO:0045944	positive regulation of transcription from RNA polymerase II promoter	has_regulation_target(MGI:MGI:109517)
GO:0000122	negative regulation of transcription from RNA polymerase II promoter	has_regulation_target(MGI:MGI:109518)
GO:0045944	positive regulation of transcription from RNA polymerase II promoter	has_regulation_target(MGI:MGI:109518)
GO:0045944	positive regulation of transcription from RNA polymerase II promoter	has_regulation_target(MGI:MGI:109518)
GO:0045944	positive regulation of transcription from RNA polymerase II promoter	has_regulation_target(MGI:MGI:109518)
GO:0045944	positive regulation of transcription from RNA polymerase II promoter	has_regulation_target(MGI:MGI:109518)
GO:0045944	positive regulation of transcription from RNA polymerase II promoter	has_regulation_target(MGI:MGI:109518)
GO:0000122	negative regulation of transcription from RNA polymerase II promoter	has_regulation_target(MGI:MGI:109522)
GO:0000122	negative regulation of transcription from RNA polymerase II promoter	has_regulation_target(MGI:MGI:109522)
GO:0000122	negative regulation of transcription from RNA polymerase II promoter	has_regulation_target(MGI:MGI:1095412)
GO:0045944	positive regulation of transcription from RNA polymerase II promoter	has_regulation_target(MGI:MGI:1095413)
GO:0003700	transcription factor activity, sequence-specific DNA binding	has_regulation_target(MGI:MGI:1095413)
GO:0000122	negative regulation of transcription from RNA polymerase II promoter	has_regulation_target(MGI:MGI:1095413)
GO:0001228	transcriptional activator activity, RNA polymerase II transcription regulatory region sequence-specific binding	has_regulation_target(MGI:MGI:1095413)
GO:0006417	regulation of translation	has_regulation_target(MGI:MGI:109542)
GO:0045944	positive regulation of transcription from RNA polymerase II promoter	has_regulation_target(MGI:MGI:1095438)
GO:0006357	regulation of transcription from RNA polymerase II promoter	has_regulation_target(MGI:MGI:109579)
GO:0000122	negative regulation of transcription from RNA polymerase II promoter	has_regulation_target(MGI:MGI:109583)
GO:0045944	positive regulation of transcription from RNA polymerase II promoter	has_regulation_target(MGI:MGI:109617)
GO:0010468	regulation of gene expression	has_regulation_target(MGI:MGI:109619)
GO:0010468	regulation of gene expression	has_regulation_target(MGI:MGI:109619)
GO:0000122	negative regulation of transcription from RNA polymerase II promoter	has_regulation_target(MGI:MGI:109619)
GO:0010468	regulation of gene expression	has_regulation_target(MGI:MGI:109619)
GO:0045944	positive regulation of transcription from RNA polymerase II promoter	has_regulation_target(MGI:MGI:109619)
GO:0010468	regulation of gene expression	has_regulation_target(MGI:MGI:109619)
GO:0010468	regulation of gene expression	has_regulation_target(MGI:MGI:1096325)
GO:0010468	regulation of gene expression	has_regulation_target(MGI:MGI:1096325)
GO:0035304	regulation of protein dephosphorylation	has_regulation_target(MGI:MGI:1096330)
GO:0051045	negative regulation of membrane protein ectodomain proteolysis	has_regulation_target(MGI:MGI:1096335)
GO:0001228	transcriptional activator activity, RNA polymerase II transcription regulatory region sequence-specific binding	has_regulation_target(MGI:MGI:1096337)
GO:0043547	positive regulation of GTPase activity	has_regulation_target(MGI:MGI:1096342)
GO:0045944	positive regulation of transcription from RNA polymerase II promoter	has_regulation_target(MGI:MGI:1096359
GO:0000122	negative regulation of transcription from RNA polymerase II promoter	has_regulation_target(MGI:MGI:1096359)
GO:0045944	positive regulation of transcription from RNA polymerase II promoter	has_regulation_target(MGI:MGI:1096879)
GO:0045944	positive regulation of transcription from RNA polymerase II promoter	has_regulation_target(MGI:MGI:1097153)
GO:0006357	regulation of transcription from RNA polymerase II promoter	has_regulation_target(MGI:MGI:1097153)
GO:2001222	regulation of neuron migration	has_regulation_target(MGI:MGI:1097159
GO:0051044	positive regulation of membrane protein ectodomain proteolysis	has_regulation_target(MGI:MGI:1097159)
GO:2000010	positive regulation of protein localization to cell surface	has_regulation_target(MGI:MGI:1097159)
GO:0045944	positive regulation of transcription from RNA polymerase II promoter	has_regulation_target(MGI:MGI:1097692)
GO:0045944	positive regulation of transcription from RNA polymerase II promoter	has_regulation_target(MGI:MGI:1097692)
GO:0000122	negative regulation of transcription from RNA polymerase II promoter	has_regulation_target(MGI:MGI:1097692)
GO:0045944	positive regulation of transcription from RNA polymerase II promoter	has_regulation_target(MGI:MGI:1098271)
GO:0045944	positive regulation of transcription from RNA polymerase II promoter	has_regulation_target(MGI:MGI:1098283)
GO:0032922	circadian regulation of gene expression	has_regulation_target(MGI:MGI:1098283)
GO:2000009	negative regulation of protein localization to cell surface	has_regulation_target(MGI:MGI:1098567)
GO:0000122	negative regulation of transcription from RNA polymerase II promoter	has_regulation_target(MGI:MGI:1099809)
GO:0045944	positive regulation of transcription from RNA polymerase II promoter	has_regulation_target(MGI:MGI:1099809)
GO:0001228	transcriptional activator activity, RNA polymerase II transcription regulatory region sequence-specific binding	has_regulation_target(MGI:MGI:1100089)
GO:0010468	regulation of gene expression	has_regulation_target(MGI:MGI:1100089)
GO:0045944	positive regulation of transcription from RNA polymerase II promoter	has_regulation_target(MGI:MGI:1100089)
GO:0000122	negative regulation of transcription from RNA polymerase II promoter	has_regulation_target(MGI:MGI:1100492)
GO:0045944	positive regulation of transcription from RNA polymerase II promoter	has_regulation_target(MGI:MGI:1100513)
GO:0045944	positive regulation of transcription from RNA polymerase II promoter	has_regulation_target(MGI:MGI:1100518)
GO:0010468	regulation of gene expression	has_regulation_target(MGI:MGI:1194497)
GO:0010628	positive regulation of gene expression	has_regulation_target(MGI:MGI:1195272)
GO:1900180	regulation of protein localization to nucleus	has_regulation_target(MGI:MGI:1196277)
GO:0031398	positive regulation of protein ubiquitination	has_regulation_target(MGI:MGI:1196294)
GO:0000122	negative regulation of transcription from RNA polymerase II promoter	has_regulation_target(MGI:MGI:1197522)
GO:0045893	positive regulation of transcription, DNA-templated	has_regulation_target(MGI:MGI:1201406)
GO:0006357	regulation of transcription from RNA polymerase II promoter	has_regulation_target(MGI:MGI:1201683)
GO:0045944	positive regulation of transcription from RNA polymerase II promoter	has_regulation_target(MGI:MGI:1202301)
GO:0045944	positive regulation of transcription from RNA polymerase II promoter	has_regulation_target(MGI:MGI:1202398)
GO:0001078	transcriptional repressor activity, RNA polymerase II core promoter proximal region sequence-specific binding	has_regulation_target(MGI:MGI:1202709)
GO:0000122	negative regulation of transcription from RNA polymerase II promoter	has_regulation_target(MGI:MGI:1202709)
GO:0045944	positive regulation of transcription from RNA polymerase II promoter	has_regulation_target(MGI:MGI:1202876
GO:0045944	positive regulation of transcription from RNA polymerase II promoter	has_regulation_target(MGI:MGI:1202876
GO:0045944	positive regulation of transcription from RNA polymerase II promoter	has_regulation_target(MGI:MGI:1202879
GO:0045944	positive regulation of transcription from RNA polymerase II promoter	has_regulation_target(MGI:MGI:1202879
GO:1990001	inhibition of cysteine-type endopeptidase activity involved in apoptotic process	has_regulation_target(MGI:MGI:1261423)
GO:0043280	positive regulation of cysteine-type endopeptidase activity involved in apoptotic process	has_regulation_target(MGI:MGI:1261423)
GO:0016504	peptidase activator activity	has_regulation_target(MGI:MGI:1261423)
GO:0008047	enzyme activator activity	has_regulation_target(MGI:MGI:1261819)
GO:0010628	positive regulation of gene expression	has_regulation_target(MGI:MGI:1261834)
GO:0001934	positive regulation of protein phosphorylation	has_regulation_target(MGI:MGI:1270849)
GO:0006469	negative regulation of protein kinase activity	has_regulation_target(MGI:MGI:1270849)
GO:0003700	transcription factor activity, sequence-specific DNA binding	has_regulation_target(MGI:MGI:1270854)
GO:0045944	positive regulation of transcription from RNA polymerase II promoter	has_regulation_target(MGI:MGI:1270862)
GO:0045944	positive regulation of transcription from RNA polymerase II promoter	has_regulation_target(MGI:MGI:1274782)
GO:0000122	negative regulation of transcription from RNA polymerase II promoter	has_regulation_target(MGI:MGI:1276125)
GO:0000122	negative regulation of transcription from RNA polymerase II promoter	has_regulation_target(MGI:MGI:1277162)
GO:0001228	transcriptional activator activity, RNA polymerase II transcription regulatory region sequence-specific binding	has_regulation_target(MGI:MGI:1277162)
GO:0001227	transcriptional repressor activity, RNA polymerase II transcription regulatory region sequence-specific binding	has_regulation_target(MGI:MGI:1277162)
GO:2001269	positive regulation of cysteine-type endopeptidase activity involved in apoptotic signaling pathway	has_regulation_target(MGI:MGI:1277950)
GO:0045944	positive regulation of transcription from RNA polymerase II promoter	has_regulation_target(MGI:MGI:1277950)
GO:0010628	positive regulation of gene expression	has_regulation_target(MGI:MGI:1277980)
GO:0045944	positive regulation of transcription from RNA polymerase II promoter	has_regulation_target(MGI:MGI:1278325)
GO:0000122	negative regulation of transcription from RNA polymerase II promoter	has_regulation_target(MGI:MGI:1278342)
GO:0045944	positive regulation of transcription from RNA polymerase II promoter	has_regulation_target(MGI:MGI:1306780)
GO:0045944	positive regulation of transcription from RNA polymerase II promoter	has_regulation_target(MGI:MGI:1306780)
GO:0010628	positive regulation of gene expression	has_regulation_target(MGI:MGI:1306803)
GO:0045944	positive regulation of transcription from RNA polymerase II promoter	has_regulation_target(MGI:MGI:1306803)
GO:0045944	positive regulation of transcription from RNA polymerase II promoter	has_regulation_target(MGI:MGI:1309469
GO:0000122	negative regulation of transcription from RNA polymerase II promoter	has_regulation_target(MGI:MGI:1309998
GO:0006919	activation of cysteine-type endopeptidase activity involved in apoptotic process	has_regulation_target(MGI:MGI:1312922)
GO:0043066	negative regulation of apoptotic process	has_regulation_target(MGI:MGI:1312922)
GO:0006919	activation of cysteine-type endopeptidase activity involved in apoptotic process	has_regulation_target(MGI:MGI:1312922)
GO:0043066	negative regulation of apoptotic process	has_regulation_target(MGI:MGI:1312922)
GO:0006919	activation of cysteine-type endopeptidase activity involved in apoptotic process	has_regulation_target(MGI:MGI:1312922)
GO:1903033	positive regulation of microtubule plus-end binding	has_regulation_target(MGI:MGI:1313136)
GO:0045944	positive regulation of transcription from RNA polymerase II promoter	has_regulation_target(MGI:MGI:1315205
GO:0045944	positive regulation of transcription from RNA polymerase II promoter	has_regulation_target(MGI:MGI:1316649
GO:0045944	positive regulation of transcription from RNA polymerase II promoter	has_regulation_target(MGI:MGI:1316649)
GO:0045893	positive regulation of transcription, DNA-templated	has_regulation_target(MGI:MGI:1316650)
GO:0045944	positive regulation of transcription from RNA polymerase II promoter	has_regulation_target(MGI:MGI:1316732)
GO:0045944	positive regulation of transcription from RNA polymerase II promoter	has_regulation_target(MGI:MGI:1328312)
GO:0045944	positive regulation of transcription from RNA polymerase II promoter	has_regulation_target(MGI:MGI:1328312)
GO:0001077	transcriptional activator activity, RNA polymerase II core promoter proximal region sequence-specific binding	has_regulation_target(MGI:MGI:1328358)
GO:0045944	positive regulation of transcription from RNA polymerase II promoter	has_regulation_target(MGI:MGI:1330812
GO:0045944	positive regulation of transcription from RNA polymerase II promoter	has_regulation_target(MGI:MGI:1330812
GO:0006349	regulation of gene expression by genetic imprinting	has_regulation_target(MGI:MGI:1333817)
GO:1902311	regulation of copper ion transmembrane transport	has_regulation_target(MGI:MGI:1333843
GO:0045944	positive regulation of transcription from RNA polymerase II promoter	has_regulation_target(MGI:MGI:1336883)
GO:0045944	positive regulation of transcription from RNA polymerase II promoter	has_regulation_target(MGI:MGI:1337040)
GO:0000122	negative regulation of transcription from RNA polymerase II promoter	has_regulation_target(MGI:MGI:1337040)
GO:0006357	regulation of transcription from RNA polymerase II promoter	has_regulation_target(MGI:MGI:1338033)
GO:0000122	negative regulation of transcription from RNA polymerase II promoter	has_regulation_target(MGI:MGI:1338039)
GO:0001078	transcriptional repressor activity, RNA polymerase II core promoter proximal region sequence-specific binding	has_regulation_target(MGI:MGI:1338039)
GO:0010628	positive regulation of gene expression	has_regulation_target(MGI:MGI:1338803)
GO:0045944	positive regulation of transcription from RNA polymerase II promoter	has_regulation_target(MGI:MGI:1338890
GO:0045944	positive regulation of transcription from RNA polymerase II promoter	has_regulation_target(MGI:MGI:1339364)
GO:0045944	positive regulation of transcription from RNA polymerase II promoter	has_regulation_target(MGI:MGI:1339364)
GO:0001228	transcriptional activator activity, RNA polymerase II transcription regulatory region sequence-specific binding	has_regulation_target(MGI:MGI:1339467
GO:0000122	negative regulation of transcription from RNA polymerase II promoter	has_regulation_target(MGI:MGI:1339656)
GO:0045944	positive regulation of transcription from RNA polymerase II promoter	has_regulation_target(MGI:MGI:1339708)
GO:0045944	positive regulation of transcription from RNA polymerase II promoter	has_regulation_target(MGI:MGI:1339708)
GO:0045944	positive regulation of transcription from RNA polymerase II promoter	has_regulation_target(MGI:MGI:1339709
GO:0045944	positive regulation of transcription from RNA polymerase II promoter	has_regulation_target(MGI:MGI:1339709
GO:0045944	positive regulation of transcription from RNA polymerase II promoter	has_regulation_target(MGI:MGI:1339709)
GO:0045944	positive regulation of transcription from RNA polymerase II promoter	has_regulation_target(MGI:MGI:1339712
GO:0045944	positive regulation of transcription from RNA polymerase II promoter	has_regulation_target(MGI:MGI:1339712
GO:0045944	positive regulation of transcription from RNA polymerase II promoter	has_regulation_target(MGI:MGI:1339712)
GO:0045944	positive regulation of transcription from RNA polymerase II promoter	has_regulation_target(MGI:MGI:1339712)
GO:0000122	negative regulation of transcription from RNA polymerase II promoter	has_regulation_target(MGI:MGI:1339758)
GO:0001077	transcriptional activator activity, RNA polymerase II core promoter proximal region sequence-specific binding	has_regulation_target(MGI:MGI:1341430)
GO:2001259	positive regulation of cation channel activity	has_regulation_target(MGI:MGI:1341787)
GO:0001934	positive regulation of protein phosphorylation	has_regulation_target(MGI:MGI:1341799)
GO:0045944	positive regulation of transcription from RNA polymerase II promoter	has_regulation_target(MGI:MGI:1341800)
GO:0000122	negative regulation of transcription from RNA polymerase II promoter	has_regulation_target(MGI:MGI:1341800)
GO:0003700	transcription factor activity, sequence-specific DNA binding	has_regulation_target(MGI:MGI:1341800)
GO:0003700	transcription factor activity, sequence-specific DNA binding	has_regulation_target(MGI:MGI:1341800)
GO:0003700	transcription factor activity, sequence-specific DNA binding	has_regulation_target(MGI:MGI:1341800)
GO:0003700	transcription factor activity, sequence-specific DNA binding	has_regulation_target(MGI:MGI:1341800)
GO:0045944	positive regulation of transcription from RNA polymerase II promoter	has_regulation_target(MGI:MGI:1341840)
GO:0045944	positive regulation of transcription from RNA polymerase II promoter	has_regulation_target(MGI:MGI:1341848)
GO:0045944	positive regulation of transcription from RNA polymerase II promoter	has_regulation_target(MGI:MGI:1341848)
GO:1900181	negative regulation of protein localization to nucleus	has_regulation_target(MGI:MGI:1341872)
GO:0045944	positive regulation of transcription from RNA polymerase II promoter	has_regulation_target(MGI:MGI:1342771)
GO:0006357	regulation of transcription from RNA polymerase II promoter	has_regulation_target(MGI:MGI:1342772)
GO:0045944	positive regulation of transcription from RNA polymerase II promoter	has_regulation_target(MGI:MGI:1342773)
GO:0045944	positive regulation of transcription from RNA polymerase II promoter	has_regulation_target(MGI:MGI:1343102)
GO:0000122	negative regulation of transcription from RNA polymerase II promoter	has_regulation_target(MGI:MGI:1343102)
GO:0001228	transcriptional activator activity, RNA polymerase II transcription regulatory region sequence-specific binding	has_regulation_target(MGI:MGI:1344313
GO:0000122	negative regulation of transcription from RNA polymerase II promoter	has_regulation_target(MGI:MGI:1344337)
GO:0045944	positive regulation of transcription from RNA polymerase II promoter	has_regulation_target(MGI:MGI:1344405)
GO:0001228	transcriptional activator activity, RNA polymerase II transcription regulatory region sequence-specific binding	has_regulation_target(MGI:MGI:1344424)
GO:0010628	positive regulation of gene expression	has_regulation_target(MGI:MGI:1345149)
GO:0000122	negative regulation of transcription from RNA polymerase II promoter	has_regulation_target(MGI:MGI:1345275)
GO:0010468	regulation of gene expression	has_regulation_target(MGI:MGI:1345279)
GO:0045944	positive regulation of transcription from RNA polymerase II promoter	has_regulation_target(MGI:MGI:1345281)
GO:0045944	positive regulation of transcription from RNA polymerase II promoter	has_regulation_target(MGI:MGI:1346307)
GO:0045944	positive regulation of transcription from RNA polymerase II promoter	has_regulation_target(MGI:MGI:1346307)
GO:0000122	negative regulation of transcription from RNA polymerase II promoter	has_regulation_target(MGI:MGI:1346307)
GO:0045944	positive regulation of transcription from RNA polymerase II promoter	has_regulation_target(MGI:MGI:1346336)
GO:0000187	activation of MAPK activity	has_regulation_target(MGI:MGI:1346858)
GO:0032147	activation of protein kinase activity	has_regulation_target(MGI:MGI:1346858)
GO:0000187	activation of MAPK activity	has_regulation_target(MGI:MGI:1346865)
GO:0032880	regulation of protein localization	has_regulation_target(MGI:MGI:1346881)
GO:0003700	transcription factor activity, sequence-specific DNA binding	has_regulation_target(MGI:MGI:1347007)
GO:0045944	positive regulation of transcription from RNA polymerase II promoter	has_regulation_target(MGI:MGI:1347007)
GO:0048018	receptor agonist activity	has_regulation_target(MGI:MGI:1347244)
GO:0045944	positive regulation of transcription from RNA polymerase II promoter	has_regulation_target(MGI:MGI:1347470)
GO:0045944	positive regulation of transcription from RNA polymerase II promoter	has_regulation_target(MGI:MGI:1347470)
GO:0045944	positive regulation of transcription from RNA polymerase II promoter	has_regulation_target(MGI:MGI:1347472)
GO:0045944	positive regulation of transcription from RNA polymerase II promoter	has_regulation_target(MGI:MGI:1347472)
GO:0045944	positive regulation of transcription from RNA polymerase II promoter	has_regulation_target(MGI:MGI:1347474)
GO:0051091	positive regulation of sequence-specific DNA binding transcription factor activity	has_regulation_target(MGI:MGI:1347476)
GO:0045944	positive regulation of transcription from RNA polymerase II promoter	has_regulation_target(MGI:MGI:1347476)
GO:0045944	positive regulation of transcription from RNA polymerase II promoter	has_regulation_target(MGI:MGI:1347476)
GO:0000122	negative regulation of transcription from RNA polymerase II promoter	has_regulation_target(MGI:MGI:1347476)
GO:0003700	transcription factor activity, sequence-specific DNA binding	has_regulation_target(MGI:MGI:1347476)
GO:0000122	negative regulation of transcription from RNA polymerase II promoter	has_regulation_target(MGI:MGI:1347476)
GO:0045944	positive regulation of transcription from RNA polymerase II promoter	has_regulation_target(MGI:MGI:1347476)
GO:0006357	regulation of transcription from RNA polymerase II promoter	has_regulation_target(MGI:MGI:1347476)
GO:0045944	positive regulation of transcription from RNA polymerase II promoter	has_regulation_target(MGI:MGI:1347476)
GO:0045944	positive regulation of transcription from RNA polymerase II promoter	has_regulation_target(MGI:MGI:1347477)
GO:0045944	positive regulation of transcription from RNA polymerase II promoter	has_regulation_target(MGI:MGI:1347479)
GO:0033138	positive regulation of peptidyl-serine phosphorylation	has_regulation_target(MGI:MGI:1347521)
GO:0045944	positive regulation of transcription from RNA polymerase II promoter	has_regulation_target(MGI:MGI:1349162)
GO:0045944	positive regulation of transcription from RNA polymerase II promoter	has_regulation_target(MGI:MGI:1349162)
GO:0045944	positive regulation of transcription from RNA polymerase II promoter	has_regulation_target(MGI:MGI:1349391)
GO:0045944	positive regulation of transcription from RNA polymerase II promoter	has_regulation_target(MGI:MGI:1349391)
GO:0045944	positive regulation of transcription from RNA polymerase II promoter	has_regulation_target(MGI:MGI:1349451)
GO:0045944	positive regulation of transcription from RNA polymerase II promoter	has_regulation_target(MGI:MGI:1351209)
GO:0000122	negative regulation of transcription from RNA polymerase II promoter	has_regulation_target(MGI:MGI:1351209)
GO:0050731	positive regulation of peptidyl-tyrosine phosphorylation	has_regulation_target(MGI:MGI:1351314)
GO:0045944	positive regulation of transcription from RNA polymerase II promoter	has_regulation_target(MGI:MGI:1351322)
GO:0000122	negative regulation of transcription from RNA polymerase II promoter	has_regulation_target(MGI:MGI:1351322)
GO:0045944	positive regulation of transcription from RNA polymerase II promoter	has_regulation_target(MGI:MGI:1351606)
GO:0045944	positive regulation of transcription from RNA polymerase II promoter	has_regulation_target(MGI:MGI:1351606)
GO:0045944	positive regulation of transcription from RNA polymerase II promoter	has_regulation_target(MGI:MGI:1351617)
GO:0045944	positive regulation of transcription from RNA polymerase II promoter	has_regulation_target(MGI:MGI:1351617)
GO:0045944	positive regulation of transcription from RNA polymerase II promoter	has_regulation_target(MGI:MGI:1351653)
GO:0045944	positive regulation of transcription from RNA polymerase II promoter	has_regulation_target(MGI:MGI:1352450)
GO:0045944	positive regulation of transcription from RNA polymerase II promoter	has_regulation_target(MGI:MGI:1352453)
GO:0010468	regulation of gene expression	has_regulation_target(MGI:MGI:1352454)
GO:0010468	regulation of gene expression	has_regulation_target(MGI:MGI:1352454)
GO:0010468	regulation of gene expression	has_regulation_target(MGI:MGI:1352454)
GO:0010468	regulation of gene expression	has_regulation_target(MGI:MGI:1352456)
GO:0010468	regulation of gene expression	has_regulation_target(MGI:MGI:1352456)
GO:0045944	positive regulation of transcription from RNA polymerase II promoter	has_regulation_target(MGI:MGI:1352456)
GO:0045944	positive regulation of transcription from RNA polymerase II promoter	has_regulation_target(MGI:MGI:1352456)
GO:0045944	positive regulation of transcription from RNA polymerase II promoter	has_regulation_target(MGI:MGI:1352456)
GO:0045944	positive regulation of transcription from RNA polymerase II promoter	has_regulation_target(MGI:MGI:1352456)
GO:0010468	regulation of gene expression	has_regulation_target(MGI:MGI:1352456)
GO:0010468	regulation of gene expression	has_regulation_target(MGI:MGI:1352456)
GO:0010468	regulation of gene expression	has_regulation_target(MGI:MGI:1352456)
GO:0010468	regulation of gene expression	has_regulation_target(MGI:MGI:1352457)
GO:0010468	regulation of gene expression	has_regulation_target(MGI:MGI:1352457)
GO:0010468	regulation of gene expression	has_regulation_target(MGI:MGI:1352457)
GO:0045944	positive regulation of transcription from RNA polymerase II promoter	has_regulation_target(MGI:MGI:1352460)
GO:0006357	regulation of transcription from RNA polymerase II promoter	has_regulation_target(MGI:MGI:1352460)
GO:0045944	positive regulation of transcription from RNA polymerase II promoter	has_regulation_target(MGI:MGI:1352464)
GO:0000122	negative regulation of transcription from RNA polymerase II promoter	has_regulation_target(MGI:MGI:1352464)
GO:0045893	positive regulation of transcription, DNA-templated	has_regulation_target(MGI:MGI:1352464)
GO:0045944	positive regulation of transcription from RNA polymerase II promoter	has_regulation_target(MGI:MGI:1352467)
GO:0000122	negative regulation of transcription from RNA polymerase II promoter	has_regulation_target(MGI:MGI:1352467)
GO:0006357	regulation of transcription from RNA polymerase II promoter	has_regulation_target(MGI:MGI:1353422)
GO:0045944	positive regulation of transcription from RNA polymerase II promoter	has_regulation_target(MGI:MGI:1353422)
GO:0001077	transcriptional activator activity, RNA polymerase II core promoter proximal region sequence-specific binding	has_regulation_target(MGI:MGI:1353592)
GO:0000981	RNA polymerase II transcription factor activity, sequence-specific DNA binding	has_regulation_target(MGI:MGI:1353609)
GO:0045944	positive regulation of transcription from RNA polymerase II promoter	has_regulation_target(MGI:MGI:1354755)
GO:0045944	positive regulation of transcription from RNA polymerase II promoter	has_regulation_target(MGI:MGI:1355313)
GO:0003700	transcription factor activity, sequence-specific DNA binding	has_regulation_target(MGI:MGI:1355313)
GO:0000122	negative regulation of transcription from RNA polymerase II promoter	has_regulation_target(MGI:MGI:1355331)
GO:0010468	regulation of gene expression	has_regulation_target(MGI:MGI:1355331)
GO:0045944	positive regulation of transcription from RNA polymerase II promoter	has_regulation_target(MGI:MGI:1858414)
GO:0001077	transcriptional activator activity, RNA polymerase II core promoter proximal region sequence-specific binding	has_regulation_target(MGI:MGI:1858414)
GO:0000982	transcription factor activity, RNA polymerase II core promoter proximal region sequence-specific binding	has_regulation_target(MGI:MGI:1859212)
GO:0045751	negative regulation of Toll signaling pathway	has_regulation_target(MGI:MGI:1859212)
GO:0045944	positive regulation of transcription from RNA polymerase II promoter	has_regulation_target(MGI:MGI:1859281)
GO:0045944	positive regulation of transcription from RNA polymerase II promoter	has_regulation_target(MGI:MGI:1859281)
GO:0001077	transcriptional activator activity, RNA polymerase II core promoter proximal region sequence-specific binding	has_regulation_target(MGI:MGI:1859288)
GO:0045944	positive regulation of transcription from RNA polymerase II promoter	has_regulation_target(MGI:MGI:1859314)
GO:0045944	positive regulation of transcription from RNA polymerase II promoter	has_regulation_target(MGI:MGI:1859314)
GO:0045944	positive regulation of transcription from RNA polymerase II promoter	has_regulation_target(MGI:MGI:1859388)
GO:0003705	transcription factor activity, RNA polymerase II distal enhancer sequence-specific binding	has_regulation_target(MGI:MGI:1859388)
GO:0045944	positive regulation of transcription from RNA polymerase II promoter	has_regulation_target(MGI:MGI:1859637)
GO:0045944	positive regulation of transcription from RNA polymerase II promoter	has_regulation_target(MGI:MGI:1859637)
GO:0045944	positive regulation of transcription from RNA polymerase II promoter	has_regulation_target(MGI:MGI:1859637)
GO:0045944	positive regulation of transcription from RNA polymerase II promoter	has_regulation_target(MGI:MGI:1859637)
GO:0045944	positive regulation of transcription from RNA polymerase II promoter	has_regulation_target(MGI:MGI:1859637)
GO:0045944	positive regulation of transcription from RNA polymerase II promoter	has_regulation_target(MGI:MGI:1859637)
GO:0001077	transcriptional activator activity, RNA polymerase II core promoter proximal region sequence-specific binding	has_regulation_target(MGI:MGI:1859637)
GO:0045944	positive regulation of transcription from RNA polymerase II promoter	has_regulation_target(MGI:MGI:1859980)
GO:0045944	positive regulation of transcription from RNA polymerase II promoter	has_regulation_target(MGI:MGI:1860483)
GO:0071902	positive regulation of protein serine/threonine kinase activity	has_regulation_target(MGI:MGI:1861437
GO:0090090	negative regulation of canonical Wnt signaling pathway	has_regulation_target(MGI:MGI:1861437)
GO:0090090	negative regulation of canonical Wnt signaling pathway	has_regulation_target(MGI:MGI:1861437)
GO:0001228	transcriptional activator activity, RNA polymerase II transcription regulatory region sequence-specific binding	has_regulation_target(MGI:MGI:1861447
GO:0010468	regulation of gene expression	has_regulation_target(MGI:MGI:1888496)
GO:0045944	positive regulation of transcription from RNA polymerase II promoter	has_regulation_target(MGI:MGI:1888513
GO:0045944	positive regulation of transcription from RNA polymerase II promoter	has_regulation_target(MGI:MGI:1888513
GO:0001205	transcriptional activator activity, RNA polymerase II distal enhancer sequence-specific binding	has_regulation_target(MGI:MGI:1888519)
GO:0045944	positive regulation of transcription from RNA polymerase II promoter	has_regulation_target(MGI:MGI:1888519)
GO:0045944	positive regulation of transcription from RNA polymerase II promoter	has_regulation_target(MGI:MGI:1889272
GO:0045944	positive regulation of transcription from RNA polymerase II promoter	has_regulation_target(MGI:MGI:1889272
GO:0001227	transcriptional repressor activity, RNA polymerase II transcription regulatory region sequence-specific binding	has_regulation_target(MGI:MGI:1889575)
GO:0045944	positive regulation of transcription from RNA polymerase II promoter	has_regulation_target(MGI:MGI:1890110
GO:0010628	positive regulation of gene expression	has_regulation_target(MGI:MGI:1890149)
GO:0003700	transcription factor activity, sequence-specific DNA binding	has_regulation_target(MGI:MGI:1890410)
GO:0000122	negative regulation of transcription from RNA polymerase II promoter	has_regulation_target(MGI:MGI:1890446)
GO:0045944	positive regulation of transcription from RNA polymerase II promoter	has_regulation_target(MGI:MGI:1890518)
GO:0001227	transcriptional repressor activity, RNA polymerase II transcription regulatory region sequence-specific binding	has_regulation_target(MGI:MGI:1890816)
GO:0045892	negative regulation of transcription, DNA-templated	has_regulation_target(MGI:MGI:1890816)
GO:0006357	regulation of transcription from RNA polymerase II promoter	has_regulation_target(MGI:MGI:1891012)
GO:0018108	peptidyl-tyrosine phosphorylation	has_regulation_target(MGI:MGI:1891396)
GO:0045944	positive regulation of transcription from RNA polymerase II promoter	has_regulation_target(MGI:MGI:1891436)
GO:0000122	negative regulation of transcription from RNA polymerase II promoter	has_regulation_target(MGI:MGI:1891436)
GO:0045944	positive regulation of transcription from RNA polymerase II promoter	has_regulation_target(MGI:MGI:1891468
GO:0045944	positive regulation of transcription from RNA polymerase II promoter	has_regulation_target(MGI:MGI:1891468
GO:0045944	positive regulation of transcription from RNA polymerase II promoter	has_regulation_target(MGI:MGI:1891828
GO:0045944	positive regulation of transcription from RNA polymerase II promoter	has_regulation_target(MGI:MGI:1891834)
GO:0045892	negative regulation of transcription, DNA-templated	has_regulation_target(MGI:MGI:1913356)
GO:0010468	regulation of gene expression	has_regulation_target(MGI:MGI:1913396)
GO:0045944	positive regulation of transcription from RNA polymerase II promoter	has_regulation_target(MGI:MGI:1913548)
GO:0010468	regulation of gene expression	has_regulation_target(MGI:MGI:1913853)
GO:0001228	transcriptional activator activity, RNA polymerase II transcription regulatory region sequence-specific binding	has_regulation_target(MGI:MGI:1913900)
GO:0032880	regulation of protein localization	has_regulation_target(MGI:MGI:1913904)
GO:0010628	positive regulation of gene expression	has_regulation_target(MGI:MGI:1913926)
GO:0033234	negative regulation of protein sumoylation	has_regulation_target(MGI:MGI:1914117)
GO:0045944	positive regulation of transcription from RNA polymerase II promoter	has_regulation_target(MGI:MGI:1914139)
GO:0001228	transcriptional activator activity, RNA polymerase II transcription regulatory region sequence-specific binding	has_regulation_target(MGI:MGI:1914144)
GO:0045944	positive regulation of transcription from RNA polymerase II promoter	has_regulation_target(MGI:MGI:1914218
GO:0045944	positive regulation of transcription from RNA polymerase II promoter	has_regulation_target(MGI:MGI:1914218)
GO:0031647	regulation of protein stability	has_regulation_target(MGI:MGI:1914241)
GO:0045944	positive regulation of transcription from RNA polymerase II promoter	has_regulation_target(MGI:MGI:1914487)
GO:0045893	positive regulation of transcription, DNA-templated	has_regulation_target(MGI:MGI:1914487)
GO:0000122	negative regulation of transcription from RNA polymerase II promoter	has_regulation_target(MGI:MGI:1914487)
GO:0010628	positive regulation of gene expression	has_regulation_target(MGI:MGI:1914761)
GO:0000981	RNA polymerase II transcription factor activity, sequence-specific DNA binding	has_regulation_target(MGI:MGI:1915140)
GO:0045944	positive regulation of transcription from RNA polymerase II promoter	has_regulation_target(MGI:MGI:1915661)
GO:0010628	positive regulation of gene expression	has_regulation_target(MGI:MGI:1915831)
GO:0001228	transcriptional activator activity, RNA polymerase II transcription regulatory region sequence-specific binding	has_regulation_target(MGI:MGI:1916202)
GO:0045944	positive regulation of transcription from RNA polymerase II promoter	has_regulation_target(MGI:MGI:1916603)
GO:0045944	positive regulation of transcription from RNA polymerase II promoter	has_regulation_target(MGI:MGI:1916603)
GO:0045944	positive regulation of transcription from RNA polymerase II promoter	has_regulation_target(MGI:MGI:1916782)
GO:0045944	positive regulation of transcription from RNA polymerase II promoter	has_regulation_target(MGI:MGI:1916813)
GO:0004860	protein kinase inhibitor activity	has_regulation_target(MGI:MGI:1916885)
GO:0045944	positive regulation of transcription from RNA polymerase II promoter	has_regulation_target(MGI:MGI:1917923
GO:0045944	positive regulation of transcription from RNA polymerase II promoter	has_regulation_target(MGI:MGI:1917923)
GO:0045944	positive regulation of transcription from RNA polymerase II promoter	has_regulation_target(MGI:MGI:1917923)
GO:0045944	positive regulation of transcription from RNA polymerase II promoter	has_regulation_target(MGI:MGI:1917923)
GO:0045944	positive regulation of transcription from RNA polymerase II promoter	has_regulation_target(MGI:MGI:1918588)
GO:0000122	negative regulation of transcription from RNA polymerase II promoter	has_regulation_target(MGI:MGI:1918940)
GO:0032880	regulation of protein localization	has_regulation_target(MGI:MGI:1919096)
GO:0006346	methylation-dependent chromatin silencing	has_regulation_target(MGI:MGI:1919200)
GO:0045944	positive regulation of transcription from RNA polymerase II promoter	has_regulation_target(MGI:MGI:1919200)
GO:0000122	negative regulation of transcription from RNA polymerase II promoter	has_regulation_target(MGI:MGI:1919200)
GO:0045944	positive regulation of transcription from RNA polymerase II promoter	has_regulation_target(MGI:MGI:1919200)
GO:0045944	positive regulation of transcription from RNA polymerase II promoter	has_regulation_target(MGI:MGI:1919327)
GO:0045944	positive regulation of transcription from RNA polymerase II promoter	has_regulation_target(MGI:MGI:1919404)
GO:0001228	transcriptional activator activity, RNA polymerase II transcription regulatory region sequence-specific binding	has_regulation_target(MGI:MGI:1919580)
GO:0045944	positive regulation of transcription from RNA polymerase II promoter	has_regulation_target(MGI:MGI:1919583
GO:0045944	positive regulation of transcription from RNA polymerase II promoter	has_regulation_target(MGI:MGI:1919583
GO:0001228	transcriptional activator activity, RNA polymerase II transcription regulatory region sequence-specific binding	has_regulation_target(MGI:MGI:1920211)
GO:0001077	transcriptional activator activity, RNA polymerase II core promoter proximal region sequence-specific binding	has_regulation_target(MGI:MGI:1920722)
GO:0010468	regulation of gene expression	has_regulation_target(MGI:MGI:1920958)
GO:0045944	positive regulation of transcription from RNA polymerase II promoter	has_regulation_target(MGI:MGI:1920982)
GO:0000122	negative regulation of transcription from RNA polymerase II promoter	has_regulation_target(MGI:MGI:1921305)
GO:0032880	regulation of protein localization	has_regulation_target(MGI:MGI:1921325)
GO:0051957	positive regulation of amino acid transport	has_regulation_target(MGI:MGI:1921588)
GO:1900181	negative regulation of protein localization to nucleus	has_regulation_target(MGI:MGI:1921593)
GO:0045944	positive regulation of transcription from RNA polymerase II promoter	has_regulation_target(MGI:MGI:1923719)
GO:0001077	transcriptional activator activity, RNA polymerase II core promoter proximal region sequence-specific binding	has_regulation_target(MGI:MGI:1923719)
GO:0001077	transcriptional activator activity, RNA polymerase II core promoter proximal region sequence-specific binding	has_regulation_target(MGI:MGI:1923719)
GO:0045944	positive regulation of transcription from RNA polymerase II promoter	has_regulation_target(MGI:MGI:1924007
GO:0045944	positive regulation of transcription from RNA polymerase II promoter	has_regulation_target(MGI:MGI:1924108)
GO:0018108	peptidyl-tyrosine phosphorylation	has_regulation_target(MGI:MGI:1924550)
GO:0031398	positive regulation of protein ubiquitination	has_regulation_target(MGI:MGI:1924809)
GO:0000122	negative regulation of transcription from RNA polymerase II promoter	has_regulation_target(MGI:MGI:1924880)
GO:0045944	positive regulation of transcription from RNA polymerase II promoter	has_regulation_target(MGI:MGI:1924880)
GO:0045893	positive regulation of transcription, DNA-templated	has_regulation_target(MGI:MGI:1925139)
GO:0000981	RNA polymerase II transcription factor activity, sequence-specific DNA binding	has_regulation_target(MGI:MGI:1925912)
GO:0002862	negative regulation of inflammatory response to antigenic stimulus	has_regulation_target(MGI:MGI:1926218)
GO:0045892	negative regulation of transcription, DNA-templated	has_regulation_target(MGI:MGI:1926855)
GO:0006357	regulation of transcription from RNA polymerase II promoter	has_regulation_target(MGI:MGI:1926923)
GO:0045944	positive regulation of transcription from RNA polymerase II promoter	has_regulation_target(MGI:MGI:1927168)
GO:0005096	GTPase activator activity	has_regulation_target(MGI:MGI:1927243)
GO:0005096	GTPase activator activity	has_regulation_target(MGI:MGI:1927244)
GO:0006469	negative regulation of protein kinase activity	has_regulation_target(MGI:MGI:1927343)
GO:0032412	regulation of ion transmembrane transporter activity	has_regulation_target(MGI:MGI:1927555)
GO:0045944	positive regulation of transcription from RNA polymerase II promoter	has_regulation_target(MGI:MGI:1927578)
GO:0001932	regulation of protein phosphorylation	has_regulation_target(MGI:MGI:1927664)
GO:1903033	positive regulation of microtubule plus-end binding	has_regulation_target(MGI:MGI:1928401)
GO:0051926	negative regulation of calcium ion transport	has_regulation_target(MGI:MGI:1928842)
GO:0010468	regulation of gene expression	has_regulation_target(MGI:MGI:1929913)
GO:0045944	positive regulation of transcription from RNA polymerase II promoter	has_regulation_target(MGI:MGI:1929913)
GO:0001077	transcriptional activator activity, RNA polymerase II core promoter proximal region sequence-specific binding	has_regulation_target(MGI:MGI:1929913)
GO:0045944	positive regulation of transcription from RNA polymerase II promoter	has_regulation_target(MGI:MGI:1929938
GO:0000981	RNA polymerase II transcription factor activity, sequence-specific DNA binding	has_regulation_target(MGI:MGI:1930001)
GO:0000122	negative regulation of transcription from RNA polymerase II promoter	has_regulation_target(MGI:MGI:1930146)
GO:0045944	positive regulation of transcription from RNA polymerase II promoter	has_regulation_target(MGI:MGI:1930146)
GO:0045944	positive regulation of transcription from RNA polymerase II promoter	has_regulation_target(MGI:MGI:1930803)
GO:0010466	negative regulation of peptidase activity	has_regulation_target(MGI:MGI:1931466)
GO:0000122	negative regulation of transcription from RNA polymerase II promoter	has_regulation_target(MGI:MGI:1931838)
GO:0045944	positive regulation of transcription from RNA polymerase II promoter	has_regulation_target(MGI:MGI:1931838)
GO:0045944	positive regulation of transcription from RNA polymerase II promoter	has_regulation_target(MGI:MGI:1932374
GO:0045944	positive regulation of transcription from RNA polymerase II promoter	has_regulation_target(MGI:MGI:1932575)
GO:0045944	positive regulation of transcription from RNA polymerase II promoter	has_regulation_target(MGI:MGI:1932575)
GO:0045944	positive regulation of transcription from RNA polymerase II promoter	has_regulation_target(MGI:MGI:1932575)
GO:0045944	positive regulation of transcription from RNA polymerase II promoter	has_regulation_target(MGI:MGI:1932575)
GO:0001077	transcriptional activator activity, RNA polymerase II core promoter proximal region sequence-specific binding	has_regulation_target(MGI:MGI:1932575)
GO:0045944	positive regulation of transcription from RNA polymerase II promoter	has_regulation_target(MGI:MGI:1933533)
GO:0045944	positive regulation of transcription from RNA polymerase II promoter	has_regulation_target(MGI:MGI:1934030
GO:0033673	negative regulation of kinase activity	has_regulation_target(MGI:MGI:1934234)
GO:0045944	positive regulation of transcription from RNA polymerase II promoter	has_regulation_target(MGI:MGI:2135679)
GO:0006357	regulation of transcription from RNA polymerase II promoter	has_regulation_target(MGI:MGI:2137495)
GO:0045944	positive regulation of transcription from RNA polymerase II promoter	has_regulation_target(MGI:MGI:2139287)
GO:0045944	positive regulation of transcription from RNA polymerase II promoter	has_regulation_target(MGI:MGI:2139287)
GO:0045944	positive regulation of transcription from RNA polymerase II promoter	has_regulation_target(MGI:MGI:2139360)
GO:0045944	positive regulation of transcription from RNA polymerase II promoter	has_regulation_target(MGI:MGI:2146430)
GO:0045944	positive regulation of transcription from RNA polymerase II promoter	has_regulation_target(MGI:MGI:2146838
GO:0001077	transcriptional activator activity, RNA polymerase II core promoter proximal region sequence-specific binding	has_regulation_target(MGI:MGI:2146838
GO:0045944	positive regulation of transcription from RNA polymerase II promoter	has_regulation_target(MGI:MGI:2149290)
GO:0010468	regulation of gene expression	has_regulation_target(MGI:MGI:2151153)
GO:0010468	regulation of gene expression	has_regulation_target(MGI:MGI:2151153)
GO:0071902	positive regulation of protein serine/threonine kinase activity	has_regulation_target(MGI:MGI:2152453
GO:0045944	positive regulation of transcription from RNA polymerase II promoter	has_regulation_target(MGI:MGI:2153568)
GO:0045944	positive regulation of transcription from RNA polymerase II promoter	has_regulation_target(MGI:MGI:2153710)
GO:0045944	positive regulation of transcription from RNA polymerase II promoter	has_regulation_target(MGI:MGI:2153710)
GO:0045944	positive regulation of transcription from RNA polymerase II promoter	has_regulation_target(MGI:MGI:2155600
GO:0045944	positive regulation of transcription from RNA polymerase II promoter	has_regulation_target(MGI:MGI:2155600
GO:0000122	negative regulation of transcription from RNA polymerase II promoter	has_regulation_target(MGI:MGI:2155600
GO:0045944	positive regulation of transcription from RNA polymerase II promoter	has_regulation_target(MGI:MGI:2155600
GO:0045944	positive regulation of transcription from RNA polymerase II promoter	has_regulation_target(MGI:MGI:2155600
GO:0000122	negative regulation of transcription from RNA polymerase II promoter	has_regulation_target(MGI:MGI:2155600)
GO:0045892	negative regulation of transcription, DNA-templated	has_regulation_target(MGI:MGI:2176159)
GO:0000122	negative regulation of transcription from RNA polymerase II promoter	has_regulation_target(MGI:MGI:2176159)
GO:0045944	positive regulation of transcription from RNA polymerase II promoter	has_regulation_target(MGI:MGI:2176159)
GO:0010468	regulation of gene expression	has_regulation_target(MGI:MGI:2176230)
GO:0045944	positive regulation of transcription from RNA polymerase II promoter	has_regulation_target(MGI:MGI:2176606)
GO:0045944	positive regulation of transcription from RNA polymerase II promoter	has_regulation_target(MGI:MGI:2176606)
GO:0005096	GTPase activator activity	has_regulation_target(MGI:MGI:2180784)
GO:0004857	enzyme inhibitor activity	has_regulation_target(MGI:MGI:2180860)
GO:0045893	positive regulation of transcription, DNA-templated	has_regulation_target(MGI:MGI:2181411)
GO:0001077	transcriptional activator activity, RNA polymerase II core promoter proximal region sequence-specific binding	has_regulation_target(MGI:MGI:2181667)
GO:0001078	transcriptional repressor activity, RNA polymerase II core promoter proximal region sequence-specific binding	has_regulation_target(MGI:MGI:2181667)
GO:0044212	transcription regulatory region DNA binding	has_regulation_target(MGI:MGI:2387432
GO:0044212	transcription regulatory region DNA binding	has_regulation_target(MGI:MGI:2387432)
GO:0044212	transcription regulatory region DNA binding	has_regulation_target(MGI:MGI:2387432)
GO:0045944	positive regulation of transcription from RNA polymerase II promoter	has_regulation_target(MGI:MGI:2441849)
GO:0045944	positive regulation of transcription from RNA polymerase II promoter	has_regulation_target(MGI:MGI:2442334)
GO:0045944	positive regulation of transcription from RNA polymerase II promoter	has_regulation_target(MGI:MGI:2442334)
GO:0045944	positive regulation of transcription from RNA polymerase II promoter	has_regulation_target(MGI:MGI:2442334)
GO:0045944	positive regulation of transcription from RNA polymerase II promoter	has_regulation_target(MGI:MGI:2442334)
GO:0045944	positive regulation of transcription from RNA polymerase II promoter	has_regulation_target(MGI:MGI:2442334)
GO:0045944	positive regulation of transcription from RNA polymerase II promoter	has_regulation_target(MGI:MGI:2442334)
GO:0001077	transcriptional activator activity, RNA polymerase II core promoter proximal region sequence-specific binding	has_regulation_target(MGI:MGI:2442334)
GO:0045944	positive regulation of transcription from RNA polymerase II promoter	has_regulation_target(MGI:MGI:2442819)
GO:0045944	positive regulation of transcription from RNA polymerase II promoter	has_regulation_target(MGI:MGI:2442860)
GO:0045944	positive regulation of transcription from RNA polymerase II promoter	has_regulation_target(MGI:MGI:2443198
GO:0045944	positive regulation of transcription from RNA polymerase II promoter	has_regulation_target(MGI:MGI:2443398)
GO:0045944	positive regulation of transcription from RNA polymerase II promoter	has_regulation_target(MGI:MGI:2446089
GO:0045944	positive regulation of transcription from RNA polymerase II promoter	has_regulation_target(MGI:MGI:2446089)
GO:0010468	regulation of gene expression	has_regulation_target(MGI:MGI:2447063)
GO:0045944	positive regulation of transcription from RNA polymerase II promoter	has_regulation_target(MGI:MGI:2447076)
GO:0045944	positive regulation of transcription from RNA polymerase II promoter	has_regulation_target(MGI:MGI:2447076)
GO:0000122	negative regulation of transcription from RNA polymerase II promoter	has_regulation_target(MGI:MGI:2448492)
GO:0045944	positive regulation of transcription from RNA polymerase II promoter	has_regulation_target(MGI:MGI:2448528
GO:0030295	protein kinase activator activity	has_regulation_target(MGI:MGI:2448549)
GO:0010628	positive regulation of gene expression	has_regulation_target(MGI:MGI:2449202)
GO:0001077	transcriptional activator activity, RNA polymerase II core promoter proximal region sequence-specific binding	has_regulation_target(MGI:MGI:2655198)
GO:0000122	negative regulation of transcription from RNA polymerase II promoter	has_regulation_target(MGI:MGI:2656551)
GO:0000122	negative regulation of transcription from RNA polymerase II promoter	has_regulation_target(MGI:MGI:2656551)
GO:0045944	positive regulation of transcription from RNA polymerase II promoter	has_regulation_target(MGI:MGI:2656551)
GO:0045944	positive regulation of transcription from RNA polymerase II promoter	has_regulation_target(MGI:MGI:2661061)
GO:0000122	negative regulation of transcription from RNA polymerase II promoter	has_regulation_target(MGI:MGI:2664186)
GO:0045944	positive regulation of transcription from RNA polymerase II promoter	has_regulation_target(MGI:MGI:2664186)
GO:0010628	positive regulation of gene expression	has_regulation_target(MGI:MGI:2667763)
GO:0010629	negative regulation of gene expression	has_regulation_target(MGI:MGI:2669254)
GO:0001228	transcriptional activator activity, RNA polymerase II transcription regulatory region sequence-specific binding	has_regulation_target(MGI:MGI:2672118)
GO:0045944	positive regulation of transcription from RNA polymerase II promoter	has_regulation_target(MGI:MGI:2676818)
GO:0003705	transcription factor activity, RNA polymerase II distal enhancer sequence-specific binding	has_regulation_target(MGI:MGI:2676818)
GO:0045892	negative regulation of transcription, DNA-templated	has_regulation_target(MGI:MGI:2676828)
GO:0045892	negative regulation of transcription, DNA-templated	has_regulation_target(MGI:MGI:2676830)
GO:0045944	positive regulation of transcription from RNA polymerase II promoter	has_regulation_target(MGI:MGI:2676890)
GO:0001078	transcriptional repressor activity, RNA polymerase II core promoter proximal region sequence-specific binding	has_regulation_target(MGI:MGI:2677164)
GO:0045944	positive regulation of transcription from RNA polymerase II promoter	has_regulation_target(MGI:MGI:2679448
GO:0000122	negative regulation of transcription from RNA polymerase II promoter	has_regulation_target(MGI:MGI:2684974)
GO:0045944	positive regulation of transcription from RNA polymerase II promoter	has_regulation_target(MGI:MGI:2684993)
GO:0045944	positive regulation of transcription from RNA polymerase II promoter	has_regulation_target(MGI:MGI:2685183)
GO:0045944	positive regulation of transcription from RNA polymerase II promoter	has_regulation_target(MGI:MGI:2685968)
GO:0045944	positive regulation of transcription from RNA polymerase II promoter	has_regulation_target(MGI:MGI:2687035)
GO:0006357	regulation of transcription from RNA polymerase II promoter	has_regulation_target(MGI:MGI:3029307)
GO:0045944	positive regulation of transcription from RNA polymerase II promoter	has_regulation_target(MGI:MGI:3030810)
GO:0032880	regulation of protein localization	has_regulation_target(MGI:MGI:3036234)
GO:0045944	positive regulation of transcription from RNA polymerase II promoter	has_regulation_target(MGI:MGI:3046414)
GO:0045944	positive regulation of transcription from RNA polymerase II promoter	has_regulation_target(MGI:MGI:3052332)
GO:0045944	positive regulation of transcription from RNA polymerase II promoter	has_regulation_target(MGI:MGI:3505689)
GO:0045944	positive regulation of transcription from RNA polymerase II promoter	has_regulation_target(MGI:MGI:3614797)
GO:0045944	positive regulation of transcription from RNA polymerase II promoter	has_regulation_target(MGI:MGI:3616404)
GO:0045944	positive regulation of transcription from RNA polymerase II promoter	has_regulation_target(MGI:MGI:3618742)
GO:0045944	positive regulation of transcription from RNA polymerase II promoter	has_regulation_target(MGI:MGI:3618746)
GO:0003705	transcription factor activity, RNA polymerase II distal enhancer sequence-specific binding	has_regulation_target(MGI:MGI:3618746)
GO:0010628	positive regulation of gene expression	has_regulation_target(MGI:MGI:3646642)
GO:0006469	negative regulation of protein kinase activity	has_regulation_target(MGI:MGI:87859)
GO:0043086	negative regulation of catalytic activity	has_regulation_target(MGI:MGI:87882)
GO:0045944	positive regulation of transcription from RNA polymerase II promoter	has_regulation_target(MGI:MGI:87887)
GO:1903077	negative regulation of protein localization to plasma membrane	has_regulation_target(MGI:MGI:87888)
GO:0045944	positive regulation of transcription from RNA polymerase II promoter	has_regulation_target(MGI:MGI:87892)
GO:0045944	positive regulation of transcription from RNA polymerase II promoter	has_regulation_target(MGI:MGI:87909)
GO:0045944	positive regulation of transcription from RNA polymerase II promoter	has_regulation_target(MGI:MGI:87909)
GO:0045944	positive regulation of transcription from RNA polymerase II promoter	has_regulation_target(MGI:MGI:87920
GO:0045944	positive regulation of transcription from RNA polymerase II promoter	has_regulation_target(MGI:MGI:87920
GO:0045944	positive regulation of transcription from RNA polymerase II promoter	has_regulation_target(MGI:MGI:87951)
GO:0006357	regulation of transcription from RNA polymerase II promoter	has_regulation_target(MGI:MGI:87951)
GO:0000122	negative regulation of transcription from RNA polymerase II promoter	has_regulation_target(MGI:MGI:87951)
GO:0035033	histone deacetylase regulator activity	has_regulation_target(MGI:MGI:87951)
GO:0000122	negative regulation of transcription from RNA polymerase II promoter	has_regulation_target(MGI:MGI:87951)
GO:0045944	positive regulation of transcription from RNA polymerase II promoter	has_regulation_target(MGI:MGI:87951)
GO:0006469	negative regulation of protein kinase activity	has_regulation_target(MGI:MGI:87986)
GO:0045860	positive regulation of protein kinase activity	has_regulation_target(MGI:MGI:87986)
GO:0033138	positive regulation of peptidyl-serine phosphorylation	has_regulation_target(MGI:MGI:87986)
GO:0045944	positive regulation of transcription from RNA polymerase II promoter	has_regulation_target(MGI:MGI:87991)
GO:0045944	positive regulation of transcription from RNA polymerase II promoter	has_regulation_target(MGI:MGI:88006)
GO:0000122	negative regulation of transcription from RNA polymerase II promoter	has_regulation_target(MGI:MGI:88038)
GO:0003705	transcription factor activity, RNA polymerase II distal enhancer sequence-specific binding	has_regulation_target(MGI:MGI:88052)
GO:0000122	negative regulation of transcription from RNA polymerase II promoter	has_regulation_target(MGI:MGI:88052)
GO:0045944	positive regulation of transcription from RNA polymerase II promoter	has_regulation_target(MGI:MGI:88052)
GO:0010954	positive regulation of protein processing	has_regulation_target(MGI:MGI:88059)
GO:0031647	regulation of protein stability	has_regulation_target(MGI:MGI:88081)
GO:0001934	positive regulation of protein phosphorylation	has_regulation_target(MGI:MGI:88110)
GO:0043462	regulation of ATPase activity	has_regulation_target(MGI:MGI:88110)
GO:0010468	regulation of gene expression	has_regulation_target(MGI:MGI:88138)
GO:0010468	regulation of gene expression	has_regulation_target(MGI:MGI:88138)
GO:0010468	regulation of gene expression	has_regulation_target(MGI:MGI:88138)
GO:0010468	regulation of gene expression	has_regulation_target(MGI:MGI:88138)
GO:0010468	regulation of gene expression	has_regulation_target(MGI:MGI:88138)
GO:0010468	regulation of gene expression	has_regulation_target(MGI:MGI:88138)
GO:0010468	regulation of gene expression	has_regulation_target(MGI:MGI:88138)
GO:0010468	regulation of gene expression	has_regulation_target(MGI:MGI:88138)
GO:0010468	regulation of gene expression	has_regulation_target(MGI:MGI:88138)
GO:0045944	positive regulation of transcription from RNA polymerase II promoter	has_regulation_target(MGI:MGI:88139)
GO:0045944	positive regulation of transcription from RNA polymerase II promoter	has_regulation_target(MGI:MGI:88140)
GO:0000122	negative regulation of transcription from RNA polymerase II promoter	has_regulation_target(MGI:MGI:88156
GO:0045944	positive regulation of transcription from RNA polymerase II promoter	has_regulation_target(MGI:MGI:88156)
GO:0003714	transcription corepressor activity	has_regulation_target(MGI:MGI:88156)
GO:0000122	negative regulation of transcription from RNA polymerase II promoter	has_regulation_target(MGI:MGI:88156)
GO:0000122	negative regulation of transcription from RNA polymerase II promoter	has_regulation_target(MGI:MGI:88156)
GO:0000122	negative regulation of transcription from RNA polymerase II promoter	has_regulation_target(MGI:MGI:88156)
GO:0045944	positive regulation of transcription from RNA polymerase II promoter	has_regulation_target(MGI:MGI:88156)
GO:0010950	positive regulation of endopeptidase activity	has_regulation_target(MGI:MGI:88176)
GO:0061133	endopeptidase activator activity	has_regulation_target(MGI:MGI:88176)
GO:0010628	positive regulation of gene expression	has_regulation_target(MGI:MGI:88177)
GO:0010468	regulation of gene expression	has_regulation_target(MGI:MGI:88177)
GO:0006357	regulation of transcription from RNA polymerase II promoter	has_regulation_target(MGI:MGI:88177)
GO:0045944	positive regulation of transcription from RNA polymerase II promoter	has_regulation_target(MGI:MGI:88177)
GO:0045944	positive regulation of transcription from RNA polymerase II promoter	has_regulation_target(MGI:MGI:88177)
GO:0030514	negative regulation of BMP signaling pathway	has_regulation_target(MGI:MGI:88180)
GO:0000122	negative regulation of transcription from RNA polymerase II promoter	has_regulation_target(MGI:MGI:88180)
GO:0000122	negative regulation of transcription from RNA polymerase II promoter	has_regulation_target(MGI:MGI:88180)
GO:0006355	regulation of transcription, DNA-templated	has_regulation_target(MGI:MGI:88180)
GO:0045944	positive regulation of transcription from RNA polymerase II promoter	has_regulation_target(MGI:MGI:88180)
GO:0045944	positive regulation of transcription from RNA polymerase II promoter	has_regulation_target(MGI:MGI:88180)
GO:0045944	positive regulation of transcription from RNA polymerase II promoter	has_regulation_target(MGI:MGI:88180)
GO:0000122	negative regulation of transcription from RNA polymerase II promoter	has_regulation_target(MGI:MGI:88180)
GO:0045944	positive regulation of transcription from RNA polymerase II promoter	has_regulation_target(MGI:MGI:88180)
GO:0045944	positive regulation of transcription from RNA polymerase II promoter	has_regulation_target(MGI:MGI:88180)
GO:0000122	negative regulation of transcription from RNA polymerase II promoter	has_regulation_target(MGI:MGI:88180)
GO:0045944	positive regulation of transcription from RNA polymerase II promoter	has_regulation_target(MGI:MGI:88180)
GO:0045944	positive regulation of transcription from RNA polymerase II promoter	has_regulation_target(MGI:MGI:88180)
GO:0046022	positive regulation of transcription from RNA polymerase II promoter during mitotic cell cycle	has_regulation_target(MGI:MGI:88180)
GO:0006469	negative regulation of protein kinase activity	has_regulation_target(MGI:MGI:88216)
GO:0004860	protein kinase inhibitor activity	has_regulation_target(MGI:MGI:88256)
GO:0017148	negative regulation of translation	has_regulation_target(MGI:MGI:88256)
GO:0010468	regulation of gene expression	has_regulation_target(MGI:MGI:88271)
GO:0043619	regulation of transcription from RNA polymerase II promoter in response to oxidative stress	has_regulation_target(MGI:MGI:88271)
GO:0001934	positive regulation of protein phosphorylation	has_regulation_target(MGI:MGI:88276)
GO:0032880	regulation of protein localization	has_regulation_target(MGI:MGI:88302)
GO:0001077	transcriptional activator activity, RNA polymerase II core promoter proximal region sequence-specific binding	has_regulation_target(MGI:MGI:88311)
GO:0032880	regulation of protein localization	has_regulation_target(MGI:MGI:88313)
GO:0001077	transcriptional activator activity, RNA polymerase II core promoter proximal region sequence-specific binding	has_regulation_target(MGI:MGI:88313)
GO:0045944	positive regulation of transcription from RNA polymerase II promoter	has_regulation_target(MGI:MGI:88313)
GO:0010628	positive regulation of gene expression	has_regulation_target(MGI:MGI:88313)
GO:0045944	positive regulation of transcription from RNA polymerase II promoter	has_regulation_target(MGI:MGI:88313)
GO:0000122	negative regulation of transcription from RNA polymerase II promoter	has_regulation_target(MGI:MGI:88313)
GO:0045944	positive regulation of transcription from RNA polymerase II promoter	has_regulation_target(MGI:MGI:88313)
GO:0045944	positive regulation of transcription from RNA polymerase II promoter	has_regulation_target(MGI:MGI:88313)
GO:0001077	transcriptional activator activity, RNA polymerase II core promoter proximal region sequence-specific binding	has_regulation_target(MGI:MGI:88314)
GO:0045944	positive regulation of transcription from RNA polymerase II promoter	has_regulation_target(MGI:MGI:88314)
GO:0000122	negative regulation of transcription from RNA polymerase II promoter	has_regulation_target(MGI:MGI:88314)
GO:0045944	positive regulation of transcription from RNA polymerase II promoter	has_regulation_target(MGI:MGI:88314)
GO:0071158	positive regulation of cell cycle arrest	has_regulation_target(MGI:MGI:88315
GO:0003700	transcription factor activity, sequence-specific DNA binding	has_regulation_target(MGI:MGI:88316)
GO:0003700	transcription factor activity, sequence-specific DNA binding	has_regulation_target(MGI:MGI:88316)
GO:0003700	transcription factor activity, sequence-specific DNA binding	has_regulation_target(MGI:MGI:88316)
GO:0003700	transcription factor activity, sequence-specific DNA binding	has_regulation_target(MGI:MGI:88316)
GO:0003700	transcription factor activity, sequence-specific DNA binding	has_regulation_target(MGI:MGI:88316)
GO:0045944	positive regulation of transcription from RNA polymerase II promoter	has_regulation_target(MGI:MGI:88329
GO:0045944	positive regulation of transcription from RNA polymerase II promoter	has_regulation_target(MGI:MGI:88329
GO:0001934	positive regulation of protein phosphorylation	has_regulation_target(MGI:MGI:88351)
GO:0018108	peptidyl-tyrosine phosphorylation	has_regulation_target(MGI:MGI:88351)
GO:0010628	positive regulation of gene expression	has_regulation_target(MGI:MGI:88354)
GO:0000122	negative regulation of transcription from RNA polymerase II promoter	has_regulation_target(MGI:MGI:88357)
GO:0010468	regulation of gene expression	has_regulation_target(MGI:MGI:88357)
GO:0010468	regulation of gene expression	has_regulation_target(MGI:MGI:88364)
GO:0045944	positive regulation of transcription from RNA polymerase II promoter	has_regulation_target(MGI:MGI:88373)
GO:0051091	positive regulation of sequence-specific DNA binding transcription factor activity	has_regulation_target(MGI:MGI:88373)
GO:0010466	negative regulation of peptidase activity	has_regulation_target(MGI:MGI:88380)
GO:0004867	serine-type endopeptidase inhibitor activity	has_regulation_target(MGI:MGI:88380)
GO:0030195	negative regulation of blood coagulation	has_regulation_target(MGI:MGI:88382)
GO:0000122	negative regulation of transcription from RNA polymerase II promoter	has_regulation_target(MGI:MGI:88401)
GO:0000122	negative regulation of transcription from RNA polymerase II promoter	has_regulation_target(MGI:MGI:88413)
GO:0045944	positive regulation of transcription from RNA polymerase II promoter	has_regulation_target(MGI:MGI:88413)
GO:0000981	RNA polymerase II transcription factor activity, sequence-specific DNA binding	has_regulation_target(MGI:MGI:88413)
GO:0000122	negative regulation of transcription from RNA polymerase II promoter	has_regulation_target(MGI:MGI:88437)
GO:0001228	transcriptional activator activity, RNA polymerase II transcription regulatory region sequence-specific binding	has_regulation_target(MGI:MGI:88445
GO:0000122	negative regulation of transcription from RNA polymerase II promoter	has_regulation_target(MGI:MGI:88445)
GO:0045944	positive regulation of transcription from RNA polymerase II promoter	has_regulation_target(MGI:MGI:88445)
GO:0045944	positive regulation of transcription from RNA polymerase II promoter	has_regulation_target(MGI:MGI:88452)
GO:0000122	negative regulation of transcription from RNA polymerase II promoter	has_regulation_target(MGI:MGI:88452)
GO:0045944	positive regulation of transcription from RNA polymerase II promoter	has_regulation_target(MGI:MGI:88452)
GO:0000122	negative regulation of transcription from RNA polymerase II promoter	has_regulation_target(MGI:MGI:88452)
GO:0045944	positive regulation of transcription from RNA polymerase II promoter	has_regulation_target(MGI:MGI:88467)
GO:0045944	positive regulation of transcription from RNA polymerase II promoter	has_regulation_target(MGI:MGI:88467)
GO:0045944	positive regulation of transcription from RNA polymerase II promoter	has_regulation_target(MGI:MGI:88491
GO:0000122	negative regulation of transcription from RNA polymerase II promoter	has_regulation_target(MGI:MGI:88491)
GO:0045944	positive regulation of transcription from RNA polymerase II promoter	has_regulation_target(MGI:MGI:88515)
GO:0045944	positive regulation of transcription from RNA polymerase II promoter	has_regulation_target(MGI:MGI:88516)
GO:0045944	positive regulation of transcription from RNA polymerase II promoter	has_regulation_target(MGI:MGI:88518)
GO:0045944	positive regulation of transcription from RNA polymerase II promoter	has_regulation_target(MGI:MGI:88519)
GO:0045944	positive regulation of transcription from RNA polymerase II promoter	has_regulation_target(MGI:MGI:88526)
GO:0045893	positive regulation of transcription, DNA-templated	has_regulation_target(MGI:MGI:88556)
GO:0045944	positive regulation of transcription from RNA polymerase II promoter	has_regulation_target(MGI:MGI:88556)
GO:0003700	transcription factor activity, sequence-specific DNA binding	has_regulation_target(MGI:MGI:88556)
GO:0010955	negative regulation of protein processing	has_regulation_target(MGI:MGI:88564)
GO:0045944	positive regulation of transcription from RNA polymerase II promoter	has_regulation_target(MGI:MGI:88586)
GO:0000122	negative regulation of transcription from RNA polymerase II promoter	has_regulation_target(MGI:MGI:88586)
GO:0010468	regulation of gene expression	has_regulation_target(MGI:MGI:88612)
GO:0010468	regulation of gene expression	has_regulation_target(MGI:MGI:891981)
GO:0010628	positive regulation of gene expression	has_regulation_target(MGI:MGI:891981)
GO:0045944	positive regulation of transcription from RNA polymerase II promoter	has_regulation_target(MGI:MGI:892013)
GO:0045944	positive regulation of transcription from RNA polymerase II promoter	has_regulation_target(MGI:MGI:892013)
GO:0000122	negative regulation of transcription from RNA polymerase II promoter	has_regulation_target(MGI:MGI:892014
GO:0000122	negative regulation of transcription from RNA polymerase II promoter	has_regulation_target(MGI:MGI:892014)
GO:0001227	transcriptional repressor activity, RNA polymerase II transcription regulatory region sequence-specific binding	has_regulation_target(MGI:MGI:892968)
GO:0045892	negative regulation of transcription, DNA-templated	has_regulation_target(MGI:MGI:892968)
GO:0010468	regulation of gene expression	has_regulation_target(MGI:MGI:893578)
GO:0045944	positive regulation of transcription from RNA polymerase II promoter	has_regulation_target(MGI:MGI:893591)
GO:0003700	transcription factor activity, sequence-specific DNA binding	has_regulation_target(MGI:MGI:893591)
GO:0010628	positive regulation of gene expression	has_regulation_target(MGI:MGI:894670)
GO:0045893	positive regulation of transcription, DNA-templated	has_regulation_target(MGI:MGI:894675)
GO:0045944	positive regulation of transcription from RNA polymerase II promoter	has_regulation_target(MGI:MGI:894675)
GO:0003700	transcription factor activity, sequence-specific DNA binding	has_regulation_target(MGI:MGI:894675)
GO:0045944	positive regulation of transcription from RNA polymerase II promoter	has_regulation_target(MGI:MGI:894806)
GO:0045944	positive regulation of transcription from RNA polymerase II promoter	has_regulation_target(MGI:MGI:894806)
GO:0010468	regulation of gene expression	has_regulation_target(MGI:MGI:94876)
GO:0010468	regulation of gene expression	has_regulation_target(MGI:MGI:94876)
GO:0045944	positive regulation of transcription from RNA polymerase II promoter	has_regulation_target(MGI:MGI:94880)
GO:0045880	positive regulation of smoothened signaling pathway	has_regulation_target(MGI:MGI:94891)
GO:0045944	positive regulation of transcription from RNA polymerase II promoter	has_regulation_target(MGI:MGI:94901
GO:0045944	positive regulation of transcription from RNA polymerase II promoter	has_regulation_target(MGI:MGI:94902
GO:0001078	transcriptional repressor activity, RNA polymerase II core promoter proximal region sequence-specific binding	has_regulation_target(MGI:MGI:94909)
GO:0001077	transcriptional activator activity, RNA polymerase II core promoter proximal region sequence-specific binding	has_regulation_target(MGI:MGI:94909)
GO:0045944	positive regulation of transcription from RNA polymerase II promoter	has_regulation_target(MGI:MGI:94919)
GO:0045944	positive regulation of transcription from RNA polymerase II promoter	has_regulation_target(MGI:MGI:95276)
GO:0045944	positive regulation of transcription from RNA polymerase II promoter	has_regulation_target(MGI:MGI:95295)
GO:0051101	regulation of DNA binding	has_regulation_target(MGI:MGI:95295)
GO:0045944	positive regulation of transcription from RNA polymerase II promoter	has_regulation_target(MGI:MGI:95295)
GO:0001190	transcriptional activator activity, RNA polymerase II transcription factor binding	has_regulation_target(MGI:MGI:95296)
GO:0045944	positive regulation of transcription from RNA polymerase II promoter	has_regulation_target(MGI:MGI:95296)
GO:0045944	positive regulation of transcription from RNA polymerase II promoter	has_regulation_target(MGI:MGI:95296)
GO:0010468	regulation of gene expression	has_regulation_target(MGI:MGI:95389)
GO:0010468	regulation of gene expression	has_regulation_target(MGI:MGI:95389)
GO:0045944	positive regulation of transcription from RNA polymerase II promoter	has_regulation_target(MGI:MGI:95389)
GO:0045944	positive regulation of transcription from RNA polymerase II promoter	has_regulation_target(MGI:MGI:95407)
GO:0045944	positive regulation of transcription from RNA polymerase II promoter	has_regulation_target(MGI:MGI:95407)
GO:0043619	regulation of transcription from RNA polymerase II promoter in response to oxidative stress	has_regulation_target(MGI:MGI:95407)
GO:0045944	positive regulation of transcription from RNA polymerase II promoter	has_regulation_target(MGI:MGI:95407)
GO:0045860	positive regulation of protein kinase activity	has_regulation_target(MGI:MGI:95410)
GO:0000122	negative regulation of transcription from RNA polymerase II promoter	has_regulation_target(MGI:MGI:95410)
GO:0000122	negative regulation of transcription from RNA polymerase II promoter	has_regulation_target(MGI:MGI:95410)
GO:0045893	positive regulation of transcription, DNA-templated	has_regulation_target(MGI:MGI:95479)
GO:0045860	positive regulation of protein kinase activity	has_regulation_target(MGI:MGI:95481)
GO:0000122	negative regulation of transcription from RNA polymerase II promoter	has_regulation_target(MGI:MGI:95484
GO:0045944	positive regulation of transcription from RNA polymerase II promoter	has_regulation_target(MGI:MGI:95484)
GO:0010468	regulation of gene expression	has_regulation_target(MGI:MGI:95484)
GO:0000122	negative regulation of transcription from RNA polymerase II promoter	has_regulation_target(MGI:MGI:95484)
GO:0000122	negative regulation of transcription from RNA polymerase II promoter	has_regulation_target(MGI:MGI:95484)
GO:0045893	positive regulation of transcription, DNA-templated	has_regulation_target(MGI:MGI:95513)
GO:0045944	positive regulation of transcription from RNA polymerase II promoter	has_regulation_target(MGI:MGI:95518)
GO:0045944	positive regulation of transcription from RNA polymerase II promoter	has_regulation_target(MGI:MGI:95518)
GO:0045944	positive regulation of transcription from RNA polymerase II promoter	has_regulation_target(MGI:MGI:95518)
GO:0000122	negative regulation of transcription from RNA polymerase II promoter	has_regulation_target(MGI:MGI:95518)
GO:0045944	positive regulation of transcription from RNA polymerase II promoter	has_regulation_target(MGI:MGI:95518)
GO:0045944	positive regulation of transcription from RNA polymerase II promoter	has_regulation_target(MGI:MGI:95518)
GO:0006357	regulation of transcription from RNA polymerase II promoter	has_regulation_target(MGI:MGI:95523)
GO:0010468	regulation of gene expression	has_regulation_target(MGI:MGI:95523)
GO:0000981	RNA polymerase II transcription factor activity, sequence-specific DNA binding	has_regulation_target(MGI:MGI:95524)
GO:0045944	positive regulation of transcription from RNA polymerase II promoter	has_regulation_target(MGI:MGI:95524)
GO:0045944	positive regulation of transcription from RNA polymerase II promoter	has_regulation_target(MGI:MGI:95524)
GO:0000981	RNA polymerase II transcription factor activity, sequence-specific DNA binding	has_regulation_target(MGI:MGI:95526)
GO:0000122	negative regulation of transcription from RNA polymerase II promoter	has_regulation_target(MGI:MGI:95559)
GO:0045944	positive regulation of transcription from RNA polymerase II promoter	has_regulation_target(MGI:MGI:95574)
GO:0006417	regulation of translation	has_regulation_target(MGI:MGI:95588)
GO:0006417	regulation of translation	has_regulation_target(MGI:MGI:95588)
GO:0031953	negative regulation of protein autophosphorylation	has_regulation_target(MGI:MGI:95602)
GO:0018108	peptidyl-tyrosine phosphorylation	has_regulation_target(MGI:MGI:95602)
GO:0045860	positive regulation of protein kinase activity	has_regulation_target(MGI:MGI:95602)
GO:0035948	positive regulation of gluconeogenesis by positive regulation of transcription from RNA polymerase II promoter	has_regulation_target(MGI:MGI:95607
GO:0035948	positive regulation of gluconeogenesis by positive regulation of transcription from RNA polymerase II promoter	has_regulation_target(MGI:MGI:95607
GO:0035948	positive regulation of gluconeogenesis by positive regulation of transcription from RNA polymerase II promoter	has_regulation_target(MGI:MGI:95607
GO:0006357	regulation of transcription from RNA polymerase II promoter	has_regulation_target(MGI:MGI:95607)
GO:0000122	negative regulation of transcription from RNA polymerase II promoter	has_regulation_target(MGI:MGI:95607)
GO:0035948	positive regulation of gluconeogenesis by positive regulation of transcription from RNA polymerase II promoter	has_regulation_target(MGI:MGI:95607)
GO:0045721	negative regulation of gluconeogenesis	has_regulation_target(MGI:MGI:95607)
GO:0035948	positive regulation of gluconeogenesis by positive regulation of transcription from RNA polymerase II promoter	has_regulation_target(MGI:MGI:95607)
GO:1902683	regulation of receptor localization to synapse	has_regulation_target(MGI:MGI:95614)
GO:0030546	receptor activator activity	has_regulation_target(MGI:MGI:95623)
GO:0001227	transcriptional repressor activity, RNA polymerase II transcription regulatory region sequence-specific binding	has_regulation_target(MGI:MGI:95632)
GO:0001228	transcriptional activator activity, RNA polymerase II transcription regulatory region sequence-specific binding	has_regulation_target(MGI:MGI:95655)
GO:0001077	transcriptional activator activity, RNA polymerase II core promoter proximal region sequence-specific binding	has_regulation_target(MGI:MGI:95661)
GO:0006357	regulation of transcription from RNA polymerase II promoter	has_regulation_target(MGI:MGI:95662)
GO:0045944	positive regulation of transcription from RNA polymerase II promoter	has_regulation_target(MGI:MGI:95662)
GO:0000122	negative regulation of transcription from RNA polymerase II promoter	has_regulation_target(MGI:MGI:95662)
GO:0000122	negative regulation of transcription from RNA polymerase II promoter	has_regulation_target(MGI:MGI:95662)
GO:0045944	positive regulation of transcription from RNA polymerase II promoter	has_regulation_target(MGI:MGI:95663)
GO:0045944	positive regulation of transcription from RNA polymerase II promoter	has_regulation_target(MGI:MGI:95663)
GO:0010628	positive regulation of gene expression	has_regulation_target(MGI:MGI:95663)
GO:0000122	negative regulation of transcription from RNA polymerase II promoter	has_regulation_target(MGI:MGI:95663)
GO:0043488	regulation of mRNA stability	has_regulation_target(MGI:MGI:95663)
GO:0000122	negative regulation of transcription from RNA polymerase II promoter	has_regulation_target(MGI:MGI:95663)
GO:0010628	positive regulation of gene expression	has_regulation_target(MGI:MGI:95663)
GO:0000122	negative regulation of transcription from RNA polymerase II promoter	has_regulation_target(MGI:MGI:95663)
GO:0045944	positive regulation of transcription from RNA polymerase II promoter	has_regulation_target(MGI:MGI:95664)
GO:0045944	positive regulation of transcription from RNA polymerase II promoter	has_regulation_target(MGI:MGI:95674)
GO:0045944	positive regulation of transcription from RNA polymerase II promoter	has_regulation_target(MGI:MGI:95674)
GO:0045944	positive regulation of transcription from RNA polymerase II promoter	has_regulation_target(MGI:MGI:95674)
GO:0045944	positive regulation of transcription from RNA polymerase II promoter	has_regulation_target(MGI:MGI:95675)
GO:0045944	positive regulation of transcription from RNA polymerase II promoter	has_regulation_target(MGI:MGI:95675)
GO:0001190	transcriptional activator activity, RNA polymerase II transcription factor binding	has_regulation_target(MGI:MGI:95679)
GO:0000122	negative regulation of transcription from RNA polymerase II promoter	has_regulation_target(MGI:MGI:95697)
GO:0001078	transcriptional repressor activity, RNA polymerase II core promoter proximal region sequence-specific binding	has_regulation_target(MGI:MGI:95697)
GO:0003700	transcription factor activity, sequence-specific DNA binding	has_regulation_target(MGI:MGI:95707)
GO:0000122	negative regulation of transcription from RNA polymerase II promoter	has_regulation_target(MGI:MGI:95707)
GO:0003700	transcription factor activity, sequence-specific DNA binding	has_regulation_target(MGI:MGI:95707)
GO:0003700	transcription factor activity, sequence-specific DNA binding	has_regulation_target(MGI:MGI:95707)
GO:0003700	transcription factor activity, sequence-specific DNA binding	has_regulation_target(MGI:MGI:95707)
GO:0003700	transcription factor activity, sequence-specific DNA binding	has_regulation_target(MGI:MGI:95707)
GO:0003700	transcription factor activity, sequence-specific DNA binding	has_regulation_target(MGI:MGI:95707)
GO:0003700	transcription factor activity, sequence-specific DNA binding	has_regulation_target(MGI:MGI:95707)
GO:0045944	positive regulation of transcription from RNA polymerase II promoter	has_regulation_target(MGI:MGI:95709)
GO:0003700	transcription factor activity, sequence-specific DNA binding	has_regulation_target(MGI:MGI:95709)
GO:0045944	positive regulation of transcription from RNA polymerase II promoter	has_regulation_target(MGI:MGI:95709)
GO:0045944	positive regulation of transcription from RNA polymerase II promoter	has_regulation_target(MGI:MGI:95710)
GO:0000982	transcription factor activity, RNA polymerase II core promoter proximal region sequence-specific binding	has_regulation_target(MGI:MGI:95713)
GO:0045892	negative regulation of transcription, DNA-templated	has_regulation_target(MGI:MGI:95713)
GO:0045892	negative regulation of transcription, DNA-templated	has_regulation_target(MGI:MGI:95716)
GO:0045944	positive regulation of transcription from RNA polymerase II promoter	has_regulation_target(MGI:MGI:95719)
GO:0045944	positive regulation of transcription from RNA polymerase II promoter	has_regulation_target(MGI:MGI:95727)
GO:0045944	positive regulation of transcription from RNA polymerase II promoter	has_regulation_target(MGI:MGI:95727)
GO:0045944	positive regulation of transcription from RNA polymerase II promoter	has_regulation_target(MGI:MGI:95727)
GO:0007228	positive regulation of hh target transcription factor activity	has_regulation_target(MGI:MGI:95727)
GO:0007228	positive regulation of hh target transcription factor activity	has_regulation_target(MGI:MGI:95727)
GO:0045944	positive regulation of transcription from RNA polymerase II promoter	has_regulation_target(MGI:MGI:95727)
GO:0000122	negative regulation of transcription from RNA polymerase II promoter	has_regulation_target(MGI:MGI:95727)
GO:0010628	positive regulation of gene expression	has_regulation_target(MGI:MGI:95727)
GO:0010628	positive regulation of gene expression	has_regulation_target(MGI:MGI:95727)
GO:0007228	positive regulation of hh target transcription factor activity	has_regulation_target(MGI:MGI:95728)
GO:0030162	regulation of proteolysis	has_regulation_target(MGI:MGI:95729)
GO:0045944	positive regulation of transcription from RNA polymerase II promoter	has_regulation_target(MGI:MGI:95729)
GO:0030162	regulation of proteolysis	has_regulation_target(MGI:MGI:95729)
GO:0045861	negative regulation of proteolysis	has_regulation_target(MGI:MGI:95729)
GO:0051351	positive regulation of ligase activity	has_regulation_target(MGI:MGI:95739)
GO:0051353	positive regulation of oxidoreductase activity	has_regulation_target(MGI:MGI:95753)
GO:0045944	positive regulation of transcription from RNA polymerase II promoter	has_regulation_target(MGI:MGI:95760)
GO:0045944	positive regulation of transcription from RNA polymerase II promoter	has_regulation_target(MGI:MGI:95762)
GO:0010628	positive regulation of gene expression	has_regulation_target(MGI:MGI:95778)
GO:0006357	regulation of transcription from RNA polymerase II promoter	has_regulation_target(MGI:MGI:95789)
GO:0045944	positive regulation of transcription from RNA polymerase II promoter	has_regulation_target(MGI:MGI:95789)
GO:0003714	transcription corepressor activity	has_regulation_target(MGI:MGI:95789)
GO:0000122	negative regulation of transcription from RNA polymerase II promoter	has_regulation_target(MGI:MGI:95789)
GO:0010468	regulation of gene expression	has_regulation_target(MGI:MGI:95808)
GO:0018108	peptidyl-tyrosine phosphorylation	has_regulation_target(MGI:MGI:95819)
GO:0045944	positive regulation of transcription from RNA polymerase II promoter	has_regulation_target(MGI:MGI:95821)
GO:0045944	positive regulation of transcription from RNA polymerase II promoter	has_regulation_target(MGI:MGI:95821)
GO:0043066	negative regulation of apoptotic process	has_regulation_target(MGI:MGI:95835)
GO:0000122	negative regulation of transcription from RNA polymerase II promoter	has_regulation_target(MGI:MGI:95841)
GO:0006349	regulation of gene expression by genetic imprinting	has_regulation_target(MGI:MGI:95891)
GO:0045944	positive regulation of transcription from RNA polymerase II promoter	has_regulation_target(MGI:MGI:96021)
GO:0045944	positive regulation of transcription from RNA polymerase II promoter	has_regulation_target(MGI:MGI:96022)
GO:0000122	negative regulation of transcription from RNA polymerase II promoter	has_regulation_target(MGI:MGI:96023)
GO:0045944	positive regulation of transcription from RNA polymerase II promoter	has_regulation_target(MGI:MGI:96024)
GO:0045944	positive regulation of transcription from RNA polymerase II promoter	has_regulation_target(MGI:MGI:96027)
GO:0045944	positive regulation of transcription from RNA polymerase II promoter	has_regulation_target(MGI:MGI:96071)
GO:0008047	enzyme activator activity	has_regulation_target(MGI:MGI:96073)
GO:0008047	enzyme activator activity	has_regulation_target(MGI:MGI:96073)
GO:0008047	enzyme activator activity	has_regulation_target(MGI:MGI:96073)
GO:0008047	enzyme activator activity	has_regulation_target(MGI:MGI:96073)
GO:0008047	enzyme activator activity	has_regulation_target(MGI:MGI:96073)
GO:0008047	enzyme activator activity	has_regulation_target(MGI:MGI:96073)
GO:0008047	enzyme activator activity	has_regulation_target(MGI:MGI:96074)
GO:0008047	enzyme activator activity	has_regulation_target(MGI:MGI:96074)
GO:0008047	enzyme activator activity	has_regulation_target(MGI:MGI:96074)
GO:0008047	enzyme activator activity	has_regulation_target(MGI:MGI:96074)
GO:0008047	enzyme activator activity	has_regulation_target(MGI:MGI:96074)
GO:0008047	enzyme activator activity	has_regulation_target(MGI:MGI:96074)
GO:0045944	positive regulation of transcription from RNA polymerase II promoter	has_regulation_target(MGI:MGI:96086)
GO:0006417	regulation of translation	has_regulation_target(MGI:MGI:96103)
GO:0010628	positive regulation of gene expression	has_regulation_target(MGI:MGI:96120)
GO:0000122	negative regulation of transcription from RNA polymerase II promoter	has_regulation_target(MGI:MGI:96170)
GO:0000122	negative regulation of transcription from RNA polymerase II promoter	has_regulation_target(MGI:MGI:96170)
GO:0000122	negative regulation of transcription from RNA polymerase II promoter	has_regulation_target(MGI:MGI:96170)
GO:0000122	negative regulation of transcription from RNA polymerase II promoter	has_regulation_target(MGI:MGI:96170)
GO:0010468	regulation of gene expression	has_regulation_target(MGI:MGI:96170)
GO:0000122	negative regulation of transcription from RNA polymerase II promoter	has_regulation_target(MGI:MGI:96174)
GO:0045944	positive regulation of transcription from RNA polymerase II promoter	has_regulation_target(MGI:MGI:96174)
GO:0000122	negative regulation of transcription from RNA polymerase II promoter	has_regulation_target(MGI:MGI:96179)
GO:0045944	positive regulation of transcription from RNA polymerase II promoter	has_regulation_target(MGI:MGI:96179)
GO:0045944	positive regulation of transcription from RNA polymerase II promoter	has_regulation_target(MGI:MGI:96180)
GO:0000122	negative regulation of transcription from RNA polymerase II promoter	has_regulation_target(MGI:MGI:96182)
GO:0045944	positive regulation of transcription from RNA polymerase II promoter	has_regulation_target(MGI:MGI:96182)
GO:0000122	negative regulation of transcription from RNA polymerase II promoter	has_regulation_target(MGI:MGI:96182)
GO:0000122	negative regulation of transcription from RNA polymerase II promoter	has_regulation_target(MGI:MGI:96182)
GO:0045944	positive regulation of transcription from RNA polymerase II promoter	has_regulation_target(MGI:MGI:96183)
GO:0045944	positive regulation of transcription from RNA polymerase II promoter	has_regulation_target(MGI:MGI:96184)
GO:0000122	negative regulation of transcription from RNA polymerase II promoter	has_regulation_target(MGI:MGI:96184)
GO:0000122	negative regulation of transcription from RNA polymerase II promoter	has_regulation_target(MGI:MGI:96184)
GO:0000122	negative regulation of transcription from RNA polymerase II promoter	has_regulation_target(MGI:MGI:96185)
GO:0045944	positive regulation of transcription from RNA polymerase II promoter	has_regulation_target(MGI:MGI:96186)
GO:0000122	negative regulation of transcription from RNA polymerase II promoter	has_regulation_target(MGI:MGI:96187)
GO:0000122	negative regulation of transcription from RNA polymerase II promoter	has_regulation_target(MGI:MGI:96187)
GO:0000122	negative regulation of transcription from RNA polymerase II promoter	has_regulation_target(MGI:MGI:96189)
GO:0000122	negative regulation of transcription from RNA polymerase II promoter	has_regulation_target(MGI:MGI:96189)
GO:0000122	negative regulation of transcription from RNA polymerase II promoter	has_regulation_target(MGI:MGI:96190)
GO:0000122	negative regulation of transcription from RNA polymerase II promoter	has_regulation_target(MGI:MGI:96197)
GO:0000122	negative regulation of transcription from RNA polymerase II promoter	has_regulation_target(MGI:MGI:96199)
GO:0000122	negative regulation of transcription from RNA polymerase II promoter	has_regulation_target(MGI:MGI:96202)
GO:0000122	negative regulation of transcription from RNA polymerase II promoter	has_regulation_target(MGI:MGI:96209)
GO:0045727	positive regulation of translation	has_regulation_target(MGI:MGI:96243)
GO:0000122	negative regulation of transcription from RNA polymerase II promoter	has_regulation_target(MGI:MGI:96392)
GO:0045944	positive regulation of transcription from RNA polymerase II promoter	has_regulation_target(MGI:MGI:96396)
GO:0000122	negative regulation of transcription from RNA polymerase II promoter	has_regulation_target(MGI:MGI:96397)
GO:0045944	positive regulation of transcription from RNA polymerase II promoter	has_regulation_target(MGI:MGI:96397)
GO:0045944	positive regulation of transcription from RNA polymerase II promoter	has_regulation_target(MGI:MGI:96397)
GO:0045944	positive regulation of transcription from RNA polymerase II promoter	has_regulation_target(MGI:MGI:96398)
GO:0045944	positive regulation of transcription from RNA polymerase II promoter	has_regulation_target(MGI:MGI:96398)
GO:0045944	positive regulation of transcription from RNA polymerase II promoter	has_regulation_target(MGI:MGI:96429)
GO:0045944	positive regulation of transcription from RNA polymerase II promoter	has_regulation_target(MGI:MGI:96432)
GO:0045944	positive regulation of transcription from RNA polymerase II promoter	has_regulation_target(MGI:MGI:96432)
GO:0045944	positive regulation of transcription from RNA polymerase II promoter	has_regulation_target(MGI:MGI:96434)
GO:0000122	negative regulation of transcription from RNA polymerase II promoter	has_regulation_target(MGI:MGI:96434)
GO:0000122	negative regulation of transcription from RNA polymerase II promoter	has_regulation_target(MGI:MGI:96437)
GO:0045944	positive regulation of transcription from RNA polymerase II promoter	has_regulation_target(MGI:MGI:96441)
GO:0000122	negative regulation of transcription from RNA polymerase II promoter	has_regulation_target(MGI:MGI:96449)
GO:0003700	transcription factor activity, sequence-specific DNA binding	has_regulation_target(MGI:MGI:96490)
GO:0045944	positive regulation of transcription from RNA polymerase II promoter	has_regulation_target(MGI:MGI:96490)
GO:0045880	positive regulation of smoothened signaling pathway	has_regulation_target(MGI:MGI:96533)
GO:0000122	negative regulation of transcription from RNA polymerase II promoter	has_regulation_target(MGI:MGI:96533)
GO:0000122	negative regulation of transcription from RNA polymerase II promoter	has_regulation_target(MGI:MGI:96533)
GO:0045669	positive regulation of osteoblast differentiation	has_regulation_target(MGI:MGI:96533)
GO:0045880	positive regulation of smoothened signaling pathway	has_regulation_target(MGI:MGI:96533)
GO:0045880	positive regulation of smoothened signaling pathway	has_regulation_target(MGI:MGI:96533)
GO:0045880	positive regulation of smoothened signaling pathway	has_regulation_target(MGI:MGI:96533)
GO:0010628	positive regulation of gene expression	has_regulation_target(MGI:MGI:96537)
GO:0010628	positive regulation of gene expression	has_regulation_target(MGI:MGI:96537)
GO:0010628	positive regulation of gene expression	has_regulation_target(MGI:MGI:96541)
GO:0010628	positive regulation of gene expression	has_regulation_target(MGI:MGI:96541)
GO:0045944	positive regulation of transcription from RNA polymerase II promoter	has_regulation_target(MGI:MGI:96541)
GO:0000122	negative regulation of transcription from RNA polymerase II promoter	has_regulation_target(MGI:MGI:96541)
GO:0000122	negative regulation of transcription from RNA polymerase II promoter	has_regulation_target(MGI:MGI:96548)
GO:0001228	transcriptional activator activity, RNA polymerase II transcription regulatory region sequence-specific binding	has_regulation_target(MGI:MGI:96548)
GO:0001077	transcriptional activator activity, RNA polymerase II core promoter proximal region sequence-specific binding	has_regulation_target(MGI:MGI:96548)
GO:0045944	positive regulation of transcription from RNA polymerase II promoter	has_regulation_target(MGI:MGI:96548)
GO:0003700	transcription factor activity, sequence-specific DNA binding	has_regulation_target(MGI:MGI:96548)
GO:0045893	positive regulation of transcription, DNA-templated	has_regulation_target(MGI:MGI:96549)
GO:0045944	positive regulation of transcription from RNA polymerase II promoter	has_regulation_target(MGI:MGI:96549)
GO:0003700	transcription factor activity, sequence-specific DNA binding	has_regulation_target(MGI:MGI:96549)
GO:0001191	transcriptional repressor activity, RNA polymerase II transcription factor binding	has_regulation_target(MGI:MGI:96556)
GO:0010628	positive regulation of gene expression	has_regulation_target(MGI:MGI:96556)
GO:0000122	negative regulation of transcription from RNA polymerase II promoter	has_regulation_target(MGI:MGI:96556)
GO:0006357	regulation of transcription from RNA polymerase II promoter	has_regulation_target(MGI:MGI:96557)
GO:0000122	negative regulation of transcription from RNA polymerase II promoter	has_regulation_target(MGI:MGI:96557)
GO:0000122	negative regulation of transcription from RNA polymerase II promoter	has_regulation_target(MGI:MGI:96557)
GO:0060907	positive regulation of macrophage cytokine production	has_regulation_target(MGI:MGI:96559
GO:0045944	positive regulation of transcription from RNA polymerase II promoter	has_regulation_target(MGI:MGI:96559)
GO:0045947	negative regulation of translational initiation	has_regulation_target(MGI:MGI:96559)
GO:0000122	negative regulation of transcription from RNA polymerase II promoter	has_regulation_target(MGI:MGI:96559)
GO:0060907	positive regulation of macrophage cytokine production	has_regulation_target(MGI:MGI:96559)
GO:0010628	positive regulation of gene expression	has_regulation_target(MGI:MGI:96559)
GO:0045944	positive regulation of transcription from RNA polymerase II promoter	has_regulation_target(MGI:MGI:96561
GO:0045944	positive regulation of transcription from RNA polymerase II promoter	has_regulation_target(MGI:MGI:96561
GO:0045944	positive regulation of transcription from RNA polymerase II promoter	has_regulation_target(MGI:MGI:96561)
GO:0045944	positive regulation of transcription from RNA polymerase II promoter	has_regulation_target(MGI:MGI:96562
GO:0045944	positive regulation of transcription from RNA polymerase II promoter	has_regulation_target(MGI:MGI:96562
GO:0045944	positive regulation of transcription from RNA polymerase II promoter	has_regulation_target(MGI:MGI:96562)
GO:0045944	positive regulation of transcription from RNA polymerase II promoter	has_regulation_target(MGI:MGI:96562)
GO:0045944	positive regulation of transcription from RNA polymerase II promoter	has_regulation_target(MGI:MGI:96573)
GO:0045944	positive regulation of transcription from RNA polymerase II promoter	has_regulation_target(MGI:MGI:96573)
GO:0010468	regulation of gene expression	has_regulation_target(MGI:MGI:96602)
GO:0010468	regulation of gene expression	has_regulation_target(MGI:MGI:96604)
GO:0010468	regulation of gene expression	has_regulation_target(MGI:MGI:96605)
GO:0000122	negative regulation of transcription from RNA polymerase II promoter	has_regulation_target(MGI:MGI:96607)
GO:0010468	regulation of gene expression	has_regulation_target(MGI:MGI:96610)
GO:0045944	positive regulation of transcription from RNA polymerase II promoter	has_regulation_target(MGI:MGI:96612)
GO:0045944	positive regulation of transcription from RNA polymerase II promoter	has_regulation_target(MGI:MGI:96615
GO:0045944	positive regulation of transcription from RNA polymerase II promoter	has_regulation_target(MGI:MGI:96615
GO:0033138	positive regulation of peptidyl-serine phosphorylation	has_regulation_target(MGI:MGI:96623)
GO:0033137	negative regulation of peptidyl-serine phosphorylation	has_regulation_target(MGI:MGI:96623)
GO:0018108	peptidyl-tyrosine phosphorylation	has_regulation_target(MGI:MGI:96629)
GO:0018108	peptidyl-tyrosine phosphorylation	has_regulation_target(MGI:MGI:96629)
GO:0000122	negative regulation of transcription from RNA polymerase II promoter	has_regulation_target(MGI:MGI:96647)
GO:0005096	GTPase activator activity	has_regulation_target(MGI:MGI:96680)
GO:0010628	positive regulation of gene expression	has_regulation_target(MGI:MGI:96683)
GO:0045944	positive regulation of transcription from RNA polymerase II promoter	has_regulation_target(MGI:MGI:96683)
GO:0001077	transcriptional activator activity, RNA polymerase II core promoter proximal region sequence-specific binding	has_regulation_target(MGI:MGI:96685)
GO:0045944	positive regulation of transcription from RNA polymerase II promoter	has_regulation_target(MGI:MGI:96687)
GO:0045944	positive regulation of transcription from RNA polymerase II promoter	has_regulation_target(MGI:MGI:96688)
GO:0010628	positive regulation of gene expression	has_regulation_target(MGI:MGI:96689)
GO:0010628	positive regulation of gene expression	has_regulation_target(MGI:MGI:96689)
GO:0031953	negative regulation of protein autophosphorylation	has_regulation_target(MGI:MGI:96756)
GO:0045944	positive regulation of transcription from RNA polymerase II promoter	has_regulation_target(MGI:MGI:96770)
GO:0045944	positive regulation of transcription from RNA polymerase II promoter	has_regulation_target(MGI:MGI:96770)
GO:0045893	positive regulation of transcription, DNA-templated	has_regulation_target(MGI:MGI:96770)
GO:0045893	positive regulation of transcription, DNA-templated	has_regulation_target(MGI:MGI:96770)
GO:0045944	positive regulation of transcription from RNA polymerase II promoter	has_regulation_target(MGI:MGI:96770)
GO:0051091	positive regulation of sequence-specific DNA binding transcription factor activity	has_regulation_target(MGI:MGI:96770)
GO:0010468	regulation of gene expression	has_regulation_target(MGI:MGI:96790)
GO:0043085	positive regulation of catalytic activity	has_regulation_target(MGI:MGI:96817)
GO:0043085	positive regulation of catalytic activity	has_regulation_target(MGI:MGI:96817)
GO:0051006	positive regulation of lipoprotein lipase activity	has_regulation_target(MGI:MGI:96820)
GO:0051006	positive regulation of lipoprotein lipase activity	has_regulation_target(MGI:MGI:96820)
GO:0051006	positive regulation of lipoprotein lipase activity	has_regulation_target(MGI:MGI:96820)
GO:0051006	positive regulation of lipoprotein lipase activity	has_regulation_target(MGI:MGI:96820)
GO:0051006	positive regulation of lipoprotein lipase activity	has_regulation_target(MGI:MGI:96820)
GO:0051006	positive regulation of lipoprotein lipase activity	has_regulation_target(MGI:MGI:96820)
GO:0031953	negative regulation of protein autophosphorylation	has_regulation_target(MGI:MGI:96892)
GO:0050732	negative regulation of peptidyl-tyrosine phosphorylation	has_regulation_target(MGI:MGI:96892)
GO:0010468	regulation of gene expression	has_regulation_target(MGI:MGI:96919)
GO:0010468	regulation of gene expression	has_regulation_target(MGI:MGI:96919)
GO:0045944	positive regulation of transcription from RNA polymerase II promoter	has_regulation_target(MGI:MGI:96919)
GO:0045944	positive regulation of transcription from RNA polymerase II promoter	has_regulation_target(MGI:MGI:96925)
GO:0000122	negative regulation of transcription from RNA polymerase II promoter	has_regulation_target(MGI:MGI:96925)
GO:0000122	negative regulation of transcription from RNA polymerase II promoter	has_regulation_target(MGI:MGI:96925)
GO:0010628	positive regulation of gene expression	has_regulation_target(MGI:MGI:96960)
GO:0045944	positive regulation of transcription from RNA polymerase II promoter	has_regulation_target(MGI:MGI:97004)
GO:0010468	regulation of gene expression	has_regulation_target(MGI:MGI:97004)
GO:0010628	positive regulation of gene expression	has_regulation_target(MGI:MGI:97008)
GO:0016504	peptidase activator activity	has_regulation_target(MGI:MGI:97009)
GO:0043085	positive regulation of catalytic activity	has_regulation_target(MGI:MGI:97009)
GO:0043085	positive regulation of catalytic activity	has_regulation_target(MGI:MGI:97009)
GO:0052547	regulation of peptidase activity	has_regulation_target(MGI:MGI:97009)
GO:0004866	endopeptidase inhibitor activity	has_regulation_target(MGI:MGI:97009)
GO:0004866	endopeptidase inhibitor activity	has_regulation_target(MGI:MGI:97011)
GO:0045944	positive regulation of transcription from RNA polymerase II promoter	has_regulation_target(MGI:MGI:97168)
GO:0045944	positive regulation of transcription from RNA polymerase II promoter	has_regulation_target(MGI:MGI:97168)
GO:0045944	positive regulation of transcription from RNA polymerase II promoter	has_regulation_target(MGI:MGI:97168)
GO:0000122	negative regulation of transcription from RNA polymerase II promoter	has_regulation_target(MGI:MGI:97168)
GO:0010468	regulation of gene expression	has_regulation_target(MGI:MGI:97168)
GO:0045944	positive regulation of transcription from RNA polymerase II promoter	has_regulation_target(MGI:MGI:97168)
GO:0000122	negative regulation of transcription from RNA polymerase II promoter	has_regulation_target(MGI:MGI:97168)
GO:0006357	regulation of transcription from RNA polymerase II promoter	has_regulation_target(MGI:MGI:97168)
GO:0045944	positive regulation of transcription from RNA polymerase II promoter	has_regulation_target(MGI:MGI:97169)
GO:0045944	positive regulation of transcription from RNA polymerase II promoter	has_regulation_target(MGI:MGI:97169)
GO:0045944	positive regulation of transcription from RNA polymerase II promoter	has_regulation_target(MGI:MGI:97169)
GO:0045944	positive regulation of transcription from RNA polymerase II promoter	has_regulation_target(MGI:MGI:97169)
GO:0045944	positive regulation of transcription from RNA polymerase II promoter	has_regulation_target(MGI:MGI:97169)
GO:0045944	positive regulation of transcription from RNA polymerase II promoter	has_regulation_target(MGI:MGI:97169)
GO:0045944	positive regulation of transcription from RNA polymerase II promoter	has_regulation_target(MGI:MGI:97169)
GO:0001077	transcriptional activator activity, RNA polymerase II core promoter proximal region sequence-specific binding	has_regulation_target(MGI:MGI:97169)
GO:0000122	negative regulation of transcription from RNA polymerase II promoter	has_regulation_target(MGI:MGI:97171)
GO:0006346	methylation-dependent chromatin silencing	has_regulation_target(MGI:MGI:97171)
GO:0045944	positive regulation of transcription from RNA polymerase II promoter	has_regulation_target(MGI:MGI:97175)
GO:0045944	positive regulation of transcription from RNA polymerase II promoter	has_regulation_target(MGI:MGI:97233)
GO:0045944	positive regulation of transcription from RNA polymerase II promoter	has_regulation_target(MGI:MGI:97233)
GO:0000122	negative regulation of transcription from RNA polymerase II promoter	has_regulation_target(MGI:MGI:97249)
GO:0000122	negative regulation of transcription from RNA polymerase II promoter	has_regulation_target(MGI:MGI:97249)
GO:0001077	transcriptional activator activity, RNA polymerase II core promoter proximal region sequence-specific binding	has_regulation_target(MGI:MGI:97250)
GO:0001191	transcriptional repressor activity, RNA polymerase II transcription factor binding	has_regulation_target(MGI:MGI:97250)
GO:0006355	regulation of transcription, DNA-templated	has_regulation_target(MGI:MGI:97252)
GO:0000122	negative regulation of transcription from RNA polymerase II promoter	has_regulation_target(MGI:MGI:97255)
GO:0045944	positive regulation of transcription from RNA polymerase II promoter	has_regulation_target(MGI:MGI:97267)
GO:0045944	positive regulation of transcription from RNA polymerase II promoter	has_regulation_target(MGI:MGI:97276)
GO:0045944	positive regulation of transcription from RNA polymerase II promoter	has_regulation_target(MGI:MGI:97276)
GO:0000122	negative regulation of transcription from RNA polymerase II promoter	has_regulation_target(MGI:MGI:97276)
GO:0006357	regulation of transcription from RNA polymerase II promoter	has_regulation_target(MGI:MGI:97281)
GO:0001077	transcriptional activator activity, RNA polymerase II core promoter proximal region sequence-specific binding	has_regulation_target(MGI:MGI:97308)
GO:0045944	positive regulation of transcription from RNA polymerase II promoter	has_regulation_target(MGI:MGI:97308)
GO:0001932	regulation of protein phosphorylation	has_regulation_target(MGI:MGI:97309)
GO:0001932	regulation of protein phosphorylation	has_regulation_target(MGI:MGI:97309)
GO:0000122	negative regulation of transcription from RNA polymerase II promoter	has_regulation_target(MGI:MGI:97312)
GO:0010468	regulation of gene expression	has_regulation_target(MGI:MGI:97347)
GO:0010468	regulation of gene expression	has_regulation_target(MGI:MGI:97347)
GO:0000122	negative regulation of transcription from RNA polymerase II promoter	has_regulation_target(MGI:MGI:97347)
GO:0045944	positive regulation of transcription from RNA polymerase II promoter	has_regulation_target(MGI:MGI:97347)
GO:0010468	regulation of gene expression	has_regulation_target(MGI:MGI:97347)
GO:0045944	positive regulation of transcription from RNA polymerase II promoter	has_regulation_target(MGI:MGI:97347)
GO:0010468	regulation of gene expression	has_regulation_target(MGI:MGI:97350)
GO:0000122	negative regulation of transcription from RNA polymerase II promoter	has_regulation_target(MGI:MGI:97350)
GO:0000122	negative regulation of transcription from RNA polymerase II promoter	has_regulation_target(MGI:MGI:97350)
GO:0045944	positive regulation of transcription from RNA polymerase II promoter	has_regulation_target(MGI:MGI:97350)
GO:0045944	positive regulation of transcription from RNA polymerase II promoter	has_regulation_target(MGI:MGI:97357)
GO:0045944	positive regulation of transcription from RNA polymerase II promoter	has_regulation_target(MGI:MGI:97357)
GO:0046022	positive regulation of transcription from RNA polymerase II promoter during mitotic cell cycle	has_regulation_target(MGI:MGI:97357)
GO:0010628	positive regulation of gene expression	has_regulation_target(MGI:MGI:97359)
GO:0006357	regulation of transcription from RNA polymerase II promoter	has_regulation_target(MGI:MGI:97359)
GO:0045944	positive regulation of transcription from RNA polymerase II promoter	has_regulation_target(MGI:MGI:97359)
GO:0045944	positive regulation of transcription from RNA polymerase II promoter	has_regulation_target(MGI:MGI:97362)
GO:0051001	negative regulation of nitric-oxide synthase activity	has_regulation_target(MGI:MGI:97362)
GO:0000122	negative regulation of transcription from RNA polymerase II promoter	has_regulation_target(MGI:MGI:97363)
GO:0045944	positive regulation of transcription from RNA polymerase II promoter	has_regulation_target(MGI:MGI:97363)
GO:0010628	positive regulation of gene expression	has_regulation_target(MGI:MGI:97363)
GO:0010628	positive regulation of gene expression	has_regulation_target(MGI:MGI:97363)
GO:0000122	negative regulation of transcription from RNA polymerase II promoter	has_regulation_target(MGI:MGI:97367)
GO:0045892	negative regulation of transcription, DNA-templated	has_regulation_target(MGI:MGI:97367)
GO:0045944	positive regulation of transcription from RNA polymerase II promoter	has_regulation_target(MGI:MGI:97367)
GO:0006357	regulation of transcription from RNA polymerase II promoter	has_regulation_target(MGI:MGI:97367)
GO:0045944	positive regulation of transcription from RNA polymerase II promoter	has_regulation_target(MGI:MGI:97374)
GO:0045944	positive regulation of transcription from RNA polymerase II promoter	has_regulation_target(MGI:MGI:97384)
GO:0043085	positive regulation of catalytic activity	has_regulation_target(MGI:MGI:97475)
GO:0045944	positive regulation of transcription from RNA polymerase II promoter	has_regulation_target(MGI:MGI:97485)
GO:0000122	negative regulation of transcription from RNA polymerase II promoter	has_regulation_target(MGI:MGI:97485)
GO:0045944	positive regulation of transcription from RNA polymerase II promoter	has_regulation_target(MGI:MGI:97486)
GO:0045944	positive regulation of transcription from RNA polymerase II promoter	has_regulation_target(MGI:MGI:97486)
GO:0010628	positive regulation of gene expression	has_regulation_target(MGI:MGI:97486)
GO:0045944	positive regulation of transcription from RNA polymerase II promoter	has_regulation_target(MGI:MGI:97487)
GO:0003705	transcription factor activity, RNA polymerase II distal enhancer sequence-specific binding	has_regulation_target(MGI:MGI:97487)
GO:0045944	positive regulation of transcription from RNA polymerase II promoter	has_regulation_target(MGI:MGI:97489)
GO:0003705	transcription factor activity, RNA polymerase II distal enhancer sequence-specific binding	has_regulation_target(MGI:MGI:97490)
GO:0045944	positive regulation of transcription from RNA polymerase II promoter	has_regulation_target(MGI:MGI:97490)
GO:0000122	negative regulation of transcription from RNA polymerase II promoter	has_regulation_target(MGI:MGI:97490)
GO:0045944	positive regulation of transcription from RNA polymerase II promoter	has_regulation_target(MGI:MGI:97490)
GO:0010628	positive regulation of gene expression	has_regulation_target(MGI:MGI:97492)
GO:0010628	positive regulation of gene expression	has_regulation_target(MGI:MGI:97493)
GO:0035948	positive regulation of gluconeogenesis by positive regulation of transcription from RNA polymerase II promoter	has_regulation_target(MGI:MGI:97501
GO:0035948	positive regulation of gluconeogenesis by positive regulation of transcription from RNA polymerase II promoter	has_regulation_target(MGI:MGI:97501
GO:0045721	negative regulation of gluconeogenesis	has_regulation_target(MGI:MGI:97501
GO:0035948	positive regulation of gluconeogenesis by positive regulation of transcription from RNA polymerase II promoter	has_regulation_target(MGI:MGI:97501
GO:0000122	negative regulation of transcription from RNA polymerase II promoter	has_regulation_target(MGI:MGI:97501)
GO:0035948	positive regulation of gluconeogenesis by positive regulation of transcription from RNA polymerase II promoter	has_regulation_target(MGI:MGI:97501)
GO:0000122	negative regulation of transcription from RNA polymerase II promoter	has_regulation_target(MGI:MGI:97530)
GO:0045944	positive regulation of transcription from RNA polymerase II promoter	has_regulation_target(MGI:MGI:97538
GO:0045944	positive regulation of transcription from RNA polymerase II promoter	has_regulation_target(MGI:MGI:97538)
GO:0033674	positive regulation of kinase activity	has_regulation_target(MGI:MGI:97548)
GO:0050731	positive regulation of peptidyl-tyrosine phosphorylation	has_regulation_target(MGI:MGI:97548)
GO:0045821	positive regulation of glycolytic process	has_regulation_target(MGI:MGI:97548)
GO:0003700	transcription factor activity, sequence-specific DNA binding	has_regulation_target(MGI:MGI:97588)
GO:0003700	transcription factor activity, sequence-specific DNA binding	has_regulation_target(MGI:MGI:97588)
GO:0003700	transcription factor activity, sequence-specific DNA binding	has_regulation_target(MGI:MGI:97588)
GO:0003700	transcription factor activity, sequence-specific DNA binding	has_regulation_target(MGI:MGI:97588)
GO:0045944	positive regulation of transcription from RNA polymerase II promoter	has_regulation_target(MGI:MGI:97588)
GO:1900020	positive regulation of protein kinase C activity	has_regulation_target(MGI:MGI:97595)
GO:1900020	positive regulation of protein kinase C activity	has_regulation_target(MGI:MGI:97596)
GO:0001077	transcriptional activator activity, RNA polymerase II core promoter proximal region sequence-specific binding	has_regulation_target(MGI:MGI:97606)
GO:0045944	positive regulation of transcription from RNA polymerase II promoter	has_regulation_target(MGI:MGI:97606)
GO:0000122	negative regulation of transcription from RNA polymerase II promoter	has_regulation_target(MGI:MGI:97606)
GO:0045944	positive regulation of transcription from RNA polymerase II promoter	has_regulation_target(MGI:MGI:97611)
GO:0031639	plasminogen activation	has_regulation_target(MGI:MGI:97620)
GO:0045944	positive regulation of transcription from RNA polymerase II promoter	has_regulation_target(MGI:MGI:97623)
GO:0045944	positive regulation of transcription from RNA polymerase II promoter	has_regulation_target(MGI:MGI:97632)
GO:0045944	positive regulation of transcription from RNA polymerase II promoter	has_regulation_target(MGI:MGI:97742)
GO:0000122	negative regulation of transcription from RNA polymerase II promoter	has_regulation_target(MGI:MGI:97747)
GO:0003700	transcription factor activity, sequence-specific DNA binding	has_regulation_target(MGI:MGI:97762)
GO:0003700	transcription factor activity, sequence-specific DNA binding	has_regulation_target(MGI:MGI:97762)
GO:0003700	transcription factor activity, sequence-specific DNA binding	has_regulation_target(MGI:MGI:97762)
GO:0003700	transcription factor activity, sequence-specific DNA binding	has_regulation_target(MGI:MGI:97762)
GO:0045944	positive regulation of transcription from RNA polymerase II promoter	has_regulation_target(MGI:MGI:97770)
GO:0045944	positive regulation of transcription from RNA polymerase II promoter	has_regulation_target(MGI:MGI:97795)
GO:0045944	positive regulation of transcription from RNA polymerase II promoter	has_regulation_target(MGI:MGI:97798)
GO:0010628	positive regulation of gene expression	has_regulation_target(MGI:MGI:97798)
GO:0000122	negative regulation of transcription from RNA polymerase II promoter	has_regulation_target(MGI:MGI:97801)
GO:0000122	negative regulation of transcription from RNA polymerase II promoter	has_regulation_target(MGI:MGI:97801)
GO:0043547	positive regulation of GTPase activity	has_regulation_target(MGI:MGI:97845
GO:0043547	positive regulation of GTPase activity	has_regulation_target(MGI:MGI:97845
GO:0045944	positive regulation of transcription from RNA polymerase II promoter	has_regulation_target(MGI:MGI:97845)
GO:0034260	negative regulation of GTPase activity	has_regulation_target(MGI:MGI:97845)
GO:0005096	GTPase activator activity	has_regulation_target(MGI:MGI:97846)
GO:0043547	positive regulation of GTPase activity	has_regulation_target(MGI:MGI:97846)
GO:0043547	positive regulation of GTPase activity	has_regulation_target(MGI:MGI:97846)
GO:0045944	positive regulation of transcription from RNA polymerase II promoter	has_regulation_target(MGI:MGI:97849)
GO:0003705	transcription factor activity, RNA polymerase II distal enhancer sequence-specific binding	has_regulation_target(MGI:MGI:97849)
GO:0048387	negative regulation of retinoic acid receptor signaling pathway	has_regulation_target(MGI:MGI:97857)
GO:0010628	positive regulation of gene expression	has_regulation_target(MGI:MGI:97857)
GO:0000122	negative regulation of transcription from RNA polymerase II promoter	has_regulation_target(MGI:MGI:97858)
GO:0001933	negative regulation of protein phosphorylation	has_regulation_target(MGI:MGI:97874
GO:0001934	positive regulation of protein phosphorylation	has_regulation_target(MGI:MGI:97874)
GO:0001932	regulation of protein phosphorylation	has_regulation_target(MGI:MGI:97874)
GO:0000122	negative regulation of transcription from RNA polymerase II promoter	has_regulation_target(MGI:MGI:97874)
GO:0001228	transcriptional activator activity, RNA polymerase II transcription regulatory region sequence-specific binding	has_regulation_target(MGI:MGI:97883)
GO:0045893	positive regulation of transcription, DNA-templated	has_regulation_target(MGI:MGI:97883)
GO:0045944	positive regulation of transcription from RNA polymerase II promoter	has_regulation_target(MGI:MGI:97914)
GO:0045944	positive regulation of transcription from RNA polymerase II promoter	has_regulation_target(MGI:MGI:97914)
GO:0010628	positive regulation of gene expression	has_regulation_target(MGI:MGI:97998)
GO:0001934	positive regulation of protein phosphorylation	has_regulation_target(MGI:MGI:98159)
GO:0000122	negative regulation of transcription from RNA polymerase II promoter	has_regulation_target(MGI:MGI:98217)
GO:0001078	transcriptional repressor activity, RNA polymerase II core promoter proximal region sequence-specific binding	has_regulation_target(MGI:MGI:98217)
GO:0045944	positive regulation of transcription from RNA polymerase II promoter	has_regulation_target(MGI:MGI:98239)
GO:0045892	negative regulation of transcription, DNA-templated	has_regulation_target(MGI:MGI:98251)
GO:0010468	regulation of gene expression	has_regulation_target(MGI:MGI:98257)
GO:0045944	positive regulation of transcription from RNA polymerase II promoter	has_regulation_target(MGI:MGI:98259)
GO:0010628	positive regulation of gene expression	has_regulation_target(MGI:MGI:98259)
GO:0045944	positive regulation of transcription from RNA polymerase II promoter	has_regulation_target(MGI:MGI:98262)
GO:0045944	positive regulation of transcription from RNA polymerase II promoter	has_regulation_target(MGI:MGI:98263)
GO:0045944	positive regulation of transcription from RNA polymerase II promoter	has_regulation_target(MGI:MGI:98263)
GO:0045944	positive regulation of transcription from RNA polymerase II promoter	has_regulation_target(MGI:MGI:98277)
GO:0000122	negative regulation of transcription from RNA polymerase II promoter	has_regulation_target(MGI:MGI:98277)
GO:0000122	negative regulation of transcription from RNA polymerase II promoter	has_regulation_target(MGI:MGI:98282)
GO:0000122	negative regulation of transcription from RNA polymerase II promoter	has_regulation_target(MGI:MGI:98287)
GO:0045880	positive regulation of smoothened signaling pathway	has_regulation_target(MGI:MGI:98297)
GO:0045944	positive regulation of transcription from RNA polymerase II promoter	has_regulation_target(MGI:MGI:98297)
GO:0010628	positive regulation of gene expression	has_regulation_target(MGI:MGI:98297)
GO:0000122	negative regulation of transcription from RNA polymerase II promoter	has_regulation_target(MGI:MGI:98297)
GO:0010468	regulation of gene expression	has_regulation_target(MGI:MGI:98297)
GO:0006355	regulation of transcription, DNA-templated	has_regulation_target(MGI:MGI:98297)
GO:0010628	positive regulation of gene expression	has_regulation_target(MGI:MGI:98297)
GO:0010628	positive regulation of gene expression	has_regulation_target(MGI:MGI:98297)
GO:0000122	negative regulation of transcription from RNA polymerase II promoter	has_regulation_target(MGI:MGI:98297)
GO:0034244	negative regulation of transcription elongation from RNA polymerase II promoter	has_regulation_target(MGI:MGI:98297)
GO:0045944	positive regulation of transcription from RNA polymerase II promoter	has_regulation_target(MGI:MGI:98330)
GO:0010468	regulation of gene expression	has_regulation_target(MGI:MGI:98330)
GO:0010468	regulation of gene expression	has_regulation_target(MGI:MGI:98351)
GO:0043619	regulation of transcription from RNA polymerase II promoter in response to oxidative stress	has_regulation_target(MGI:MGI:98351)
GO:0043619	regulation of transcription from RNA polymerase II promoter in response to oxidative stress	has_regulation_target(MGI:MGI:98352)
GO:0003705	transcription factor activity, RNA polymerase II distal enhancer sequence-specific binding	has_regulation_target(MGI:MGI:98364)
GO:0045944	positive regulation of transcription from RNA polymerase II promoter	has_regulation_target(MGI:MGI:98364)
GO:0045944	positive regulation of transcription from RNA polymerase II promoter	has_regulation_target(MGI:MGI:98364)
GO:0045944	positive regulation of transcription from RNA polymerase II promoter	has_regulation_target(MGI:MGI:98364)
GO:0010468	regulation of gene expression	has_regulation_target(MGI:MGI:98364)
GO:0045944	positive regulation of transcription from RNA polymerase II promoter	has_regulation_target(MGI:MGI:98364)
GO:0045944	positive regulation of transcription from RNA polymerase II promoter	has_regulation_target(MGI:MGI:98364)
GO:0045892	negative regulation of transcription, DNA-templated	has_regulation_target(MGI:MGI:98371)
GO:0045892	negative regulation of transcription, DNA-templated	has_regulation_target(MGI:MGI:98371)
GO:0045944	positive regulation of transcription from RNA polymerase II promoter	has_regulation_target(MGI:MGI:98371)
GO:0010628	positive regulation of gene expression	has_regulation_target(MGI:MGI:98371)
GO:0010628	positive regulation of gene expression	has_regulation_target(MGI:MGI:98371)
GO:0045944	positive regulation of transcription from RNA polymerase II promoter	has_regulation_target(MGI:MGI:98389)
GO:0045944	positive regulation of transcription from RNA polymerase II promoter	has_regulation_target(MGI:MGI:98389)
GO:0045944	positive regulation of transcription from RNA polymerase II promoter	has_regulation_target(MGI:MGI:98389)
GO:0045944	positive regulation of transcription from RNA polymerase II promoter	has_regulation_target(MGI:MGI:98389)
GO:0045944	positive regulation of transcription from RNA polymerase II promoter	has_regulation_target(MGI:MGI:98389)
GO:0000122	negative regulation of transcription from RNA polymerase II promoter	has_regulation_target(MGI:MGI:98389)
GO:0045944	positive regulation of transcription from RNA polymerase II promoter	has_regulation_target(MGI:MGI:98392)
GO:0045944	positive regulation of transcription from RNA polymerase II promoter	has_regulation_target(MGI:MGI:98392)
GO:0050732	negative regulation of peptidyl-tyrosine phosphorylation	has_regulation_target(MGI:MGI:98397
GO:0050731	positive regulation of peptidyl-tyrosine phosphorylation	has_regulation_target(MGI:MGI:98397
GO:0006469	negative regulation of protein kinase activity	has_regulation_target(MGI:MGI:98397)
GO:1902533	positive regulation of intracellular signal transduction	has_regulation_target(MGI:MGI:98397)
GO:0000122	negative regulation of transcription from RNA polymerase II promoter	has_regulation_target(MGI:MGI:98472)
GO:0045944	positive regulation of transcription from RNA polymerase II promoter	has_regulation_target(MGI:MGI:98472)
GO:0045944	positive regulation of transcription from RNA polymerase II promoter	has_regulation_target(MGI:MGI:98474)
GO:0001077	transcriptional activator activity, RNA polymerase II core promoter proximal region sequence-specific binding	has_regulation_target(MGI:MGI:98474)
GO:0000981	RNA polymerase II transcription factor activity, sequence-specific DNA binding	has_regulation_target(MGI:MGI:98480)
GO:0001077	transcriptional activator activity, RNA polymerase II core promoter proximal region sequence-specific binding	has_regulation_target(MGI:MGI:98480)
GO:0003700	transcription factor activity, sequence-specific DNA binding	has_regulation_target(MGI:MGI:98493)
GO:0000122	negative regulation of transcription from RNA polymerase II promoter	has_regulation_target(MGI:MGI:98494)
GO:0045944	positive regulation of transcription from RNA polymerase II promoter	has_regulation_target(MGI:MGI:98494)
GO:0045944	positive regulation of transcription from RNA polymerase II promoter	has_regulation_target(MGI:MGI:98495)
GO:0003700	transcription factor activity, sequence-specific DNA binding	has_regulation_target(MGI:MGI:98495)
GO:0051091	positive regulation of sequence-specific DNA binding transcription factor activity	has_regulation_target(MGI:MGI:98504)
GO:0045893	positive regulation of transcription, DNA-templated	has_regulation_target(MGI:MGI:98504)
GO:0045893	positive regulation of transcription, DNA-templated	has_regulation_target(MGI:MGI:98504)
GO:0001078	transcriptional repressor activity, RNA polymerase II core promoter proximal region sequence-specific binding	has_regulation_target(MGI:MGI:98505)
GO:0010468	regulation of gene expression	has_regulation_target(MGI:MGI:98506)
GO:0001934	positive regulation of protein phosphorylation	has_regulation_target(MGI:MGI:98510)
GO:0045944	positive regulation of transcription from RNA polymerase II promoter	has_regulation_target(MGI:MGI:98578)
GO:0010628	positive regulation of gene expression	has_regulation_target(MGI:MGI:98608)
GO:0051006	positive regulation of lipoprotein lipase activity	has_regulation_target(MGI:MGI:98620)
GO:0006357	regulation of transcription from RNA polymerase II promoter	has_regulation_target(MGI:MGI:98623)
GO:0010628	positive regulation of gene expression	has_regulation_target(MGI:MGI:98725)
GO:0010955	negative regulation of protein processing	has_regulation_target(MGI:MGI:98726)
GO:0010955	negative regulation of protein processing	has_regulation_target(MGI:MGI:98726)
GO:0010955	negative regulation of protein processing	has_regulation_target(MGI:MGI:98726)
GO:0045944	positive regulation of transcription from RNA polymerase II promoter	has_regulation_target(MGI:MGI:98733)
GO:0010468	regulation of gene expression	has_regulation_target(MGI:MGI:98735)
GO:0010468	regulation of gene expression	has_regulation_target(MGI:MGI:98735)
GO:0043085	positive regulation of catalytic activity	has_regulation_target(MGI:MGI:98735)
GO:0043085	positive regulation of catalytic activity	has_regulation_target(MGI:MGI:98735)
GO:0043085	positive regulation of catalytic activity	has_regulation_target(MGI:MGI:98735)
GO:0045944	positive regulation of transcription from RNA polymerase II promoter	has_regulation_target(MGI:MGI:98735)
GO:0032922	circadian regulation of gene expression	has_regulation_target(MGI:MGI:98735)
GO:0000122	negative regulation of transcription from RNA polymerase II promoter	has_regulation_target(MGI:MGI:98737)
GO:0000122	negative regulation of transcription from RNA polymerase II promoter	has_regulation_target(MGI:MGI:98769)
GO:0043066	negative regulation of apoptotic process	has_regulation_target(MGI:MGI:98817)
GO:0006417	regulation of translation	has_regulation_target(MGI:MGI:98821)
GO:0006417	regulation of translation	has_regulation_target(MGI:MGI:98821)
GO:0006417	regulation of translation	has_regulation_target(MGI:MGI:98821)
GO:0006417	regulation of translation	has_regulation_target(MGI:MGI:98821)
GO:0006417	regulation of translation	has_regulation_target(MGI:MGI:98821)
GO:0006417	regulation of translation	has_regulation_target(MGI:MGI:98822)
GO:0006417	regulation of translation	has_regulation_target(MGI:MGI:98822)
GO:0006417	regulation of translation	has_regulation_target(MGI:MGI:98822)
GO:0006417	regulation of translation	has_regulation_target(MGI:MGI:98822)
GO:0006417	regulation of translation	has_regulation_target(MGI:MGI:98822)
GO:0010468	regulation of gene expression	has_regulation_target(MGI:MGI:98834)
GO:0045944	positive regulation of transcription from RNA polymerase II promoter	has_regulation_target(MGI:MGI:98848)
GO:0001077	transcriptional activator activity, RNA polymerase II core promoter proximal region sequence-specific binding	has_regulation_target(MGI:MGI:98848)
GO:0003700	transcription factor activity, sequence-specific DNA binding	has_regulation_target(MGI:MGI:98848)
GO:0003700	transcription factor activity, sequence-specific DNA binding	has_regulation_target(MGI:MGI:98848)
GO:0003700	transcription factor activity, sequence-specific DNA binding	has_regulation_target(MGI:MGI:98848)
GO:0003700	transcription factor activity, sequence-specific DNA binding	has_regulation_target(MGI:MGI:98848)
GO:0003700	transcription factor activity, sequence-specific DNA binding	has_regulation_target(MGI:MGI:98865)
GO:0045944	positive regulation of transcription from RNA polymerase II promoter	has_regulation_target(MGI:MGI:98865)
GO:0006357	regulation of transcription from RNA polymerase II promoter	has_regulation_target(MGI:MGI:98865)
GO:0045944	positive regulation of transcription from RNA polymerase II promoter	has_regulation_target(MGI:MGI:98865)
GO:0045944	positive regulation of transcription from RNA polymerase II promoter	has_regulation_target(MGI:MGI:98872)
GO:0010628	positive regulation of gene expression	has_regulation_target(MGI:MGI:98913)
GO:0045944	positive regulation of transcription from RNA polymerase II promoter	has_regulation_target(MGI:MGI:98919)
GO:0000122	negative regulation of transcription from RNA polymerase II promoter	has_regulation_target(MGI:MGI:98926)
GO:0045944	positive regulation of transcription from RNA polymerase II promoter	has_regulation_target(MGI:MGI:98953)
GO:0045944	positive regulation of transcription from RNA polymerase II promoter	has_regulation_target(MGI:MGI:98954)
GO:0090263	positive regulation of canonical Wnt signaling pathway	has_regulation_target(MGI:MGI:98954)
GO:0006357	regulation of transcription from RNA polymerase II promoter	has_regulation_target(MGI:MGI:98955)
GO:0010628	positive regulation of gene expression	has_regulation_target(MGI:MGI:98957)
GO:0030178	negative regulation of Wnt signaling pathway	has_regulation_target(MGI:MGI:98957)
GO:0010628	positive regulation of gene expression	has_regulation_target(MGI:MGI:98961)
GO:0003700	transcription factor activity, sequence-specific DNA binding	has_regulation_target(MGI:MGI:98962)
GO:0045944	positive regulation of transcription from RNA polymerase II promoter	has_regulation_target(MGI:MGI:98962)
GO:0000981	RNA polymerase II transcription factor activity, sequence-specific DNA binding	has_regulation_target(MGI:MGI:99217)
GO:0045944	positive regulation of transcription from RNA polymerase II promoter	has_regulation_target(MGI:MGI:99254)
GO:0045944	positive regulation of transcription from RNA polymerase II promoter	has_regulation_target(MGI:MGI:99255)
GO:0045944	positive regulation of transcription from RNA polymerase II promoter	has_regulation_target(MGI:MGI:99414)
GO:0045944	positive regulation of transcription from RNA polymerase II promoter	has_regulation_target(MGI:MGI:99438)
GO:0045944	positive regulation of transcription from RNA polymerase II promoter	has_regulation_target(MGI:MGI:99438)
GO:0000122	negative regulation of transcription from RNA polymerase II promoter	has_regulation_target(MGI:MGI:99438)
GO:0010468	regulation of gene expression	has_regulation_target(MGI:MGI:99458)
GO:0045944	positive regulation of transcription from RNA polymerase II promoter	has_regulation_target(MGI:MGI:99458)
GO:0000122	negative regulation of transcription from RNA polymerase II promoter	has_regulation_target(MGI:MGI:99480)
GO:2000765	regulation of cytoplasmic translation	has_regulation_target(MGI:MGI:99480)
GO:0045944	positive regulation of transcription from RNA polymerase II promoter	has_regulation_target(MGI:MGI:99484)
GO:0070863	positive regulation of protein exit from endoplasmic reticulum	has_regulation_target(MGI:MGI:99578)
GO:0045944	positive regulation of transcription from RNA polymerase II promoter	has_regulation_target(MGI:MGI:99583)
GO:0010468	regulation of gene expression	has_regulation_target(MGI:MGI:99602)
GO:0010628	positive regulation of gene expression	has_regulation_target(MGI:MGI:99602)
GO:0010468	regulation of gene expression	has_regulation_target(MGI:MGI:99604)
GO:0045944	positive regulation of transcription from RNA polymerase II promoter	has_regulation_target(MGI:MGI:99604)
GO:0045944	positive regulation of transcription from RNA polymerase II promoter	has_regulation_target(MGI:MGI:99604)
GO:0010628	positive regulation of gene expression	has_regulation_target(MGI:MGI:99604)
GO:0045944	positive regulation of transcription from RNA polymerase II promoter	has_regulation_target(MGI:MGI:99604)
GO:0006357	regulation of transcription from RNA polymerase II promoter	has_regulation_target(MGI:MGI:99604)
GO:0000122	negative regulation of transcription from RNA polymerase II promoter	has_regulation_target(MGI:MGI:99655)
GO:0045944	positive regulation of transcription from RNA polymerase II promoter	has_regulation_target(MGI:MGI:99660)
GO:0000083	regulation of transcription involved in G1/S transition of mitotic cell cycle	has_regulation_target(MGI:MGI:99660)
GO:0045944	positive regulation of transcription from RNA polymerase II promoter	has_regulation_target(MGI:MGI:99673)
GO:0001077	transcriptional activator activity, RNA polymerase II core promoter proximal region sequence-specific binding	has_regulation_target(MGI:MGI:99673)
GO:0045944	positive regulation of transcription from RNA polymerase II promoter	has_regulation_target(MGI:MGI:99684)
GO:0045892	negative regulation of transcription, DNA-templated	has_regulation_target(MGI:MGI:99829)
GO:0045892	negative regulation of transcription, DNA-templated	has_regulation_target(MGI:MGI:99829)
GO:0045944	positive regulation of transcription from RNA polymerase II promoter	has_regulation_target(MGI:MGI:99829)
GO:0032880	regulation of protein localization	has_regulation_target(MGI:MGI:99917)
GO:0030234	enzyme regulator activity	has_regulation_target(MGI:MGI:99917)
GO:0002036	regulation of L-glutamate transport	has_regulation_target(MGI:MGI:99917)
GO:0043565	sequence-specific DNA binding	has_regulation_target(NCBI_Gene:10002)
GO:0045944	positive regulation of transcription from RNA polymerase II promoter	has_regulation_target(NCBI_Gene:100073347)
GO:0000122	negative regulation of transcription from RNA polymerase II promoter	has_regulation_target(NCBI_Gene:1019)
GO:0045944	positive regulation of transcription from RNA polymerase II promoter	has_regulation_target(NCBI_Gene:1026)
GO:0045944	positive regulation of transcription from RNA polymerase II promoter	has_regulation_target(NCBI_Gene:1046)
GO:0000980	RNA polymerase II distal enhancer sequence-specific DNA binding	has_regulation_target(NCBI_Gene:111519)
GO:0001205	transcriptional activator activity, RNA polymerase II distal enhancer sequence-specific binding	has_regulation_target(NCBI_Gene:111519)
GO:0045944	positive regulation of transcription from RNA polymerase II promoter	has_regulation_target(NCBI_Gene:111519)
GO:0000122	negative regulation of transcription from RNA polymerase II promoter	has_regulation_target(NCBI_Gene:11450)
GO:0000122	negative regulation of transcription from RNA polymerase II promoter	has_regulation_target(NCBI_Gene:11770)
GO:0000122	negative regulation of transcription from RNA polymerase II promoter	has_regulation_target(NCBI_Gene:11878)
GO:0045944	positive regulation of transcription from RNA polymerase II promoter	has_regulation_target(NCBI_Gene:1191)
GO:0045944	positive regulation of transcription from RNA polymerase II promoter	has_regulation_target(NCBI_Gene:12020)
GO:0000122	negative regulation of transcription from RNA polymerase II promoter	has_regulation_target(NCBI_Gene:12393)
GO:0045944	positive regulation of transcription from RNA polymerase II promoter	has_regulation_target(NCBI_Gene:12469)
GO:0045944	positive regulation of transcription from RNA polymerase II promoter	has_regulation_target(NCBI_Gene:12479)
GO:0000122	negative regulation of transcription from RNA polymerase II promoter	has_regulation_target(NCBI_Gene:12479)
GO:0045944	positive regulation of transcription from RNA polymerase II promoter	has_regulation_target(NCBI_Gene:12518)
GO:0045944	positive regulation of transcription from RNA polymerase II promoter	has_regulation_target(NCBI_Gene:12575)
GO:0045944	positive regulation of transcription from RNA polymerase II promoter	has_regulation_target(NCBI_Gene:12580)
GO:0000978	RNA polymerase II core promoter proximal region sequence-specific DNA binding	has_regulation_target(NCBI_Gene:12580)
GO:0001077	transcriptional activator activity, RNA polymerase II core promoter proximal region sequence-specific binding	has_regulation_target(NCBI_Gene:12580)
GO:0045944	positive regulation of transcription from RNA polymerase II promoter	has_regulation_target(NCBI_Gene:12715)
GO:0000122	negative regulation of transcription from RNA polymerase II promoter	has_regulation_target(NCBI_Gene:12715)
GO:0000122	negative regulation of transcription from RNA polymerase II promoter	has_regulation_target(NCBI_Gene:13026)
GO:0001078	transcriptional repressor activity, RNA polymerase II core promoter proximal region sequence-specific binding	has_regulation_target(NCBI_Gene:13026)
GO:0000978	RNA polymerase II core promoter proximal region sequence-specific DNA binding	has_regulation_target(NCBI_Gene:13026)
GO:0045944	positive regulation of transcription from RNA polymerase II promoter	has_regulation_target(NCBI_Gene:13046)
GO:0045944	positive regulation of transcription from RNA polymerase II promoter	has_regulation_target(NCBI_Gene:13088)
GO:0045944	positive regulation of transcription from RNA polymerase II promoter	has_regulation_target(NCBI_Gene:13380)
GO:0000122	negative regulation of transcription from RNA polymerase II promoter	has_regulation_target(NCBI_Gene:14247)
GO:0045944	positive regulation of transcription from RNA polymerase II promoter	has_regulation_target(NCBI_Gene:14247)
GO:0045944	positive regulation of transcription from RNA polymerase II promoter	has_regulation_target(NCBI_Gene:14281)
GO:0045944	positive regulation of transcription from RNA polymerase II promoter	has_regulation_target(NCBI_Gene:1441)
GO:0045944	positive regulation of transcription from RNA polymerase II promoter	has_regulation_target(NCBI_Gene:14432)
GO:0045944	positive regulation of transcription from RNA polymerase II promoter	has_regulation_target(NCBI_Gene:14573)
GO:0045944	positive regulation of transcription from RNA polymerase II promoter	has_regulation_target(NCBI_Gene:14618)
GO:0045944	positive regulation of transcription from RNA polymerase II promoter	has_regulation_target(NCBI_Gene:14836)
GO:0045944	positive regulation of transcription from RNA polymerase II promoter	has_regulation_target(NCBI_Gene:1485)
GO:0045944	positive regulation of transcription from RNA polymerase II promoter	has_regulation_target(NCBI_Gene:1513)
GO:0045944	positive regulation of transcription from RNA polymerase II promoter	has_regulation_target(NCBI_Gene:15379)
GO:0045944	positive regulation of transcription from RNA polymerase II promoter	has_regulation_target(NCBI_Gene:16065)
GO:0000122	negative regulation of transcription from RNA polymerase II promoter	has_regulation_target(NCBI_Gene:16191)
GO:0045944	positive regulation of transcription from RNA polymerase II promoter	has_regulation_target(NCBI_Gene:1638)
GO:0045944	positive regulation of transcription from RNA polymerase II promoter	has_regulation_target(NCBI_Gene:16440)
GO:0045944	positive regulation of transcription from RNA polymerase II promoter	has_regulation_target(NCBI_Gene:16476)
GO:0045944	positive regulation of transcription from RNA polymerase II promoter	has_regulation_target(NCBI_Gene:16590)
GO:0045944	positive regulation of transcription from RNA polymerase II promoter	has_regulation_target(NCBI_Gene:16848)
GO:0000122	negative regulation of transcription from RNA polymerase II promoter	has_regulation_target(NCBI_Gene:17196)
GO:0045944	positive regulation of transcription from RNA polymerase II promoter	has_regulation_target(NCBI_Gene:17229)
GO:0000122	negative regulation of transcription from RNA polymerase II promoter	has_regulation_target(NCBI_Gene:1728)
GO:0000122	negative regulation of transcription from RNA polymerase II promoter	has_regulation_target(NCBI_Gene:1812)
GO:0045944	positive regulation of transcription from RNA polymerase II promoter	has_regulation_target(NCBI_Gene:1812)
GO:0045944	positive regulation of transcription from RNA polymerase II promoter	has_regulation_target(NCBI_Gene:18211)
GO:0045944	positive regulation of transcription from RNA polymerase II promoter	has_regulation_target(NCBI_Gene:18285)
GO:0000122	negative regulation of transcription from RNA polymerase II promoter	has_regulation_target(NCBI_Gene:18426)
GO:0000122	negative regulation of transcription from RNA polymerase II promoter	has_regulation_target(NCBI_Gene:18506)
GO:0045944	positive regulation of transcription from RNA polymerase II promoter	has_regulation_target(NCBI_Gene:18508)
GO:0045944	positive regulation of transcription from RNA polymerase II promoter	has_regulation_target(NCBI_Gene:18654)
GO:0000122	negative regulation of transcription from RNA polymerase II promoter	has_regulation_target(NCBI_Gene:1869)
GO:0045944	positive regulation of transcription from RNA polymerase II promoter	has_regulation_target(NCBI_Gene:18712)
GO:0045944	positive regulation of transcription from RNA polymerase II promoter	has_regulation_target(NCBI_Gene:18976)
GO:0045944	positive regulation of transcription from RNA polymerase II promoter	has_regulation_target(NCBI_Gene:18999)
GO:0045944	positive regulation of transcription from RNA polymerase II promoter	has_regulation_target(NCBI_Gene:19119)
GO:0045944	positive regulation of transcription from RNA polymerase II promoter	has_regulation_target(NCBI_Gene:19374)
GO:0000122	negative regulation of transcription from RNA polymerase II promoter	has_regulation_target(NCBI_Gene:1956)
GO:0045944	positive regulation of transcription from RNA polymerase II promoter	has_regulation_target(NCBI_Gene:1991)
GO:0045944	positive regulation of transcription from RNA polymerase II promoter	has_regulation_target(NCBI_Gene:20215)
GO:0045944	positive regulation of transcription from RNA polymerase II promoter	has_regulation_target(NCBI_Gene:20390)
GO:0045944	positive regulation of transcription from RNA polymerase II promoter	has_regulation_target(NCBI_Gene:20494)
GO:0000122	negative regulation of transcription from RNA polymerase II promoter	has_regulation_target(NCBI_Gene:20679)
GO:0045944	positive regulation of transcription from RNA polymerase II promoter	has_regulation_target(NCBI_Gene:20679)
GO:0000122	negative regulation of transcription from RNA polymerase II promoter	has_regulation_target(NCBI_Gene:20750)
GO:0045944	positive regulation of transcription from RNA polymerase II promoter	has_regulation_target(NCBI_Gene:20750)
GO:0045944	positive regulation of transcription from RNA polymerase II promoter	has_regulation_target(NCBI_Gene:2099)
GO:0000122	negative regulation of transcription from RNA polymerase II promoter	has_regulation_target(NCBI_Gene:21345)
GO:0000122	negative regulation of transcription from RNA polymerase II promoter	has_regulation_target(NCBI_Gene:2167)
GO:0045944	positive regulation of transcription from RNA polymerase II promoter	has_regulation_target(NCBI_Gene:2173)
GO:0045944	positive regulation of transcription from RNA polymerase II promoter	has_regulation_target(NCBI_Gene:21813)
GO:0045944	positive regulation of transcription from RNA polymerase II promoter	has_regulation_target(NCBI_Gene:21823)
GO:0045944	positive regulation of transcription from RNA polymerase II promoter	has_regulation_target(NCBI_Gene:21877)
GO:0045944	positive regulation of transcription from RNA polymerase II promoter	has_regulation_target(NCBI_Gene:22286)
GO:0000122	negative regulation of transcription from RNA polymerase II promoter	has_regulation_target(NCBI_Gene:22287)
GO:0045944	positive regulation of transcription from RNA polymerase II promoter	has_regulation_target(NCBI_Gene:2257)
GO:0045944	positive regulation of transcription from RNA polymerase II promoter	has_regulation_target(NCBI_Gene:2308)
GO:0000122	negative regulation of transcription from RNA polymerase II promoter	has_regulation_target(NCBI_Gene:2332)
GO:0000978	RNA polymerase II core promoter proximal region sequence-specific DNA binding	has_regulation_target(NCBI_Gene:2353)
GO:0045944	positive regulation of transcription from RNA polymerase II promoter	has_regulation_target(NCBI_Gene:24225)
GO:0000122	negative regulation of transcription from RNA polymerase II promoter	has_regulation_target(NCBI_Gene:242705)
GO:0045944	positive regulation of transcription from RNA polymerase II promoter	has_regulation_target(NCBI_Gene:24506)
GO:0000122	negative regulation of transcription from RNA polymerase II promoter	has_regulation_target(NCBI_Gene:24564)
GO:0045944	positive regulation of transcription from RNA polymerase II promoter	has_regulation_target(NCBI_Gene:24683)
GO:0045944	positive regulation of transcription from RNA polymerase II promoter	has_regulation_target(NCBI_Gene:24797)
GO:0045944	positive regulation of transcription from RNA polymerase II promoter	has_regulation_target(NCBI_Gene:24826)
GO:0043565	sequence-specific DNA binding	has_regulation_target(NCBI_Gene:2488)
GO:0045944	positive regulation of transcription from RNA polymerase II promoter	has_regulation_target(NCBI_Gene:24912)
GO:0000122	negative regulation of transcription from RNA polymerase II promoter	has_regulation_target(NCBI_Gene:24952)
GO:0000122	negative regulation of transcription from RNA polymerase II promoter	has_regulation_target(NCBI_Gene:25412)
GO:0045944	positive regulation of transcription from RNA polymerase II promoter	has_regulation_target(NCBI_Gene:25428)
GO:0000122	negative regulation of transcription from RNA polymerase II promoter	has_regulation_target(NCBI_Gene:25509)
GO:0045944	positive regulation of transcription from RNA polymerase II promoter	has_regulation_target(NCBI_Gene:25575)
GO:0045944	positive regulation of transcription from RNA polymerase II promoter	has_regulation_target(NCBI_Gene:2729)
GO:0045944	positive regulation of transcription from RNA polymerase II promoter	has_regulation_target(NCBI_Gene:29446)
GO:0045944	positive regulation of transcription from RNA polymerase II promoter	has_regulation_target(NCBI_Gene:3037)
GO:0000122	negative regulation of transcription from RNA polymerase II promoter	has_regulation_target(NCBI_Gene:3043)
GO:0045944	positive regulation of transcription from RNA polymerase II promoter	has_regulation_target(NCBI_Gene:3043)
GO:0000122	negative regulation of transcription from RNA polymerase II promoter	has_regulation_target(NCBI_Gene:3048)
GO:0045944	positive regulation of transcription from RNA polymerase II promoter	has_regulation_target(NCBI_Gene:32)
GO:0000122	negative regulation of transcription from RNA polymerase II promoter	has_regulation_target(NCBI_Gene:3206)
GO:0045944	positive regulation of transcription from RNA polymerase II promoter	has_regulation_target(NCBI_Gene:3308)
GO:0045944	positive regulation of transcription from RNA polymerase II promoter	has_regulation_target(NCBI_Gene:332)
GO:0045944	positive regulation of transcription from RNA polymerase II promoter	has_regulation_target(NCBI_Gene:335)
GO:0000122	negative regulation of transcription from RNA polymerase II promoter	has_regulation_target(NCBI_Gene:335)
GO:0045944	positive regulation of transcription from RNA polymerase II promoter	has_regulation_target(NCBI_Gene:3383)
GO:0045944	positive regulation of transcription from RNA polymerase II promoter	has_regulation_target(NCBI_Gene:3481)
GO:0000122	negative regulation of transcription from RNA polymerase II promoter	has_regulation_target(NCBI_Gene:3553)
GO:0045944	positive regulation of transcription from RNA polymerase II promoter	has_regulation_target(NCBI_Gene:3558)
GO:0045944	positive regulation of transcription from RNA polymerase II promoter	has_regulation_target(NCBI_Gene:3569)
GO:0045944	positive regulation of transcription from RNA polymerase II promoter	has_regulation_target(NCBI_Gene:3576)
GO:0000122	negative regulation of transcription from RNA polymerase II promoter	has_regulation_target(NCBI_Gene:3845)
GO:0000978	RNA polymerase II core promoter proximal region sequence-specific DNA binding	has_regulation_target(NCBI_Gene:3973)
GO:0001077	transcriptional activator activity, RNA polymerase II core promoter proximal region sequence-specific binding	has_regulation_target(NCBI_Gene:3973)
GO:0045944	positive regulation of transcription from RNA polymerase II promoter	has_regulation_target(NCBI_Gene:3973)
GO:0045944	positive regulation of transcription from RNA polymerase II promoter	has_regulation_target(NCBI_Gene:4067)
GO:0045944	positive regulation of transcription from RNA polymerase II promoter	has_regulation_target(NCBI_Gene:4128)
GO:0045944	positive regulation of transcription from RNA polymerase II promoter	has_regulation_target(NCBI_Gene:4286)
GO:0045944	positive regulation of transcription from RNA polymerase II promoter	has_regulation_target(NCBI_Gene:4312)
GO:0000122	negative regulation of transcription from RNA polymerase II promoter	has_regulation_target(NCBI_Gene:4312)
GO:0000122	negative regulation of transcription from RNA polymerase II promoter	has_regulation_target(NCBI_Gene:4609)
GO:0045944	positive regulation of transcription from RNA polymerase II promoter	has_regulation_target(NCBI_Gene:5020)
GO:0045944	positive regulation of transcription from RNA polymerase II promoter	has_regulation_target(NCBI_Gene:50563)
GO:0045944	positive regulation of transcription from RNA polymerase II promoter	has_regulation_target(NCBI_Gene:50802)
GO:0045944	positive regulation of transcription from RNA polymerase II promoter	has_regulation_target(NCBI_Gene:51141)
GO:0045944	positive regulation of transcription from RNA polymerase II promoter	has_regulation_target(NCBI_Gene:5292)
GO:0045944	positive regulation of transcription from RNA polymerase II promoter	has_regulation_target(NCBI_Gene:55502)
GO:0045944	positive regulation of transcription from RNA polymerase II promoter	has_regulation_target(NCBI_Gene:5663)
GO:0045944	positive regulation of transcription from RNA polymerase II promoter	has_regulation_target(NCBI_Gene:5743)
GO:0045944	positive regulation of transcription from RNA polymerase II promoter	has_regulation_target(NCBI_Gene:595)
GO:0045944	positive regulation of transcription from RNA polymerase II promoter	has_regulation_target(NCBI_Gene:596)
GO:0045944	positive regulation of transcription from RNA polymerase II promoter	has_regulation_target(NCBI_Gene:630347)
GO:0045944	positive regulation of transcription from RNA polymerase II promoter	has_regulation_target(NCBI_Gene:6439)
GO:0000122	negative regulation of transcription from RNA polymerase II promoter	has_regulation_target(NCBI_Gene:652)
GO:0045944	positive regulation of transcription from RNA polymerase II promoter	has_regulation_target(NCBI_Gene:6548)
GO:0045944	positive regulation of transcription from RNA polymerase II promoter	has_regulation_target(NCBI_Gene:6658)
GO:0045944	positive regulation of transcription from RNA polymerase II promoter	has_regulation_target(NCBI_Gene:6700)
GO:0000122	negative regulation of transcription from RNA polymerase II promoter	has_regulation_target(NCBI_Gene:672)
GO:0000122	negative regulation of transcription from RNA polymerase II promoter	has_regulation_target(NCBI_Gene:7015)
GO:0045944	positive regulation of transcription from RNA polymerase II promoter	has_regulation_target(NCBI_Gene:7015)
GO:0045944	positive regulation of transcription from RNA polymerase II promoter	has_regulation_target(NCBI_Gene:722)
GO:0045944	positive regulation of transcription from RNA polymerase II promoter	has_regulation_target(NCBI_Gene:7422)
GO:0045944	positive regulation of transcription from RNA polymerase II promoter	has_regulation_target(NCBI_Gene:7447)
GO:0045944	positive regulation of transcription from RNA polymerase II promoter	has_regulation_target(NCBI_Gene:76469)
GO:0045944	positive regulation of transcription from RNA polymerase II promoter	has_regulation_target(NCBI_Gene:8764)
GO:0045944	positive regulation of transcription from RNA polymerase II promoter	has_regulation_target(NCBI_Gene:8795)
GO:0000122	negative regulation of transcription from RNA polymerase II promoter	has_regulation_target(NCBI_Gene:890)
GO:0045944	positive regulation of transcription from RNA polymerase II promoter	has_regulation_target(NCBI_Gene:896)
GO:0000122	negative regulation of transcription from RNA polymerase II promoter	has_regulation_target(NCBI_Gene:947)
GO:0045944	positive regulation of transcription from RNA polymerase II promoter	has_regulation_target(NCBI_Gene:947)
GO:0000122	negative regulation of transcription from RNA polymerase II promoter	has_regulation_target(NCBI_Gene:9572)
GO:0045944	positive regulation of transcription from RNA polymerase II promoter	has_regulation_target(NCBI_Gene:958)
GO:0045944	positive regulation of transcription from RNA polymerase II promoter	has_regulation_target(NCBI_Gene:9709)
GO:1904154	positive regulation of retrograde protein transport, ER to cytosol	has_regulation_target(PR:000001044)
GO:0061099	negative regulation of protein tyrosine kinase activity	has_regulation_target(PR:000002997
GO:0061098	positive regulation of protein tyrosine kinase activity	has_regulation_target(PR:000002997
GO:0001934	positive regulation of protein phosphorylation	has_regulation_target(PR:000003106)
GO:0000187	activation of MAPK activity	has_regulation_target(PR:000003106)
GO:0010620	negative regulation of transcription by transcription factor catabolism	has_regulation_target(PR:000028992)
GO:0051898	negative regulation of protein kinase B signaling	has_regulation_target(PR:000029189
GO:0033137	negative regulation of peptidyl-serine phosphorylation	has_regulation_target(PR:000029189
GO:0001934	positive regulation of protein phosphorylation	has_regulation_target(PR:000029189
GO:0001934	positive regulation of protein phosphorylation	has_regulation_target(PR:000029189)
GO:0001934	positive regulation of protein phosphorylation	has_regulation_target(PR:000029189)
GO:1903077	negative regulation of protein localization to plasma membrane	has_regulation_target(PR:000044494)
GO:0010955	negative regulation of protein processing	has_regulation_target(PR:000045525)
GO:0051055	negative regulation of lipid biosynthetic process	has_regulation_target(PR:Q5EG47
GO:0071902	positive regulation of protein serine/threonine kinase activity	has_regulation_target(PR:Q5EG47
GO:0071902	positive regulation of protein serine/threonine kinase activity	has_regulation_target(PR:Q5EG47
GO:0070613	regulation of protein processing	has_regulation_target(PR:Q61602-1)
GO:0070613	regulation of protein processing	has_regulation_target(PR:Q61602-1)
GO:0043407	negative regulation of MAP kinase activity	has_regulation_target(PR:Q9WVS8-1)
GO:0001077	transcriptional activator activity, RNA polymerase II core promoter proximal region sequence-specific binding	has_regulation_target(PomBase:SPAC1002.17c)
GO:0001077	transcriptional activator activity, RNA polymerase II core promoter proximal region sequence-specific binding	has_regulation_target(PomBase:SPAC1002.18)
GO:0001077	transcriptional activator activity, RNA polymerase II core promoter proximal region sequence-specific binding	has_regulation_target(PomBase:SPAC1002.19)
GO:0045944	positive regulation of transcription from RNA polymerase II promoter	has_regulation_target(PomBase:SPAC1142.05)
GO:0001078	transcriptional repressor activity, RNA polymerase II core promoter proximal region sequence-specific binding	has_regulation_target(PomBase:SPAC11E3.06)
GO:0000982	transcription factor activity, RNA polymerase II core promoter proximal region sequence-specific binding	has_regulation_target(PomBase:SPAC11H11.04)
GO:1902373	negative regulation of mRNA catabolic process	has_regulation_target(PomBase:SPAC1250.05)
GO:0001077	transcriptional activator activity, RNA polymerase II core promoter proximal region sequence-specific binding	has_regulation_target(PomBase:SPAC1399.04c)
GO:0061419	positive regulation of transcription from RNA polymerase II promoter in response to hypoxia	has_regulation_target(PomBase:SPAC13A11.02c)
GO:0036091	positive regulation of transcription from RNA polymerase II promoter in response to oxidative stress	has_regulation_target(PomBase:SPAC13D6.01)
GO:0001077	transcriptional activator activity, RNA polymerase II core promoter proximal region sequence-specific binding	has_regulation_target(PomBase:SPAC13D6.01)
GO:0000122	negative regulation of transcription from RNA polymerase II promoter	has_regulation_target(PomBase:SPAC13F5.03c)
GO:0036278	positive regulation of transcription from RNA polymerase II promoter in response to nitrogen starvation	has_regulation_target(PomBase:SPAC144.13c)
GO:0001077	transcriptional activator activity, RNA polymerase II core promoter proximal region sequence-specific binding	has_regulation_target(PomBase:SPAC144.13c)
GO:0001077	transcriptional activator activity, RNA polymerase II core promoter proximal region sequence-specific binding	has_regulation_target(PomBase:SPAC14C4.09)
GO:0001078	transcriptional repressor activity, RNA polymerase II core promoter proximal region sequence-specific binding	has_regulation_target(PomBase:SPAC1565.04c)
GO:0001077	transcriptional activator activity, RNA polymerase II core promoter proximal region sequence-specific binding	has_regulation_target(PomBase:SPAC15A10.10)
GO:0035024	negative regulation of Rho protein signal transduction	has_regulation_target(PomBase:SPAC16.01)
GO:0045944	positive regulation of transcription from RNA polymerase II promoter	has_regulation_target(PomBase:SPAC1687.16c)
GO:0061419	positive regulation of transcription from RNA polymerase II promoter in response to hypoxia	has_regulation_target(PomBase:SPAC1687.16c)
GO:0001077	transcriptional activator activity, RNA polymerase II core promoter proximal region sequence-specific binding	has_regulation_target(PomBase:SPAC16E8.05c)
GO:0001077	transcriptional activator activity, RNA polymerase II core promoter proximal region sequence-specific binding	has_regulation_target(PomBase:SPAC1705.03c)
GO:0036283	positive regulation of transcription factor import into nucleus in response to oxidative stress	has_regulation_target(PomBase:SPAC1783.07c)
GO:0051091	positive regulation of sequence-specific DNA binding transcription factor activity	has_regulation_target(PomBase:SPAC1783.07c)
GO:0046827	positive regulation of protein export from nucleus	has_regulation_target(PomBase:SPAC1783.07c)
GO:0043433	negative regulation of sequence-specific DNA binding transcription factor activity	has_regulation_target(PomBase:SPAC1783.07c)
GO:0061419	positive regulation of transcription from RNA polymerase II promoter in response to hypoxia	has_regulation_target(PomBase:SPAC17A2.05)
GO:0001077	transcriptional activator activity, RNA polymerase II core promoter proximal region sequence-specific binding	has_regulation_target(PomBase:SPAC17A5.04c)
GO:1901522	positive regulation of transcription from RNA polymerase II promoter involved in cellular response to chemical stimulus	has_regulation_target(PomBase:SPAC17C9.16c)
GO:0051436	negative regulation of ubiquitin-protein ligase activity involved in mitotic cell cycle	has_regulation_target(PomBase:SPAC17G8.10c)
GO:0019706	protein-cysteine S-palmitoyltransferase activity	has_regulation_target(PomBase:SPAC17H9.09c)
GO:0019706	protein-cysteine S-palmitoyltransferase activity	has_regulation_target(PomBase:SPAC17H9.09c)
GO:0045944	positive regulation of transcription from RNA polymerase II promoter	has_regulation_target(PomBase:SPAC17H9.19c)
GO:0000083	regulation of transcription involved in G1/S transition of mitotic cell cycle	has_regulation_target(PomBase:SPAC17H9.19c)
GO:0000122	negative regulation of transcription from RNA polymerase II promoter	has_regulation_target(PomBase:SPAC17H9.19c)
GO:0001077	transcriptional activator activity, RNA polymerase II core promoter proximal region sequence-specific binding	has_regulation_target(PomBase:SPAC1834.03c)
GO:0045944	positive regulation of transcription from RNA polymerase II promoter	has_regulation_target(PomBase:SPAC1834.03c)
GO:0045944	positive regulation of transcription from RNA polymerase II promoter	has_regulation_target(PomBase:SPAC1834.04)
GO:0001077	transcriptional activator activity, RNA polymerase II core promoter proximal region sequence-specific binding	has_regulation_target(PomBase:SPAC1834.04)
GO:1902542	regulation of protein localization to mitotic spindle pole body	has_regulation_target(PomBase:SPAC1834.06c)
GO:0000122	negative regulation of transcription from RNA polymerase II promoter	has_regulation_target(PomBase:SPAC186.01)
GO:0001077	transcriptional activator activity, RNA polymerase II core promoter proximal region sequence-specific binding	has_regulation_target(PomBase:SPAC18B11.04)
GO:1902416	positive regulation of mRNA binding	has_regulation_target(PomBase:SPAC19A8.12
GO:0000982	transcription factor activity, RNA polymerase II core promoter proximal region sequence-specific binding	has_regulation_target(PomBase:SPAC19E9.02)
GO:0045944	positive regulation of transcription from RNA polymerase II promoter	has_regulation_target(PomBase:SPAC19G12.06c)
GO:0001077	transcriptional activator activity, RNA polymerase II core promoter proximal region sequence-specific binding	has_regulation_target(PomBase:SPAC19G12.06c)
GO:0061419	positive regulation of transcription from RNA polymerase II promoter in response to hypoxia	has_regulation_target(PomBase:SPAC19G12.08)
GO:0001077	transcriptional activator activity, RNA polymerase II core promoter proximal region sequence-specific binding	has_regulation_target(PomBase:SPAC19G12.16c)
GO:0061419	positive regulation of transcription from RNA polymerase II promoter in response to hypoxia	has_regulation_target(PomBase:SPAC1B3.16c)
GO:0032463	negative regulation of protein homooligomerization	has_regulation_target(PomBase:SPAC1F5.04c)
GO:0061419	positive regulation of transcription from RNA polymerase II promoter in response to hypoxia	has_regulation_target(PomBase:SPAC1F5.07c)
GO:0043547	positive regulation of GTPase activity	has_regulation_target(PomBase:SPAC1F7.04)
GO:0000083	regulation of transcription involved in G1/S transition of mitotic cell cycle	has_regulation_target(PomBase:SPAC1F7.05)
GO:0000122	negative regulation of transcription from RNA polymerase II promoter	has_regulation_target(PomBase:SPAC1F7.05)
GO:0045944	positive regulation of transcription from RNA polymerase II promoter	has_regulation_target(PomBase:SPAC1F7.05)
GO:0034396	negative regulation of transcription from RNA polymerase II promoter in response to iron	has_regulation_target(PomBase:SPAC1F7.07c)
GO:0001214	RNA polymerase II transcriptional repressor activity, metal ion regulated core promoter proximal region sequence-specific binding	has_regulation_target(PomBase:SPAC1F7.08)
GO:0001078	transcriptional repressor activity, RNA polymerase II core promoter proximal region sequence-specific binding	has_regulation_target(PomBase:SPAC1F7.08)
GO:0034396	negative regulation of transcription from RNA polymerase II promoter in response to iron	has_regulation_target(PomBase:SPAC1F7.08)
GO:0001078	transcriptional repressor activity, RNA polymerase II core promoter proximal region sequence-specific binding	has_regulation_target(PomBase:SPAC1F8.02c)
GO:0034396	negative regulation of transcription from RNA polymerase II promoter in response to iron	has_regulation_target(PomBase:SPAC1F8.02c)
GO:0034396	negative regulation of transcription from RNA polymerase II promoter in response to iron	has_regulation_target(PomBase:SPAC1F8.03c)
GO:0001078	transcriptional repressor activity, RNA polymerase II core promoter proximal region sequence-specific binding	has_regulation_target(PomBase:SPAC1F8.03c)
GO:0000122	negative regulation of transcription from RNA polymerase II promoter	has_regulation_target(PomBase:SPAC1F8.06)
GO:0001078	transcriptional repressor activity, RNA polymerase II core promoter proximal region sequence-specific binding	has_regulation_target(PomBase:SPAC20G4.02c)
GO:0000982	transcription factor activity, RNA polymerase II core promoter proximal region sequence-specific binding	has_regulation_target(PomBase:SPAC20G8.05c)
GO:0000122	negative regulation of transcription from RNA polymerase II promoter	has_regulation_target(PomBase:SPAC212.11)
GO:0001077	transcriptional activator activity, RNA polymerase II core promoter proximal region sequence-specific binding	has_regulation_target(PomBase:SPAC222.11)
GO:0045944	positive regulation of transcription from RNA polymerase II promoter	has_regulation_target(PomBase:SPAC222.11)
GO:0061419	positive regulation of transcription from RNA polymerase II promoter in response to hypoxia	has_regulation_target(PomBase:SPAC222.11)
GO:0001077	transcriptional activator activity, RNA polymerase II core promoter proximal region sequence-specific binding	has_regulation_target(PomBase:SPAC22A12.06c)
GO:0000122	negative regulation of transcription from RNA polymerase II promoter	has_regulation_target(PomBase:SPAC22A12.11)
GO:0001077	transcriptional activator activity, RNA polymerase II core promoter proximal region sequence-specific binding	has_regulation_target(PomBase:SPAC22F3.12c)
GO:0001078	transcriptional repressor activity, RNA polymerase II core promoter proximal region sequence-specific binding	has_regulation_target(PomBase:SPAC22F3.12c)
GO:0001077	transcriptional activator activity, RNA polymerase II core promoter proximal region sequence-specific binding	has_regulation_target(PomBase:SPAC22G7.02)
GO:1902364	negative regulation of protein localization to spindle pole body	has_regulation_target(PomBase:SPAC23C11.16)
GO:0000982	transcription factor activity, RNA polymerase II core promoter proximal region sequence-specific binding	has_regulation_target(PomBase:SPAC23C11.16)
GO:0001077	transcriptional activator activity, RNA polymerase II core promoter proximal region sequence-specific binding	has_regulation_target(PomBase:SPAC23C11.16)
GO:0019706	protein-cysteine S-palmitoyltransferase activity	has_regulation_target(PomBase:SPAC23C4.08)
GO:1903655	phosphorylation of RNA polymerase II C-terminal domain serine 2 residues involved in positive regulation of transcription elongation from RNA polymerase II promoter	has_regulation_target(PomBase:SPAC23D3.10c)
GO:0001078	transcriptional repressor activity, RNA polymerase II core promoter proximal region sequence-specific binding	has_regulation_target(PomBase:SPAC23E2.03c)
GO:0032092	positive regulation of protein binding	has_regulation_target(PomBase:SPAC23H3.13c
GO:0046827	positive regulation of protein export from nucleus	has_regulation_target(PomBase:SPAC24B11.06c)
GO:0000982	transcription factor activity, RNA polymerase II core promoter proximal region sequence-specific binding	has_regulation_target(PomBase:SPAC24B11.11c)
GO:0001077	transcriptional activator activity, RNA polymerase II core promoter proximal region sequence-specific binding	has_regulation_target(PomBase:SPAC24C9.15c)
GO:0032092	positive regulation of protein binding	has_regulation_target(PomBase:SPAC24H6.05
GO:0001077	transcriptional activator activity, RNA polymerase II core promoter proximal region sequence-specific binding	has_regulation_target(PomBase:SPAC24H6.05)
GO:0061419	positive regulation of transcription from RNA polymerase II promoter in response to hypoxia	has_regulation_target(PomBase:SPAC25B8.01)
GO:0001078	transcriptional repressor activity, RNA polymerase II core promoter proximal region sequence-specific binding	has_regulation_target(PomBase:SPAC25B8.19c)
GO:0001077	transcriptional activator activity, RNA polymerase II core promoter proximal region sequence-specific binding	has_regulation_target(PomBase:SPAC25H1.09)
GO:1902546	positive regulation of DNA N-glycosylase activity	has_regulation_target(PomBase:SPAC26A3.02)
GO:0001077	transcriptional activator activity, RNA polymerase II core promoter proximal region sequence-specific binding	has_regulation_target(PomBase:SPAC27D7.03c)
GO:0001078	transcriptional repressor activity, RNA polymerase II core promoter proximal region sequence-specific binding	has_regulation_target(PomBase:SPAC27D7.03c)
GO:0045944	positive regulation of transcription from RNA polymerase II promoter	has_regulation_target(PomBase:SPAC27D7.03c)
GO:1900475	positive regulation of meiosis by negative regulation of transcription from RNA polymerase II promoter	has_regulation_target(PomBase:SPAC27D7.03c)
GO:0000122	negative regulation of transcription from RNA polymerase II promoter	has_regulation_target(PomBase:SPAC27D7.03c)
GO:0001077	transcriptional activator activity, RNA polymerase II core promoter proximal region sequence-specific binding	has_regulation_target(PomBase:SPAC27D7.05c)
GO:1903499	regulation of mitotic actomyosin contractile ring assembly	has_regulation_target(PomBase:SPAC27F1.02c)
GO:1904663	regulation of N-terminal peptidyl-methionine acetylation	has_regulation_target(PomBase:SPAC27F1.02c)
GO:0045944	positive regulation of transcription from RNA polymerase II promoter	has_regulation_target(PomBase:SPAC2E1P3.05c)
GO:0061419	positive regulation of transcription from RNA polymerase II promoter in response to hypoxia	has_regulation_target(PomBase:SPAC30C2.02)
GO:0001078	transcriptional repressor activity, RNA polymerase II core promoter proximal region sequence-specific binding	has_regulation_target(PomBase:SPAC31G5.09c)
GO:0000122	negative regulation of transcription from RNA polymerase II promoter	has_regulation_target(PomBase:SPAC343.12)
GO:0001078	transcriptional repressor activity, RNA polymerase II core promoter proximal region sequence-specific binding	has_regulation_target(PomBase:SPAC3A11.07)
GO:0001077	transcriptional activator activity, RNA polymerase II core promoter proximal region sequence-specific binding	has_regulation_target(PomBase:SPAC3C7.14c)
GO:0036091	positive regulation of transcription from RNA polymerase II promoter in response to oxidative stress	has_regulation_target(PomBase:SPAC3C7.14c)
GO:0001077	transcriptional activator activity, RNA polymerase II core promoter proximal region sequence-specific binding	has_regulation_target(PomBase:SPAC3C7.14c)
GO:0000982	transcription factor activity, RNA polymerase II core promoter proximal region sequence-specific binding	has_regulation_target(PomBase:SPAC3F10.15c)
GO:0001077	transcriptional activator activity, RNA polymerase II core promoter proximal region sequence-specific binding	has_regulation_target(PomBase:SPAC4A8.05c)
GO:0061419	positive regulation of transcription from RNA polymerase II promoter in response to hypoxia	has_regulation_target(PomBase:SPAC4A8.11c)
GO:0001077	transcriptional activator activity, RNA polymerase II core promoter proximal region sequence-specific binding	has_regulation_target(PomBase:SPAC4G8.13c)
GO:0010621	negative regulation of transcription by transcription factor localization	has_regulation_target(PomBase:SPAC4G8.13c)
GO:0045944	positive regulation of transcription from RNA polymerase II promoter	has_regulation_target(PomBase:SPAC513.03)
GO:0001077	transcriptional activator activity, RNA polymerase II core promoter proximal region sequence-specific binding	has_regulation_target(PomBase:SPAC56E4.04c)
GO:0000122	negative regulation of transcription from RNA polymerase II promoter	has_regulation_target(PomBase:SPAC56F8.12)
GO:0001078	transcriptional repressor activity, RNA polymerase II core promoter proximal region sequence-specific binding	has_regulation_target(PomBase:SPAC5H10.06c)
GO:0034225	regulation of transcription from RNA polymerase II promoter in response to zinc ion starvation	has_regulation_target(PomBase:SPAC5H10.06c)
GO:0045944	positive regulation of transcription from RNA polymerase II promoter	has_regulation_target(PomBase:SPAC630.08c)
GO:0061419	positive regulation of transcription from RNA polymerase II promoter in response to hypoxia	has_regulation_target(PomBase:SPAC630.08c)
GO:0000122	negative regulation of transcription from RNA polymerase II promoter	has_regulation_target(PomBase:SPAC644.05c)
GO:0000122	negative regulation of transcription from RNA polymerase II promoter	has_regulation_target(PomBase:SPAC644.14c)
GO:0001077	transcriptional activator activity, RNA polymerase II core promoter proximal region sequence-specific binding	has_regulation_target(PomBase:SPAC644.14c)
GO:0043388	positive regulation of DNA binding	has_regulation_target(PomBase:SPAC644.14c)
GO:0043392	negative regulation of DNA binding	has_regulation_target(PomBase:SPAC664.07c)
GO:1902817	negative regulation of protein localization to microtubule	has_regulation_target(PomBase:SPAC664.10)
GO:0001934	positive regulation of protein phosphorylation	has_regulation_target(PomBase:SPAC694.06c)
GO:0001933	negative regulation of protein phosphorylation	has_regulation_target(PomBase:SPAC6B12.11)
GO:0001077	transcriptional activator activity, RNA polymerase II core promoter proximal region sequence-specific binding	has_regulation_target(PomBase:SPAC6F12.12)
GO:1902542	regulation of protein localization to mitotic spindle pole body	has_regulation_target(PomBase:SPAC6G9.06c
GO:0001077	transcriptional activator activity, RNA polymerase II core promoter proximal region sequence-specific binding	has_regulation_target(PomBase:SPAC821.09)
GO:2000397	positive regulation of ubiquitin-dependent endocytosis	has_regulation_target(PomBase:SPAC869.11)
GO:0032092	positive regulation of protein binding	has_regulation_target(PomBase:SPAC8E11.02c)
GO:0001077	transcriptional activator activity, RNA polymerase II core promoter proximal region sequence-specific binding	has_regulation_target(PomBase:SPAC8E11.02c)
GO:0001077	transcriptional activator activity, RNA polymerase II core promoter proximal region sequence-specific binding	has_regulation_target(PomBase:SPAC8E11.03c)
GO:0043388	positive regulation of DNA binding	has_regulation_target(PomBase:SPAC8E11.03c)
GO:0043392	negative regulation of DNA binding	has_regulation_target(PomBase:SPAC8E11.03c)
GO:0061419	positive regulation of transcription from RNA polymerase II promoter in response to hypoxia	has_regulation_target(PomBase:SPAC926.09c)
GO:0001078	transcriptional repressor activity, RNA polymerase II core promoter proximal region sequence-specific binding	has_regulation_target(PomBase:SPAC977.05c)
GO:0000122	negative regulation of transcription from RNA polymerase II promoter	has_regulation_target(PomBase:SPAC977.16c)
GO:0045944	positive regulation of transcription from RNA polymerase II promoter	has_regulation_target(PomBase:SPACUNK4.10)
GO:0000122	negative regulation of transcription from RNA polymerase II promoter	has_regulation_target(PomBase:SPAP14E8.02)
GO:0045944	positive regulation of transcription from RNA polymerase II promoter	has_regulation_target(PomBase:SPAP7G5.06)
GO:0000122	negative regulation of transcription from RNA polymerase II promoter	has_regulation_target(PomBase:SPAP7G5.06)
GO:0001077	transcriptional activator activity, RNA polymerase II core promoter proximal region sequence-specific binding	has_regulation_target(PomBase:SPAP8A3.08)
GO:0000122	negative regulation of transcription from RNA polymerase II promoter	has_regulation_target(PomBase:SPAPB24D3.07c)
GO:0001077	transcriptional activator activity, RNA polymerase II core promoter proximal region sequence-specific binding	has_regulation_target(PomBase:SPAPB24D3.10c)
GO:0001077	transcriptional activator activity, RNA polymerase II core promoter proximal region sequence-specific binding	has_regulation_target(PomBase:SPAPB24D3.10c)
GO:0000083	regulation of transcription involved in G1/S transition of mitotic cell cycle	has_regulation_target(PomBase:SPAPB2B4.03)
GO:0000122	negative regulation of transcription from RNA polymerase II promoter	has_regulation_target(PomBase:SPAPB2B4.03)
GO:0001077	transcriptional activator activity, RNA polymerase II core promoter proximal region sequence-specific binding	has_regulation_target(PomBase:SPAPB2B4.03)
GO:0001077	transcriptional activator activity, RNA polymerase II core promoter proximal region sequence-specific binding	has_regulation_target(PomBase:SPAPB8E5.05)
GO:0045944	positive regulation of transcription from RNA polymerase II promoter	has_regulation_target(PomBase:SPAPB8E5.05)
GO:0001077	transcriptional activator activity, RNA polymerase II core promoter proximal region sequence-specific binding	has_regulation_target(PomBase:SPAPJ760.03c)
GO:0001077	transcriptional activator activity, RNA polymerase II core promoter proximal region sequence-specific binding	has_regulation_target(PomBase:SPAPYUG7.03c)
GO:0046827	positive regulation of protein export from nucleus	has_regulation_target(PomBase:SPBC106.10)
GO:0046827	positive regulation of protein export from nucleus	has_regulation_target(PomBase:SPBC106.10)
GO:0061419	positive regulation of transcription from RNA polymerase II promoter in response to hypoxia	has_regulation_target(PomBase:SPBC106.12c)
GO:0006355	regulation of transcription, DNA-templated	has_regulation_target(PomBase:SPBC1105.02c)
GO:0001077	transcriptional activator activity, RNA polymerase II core promoter proximal region sequence-specific binding	has_regulation_target(PomBase:SPBC1105.11c)
GO:0045944	positive regulation of transcription from RNA polymerase II promoter	has_regulation_target(PomBase:SPBC1105.11c)
GO:0001077	transcriptional activator activity, RNA polymerase II core promoter proximal region sequence-specific binding	has_regulation_target(PomBase:SPBC1105.12)
GO:0045944	positive regulation of transcription from RNA polymerase II promoter	has_regulation_target(PomBase:SPBC1105.12)
GO:0050732	negative regulation of peptidyl-tyrosine phosphorylation	has_regulation_target(PomBase:SPBC119.08)
GO:0043406	positive regulation of MAP kinase activity	has_regulation_target(PomBase:SPBC119.08)
GO:0000122	negative regulation of transcription from RNA polymerase II promoter	has_regulation_target(PomBase:SPBC1198.02)
GO:0001077	transcriptional activator activity, RNA polymerase II core promoter proximal region sequence-specific binding	has_regulation_target(PomBase:SPBC1198.14c)
GO:0000122	negative regulation of transcription from RNA polymerase II promoter	has_regulation_target(PomBase:SPBC1198.14c)
GO:0001077	transcriptional activator activity, RNA polymerase II core promoter proximal region sequence-specific binding	has_regulation_target(PomBase:SPBC1198.14c)
GO:0032147	activation of protein kinase activity	has_regulation_target(PomBase:SPBC11B10.09)
GO:1904031	positive regulation of cyclin-dependent protein kinase activity	has_regulation_target(PomBase:SPBC11B10.09)
GO:1900182	positive regulation of protein localization to nucleus	has_regulation_target(PomBase:SPBC11B10.09)
GO:0010972	negative regulation of G2/M transition of mitotic cell cycle	has_regulation_target(PomBase:SPBC11B10.09)
GO:0045737	positive regulation of cyclin-dependent protein serine/threonine kinase activity	has_regulation_target(PomBase:SPBC11B10.09)
GO:0031662	positive regulation of cyclin-dependent protein serine/threonine kinase activity involved in G2/M transition of mitotic cell cycle	has_regulation_target(PomBase:SPBC11B10.09)
GO:0071851	mitotic G1 cell cycle arrest in response to nitrogen starvation	has_regulation_target(PomBase:SPBC11B10.09)
GO:0000079	regulation of cyclin-dependent protein serine/threonine kinase activity	has_regulation_target(PomBase:SPBC11B10.09)
GO:0045737	positive regulation of cyclin-dependent protein serine/threonine kinase activity	has_regulation_target(PomBase:SPBC11B10.09)
GO:0001077	transcriptional activator activity, RNA polymerase II core promoter proximal region sequence-specific binding	has_regulation_target(PomBase:SPBC1289.04c)
GO:0001077	transcriptional activator activity, RNA polymerase II core promoter proximal region sequence-specific binding	has_regulation_target(PomBase:SPBC1347.03)
GO:0001077	transcriptional activator activity, RNA polymerase II core promoter proximal region sequence-specific binding	has_regulation_target(PomBase:SPBC1347.11)
GO:0001078	transcriptional repressor activity, RNA polymerase II core promoter proximal region sequence-specific binding	has_regulation_target(PomBase:SPBC1348.06c)
GO:0001077	transcriptional activator activity, RNA polymerase II core promoter proximal region sequence-specific binding	has_regulation_target(PomBase:SPBC14C8.01c)
GO:0001077	transcriptional activator activity, RNA polymerase II core promoter proximal region sequence-specific binding	has_regulation_target(PomBase:SPBC14C8.07c)
GO:1902597	positive regulation of DNA replication origin binding	has_regulation_target(PomBase:SPBC14C8.07c)
GO:0000122	negative regulation of transcription from RNA polymerase II promoter	has_regulation_target(PomBase:SPBC14C8.07c)
GO:0000083	regulation of transcription involved in G1/S transition of mitotic cell cycle	has_regulation_target(PomBase:SPBC14C8.07c)
GO:0001077	transcriptional activator activity, RNA polymerase II core promoter proximal region sequence-specific binding	has_regulation_target(PomBase:SPBC1683.10c)
GO:0000083	regulation of transcription involved in G1/S transition of mitotic cell cycle	has_regulation_target(PomBase:SPBC16A3.07c)
GO:0001077	transcriptional activator activity, RNA polymerase II core promoter proximal region sequence-specific binding	has_regulation_target(PomBase:SPBC16A3.07c)
GO:0001078	transcriptional repressor activity, RNA polymerase II core promoter proximal region sequence-specific binding	has_regulation_target(PomBase:SPBC16D10.06)
GO:0033562	co-transcriptional gene silencing by RNA interference machinery	has_regulation_target(PomBase:SPBC16D10.08c)
GO:0001077	transcriptional activator activity, RNA polymerase II core promoter proximal region sequence-specific binding	has_regulation_target(PomBase:SPBC16H5.06)
GO:0034048	negative regulation of protein phosphatase type 2A activity	has_regulation_target(PomBase:SPBC16H5.07c)
GO:1903067	negative regulation of protein localization to cell tip	has_regulation_target(PomBase:SPBC1706.01)
GO:0001077	transcriptional activator activity, RNA polymerase II core promoter proximal region sequence-specific binding	has_regulation_target(PomBase:SPBC1778.04)
GO:0036091	positive regulation of transcription from RNA polymerase II promoter in response to oxidative stress	has_regulation_target(PomBase:SPBC17A3.07)
GO:0061408	positive regulation of transcription from RNA polymerase II promoter in response to heat stress	has_regulation_target(PomBase:SPBC17A3.07)
GO:0061404	positive regulation of transcription from RNA polymerase II promoter in response to increased salt	has_regulation_target(PomBase:SPBC17A3.07)
GO:0036252	positive regulation of transcription from RNA polymerase II promoter in response to menadione	has_regulation_target(PomBase:SPBC17A3.07)
GO:0000122	negative regulation of transcription from RNA polymerase II promoter	has_regulation_target(PomBase:SPBC1861.02)
GO:0001077	transcriptional activator activity, RNA polymerase II core promoter proximal region sequence-specific binding	has_regulation_target(PomBase:SPBC18H10.02)
GO:0061419	positive regulation of transcription from RNA polymerase II promoter in response to hypoxia	has_regulation_target(PomBase:SPBC18H10.02)
GO:0031953	negative regulation of protein autophosphorylation	has_regulation_target(PomBase:SPBC19C2.05)
GO:0071901	negative regulation of protein serine/threonine kinase activity	has_regulation_target(PomBase:SPBC19C2.05)
GO:0043433	negative regulation of sequence-specific DNA binding transcription factor activity	has_regulation_target(PomBase:SPBC19C2.09)
GO:0061419	positive regulation of transcription from RNA polymerase II promoter in response to hypoxia	has_regulation_target(PomBase:SPBC19C2.09)
GO:0035103	sterol regulatory element binding protein cleavage	has_regulation_target(PomBase:SPBC19C2.09)
GO:0061419	positive regulation of transcription from RNA polymerase II promoter in response to hypoxia	has_regulation_target(PomBase:SPBC19C2.09)
GO:0001077	transcriptional activator activity, RNA polymerase II core promoter proximal region sequence-specific binding	has_regulation_target(PomBase:SPBC19F8.01c)
GO:1904031	positive regulation of cyclin-dependent protein kinase activity	has_regulation_target(PomBase:SPBC19F8.07)
GO:0000079	regulation of cyclin-dependent protein serine/threonine kinase activity	has_regulation_target(PomBase:SPBC19F8.07)
GO:0000982	transcription factor activity, RNA polymerase II core promoter proximal region sequence-specific binding	has_regulation_target(PomBase:SPBC1A4.10c)
GO:0045944	positive regulation of transcription from RNA polymerase II promoter	has_regulation_target(PomBase:SPBC1D7.05)
GO:0061419	positive regulation of transcription from RNA polymerase II promoter in response to hypoxia	has_regulation_target(PomBase:SPBC215.11c)
GO:0006469	negative regulation of protein kinase activity	has_regulation_target(PomBase:SPBC216.05)
GO:0032091	negative regulation of protein binding	has_regulation_target(PomBase:SPBC216.07c
GO:0071931	positive regulation of transcription involved in G1/S transition of mitotic cell cycle	has_regulation_target(PomBase:SPBC21B10.13c)
GO:0045944	positive regulation of transcription from RNA polymerase II promoter	has_regulation_target(PomBase:SPBC21B10.13c)
GO:0001077	transcriptional activator activity, RNA polymerase II core promoter proximal region sequence-specific binding	has_regulation_target(PomBase:SPBC21C3.18)
GO:0045944	positive regulation of transcription from RNA polymerase II promoter	has_regulation_target(PomBase:SPBC23G7.09)
GO:0000122	negative regulation of transcription from RNA polymerase II promoter	has_regulation_target(PomBase:SPBC23G7.09)
GO:0045944	positive regulation of transcription from RNA polymerase II promoter	has_regulation_target(PomBase:SPBC23G7.16)
GO:0045944	positive regulation of transcription from RNA polymerase II promoter	has_regulation_target(PomBase:SPBC23G7.17c)
GO:0045944	positive regulation of transcription from RNA polymerase II promoter	has_regulation_target(PomBase:SPBC29A10.14)
GO:0000083	regulation of transcription involved in G1/S transition of mitotic cell cycle	has_regulation_target(PomBase:SPBC29A10.14)
GO:1903643	positive regulation of recombination hotspot binding	has_regulation_target(PomBase:SPBC29B5.01
GO:2000815	regulation of mRNA stability involved in response to oxidative stress	has_regulation_target(PomBase:SPBC29B5.01)
GO:0051091	positive regulation of sequence-specific DNA binding transcription factor activity	has_regulation_target(PomBase:SPBC29B5.01)
GO:0051091	positive regulation of sequence-specific DNA binding transcription factor activity	has_regulation_target(PomBase:SPBC29B5.01)
GO:0001078	transcriptional repressor activity, RNA polymerase II core promoter proximal region sequence-specific binding	has_regulation_target(PomBase:SPBC2D10.06)
GO:0001077	transcriptional activator activity, RNA polymerase II core promoter proximal region sequence-specific binding	has_regulation_target(PomBase:SPBC2F12.13)
GO:0000122	negative regulation of transcription from RNA polymerase II promoter	has_regulation_target(PomBase:SPBC317.01)
GO:0045944	positive regulation of transcription from RNA polymerase II promoter	has_regulation_target(PomBase:SPBC31F10.03)
GO:0001077	transcriptional activator activity, RNA polymerase II core promoter proximal region sequence-specific binding	has_regulation_target(PomBase:SPBC31F10.08)
GO:0001078	transcriptional repressor activity, RNA polymerase II core promoter proximal region sequence-specific binding	has_regulation_target(PomBase:SPBC32C12.02)
GO:0045944	positive regulation of transcription from RNA polymerase II promoter	has_regulation_target(PomBase:SPBC32C12.02)
GO:0036278	positive regulation of transcription from RNA polymerase II promoter in response to nitrogen starvation	has_regulation_target(PomBase:SPBC32C12.02)
GO:1902625	negative regulation of induction of conjugation with cellular fusion by negative regulation of transcription from RNA polymerase II promoter	has_regulation_target(PomBase:SPBC32C12.02)
GO:1900475	positive regulation of meiosis by negative regulation of transcription from RNA polymerase II promoter	has_regulation_target(PomBase:SPBC32C12.02)
GO:0042992	negative regulation of transcription factor import into nucleus	has_regulation_target(PomBase:SPBC32C12.02)
GO:0001077	transcriptional activator activity, RNA polymerase II core promoter proximal region sequence-specific binding	has_regulation_target(PomBase:SPBC32C12.02)
GO:0000122	negative regulation of transcription from RNA polymerase II promoter	has_regulation_target(PomBase:SPBC32C12.02)
GO:0061419	positive regulation of transcription from RNA polymerase II promoter in response to hypoxia	has_regulation_target(PomBase:SPBC32F12.01c)
GO:0001077	transcriptional activator activity, RNA polymerase II core promoter proximal region sequence-specific binding	has_regulation_target(PomBase:SPBC32F12.03c)
GO:0001077	transcriptional activator activity, RNA polymerase II core promoter proximal region sequence-specific binding	has_regulation_target(PomBase:SPBC32F12.03c)
GO:0001077	transcriptional activator activity, RNA polymerase II core promoter proximal region sequence-specific binding	has_regulation_target(PomBase:SPBC32F12.09)
GO:0001077	transcriptional activator activity, RNA polymerase II core promoter proximal region sequence-specific binding	has_regulation_target(PomBase:SPBC365.12c)
GO:0031954	positive regulation of protein autophosphorylation	has_regulation_target(PomBase:SPBC36B7.09)
GO:1902416	positive regulation of mRNA binding	has_regulation_target(PomBase:SPBC3B9.21)
GO:1902800	positive regulation of phosphodiesterase I activity	has_regulation_target(PomBase:SPBC3D6.10)
GO:0001077	transcriptional activator activity, RNA polymerase II core promoter proximal region sequence-specific binding	has_regulation_target(PomBase:SPBC3E7.12c)
GO:0001077	transcriptional activator activity, RNA polymerase II core promoter proximal region sequence-specific binding	has_regulation_target(PomBase:SPBC3F6.03)
GO:0036091	positive regulation of transcription from RNA polymerase II promoter in response to oxidative stress	has_regulation_target(PomBase:SPBC3F6.03)
GO:0001077	transcriptional activator activity, RNA polymerase II core promoter proximal region sequence-specific binding	has_regulation_target(PomBase:SPBC3H7.05c)
GO:0000982	transcription factor activity, RNA polymerase II core promoter proximal region sequence-specific binding	has_regulation_target(PomBase:SPBC4.04c)
GO:0000168	activation of MAPKK activity involved in osmosensory signaling pathway	has_regulation_target(PomBase:SPBC409.07c)
GO:0043547	positive regulation of GTPase activity	has_regulation_target(PomBase:SPBC428.16c)
GO:0032091	negative regulation of protein binding	has_regulation_target(PomBase:SPBC428.16c)
GO:0000122	negative regulation of transcription from RNA polymerase II promoter	has_regulation_target(PomBase:SPBC428.18)
GO:0000083	regulation of transcription involved in G1/S transition of mitotic cell cycle	has_regulation_target(PomBase:SPBC428.18)
GO:0001077	transcriptional activator activity, RNA polymerase II core promoter proximal region sequence-specific binding	has_regulation_target(PomBase:SPBC428.18)
GO:1903364	positive regulation of cellular protein catabolic process	has_regulation_target(PomBase:SPBC428.18)
GO:1903364	positive regulation of cellular protein catabolic process	has_regulation_target(PomBase:SPBC428.18)
GO:0001078	transcriptional repressor activity, RNA polymerase II core promoter proximal region sequence-specific binding	has_regulation_target(PomBase:SPBC4F6.09)
GO:0034396	negative regulation of transcription from RNA polymerase II promoter in response to iron	has_regulation_target(PomBase:SPBC4F6.09)
GO:1904668	positive regulation of ubiquitin protein ligase activity	has_regulation_target(PomBase:SPBC582.03)
GO:1902629	regulation of mRNA stability involved in cellular response to UV	has_regulation_target(PomBase:SPBC649.04)
GO:1902542	regulation of protein localization to mitotic spindle pole body	has_regulation_target(PomBase:SPBC649.05)
GO:0001077	transcriptional activator activity, RNA polymerase II core promoter proximal region sequence-specific binding	has_regulation_target(PomBase:SPBC660.07)
GO:0045944	positive regulation of transcription from RNA polymerase II promoter	has_regulation_target(PomBase:SPBC660.07)
GO:0001077	transcriptional activator activity, RNA polymerase II core promoter proximal region sequence-specific binding	has_regulation_target(PomBase:SPBC660.07)
GO:0000083	regulation of transcription involved in G1/S transition of mitotic cell cycle	has_regulation_target(PomBase:SPBC660.14)
GO:0000122	negative regulation of transcription from RNA polymerase II promoter	has_regulation_target(PomBase:SPBC660.14)
GO:0001077	transcriptional activator activity, RNA polymerase II core promoter proximal region sequence-specific binding	has_regulation_target(PomBase:SPBC660.14)
GO:0001077	transcriptional activator activity, RNA polymerase II core promoter proximal region sequence-specific binding	has_regulation_target(PomBase:SPBC6B1.04)
GO:0035308	negative regulation of protein dephosphorylation	has_regulation_target(PomBase:SPBC776.02c)
GO:0071902	positive regulation of protein serine/threonine kinase activity	has_regulation_target(PomBase:SPBC776.12c)
GO:0061419	positive regulation of transcription from RNA polymerase II promoter in response to hypoxia	has_regulation_target(PomBase:SPBC887.15c)
GO:0001077	transcriptional activator activity, RNA polymerase II core promoter proximal region sequence-specific binding	has_regulation_target(PomBase:SPBC8D2.03c)
GO:0045944	positive regulation of transcription from RNA polymerase II promoter	has_regulation_target(PomBase:SPBC8D2.03c)
GO:0045944	positive regulation of transcription from RNA polymerase II promoter	has_regulation_target(PomBase:SPBC8D2.04)
GO:0001077	transcriptional activator activity, RNA polymerase II core promoter proximal region sequence-specific binding	has_regulation_target(PomBase:SPBC8D2.04)
GO:0001077	transcriptional activator activity, RNA polymerase II core promoter proximal region sequence-specific binding	has_regulation_target(PomBase:SPBC8D2.19)
GO:0000122	negative regulation of transcription from RNA polymerase II promoter	has_regulation_target(PomBase:SPBC947.04)
GO:0000122	negative regulation of transcription from RNA polymerase II promoter	has_regulation_target(PomBase:SPBCPT2R1.08c)
GO:0001077	transcriptional activator activity, RNA polymerase II core promoter proximal region sequence-specific binding	has_regulation_target(PomBase:SPBP23A10.16)
GO:0045944	positive regulation of transcription from RNA polymerase II promoter	has_regulation_target(PomBase:SPBP35G2.16c)
GO:0000982	transcription factor activity, RNA polymerase II core promoter proximal region sequence-specific binding	has_regulation_target(PomBase:SPBP4H10.04)
GO:0001077	transcriptional activator activity, RNA polymerase II core promoter proximal region sequence-specific binding	has_regulation_target(PomBase:SPBP4H10.11c)
GO:0000122	negative regulation of transcription from RNA polymerase II promoter	has_regulation_target(PomBase:SPBPB2B2.01)
GO:0001078	transcriptional repressor activity, RNA polymerase II core promoter proximal region sequence-specific binding	has_regulation_target(PomBase:SPBPB2B2.15)
GO:0045944	positive regulation of transcription from RNA polymerase II promoter	has_regulation_target(PomBase:SPBPB7E8.01)
GO:0045944	positive regulation of transcription from RNA polymerase II promoter	has_regulation_target(PomBase:SPBPJ4664.03)
GO:0001077	transcriptional activator activity, RNA polymerase II core promoter proximal region sequence-specific binding	has_regulation_target(PomBase:SPCC1223.02)
GO:0045944	positive regulation of transcription from RNA polymerase II promoter	has_regulation_target(PomBase:SPCC1223.02)
GO:0061419	positive regulation of transcription from RNA polymerase II promoter in response to hypoxia	has_regulation_target(PomBase:SPCC1281.06c)
GO:0001077	transcriptional activator activity, RNA polymerase II core promoter proximal region sequence-specific binding	has_regulation_target(PomBase:SPCC1281.06c)
GO:0045860	positive regulation of protein kinase activity	has_regulation_target(PomBase:SPCC1322.08)
GO:0045944	positive regulation of transcription from RNA polymerase II promoter	has_regulation_target(PomBase:SPCC1322.08)
GO:0045944	positive regulation of transcription from RNA polymerase II promoter	has_regulation_target(PomBase:SPCC1393.10)
GO:0001202	RNA polymerase II transcription factor activity, copper ion regulated core promoter proximal region sequence-specific binding	has_regulation_target(PomBase:SPCC1393.10)
GO:0001078	transcriptional repressor activity, RNA polymerase II core promoter proximal region sequence-specific binding	has_regulation_target(PomBase:SPCC1442.01)
GO:0061419	positive regulation of transcription from RNA polymerase II promoter in response to hypoxia	has_regulation_target(PomBase:SPCC1450.16c)
GO:0001077	transcriptional activator activity, RNA polymerase II core promoter proximal region sequence-specific binding	has_regulation_target(PomBase:SPCC1450.16c)
GO:2001216	negative regulation of hydroxymethylglutaryl-CoA reductase (NADPH) activity	has_regulation_target(PomBase:SPCC162.09c)
GO:1900490	positive regulation of hydroxymethylglutaryl-CoA reductase (NADPH) activity	has_regulation_target(PomBase:SPCC162.09c)
GO:0001934	positive regulation of protein phosphorylation	has_regulation_target(PomBase:SPCC162.09c)
GO:0045944	positive regulation of transcription from RNA polymerase II promoter	has_regulation_target(PomBase:SPCC1742.01)
GO:0000122	negative regulation of transcription from RNA polymerase II promoter	has_regulation_target(PomBase:SPCC1742.01)
GO:1902450	negative regulation of ATP-dependent DNA helicase activity	has_regulation_target(PomBase:SPCC1753.01c)
GO:0032092	positive regulation of protein binding	has_regulation_target(PomBase:SPCC1753.02c)
GO:0001077	transcriptional activator activity, RNA polymerase II core promoter proximal region sequence-specific binding	has_regulation_target(PomBase:SPCC1795.05c)
GO:0001077	transcriptional activator activity, RNA polymerase II core promoter proximal region sequence-specific binding	has_regulation_target(PomBase:SPCC18.01c)
GO:0035307	positive regulation of protein dephosphorylation	has_regulation_target(PomBase:SPCC188.02)
GO:1901522	positive regulation of transcription from RNA polymerase II promoter involved in cellular response to chemical stimulus	has_regulation_target(PomBase:SPCC18B5.01c)
GO:0006357	regulation of transcription from RNA polymerase II promoter	has_regulation_target(PomBase:SPCC18B5.01c)
GO:0036091	positive regulation of transcription from RNA polymerase II promoter in response to oxidative stress	has_regulation_target(PomBase:SPCC18B5.01c)
GO:0061417	negative regulation of transcription from RNA polymerase II promoter in response to oxidative stress	has_regulation_target(PomBase:SPCC18B5.01c)
GO:0001077	transcriptional activator activity, RNA polymerase II core promoter proximal region sequence-specific binding	has_regulation_target(PomBase:SPCC18B5.01c)
GO:0001077	transcriptional activator activity, RNA polymerase II core promoter proximal region sequence-specific binding	has_regulation_target(PomBase:SPCC191.07)
GO:0000122	negative regulation of transcription from RNA polymerase II promoter	has_regulation_target(PomBase:SPCC191.11)
GO:0045944	positive regulation of transcription from RNA polymerase II promoter	has_regulation_target(PomBase:SPCC191.11)
GO:1900391	regulation of cAMP-mediated signaling by regulation of transcription from RNA polymerase II promoter	has_regulation_target(PomBase:SPCC285.09c)
GO:0010620	negative regulation of transcription by transcription factor catabolism	has_regulation_target(PomBase:SPCC290.04)
GO:0001077	transcriptional activator activity, RNA polymerase II core promoter proximal region sequence-specific binding	has_regulation_target(PomBase:SPCC320.07c)
GO:0061419	positive regulation of transcription from RNA polymerase II promoter in response to hypoxia	has_regulation_target(PomBase:SPCC320.09)
GO:0001077	transcriptional activator activity, RNA polymerase II core promoter proximal region sequence-specific binding	has_regulation_target(PomBase:SPCC320.13c)
GO:0000083	regulation of transcription involved in G1/S transition of mitotic cell cycle	has_regulation_target(PomBase:SPCC338.08)
GO:0000978	RNA polymerase II core promoter proximal region sequence-specific DNA binding	has_regulation_target(PomBase:SPCC338.08)
GO:0000122	negative regulation of transcription from RNA polymerase II promoter	has_regulation_target(PomBase:SPCC338.17c)
GO:0046827	positive regulation of protein export from nucleus	has_regulation_target(PomBase:SPCC4B3.15)
GO:0000982	transcription factor activity, RNA polymerase II core promoter proximal region sequence-specific binding	has_regulation_target(PomBase:SPCC4B3.15)
GO:0045944	positive regulation of transcription from RNA polymerase II promoter	has_regulation_target(PomBase:SPCC4E9.01c)
GO:0000083	regulation of transcription involved in G1/S transition of mitotic cell cycle	has_regulation_target(PomBase:SPCC4E9.01c)
GO:0001078	transcriptional repressor activity, RNA polymerase II core promoter proximal region sequence-specific binding	has_regulation_target(PomBase:SPCC4G3.17)
GO:0000122	negative regulation of transcription from RNA polymerase II promoter	has_regulation_target(PomBase:SPCC553.07c)
GO:0034396	negative regulation of transcription from RNA polymerase II promoter in response to iron	has_regulation_target(PomBase:SPCC61.01c)
GO:0001078	transcriptional repressor activity, RNA polymerase II core promoter proximal region sequence-specific binding	has_regulation_target(PomBase:SPCC61.01c)
GO:0001077	transcriptional activator activity, RNA polymerase II core promoter proximal region sequence-specific binding	has_regulation_target(PomBase:SPCC622.08c)
GO:0045944	positive regulation of transcription from RNA polymerase II promoter	has_regulation_target(PomBase:SPCC622.08c)
GO:0045944	positive regulation of transcription from RNA polymerase II promoter	has_regulation_target(PomBase:SPCC622.09)
GO:0001077	transcriptional activator activity, RNA polymerase II core promoter proximal region sequence-specific binding	has_regulation_target(PomBase:SPCC622.09)
GO:0001077	transcriptional activator activity, RNA polymerase II core promoter proximal region sequence-specific binding	has_regulation_target(PomBase:SPCC645.03c)
GO:0001077	transcriptional activator activity, RNA polymerase II core promoter proximal region sequence-specific binding	has_regulation_target(PomBase:SPCC645.06c)
GO:0046826	negative regulation of protein export from nucleus	has_regulation_target(PomBase:SPCC645.07)
GO:0036091	positive regulation of transcription from RNA polymerase II promoter in response to oxidative stress	has_regulation_target(PomBase:SPCC663.03)
GO:0001077	transcriptional activator activity, RNA polymerase II core promoter proximal region sequence-specific binding	has_regulation_target(PomBase:SPCC663.03)
GO:0001077	transcriptional activator activity, RNA polymerase II core promoter proximal region sequence-specific binding	has_regulation_target(PomBase:SPCC70.12c)
GO:0042993	positive regulation of transcription factor import into nucleus	has_regulation_target(PomBase:SPCC74.03c)
GO:0001077	transcriptional activator activity, RNA polymerase II core promoter proximal region sequence-specific binding	has_regulation_target(PomBase:SPCC757.07c)
GO:0001077	transcriptional activator activity, RNA polymerase II core promoter proximal region sequence-specific binding	has_regulation_target(PomBase:SPCC757.07c)
GO:0036091	positive regulation of transcription from RNA polymerase II promoter in response to oxidative stress	has_regulation_target(PomBase:SPCC757.07c)
GO:0036003	positive regulation of transcription from RNA polymerase II promoter in response to stress	has_regulation_target(PomBase:SPMTR.01)
GO:0045944	positive regulation of transcription from RNA polymerase II promoter	has_regulation_target(PomBase:SPMTR.01)
GO:0000122	negative regulation of transcription from RNA polymerase II promoter	has_regulation_target(PomBase:SPMTR.01)
GO:0045944	positive regulation of transcription from RNA polymerase II promoter	has_regulation_target(PomBase:SPMTR.01)
GO:0045944	positive regulation of transcription from RNA polymerase II promoter	has_regulation_target(PomBase:SPMTR.02)
GO:0001078	transcriptional repressor activity, RNA polymerase II core promoter proximal region sequence-specific binding	has_regulation_target(PomBase:SPNCRNA.103)
GO:0010628	positive regulation of gene expression	has_regulation_target(RNAcentral:URS000006FDD4_10090
GO:0010628	positive regulation of gene expression	has_regulation_target(RNAcentral:URS000006FDD4_10090)
GO:0010628	positive regulation of gene expression	has_regulation_target(RNAcentral:URS000006FDD4_10090)
GO:0010628	positive regulation of gene expression	has_regulation_target(RNAcentral:URS00000C7662_10090
GO:0010628	positive regulation of gene expression	has_regulation_target(RNAcentral:URS000013D17D_9606
GO:0010629	negative regulation of gene expression	has_regulation_target(RNAcentral:URS000013D17D_9606
GO:1902895	positive regulation of pri-miRNA transcription from RNA polymerase II promoter	has_regulation_target(RNAcentral:URS00002075FA_10090
GO:1903799	negative regulation of production of miRNAs involved in gene silencing by miRNA	has_regulation_target(RNAcentral:URS000024463E_9606)
GO:0010629	negative regulation of gene expression	has_regulation_target(RNAcentral:URS0000329B12_10090
GO:0010628	positive regulation of gene expression	has_regulation_target(RNAcentral:URS0000329B12_10090
GO:0010629	negative regulation of gene expression	has_regulation_target(RNAcentral:URS000035CC3E_9606)
GO:0010628	positive regulation of gene expression	has_regulation_target(RNAcentral:URS00003768C5_9606
GO:1903800	positive regulation of production of miRNAs involved in gene silencing by miRNA	has_regulation_target(RNAcentral:URS00003768C5_9606)
GO:0045944	positive regulation of transcription from RNA polymerase II promoter	has_regulation_target(RNAcentral:URS0000527F89_10090)
GO:1902895	positive regulation of pri-miRNA transcription from RNA polymerase II promoter	has_regulation_target(RNAcentral:URS0000574A2C_10090)
GO:0010628	positive regulation of gene expression	has_regulation_target(RNAcentral:URS0000574A2C_9606
GO:1902895	positive regulation of pri-miRNA transcription from RNA polymerase II promoter	has_regulation_target(RNAcentral:URS000075CDF6_10116
GO:1902895	positive regulation of pri-miRNA transcription from RNA polymerase II promoter	has_regulation_target(RNAcentral:URS000075DE64_9606
GO:1903800	positive regulation of production of miRNAs involved in gene silencing by miRNA	has_regulation_target(RNAcentral:URS000075DE64_9606)
GO:0010628	positive regulation of gene expression	has_regulation_target(RNAcentral:URS000075DE64_9606)
GO:1902895	positive regulation of pri-miRNA transcription from RNA polymerase II promoter	has_regulation_target(RNAcentral:URS000075DE64_9606)
GO:1902895	positive regulation of pri-miRNA transcription from RNA polymerase II promoter	has_regulation_target(RNAcentral:URS000075EEC2_10090
GO:1902895	positive regulation of pri-miRNA transcription from RNA polymerase II promoter	has_regulation_target(RNAcentral:URS000075EEC2_10090)
GO:0000122	negative regulation of transcription from RNA polymerase II promoter	has_regulation_target(SGD:S000000010)
GO:0000122	negative regulation of transcription from RNA polymerase II promoter	has_regulation_target(SGD:S000000038)
GO:0045944	positive regulation of transcription from RNA polymerase II promoter	has_regulation_target(SGD:S000000101
GO:0000122	negative regulation of transcription from RNA polymerase II promoter	has_regulation_target(SGD:S000000174)
GO:0000122	negative regulation of transcription from RNA polymerase II promoter	has_regulation_target(SGD:S000000332)
GO:0061393	positive regulation of transcription from RNA polymerase II promoter in response to osmotic stress	has_regulation_target(SGD:S000000364
GO:0045944	positive regulation of transcription from RNA polymerase II promoter	has_regulation_target(SGD:S000000598)
GO:0000981	RNA polymerase II transcription factor activity, sequence-specific DNA binding	has_regulation_target(SGD:S000000598)
GO:0000122	negative regulation of transcription from RNA polymerase II promoter	has_regulation_target(SGD:S000000765
GO:0003700	transcription factor activity, sequence-specific DNA binding	has_regulation_target(SGD:S000000787
GO:0003700	transcription factor activity, sequence-specific DNA binding	has_regulation_target(SGD:S000000787
GO:0000981	RNA polymerase II transcription factor activity, sequence-specific DNA binding	has_regulation_target(SGD:S000000839)
GO:0000981	RNA polymerase II transcription factor activity, sequence-specific DNA binding	has_regulation_target(SGD:S000000839)
GO:0045944	positive regulation of transcription from RNA polymerase II promoter	has_regulation_target(SGD:S000000844)
GO:0003700	transcription factor activity, sequence-specific DNA binding	has_regulation_target(SGD:S000000867)
GO:0097201	negative regulation of transcription from RNA polymerase II promoter in response to stress	has_regulation_target(SGD:S000001049)
GO:0061393	positive regulation of transcription from RNA polymerase II promoter in response to osmotic stress	has_regulation_target(SGD:S000001064)
GO:0000981	RNA polymerase II transcription factor activity, sequence-specific DNA binding	has_regulation_target(SGD:S000001064)
GO:0061393	positive regulation of transcription from RNA polymerase II promoter in response to osmotic stress	has_regulation_target(SGD:S000001064)
GO:0000122	negative regulation of transcription from RNA polymerase II promoter	has_regulation_target(SGD:S000001084)
GO:0000122	negative regulation of transcription from RNA polymerase II promoter	has_regulation_target(SGD:S000001092)
GO:0045944	positive regulation of transcription from RNA polymerase II promoter	has_regulation_target(SGD:S000001166
GO:0045944	positive regulation of transcription from RNA polymerase II promoter	has_regulation_target(SGD:S000001179)
GO:0061393	positive regulation of transcription from RNA polymerase II promoter in response to osmotic stress	has_regulation_target(SGD:S000001181)
GO:0000981	RNA polymerase II transcription factor activity, sequence-specific DNA binding	has_regulation_target(SGD:S000001181)
GO:0061393	positive regulation of transcription from RNA polymerase II promoter in response to osmotic stress	has_regulation_target(SGD:S000001181)
GO:0061393	positive regulation of transcription from RNA polymerase II promoter in response to osmotic stress	has_regulation_target(SGD:S000001182)
GO:0061393	positive regulation of transcription from RNA polymerase II promoter in response to osmotic stress	has_regulation_target(SGD:S000001182)
GO:0000122	negative regulation of transcription from RNA polymerase II promoter	has_regulation_target(SGD:S000001214)
GO:0007329	positive regulation of transcription from RNA polymerase II promoter by pheromones	has_regulation_target(SGD:S000001299)
GO:0000122	negative regulation of transcription from RNA polymerase II promoter	has_regulation_target(SGD:S000001328
GO:0000122	negative regulation of transcription from RNA polymerase II promoter	has_regulation_target(SGD:S000001373
GO:0000122	negative regulation of transcription from RNA polymerase II promoter	has_regulation_target(SGD:S000001373)
GO:0000122	negative regulation of transcription from RNA polymerase II promoter	has_regulation_target(SGD:S000001386)
GO:0045944	positive regulation of transcription from RNA polymerase II promoter	has_regulation_target(SGD:S000001386)
GO:0000981	RNA polymerase II transcription factor activity, sequence-specific DNA binding	has_regulation_target(SGD:S000001386)
GO:0003700	transcription factor activity, sequence-specific DNA binding	has_regulation_target(SGD:S000001393
GO:0000122	negative regulation of transcription from RNA polymerase II promoter	has_regulation_target(SGD:S000001408)
GO:0003700	transcription factor activity, sequence-specific DNA binding	has_regulation_target(SGD:S000001422)
GO:0003700	transcription factor activity, sequence-specific DNA binding	has_regulation_target(SGD:S000001449
GO:0045944	positive regulation of transcription from RNA polymerase II promoter	has_regulation_target(SGD:S000001525
GO:0045944	positive regulation of transcription from RNA polymerase II promoter	has_regulation_target(SGD:S000001665)
GO:0008047	enzyme activator activity	has_regulation_target(SGD:S000001684)
GO:0003700	transcription factor activity, sequence-specific DNA binding	has_regulation_target(SGD:S000001717)
GO:0003700	transcription factor activity, sequence-specific DNA binding	has_regulation_target(SGD:S000001745
GO:0003700	transcription factor activity, sequence-specific DNA binding	has_regulation_target(SGD:S000001805)
GO:0004860	protein kinase inhibitor activity	has_regulation_target(SGD:S000001859)
GO:0061586	positive regulation of transcription by transcription factor localization	has_regulation_target(SGD:S000001880)
GO:0031065	positive regulation of histone deacetylation	has_regulation_target(SGD:S000002200)
GO:0000122	negative regulation of transcription from RNA polymerase II promoter	has_regulation_target(SGD:S000002308)
GO:0045944	positive regulation of transcription from RNA polymerase II promoter	has_regulation_target(SGD:S000002314
GO:0000981	RNA polymerase II transcription factor activity, sequence-specific DNA binding	has_regulation_target(SGD:S000002363)
GO:0061393	positive regulation of transcription from RNA polymerase II promoter in response to osmotic stress	has_regulation_target(SGD:S000002363)
GO:2001040	positive regulation of cellular response to drug	has_regulation_target(SGD:S000002418)
GO:0000122	negative regulation of transcription from RNA polymerase II promoter	has_regulation_target(SGD:S000002451)
GO:0003700	transcription factor activity, sequence-specific DNA binding	has_regulation_target(SGD:S000002664)
GO:0045944	positive regulation of transcription from RNA polymerase II promoter	has_regulation_target(SGD:S000002788)
GO:0045944	positive regulation of transcription from RNA polymerase II promoter	has_regulation_target(SGD:S000002811
GO:0045944	positive regulation of transcription from RNA polymerase II promoter	has_regulation_target(SGD:S000002814
GO:0000981	RNA polymerase II transcription factor activity, sequence-specific DNA binding	has_regulation_target(SGD:S000002814)
GO:0036003	positive regulation of transcription from RNA polymerase II promoter in response to stress	has_regulation_target(SGD:S000002814)
GO:0003700	transcription factor activity, sequence-specific DNA binding	has_regulation_target(SGD:S000002859
GO:0045944	positive regulation of transcription from RNA polymerase II promoter	has_regulation_target(SGD:S000002931
GO:0000122	negative regulation of transcription from RNA polymerase II promoter	has_regulation_target(SGD:S000003023)
GO:0000122	negative regulation of transcription from RNA polymerase II promoter	has_regulation_target(SGD:S000003148)
GO:0004864	protein phosphatase inhibitor activity	has_regulation_target(SGD:S000003158)
GO:0003700	transcription factor activity, sequence-specific DNA binding	has_regulation_target(SGD:S000003173)
GO:0061586	positive regulation of transcription by transcription factor localization	has_regulation_target(SGD:S000003320)
GO:0045944	positive regulation of transcription from RNA polymerase II promoter	has_regulation_target(SGD:S000003340
GO:0045944	positive regulation of transcription from RNA polymerase II promoter	has_regulation_target(SGD:S000003341
GO:0000122	negative regulation of transcription from RNA polymerase II promoter	has_regulation_target(SGD:S000003412)
GO:0036003	positive regulation of transcription from RNA polymerase II promoter in response to stress	has_regulation_target(SGD:S000003429)
GO:0036003	positive regulation of transcription from RNA polymerase II promoter in response to stress	has_regulation_target(SGD:S000003456)
GO:0036003	positive regulation of transcription from RNA polymerase II promoter in response to stress	has_regulation_target(SGD:S000003513)
GO:0000122	negative regulation of transcription from RNA polymerase II promoter	has_regulation_target(SGD:S000003563
GO:0036003	positive regulation of transcription from RNA polymerase II promoter in response to stress	has_regulation_target(SGD:S000003752)
GO:0000122	negative regulation of transcription from RNA polymerase II promoter	has_regulation_target(SGD:S000003808
GO:0000122	negative regulation of transcription from RNA polymerase II promoter	has_regulation_target(SGD:S000003808)
GO:0000122	negative regulation of transcription from RNA polymerase II promoter	has_regulation_target(SGD:S000003808)
GO:0061510	asymmetric protein localization to new mitotic spindle pole body	has_regulation_target(SGD:S000003814)
GO:0036003	positive regulation of transcription from RNA polymerase II promoter in response to stress	has_regulation_target(SGD:S000003979)
GO:0000122	negative regulation of transcription from RNA polymerase II promoter	has_regulation_target(SGD:S000004024)
GO:0003700	transcription factor activity, sequence-specific DNA binding	has_regulation_target(SGD:S000004164)
GO:0045944	positive regulation of transcription from RNA polymerase II promoter	has_regulation_target(SGD:S000004200
GO:0003700	transcription factor activity, sequence-specific DNA binding	has_regulation_target(SGD:S000004369)
GO:0005092	GDP-dissociation inhibitor activity	has_regulation_target(SGD:S000004529)
GO:0005096	GTPase activator activity	has_regulation_target(SGD:S000004529)
GO:0043392	negative regulation of DNA binding	has_regulation_target(SGD:S000004646)
GO:0061586	positive regulation of transcription by transcription factor localization	has_regulation_target(SGD:S000004711)
GO:0000981	RNA polymerase II transcription factor activity, sequence-specific DNA binding	has_regulation_target(SGD:S000004787)
GO:0061393	positive regulation of transcription from RNA polymerase II promoter in response to osmotic stress	has_regulation_target(SGD:S000004787)
GO:0000981	RNA polymerase II transcription factor activity, sequence-specific DNA binding	has_regulation_target(SGD:S000004787)
GO:0061393	positive regulation of transcription from RNA polymerase II promoter in response to osmotic stress	has_regulation_target(SGD:S000004787)
GO:0045944	positive regulation of transcription from RNA polymerase II promoter	has_regulation_target(SGD:S000004798
GO:0000122	negative regulation of transcription from RNA polymerase II promoter	has_regulation_target(SGD:S000004812
GO:0000122	negative regulation of transcription from RNA polymerase II promoter	has_regulation_target(SGD:S000004812
GO:0000122	negative regulation of transcription from RNA polymerase II promoter	has_regulation_target(SGD:S000004812
GO:0000122	negative regulation of transcription from RNA polymerase II promoter	has_regulation_target(SGD:S000004812
GO:0000122	negative regulation of transcription from RNA polymerase II promoter	has_regulation_target(SGD:S000004812)
GO:0036086	positive regulation of transcription from RNA polymerase II promoter in response to iron ion starvation	has_regulation_target(SGD:S000004938)
GO:0097236	positive regulation of transcription from RNA polymerase II promoter in response to zinc ion starvation	has_regulation_target(SGD:S000004938)
GO:0000122	negative regulation of transcription from RNA polymerase II promoter	has_regulation_target(SGD:S000004938)
GO:0003700	transcription factor activity, sequence-specific DNA binding	has_regulation_target(SGD:S000005012
GO:0003700	transcription factor activity, sequence-specific DNA binding	has_regulation_target(SGD:S000005061)
GO:0008047	enzyme activator activity	has_regulation_target(SGD:S000005062)
GO:0003700	transcription factor activity, sequence-specific DNA binding	has_regulation_target(SGD:S000005609
GO:0045944	positive regulation of transcription from RNA polymerase II promoter	has_regulation_target(SGD:S000005679
GO:0043619	regulation of transcription from RNA polymerase II promoter in response to oxidative stress	has_regulation_target(SGD:S000005688)
GO:0003700	transcription factor activity, sequence-specific DNA binding	has_regulation_target(SGD:S000005899
GO:0000122	negative regulation of transcription from RNA polymerase II promoter	has_regulation_target(SGD:S000005904)
GO:0000122	negative regulation of transcription from RNA polymerase II promoter	has_regulation_target(SGD:S000006087)
GO:0000981	RNA polymerase II transcription factor activity, sequence-specific DNA binding	has_regulation_target(SGD:S000006144)
GO:0061393	positive regulation of transcription from RNA polymerase II promoter in response to osmotic stress	has_regulation_target(SGD:S000006144)
GO:0045944	positive regulation of transcription from RNA polymerase II promoter	has_regulation_target(SGD:S000006152)
GO:0045944	positive regulation of transcription from RNA polymerase II promoter	has_regulation_target(SGD:S000006161
GO:0045944	positive regulation of transcription from RNA polymerase II promoter	has_regulation_target(SGD:S000006258
GO:0000122	negative regulation of transcription from RNA polymerase II promoter	has_regulation_target(SGD:S000006269
GO:0000122	negative regulation of transcription from RNA polymerase II promoter	has_regulation_target(SGD:S000006323
GO:0000122	negative regulation of transcription from RNA polymerase II promoter	has_regulation_target(SGD:S000006323)
GO:0045944	positive regulation of transcription from RNA polymerase II promoter	has_regulation_target(SGD:S000006324
GO:0007329	positive regulation of transcription from RNA polymerase II promoter by pheromones	has_regulation_target(SGD:S000006345)
GO:0000981	RNA polymerase II transcription factor activity, sequence-specific DNA binding	has_regulation_target(SGD:S000006396)
GO:0000981	RNA polymerase II transcription factor activity, sequence-specific DNA binding	has_regulation_target(SGD:S000006396)
GO:0061395	positive regulation of transcription from RNA polymerase II promoter in response to arsenic-containing substance	has_regulation_target(SGD:S000006404
GO:0061395	positive regulation of transcription from RNA polymerase II promoter in response to arsenic-containing substance	has_regulation_target(SGD:S000006405
GO:0061395	positive regulation of transcription from RNA polymerase II promoter in response to arsenic-containing substance	has_regulation_target(SGD:S000006405
GO:0045182	translation regulator activity	has_regulation_target(SGD:S000007268)
GO:0070131	positive regulation of mitochondrial translation	has_regulation_target(SGD:S000007268)
GO:0050821	protein stabilization	has_regulation_target(SGD:S000029675)
GO:0010628	positive regulation of gene expression	has_regulation_target(UniProtKB:A0A060WRY3)
GO:2000484	positive regulation of interleukin-8 secretion	has_regulation_target(UniProtKB:A0A060WRY3)
GO:0010628	positive regulation of gene expression	has_regulation_target(UniProtKB:A0A060WT98)
GO:2000484	positive regulation of interleukin-8 secretion	has_regulation_target(UniProtKB:A0A060WT98)
GO:0010628	positive regulation of gene expression	has_regulation_target(UniProtKB:A0A060WUE4)
GO:2000484	positive regulation of interleukin-8 secretion	has_regulation_target(UniProtKB:A0A060WUE4)
GO:0010629	negative regulation of gene expression	has_regulation_target(UniProtKB:A0A0H3NKV1)
GO:0043392	negative regulation of DNA binding	has_regulation_target(UniProtKB:A0A0H3NKV1)
GO:0010628	positive regulation of gene expression	has_regulation_target(UniProtKB:A1E960)
GO:0001934	positive regulation of protein phosphorylation	has_regulation_target(UniProtKB:A4L7N3)
GO:0046825	regulation of protein export from nucleus	has_regulation_target(UniProtKB:A4L7N3)
GO:0045893	positive regulation of transcription, DNA-templated	has_regulation_target(UniProtKB:A5A790)
GO:1901984	negative regulation of protein acetylation	has_regulation_target(UniProtKB:A5X2V9
GO:0014068	positive regulation of phosphatidylinositol 3-kinase signaling	has_regulation_target(UniProtKB:A6QLN6)
GO:1902160	negative regulation of cyclic nucleotide-gated ion channel activity	has_regulation_target(UniProtKB:A8WI01
GO:1902160	negative regulation of cyclic nucleotide-gated ion channel activity	has_regulation_target(UniProtKB:A8WI01)
GO:0045727	positive regulation of translation	has_regulation_target(UniProtKB:A9ZPH4)
GO:0010628	positive regulation of gene expression	has_regulation_target(UniProtKB:A9ZPH4)
GO:0045727	positive regulation of translation	has_regulation_target(UniProtKB:A9ZPH4)
GO:0033159	negative regulation of protein import into nucleus, translocation	has_regulation_target(UniProtKB:B0JYL6)
GO:0045944	positive regulation of transcription from RNA polymerase II promoter	has_regulation_target(UniProtKB:B0LKN7)
GO:0042346	positive regulation of NF-kappaB import into nucleus	has_regulation_target(UniProtKB:B0LXP3)
GO:0043124	negative regulation of I-kappaB kinase/NF-kappaB signaling	has_regulation_target(UniProtKB:B0LXP3)
GO:0035418	protein localization to synapse	has_regulation_target(UniProtKB:B1Q236
GO:0000432	positive regulation of transcription from RNA polymerase II promoter by glucose	has_regulation_target(UniProtKB:B2RUS7)
GO:0090004	positive regulation of establishment of protein localization to plasma membrane	has_regulation_target(UniProtKB:B5THE3
GO:0033159	negative regulation of protein import into nucleus, translocation	has_regulation_target(UniProtKB:C1PIG4)
GO:1903661	positive regulation of complement-dependent cytotoxicity	has_regulation_target(UniProtKB:C3VML1
GO:1903660	negative regulation of complement-dependent cytotoxicity	has_regulation_target(UniProtKB:C3VML1
GO:0010628	positive regulation of gene expression	has_regulation_target(UniProtKB:C3VML1
GO:0010629	negative regulation of gene expression	has_regulation_target(UniProtKB:C3VML1
GO:1903142	positive regulation of establishment of endothelial barrier	has_regulation_target(UniProtKB:C3VML1)
GO:0090277	positive regulation of peptide hormone secretion	has_regulation_target(UniProtKB:C5J073)
GO:0010629	negative regulation of gene expression	has_regulation_target(UniProtKB:D2IE28)
GO:0045727	positive regulation of translation	has_regulation_target(UniProtKB:D2IE28)
GO:1903363	negative regulation of cellular protein catabolic process	has_regulation_target(UniProtKB:D2IE28)
GO:0010628	positive regulation of gene expression	has_regulation_target(UniProtKB:D2IE28)
GO:1904145	negative regulation of meiotic cell cycle process involved in oocyte maturation	has_regulation_target(UniProtKB:D2IE28)
GO:0045727	positive regulation of translation	has_regulation_target(UniProtKB:D2IE28)
GO:0001934	positive regulation of protein phosphorylation	has_regulation_target(UniProtKB:E1B8P9)
GO:0035025	positive regulation of Rho protein signal transduction	has_regulation_target(UniProtKB:E1BC59)
GO:0032008	positive regulation of TOR signaling	has_regulation_target(UniProtKB:E1BFB4
GO:0010628	positive regulation of gene expression	has_regulation_target(UniProtKB:E1C3A6)
GO:0051091	positive regulation of sequence-specific DNA binding transcription factor activity	has_regulation_target(UniProtKB:E5Q8C6)
GO:0032414	positive regulation of ion transmembrane transporter activity	has_regulation_target(UniProtKB:E9PTX9)
GO:1904499	regulation of chromatin-mediated maintenance of transcription	has_regulation_target(UniProtKB:E9PYH6)
GO:0051569	regulation of histone H3-K4 methylation	has_regulation_target(UniProtKB:E9PYH6)
GO:1904173	regulation of histone demethylase activity (H3-K4 specific)	has_regulation_target(UniProtKB:E9PYH6)
GO:1904793	regulation of euchromatin binding	has_regulation_target(UniProtKB:E9PYH6)
GO:0043484	regulation of RNA splicing	has_regulation_target(UniProtKB:E9Q616)
GO:0010628	positive regulation of gene expression	has_regulation_target(UniProtKB:E9Q7D5
GO:0090277	positive regulation of peptide hormone secretion	has_regulation_target(UniProtKB:F1DFL1)
GO:0010629	negative regulation of gene expression	has_regulation_target(UniProtKB:F1LMI1)
GO:0014068	positive regulation of phosphatidylinositol 3-kinase signaling	has_regulation_target(UniProtKB:F1MNP4)
GO:0010628	positive regulation of gene expression	has_regulation_target(UniProtKB:F1NIC3)
GO:0010628	positive regulation of gene expression	has_regulation_target(UniProtKB:F1NJ08
GO:1904622	negative regulation of actin-dependent ATPase activity	has_regulation_target(UniProtKB:F1NNT7)
GO:1904616	regulation of actin binding	has_regulation_target(UniProtKB:F1NNT7)
GO:0010628	positive regulation of gene expression	has_regulation_target(UniProtKB:F1NTD3
GO:0032100	positive regulation of appetite	has_regulation_target(UniProtKB:F1NW54)
GO:0033159	negative regulation of protein import into nucleus, translocation	has_regulation_target(UniProtKB:F1RV23)
GO:0045727	positive regulation of translation	has_regulation_target(UniProtKB:F1S054)
GO:0010628	positive regulation of gene expression	has_regulation_target(UniProtKB:F1S054)
GO:0045727	positive regulation of translation	has_regulation_target(UniProtKB:F1S054)
GO:0010629	negative regulation of gene expression	has_regulation_target(UniProtKB:F1S6Q9
GO:1901984	negative regulation of protein acetylation	has_regulation_target(UniProtKB:F1S6Q9)
GO:0010629	negative regulation of gene expression	has_regulation_target(UniProtKB:F1S6Q9)
GO:0039506	modulation by virus of host molecular function	has_regulation_target(UniProtKB:F1SF88)
GO:0032880	regulation of protein localization	has_regulation_target(UniProtKB:F6QIW8)
GO:0006990	positive regulation of transcription from RNA polymerase II promoter involved in unfolded protein response	has_regulation_target(UniProtKB:F6VAN0)
GO:0031398	positive regulation of protein ubiquitination	has_regulation_target(UniProtKB:F6VAN0)
GO:0051091	positive regulation of sequence-specific DNA binding transcription factor activity	has_regulation_target(UniProtKB:F7A6Z1)
GO:0010863	positive regulation of phospholipase C activity	has_regulation_target(UniProtKB:G1MWY7)
GO:0090004	positive regulation of establishment of protein localization to plasma membrane	has_regulation_target(UniProtKB:G1N3E3)
GO:0090004	positive regulation of establishment of protein localization to plasma membrane	has_regulation_target(UniProtKB:G1N621
GO:0090003	regulation of establishment of protein localization to plasma membrane	has_regulation_target(UniProtKB:G1N621)
GO:0090004	positive regulation of establishment of protein localization to plasma membrane	has_regulation_target(UniProtKB:G1N621)
GO:0090004	positive regulation of establishment of protein localization to plasma membrane	has_regulation_target(UniProtKB:G1N621)
GO:0061098	positive regulation of protein tyrosine kinase activity	has_regulation_target(UniProtKB:G1NJW1
GO:0061098	positive regulation of protein tyrosine kinase activity	has_regulation_target(UniProtKB:G1NJW4)
GO:0032091	negative regulation of protein binding	has_regulation_target(UniProtKB:G1T8E2
GO:0032091	negative regulation of protein binding	has_regulation_target(UniProtKB:G1U4F6
GO:0051091	positive regulation of sequence-specific DNA binding transcription factor activity	has_regulation_target(UniProtKB:G3HTZ9)
GO:1990440	positive regulation of transcription from RNA polymerase II promoter in response to endoplasmic reticulum stress	has_regulation_target(UniProtKB:G3I8R9)
GO:0043066	negative regulation of apoptotic process	has_regulation_target(UniProtKB:G3IL63)
GO:0043027	cysteine-type endopeptidase inhibitor activity involved in apoptotic process	has_regulation_target(UniProtKB:G3IL63)
GO:0043154	negative regulation of cysteine-type endopeptidase activity involved in apoptotic process	has_regulation_target(UniProtKB:G3IL63)
GO:0043433	negative regulation of sequence-specific DNA binding transcription factor activity	has_regulation_target(UniProtKB:G3V909
GO:0055059	asymmetric neuroblast division	has_regulation_target(UniProtKB:G5EBY3)
GO:0010628	positive regulation of gene expression	has_regulation_target(UniProtKB:G5EC63
GO:1903910	negative regulation of receptor clustering	has_regulation_target(UniProtKB:G5ECD3)
GO:0004672	protein kinase activity	has_regulation_target(UniProtKB:G5ECG2)
GO:0004672	protein kinase activity	has_regulation_target(UniProtKB:G5ECU7
GO:0070199	establishment of protein localization to chromosome	has_regulation_target(UniProtKB:G5ED75
GO:0070199	establishment of protein localization to chromosome	has_regulation_target(UniProtKB:G5EDA3
GO:0010628	positive regulation of gene expression	has_regulation_target(UniProtKB:G5EDG4)
GO:0032463	negative regulation of protein homooligomerization	has_regulation_target(UniProtKB:G5EDK8)
GO:1903026	negative regulation of RNA polymerase II regulatory region sequence-specific DNA binding	has_regulation_target(UniProtKB:G5EDK8)
GO:1904781	positive regulation of protein localization to centrosome	has_regulation_target(UniProtKB:G5EDL3
GO:0010628	positive regulation of gene expression	has_regulation_target(UniProtKB:G5EE36)
GO:0004713	protein tyrosine kinase activity	has_regulation_target(UniProtKB:G5EE56)
GO:0051307	meiotic chromosome separation	has_regulation_target(UniProtKB:G5EFM0
GO:1903394	protein localization to kinetochore involved in kinetochore assembly	has_regulation_target(UniProtKB:G5EFM0)
GO:0034501	protein localization to kinetochore	has_regulation_target(UniProtKB:G5EFM0)
GO:0031647	regulation of protein stability	has_regulation_target(UniProtKB:G5EFV3
GO:0043161	proteasome-mediated ubiquitin-dependent protein catabolic process	has_regulation_target(UniProtKB:G5EFV3)
GO:0010628	positive regulation of gene expression	has_regulation_target(UniProtKB:G5EG31
GO:0010628	positive regulation of gene expression	has_regulation_target(UniProtKB:G5EGE2
GO:0010628	positive regulation of gene expression	has_regulation_target(UniProtKB:G5EGF2
GO:1904811	positive regulation of dense core granule transport	has_regulation_target(UniProtKB:G5EGJ5)
GO:1904810	negative regulation of dense core granule transport	has_regulation_target(UniProtKB:G5EGJ5)
GO:1904811	positive regulation of dense core granule transport	has_regulation_target(UniProtKB:G5EGJ5)
GO:0010628	positive regulation of gene expression	has_regulation_target(UniProtKB:G5EGM1)
GO:0090277	positive regulation of peptide hormone secretion	has_regulation_target(UniProtKB:G8HMZ1)
GO:0090277	positive regulation of peptide hormone secretion	has_regulation_target(UniProtKB:G8HMZ3)
GO:0090277	positive regulation of peptide hormone secretion	has_regulation_target(UniProtKB:G8HMZ4)
GO:0010628	positive regulation of gene expression	has_regulation_target(UniProtKB:H0VEY0)
GO:1902474	positive regulation of protein localization to synapse	has_regulation_target(UniProtKB:H2KYW1
GO:0031647	regulation of protein stability	has_regulation_target(UniProtKB:H2KZ22
GO:0034501	protein localization to kinetochore	has_regulation_target(UniProtKB:H2L0D9
GO:0052548	regulation of endopeptidase activity	has_regulation_target(UniProtKB:H2L312)
GO:0090277	positive regulation of peptide hormone secretion	has_regulation_target(UniProtKB:H6U4T4)
GO:0044092	negative regulation of molecular function	has_regulation_target(UniProtKB:H9L4A3)
GO:0010739	positive regulation of protein kinase A signaling	has_regulation_target(UniProtKB:I3L7T9)
GO:0033138	positive regulation of peptidyl-serine phosphorylation	has_regulation_target(UniProtKB:I3L7T9)
GO:0070374	positive regulation of ERK1 and ERK2 cascade	has_regulation_target(UniProtKB:I3L7T9)
GO:0010629	negative regulation of gene expression	has_regulation_target(UniProtKB:I3L7T9)
GO:0045892	negative regulation of transcription, DNA-templated	has_regulation_target(UniProtKB:I3L7T9)
GO:0010628	positive regulation of gene expression	has_regulation_target(UniProtKB:I3LK35)
GO:1903076	regulation of protein localization to plasma membrane	has_regulation_target(UniProtKB:K9J4V5)
GO:0010629	negative regulation of gene expression	has_regulation_target(UniProtKB:K9J4V5)
GO:0090316	positive regulation of intracellular protein transport	has_regulation_target(UniProtKB:K9J6H8)
GO:0010628	positive regulation of gene expression	has_regulation_target(UniProtKB:L0N7P8)
GO:0090277	positive regulation of peptide hormone secretion	has_regulation_target(UniProtKB:M1T4V2)
GO:0050821	protein stabilization	has_regulation_target(UniProtKB:O00165)
GO:0010628	positive regulation of gene expression	has_regulation_target(UniProtKB:O00182
GO:0010628	positive regulation of gene expression	has_regulation_target(UniProtKB:O00182
GO:0010628	positive regulation of gene expression	has_regulation_target(UniProtKB:O00182
GO:0010628	positive regulation of gene expression	has_regulation_target(UniProtKB:O00182)
GO:0010628	positive regulation of gene expression	has_regulation_target(UniProtKB:O00182)
GO:0010628	positive regulation of gene expression	has_regulation_target(UniProtKB:O00182)
GO:0010628	positive regulation of gene expression	has_regulation_target(UniProtKB:O00214
GO:0045893	positive regulation of transcription, DNA-templated	has_regulation_target(UniProtKB:O00219)
GO:0010628	positive regulation of gene expression	has_regulation_target(UniProtKB:O00220
GO:0032091	negative regulation of protein binding	has_regulation_target(UniProtKB:O00220)
GO:0032092	positive regulation of protein binding	has_regulation_target(UniProtKB:O00238)
GO:0045944	positive regulation of transcription from RNA polymerase II promoter	has_regulation_target(UniProtKB:O00300)
GO:0050714	positive regulation of protein secretion	has_regulation_target(UniProtKB:O00300)
GO:0030295	protein kinase activator activity	has_regulation_target(UniProtKB:O00311)
GO:0045944	positive regulation of transcription from RNA polymerase II promoter	has_regulation_target(UniProtKB:O00338)
GO:0000122	negative regulation of transcription from RNA polymerase II promoter	has_regulation_target(UniProtKB:O00338)
GO:0045892	negative regulation of transcription, DNA-templated	has_regulation_target(UniProtKB:O00391)
GO:0010628	positive regulation of gene expression	has_regulation_target(UniProtKB:O00401)
GO:0090140	regulation of mitochondrial fission	has_regulation_target(UniProtKB:O00429)
GO:0032268	regulation of cellular protein metabolic process	has_regulation_target(UniProtKB:O00429)
GO:1903748	negative regulation of establishment of protein localization to mitochondrion	has_regulation_target(UniProtKB:O00429)
GO:0050821	protein stabilization	has_regulation_target(UniProtKB:O00429)
GO:1903077	negative regulation of protein localization to plasma membrane	has_regulation_target(UniProtKB:O00501
GO:0050731	positive regulation of peptidyl-tyrosine phosphorylation	has_regulation_target(UniProtKB:O00501
GO:0000122	negative regulation of transcription from RNA polymerase II promoter	has_regulation_target(UniProtKB:O00501
GO:0090002	establishment of protein localization to plasma membrane	has_regulation_target(UniProtKB:O00501
GO:0090002	establishment of protein localization to plasma membrane	has_regulation_target(UniProtKB:O00501
GO:0090002	establishment of protein localization to plasma membrane	has_regulation_target(UniProtKB:O00501
GO:0010629	negative regulation of gene expression	has_regulation_target(UniProtKB:O00501
GO:0090002	establishment of protein localization to plasma membrane	has_regulation_target(UniProtKB:O00501
GO:0090002	establishment of protein localization to plasma membrane	has_regulation_target(UniProtKB:O00501
GO:0010628	positive regulation of gene expression	has_regulation_target(UniProtKB:O00501)
GO:1903140	regulation of establishment of endothelial barrier	has_regulation_target(UniProtKB:O00501)
GO:0010628	positive regulation of gene expression	has_regulation_target(UniProtKB:O00571)
GO:0060590	ATPase regulator activity	has_regulation_target(UniProtKB:O00571)
GO:0010629	negative regulation of gene expression	has_regulation_target(UniProtKB:O00841
GO:0010628	positive regulation of gene expression	has_regulation_target(UniProtKB:O00841)
GO:0071902	positive regulation of protein serine/threonine kinase activity	has_regulation_target(UniProtKB:O01427)
GO:0051782	negative regulation of cell division	has_regulation_target(UniProtKB:O01501)
GO:0045596	negative regulation of cell differentiation	has_regulation_target(UniProtKB:O01501)
GO:1904787	positive regulation of asymmetric protein localization involved in cell fate determination	has_regulation_target(UniProtKB:O01501)
GO:0008105	asymmetric protein localization	has_regulation_target(UniProtKB:O01759
GO:0008105	asymmetric protein localization	has_regulation_target(UniProtKB:O01759)
GO:0008105	asymmetric protein localization	has_regulation_target(UniProtKB:O01759)
GO:1902474	positive regulation of protein localization to synapse	has_regulation_target(UniProtKB:O02495
GO:1990219	positive regulation by symbiont of host protein levels	has_regulation_target(UniProtKB:O02853)
GO:0045944	positive regulation of transcription from RNA polymerase II promoter	has_regulation_target(UniProtKB:O08573
GO:0045944	positive regulation of transcription from RNA polymerase II promoter	has_regulation_target(UniProtKB:O08573)
GO:2001243	negative regulation of intrinsic apoptotic signaling pathway	has_regulation_target(UniProtKB:O08734)
GO:0032272	negative regulation of protein polymerization	has_regulation_target(UniProtKB:O08734)
GO:0045944	positive regulation of transcription from RNA polymerase II promoter	has_regulation_target(UniProtKB:O08788)
GO:0045944	positive regulation of transcription from RNA polymerase II promoter	has_regulation_target(UniProtKB:O09172)
GO:0045944	positive regulation of transcription from RNA polymerase II promoter	has_regulation_target(UniProtKB:O14467)
GO:0000122	negative regulation of transcription from RNA polymerase II promoter	has_regulation_target(UniProtKB:O14543)
GO:0032436	positive regulation of proteasomal ubiquitin-dependent protein catabolic process	has_regulation_target(UniProtKB:O14640)
GO:0032092	positive regulation of protein binding	has_regulation_target(UniProtKB:O14641
GO:1903364	positive regulation of cellular protein catabolic process	has_regulation_target(UniProtKB:O14641)
GO:1903364	positive regulation of cellular protein catabolic process	has_regulation_target(UniProtKB:O14641)
GO:0043946	positive regulation of catalytic activity in other organism involved in symbiotic interaction	has_regulation_target(UniProtKB:O14734)
GO:0051974	negative regulation of telomerase activity	has_regulation_target(UniProtKB:O14746)
GO:1904357	negative regulation of telomere maintenance via telomere lengthening	has_regulation_target(UniProtKB:O14746)
GO:0045944	positive regulation of transcription from RNA polymerase II promoter	has_regulation_target(UniProtKB:O14746)
GO:2000144	positive regulation of DNA-templated transcription, initiation	has_regulation_target(UniProtKB:O14746)
GO:0032212	positive regulation of telomere maintenance via telomerase	has_regulation_target(UniProtKB:O14746)
GO:1905663	positive regulation of telomerase RNA reverse transcriptase activity	has_regulation_target(UniProtKB:O14746)
GO:0051973	positive regulation of telomerase activity	has_regulation_target(UniProtKB:O14746)
GO:0032211	negative regulation of telomere maintenance via telomerase	has_regulation_target(UniProtKB:O14746)
GO:0035563	positive regulation of chromatin binding	has_regulation_target(UniProtKB:O14746)
GO:0001934	positive regulation of protein phosphorylation	has_regulation_target(UniProtKB:O14757)
GO:1990440	positive regulation of transcription from RNA polymerase II promoter in response to endoplasmic reticulum stress	has_regulation_target(UniProtKB:O14763
GO:0003700	transcription factor activity, sequence-specific DNA binding	has_regulation_target(UniProtKB:O14763
GO:1990440	positive regulation of transcription from RNA polymerase II promoter in response to endoplasmic reticulum stress	has_regulation_target(UniProtKB:O14763
GO:0003700	transcription factor activity, sequence-specific DNA binding	has_regulation_target(UniProtKB:O14763)
GO:0010628	positive regulation of gene expression	has_regulation_target(UniProtKB:O14763)
GO:1990440	positive regulation of transcription from RNA polymerase II promoter in response to endoplasmic reticulum stress	has_regulation_target(UniProtKB:O14763)
GO:0032091	negative regulation of protein binding	has_regulation_target(UniProtKB:O14905)
GO:0030866	cortical actin cytoskeleton organization	has_regulation_target(UniProtKB:O14920
GO:0045860	positive regulation of protein kinase activity	has_regulation_target(UniProtKB:O14920)
GO:0010628	positive regulation of gene expression	has_regulation_target(UniProtKB:O14964)
GO:1904751	positive regulation of protein localization to nucleolus	has_regulation_target(UniProtKB:O14980)
GO:1904750	negative regulation of protein localization to nucleolus	has_regulation_target(UniProtKB:O14980)
GO:0045944	positive regulation of transcription from RNA polymerase II promoter	has_regulation_target(UniProtKB:O15105)
GO:0000122	negative regulation of transcription from RNA polymerase II promoter	has_regulation_target(UniProtKB:O15105)
GO:0045944	positive regulation of transcription from RNA polymerase II promoter	has_regulation_target(UniProtKB:O15105)
GO:0032091	negative regulation of protein binding	has_regulation_target(UniProtKB:O15169
GO:0032091	negative regulation of protein binding	has_regulation_target(UniProtKB:O15169
GO:0060391	positive regulation of SMAD protein import into nucleus	has_regulation_target(UniProtKB:O15198
GO:0010862	positive regulation of pathway-restricted SMAD protein phosphorylation	has_regulation_target(UniProtKB:O15198)
GO:0010862	positive regulation of pathway-restricted SMAD protein phosphorylation	has_regulation_target(UniProtKB:O15198)
GO:0019056	modulation by virus of host transcription	has_regulation_target(UniProtKB:O15350-1)
GO:0008284	positive regulation of cell proliferation	has_regulation_target(UniProtKB:O15350-1)
GO:0008284	positive regulation of cell proliferation	has_regulation_target(UniProtKB:O15350-2)
GO:0019056	modulation by virus of host transcription	has_regulation_target(UniProtKB:O15350-2)
GO:0031397	negative regulation of protein ubiquitination	has_regulation_target(UniProtKB:O15354)
GO:0045651	positive regulation of macrophage differentiation	has_regulation_target(UniProtKB:O15519)
GO:0045893	positive regulation of transcription, DNA-templated	has_regulation_target(UniProtKB:O15519)
GO:0045893	positive regulation of transcription, DNA-templated	has_regulation_target(UniProtKB:O15519)
GO:1902546	positive regulation of DNA N-glycosylase activity	has_regulation_target(UniProtKB:O15527)
GO:0039657	suppression by virus of host gene expression	has_regulation_target(UniProtKB:O15533)
GO:1903683	positive regulation of epithelial cell-cell adhesion involved in epithelium migration	has_regulation_target(UniProtKB:O15943
GO:1903077	negative regulation of protein localization to plasma membrane	has_regulation_target(UniProtKB:O15943
GO:1903387	positive regulation of homophilic cell adhesion	has_regulation_target(UniProtKB:O15943
GO:0042992	negative regulation of transcription factor import into nucleus	has_regulation_target(UniProtKB:O16850
GO:0051091	positive regulation of sequence-specific DNA binding transcription factor activity	has_regulation_target(UniProtKB:O16850)
GO:1900182	positive regulation of protein localization to nucleus	has_regulation_target(UniProtKB:O16850)
GO:1900181	negative regulation of protein localization to nucleus	has_regulation_target(UniProtKB:O16850)
GO:1900180	regulation of protein localization to nucleus	has_regulation_target(UniProtKB:O16850)
GO:1900181	negative regulation of protein localization to nucleus	has_regulation_target(UniProtKB:O16850)
GO:0032880	regulation of protein localization	has_regulation_target(UniProtKB:O17583)
GO:0034613	cellular protein localization	has_regulation_target(UniProtKB:O17583)
GO:0010468	regulation of gene expression	has_regulation_target(UniProtKB:O18696
GO:0010628	positive regulation of gene expression	has_regulation_target(UniProtKB:O18696
GO:0010628	positive regulation of gene expression	has_regulation_target(UniProtKB:O18696
GO:0010468	regulation of gene expression	has_regulation_target(UniProtKB:O18696
GO:0061630	ubiquitin protein ligase activity	has_regulation_target(UniProtKB:O30916)
GO:0000122	negative regulation of transcription from RNA polymerase II promoter	has_regulation_target(UniProtKB:O35253)
GO:0045944	positive regulation of transcription from RNA polymerase II promoter	has_regulation_target(UniProtKB:O35253)
GO:0045944	positive regulation of transcription from RNA polymerase II promoter	has_regulation_target(UniProtKB:O35253)
GO:0042993	positive regulation of transcription factor import into nucleus	has_regulation_target(UniProtKB:O35426
GO:1904721	negative regulation of mRNA endonucleolytic cleavage involved in unfolded protein response	has_regulation_target(UniProtKB:O35426)
GO:0043433	negative regulation of sequence-specific DNA binding transcription factor activity	has_regulation_target(UniProtKB:O35426)
GO:0010629	negative regulation of gene expression	has_regulation_target(UniProtKB:O35608)
GO:0043085	positive regulation of catalytic activity	has_regulation_target(UniProtKB:O35657)
GO:0045944	positive regulation of transcription from RNA polymerase II promoter	has_regulation_target(UniProtKB:O35668)
GO:0045893	positive regulation of transcription, DNA-templated	has_regulation_target(UniProtKB:O35732)
GO:0044788	modulation by host of viral process	has_regulation_target(UniProtKB:O41974)
GO:0045892	negative regulation of transcription, DNA-templated	has_regulation_target(UniProtKB:O43186)
GO:0000122	negative regulation of transcription from RNA polymerase II promoter	has_regulation_target(UniProtKB:O43364
GO:0000122	negative regulation of transcription from RNA polymerase II promoter	has_regulation_target(UniProtKB:O43365
GO:0036472	suppression by virus of host protein-protein interaction	has_regulation_target(UniProtKB:O43464
GO:0033138	positive regulation of peptidyl-serine phosphorylation	has_regulation_target(UniProtKB:O43464)
GO:1903214	regulation of protein targeting to mitochondrion	has_regulation_target(UniProtKB:O43464)
GO:0010952	positive regulation of peptidase activity	has_regulation_target(UniProtKB:O43464)
GO:0051247	positive regulation of protein metabolic process	has_regulation_target(UniProtKB:O43474)
GO:2001237	negative regulation of extrinsic apoptotic signaling pathway	has_regulation_target(UniProtKB:O43508)
GO:1990440	positive regulation of transcription from RNA polymerase II promoter in response to endoplasmic reticulum stress	has_regulation_target(UniProtKB:O43521
GO:0051897	positive regulation of protein kinase B signaling	has_regulation_target(UniProtKB:O43524)
GO:0051898	negative regulation of protein kinase B signaling	has_regulation_target(UniProtKB:O43524)
GO:0050860	negative regulation of T cell receptor signaling pathway	has_regulation_target(UniProtKB:O43561)
GO:0051091	positive regulation of sequence-specific DNA binding transcription factor activity	has_regulation_target(UniProtKB:O43623)
GO:1901223	negative regulation of NIK/NF-kappaB signaling	has_regulation_target(UniProtKB:O43707)
GO:0035414	negative regulation of catenin import into nucleus	has_regulation_target(UniProtKB:O44326)
GO:0001933	negative regulation of protein phosphorylation	has_regulation_target(UniProtKB:O44408
GO:0001933	negative regulation of protein phosphorylation	has_regulation_target(UniProtKB:O44408
GO:1902473	regulation of protein localization to synapse	has_regulation_target(UniProtKB:O44490
GO:1901244	positive regulation of transcription from RNA polymerase II promoter involved in defense response to fungus	has_regulation_target(UniProtKB:O44662
GO:1901244	positive regulation of transcription from RNA polymerase II promoter involved in defense response to fungus	has_regulation_target(UniProtKB:O44664
GO:0090328	regulation of olfactory learning	has_regulation_target(UniProtKB:O44857)
GO:0004713	protein tyrosine kinase activity	has_regulation_target(UniProtKB:O45539)
GO:0010628	positive regulation of gene expression	has_regulation_target(UniProtKB:O45923
GO:0010629	negative regulation of gene expression	has_regulation_target(UniProtKB:O54709
GO:0010629	negative regulation of gene expression	has_regulation_target(UniProtKB:O54709
GO:2000678	negative regulation of transcription regulatory region DNA binding	has_regulation_target(UniProtKB:O54751)
GO:0010629	negative regulation of gene expression	has_regulation_target(UniProtKB:O54942
GO:0006357	regulation of transcription from RNA polymerase II promoter	has_regulation_target(UniProtKB:O54983
GO:0010468	regulation of gene expression	has_regulation_target(UniProtKB:O55003
GO:0010468	regulation of gene expression	has_regulation_target(UniProtKB:O55003
GO:0010508	positive regulation of autophagy	has_regulation_target(UniProtKB:O55003)
GO:0032269	negative regulation of cellular protein metabolic process	has_regulation_target(UniProtKB:O55042
GO:0032463	negative regulation of protein homooligomerization	has_regulation_target(UniProtKB:O55042)
GO:1903955	positive regulation of protein targeting to mitochondrion	has_regulation_target(UniProtKB:O60260
GO:1903955	positive regulation of protein targeting to mitochondrion	has_regulation_target(UniProtKB:O60260)
GO:1990441	negative regulation of transcription from RNA polymerase II promoter in response to endoplasmic reticulum stress	has_regulation_target(UniProtKB:O60260)
GO:1990440	positive regulation of transcription from RNA polymerase II promoter in response to endoplasmic reticulum stress	has_regulation_target(UniProtKB:O60260)
GO:1902499	positive regulation of protein autoubiquitination	has_regulation_target(UniProtKB:O60260)
GO:0001934	positive regulation of protein phosphorylation	has_regulation_target(UniProtKB:O60260)
GO:0032880	regulation of protein localization	has_regulation_target(UniProtKB:O60260)
GO:1903637	negative regulation of protein import into mitochondrial outer membrane	has_regulation_target(UniProtKB:O60260)
GO:0031396	regulation of protein ubiquitination	has_regulation_target(UniProtKB:O60260)
GO:1903214	regulation of protein targeting to mitochondrion	has_regulation_target(UniProtKB:O60260)
GO:0031398	positive regulation of protein ubiquitination	has_regulation_target(UniProtKB:O60260)
GO:0036091	positive regulation of transcription from RNA polymerase II promoter in response to oxidative stress	has_regulation_target(UniProtKB:O60260)
GO:1903214	regulation of protein targeting to mitochondrion	has_regulation_target(UniProtKB:O60260)
GO:1903214	regulation of protein targeting to mitochondrion	has_regulation_target(UniProtKB:O60260)
GO:1903214	regulation of protein targeting to mitochondrion	has_regulation_target(UniProtKB:O60260)
GO:0051444	negative regulation of ubiquitin-protein transferase activity	has_regulation_target(UniProtKB:O60260)
GO:1903215	negative regulation of protein targeting to mitochondrion	has_regulation_target(UniProtKB:O60260)
GO:0051443	positive regulation of ubiquitin-protein transferase activity	has_regulation_target(UniProtKB:O60260)
GO:0031398	positive regulation of protein ubiquitination	has_regulation_target(UniProtKB:O60271)
GO:0045944	positive regulation of transcription from RNA polymerase II promoter	has_regulation_target(UniProtKB:O60313
GO:0050821	protein stabilization	has_regulation_target(UniProtKB:O60313)
GO:0045944	positive regulation of transcription from RNA polymerase II promoter	has_regulation_target(UniProtKB:O60313)
GO:0050821	protein stabilization	has_regulation_target(UniProtKB:O60313)
GO:0000122	negative regulation of transcription from RNA polymerase II promoter	has_regulation_target(UniProtKB:O60565)
GO:0000122	negative regulation of transcription from RNA polymerase II promoter	has_regulation_target(UniProtKB:O60565)
GO:0032092	positive regulation of protein binding	has_regulation_target(UniProtKB:O60716)
GO:0050821	protein stabilization	has_regulation_target(UniProtKB:O60779
GO:0004869	cysteine-type endopeptidase inhibitor activity	has_regulation_target(UniProtKB:O60911)
GO:0071901	negative regulation of protein serine/threonine kinase activity	has_regulation_target(UniProtKB:O61122)
GO:0043066	negative regulation of apoptotic process	has_regulation_target(UniProtKB:O61667
GO:0010629	negative regulation of gene expression	has_regulation_target(UniProtKB:O61667
GO:0010629	negative regulation of gene expression	has_regulation_target(UniProtKB:O61667
GO:0051782	negative regulation of cell division	has_regulation_target(UniProtKB:O61847
GO:0045596	negative regulation of cell differentiation	has_regulation_target(UniProtKB:O61847
GO:1904787	positive regulation of asymmetric protein localization involved in cell fate determination	has_regulation_target(UniProtKB:O61847
GO:0010629	negative regulation of gene expression	has_regulation_target(UniProtKB:O62807)
GO:0000122	negative regulation of transcription from RNA polymerase II promoter	has_regulation_target(UniProtKB:O70302
GO:0045944	positive regulation of transcription from RNA polymerase II promoter	has_regulation_target(UniProtKB:O70343
GO:0000122	negative regulation of transcription from RNA polymerase II promoter	has_regulation_target(UniProtKB:O70343
GO:0000122	negative regulation of transcription from RNA polymerase II promoter	has_regulation_target(UniProtKB:O70343
GO:0000122	negative regulation of transcription from RNA polymerase II promoter	has_regulation_target(UniProtKB:O70343)
GO:0045944	positive regulation of transcription from RNA polymerase II promoter	has_regulation_target(UniProtKB:O70343)
GO:0010629	negative regulation of gene expression	has_regulation_target(UniProtKB:O70343)
GO:0045944	positive regulation of transcription from RNA polymerase II promoter	has_regulation_target(UniProtKB:O70372
GO:0000122	negative regulation of transcription from RNA polymerase II promoter	has_regulation_target(UniProtKB:O70372
GO:0001227	transcriptional repressor activity, RNA polymerase II transcription regulatory region sequence-specific binding	has_regulation_target(UniProtKB:O70372
GO:0035563	positive regulation of chromatin binding	has_regulation_target(UniProtKB:O70372)
GO:0001077	transcriptional activator activity, RNA polymerase II core promoter proximal region sequence-specific binding	has_regulation_target(UniProtKB:O70372)
GO:0051973	positive regulation of telomerase activity	has_regulation_target(UniProtKB:O70372)
GO:0045893	positive regulation of transcription, DNA-templated	has_regulation_target(UniProtKB:O70555)
GO:0010629	negative regulation of gene expression	has_regulation_target(UniProtKB:O70571)
GO:0045944	positive regulation of transcription from RNA polymerase II promoter	has_regulation_target(UniProtKB:O75030)
GO:0045184	establishment of protein localization	has_regulation_target(UniProtKB:O75122
GO:0030516	regulation of axon extension	has_regulation_target(UniProtKB:O75122
GO:0031113	regulation of microtubule polymerization	has_regulation_target(UniProtKB:O75122
GO:0032956	regulation of actin cytoskeleton organization	has_regulation_target(UniProtKB:O75122
GO:1904528	positive regulation of microtubule binding	has_regulation_target(UniProtKB:O75122)
GO:1904531	positive regulation of actin filament binding	has_regulation_target(UniProtKB:O75122)
GO:0032880	regulation of protein localization	has_regulation_target(UniProtKB:O75385)
GO:0090074	negative regulation of protein homodimerization activity	has_regulation_target(UniProtKB:O75460
GO:0032091	negative regulation of protein binding	has_regulation_target(UniProtKB:O75460
GO:0032091	negative regulation of protein binding	has_regulation_target(UniProtKB:O75460
GO:0033137	negative regulation of peptidyl-serine phosphorylation	has_regulation_target(UniProtKB:O75460
GO:0060548	negative regulation of cell death	has_regulation_target(UniProtKB:O75460)
GO:1902380	positive regulation of endoribonuclease activity	has_regulation_target(UniProtKB:O75460)
GO:0060698	endoribonuclease inhibitor activity	has_regulation_target(UniProtKB:O75460)
GO:0060702	negative regulation of endoribonuclease activity	has_regulation_target(UniProtKB:O75460)
GO:0043497	regulation of protein heterodimerization activity	has_regulation_target(UniProtKB:O75460)
GO:0032091	negative regulation of protein binding	has_regulation_target(UniProtKB:O75581
GO:0032091	negative regulation of protein binding	has_regulation_target(UniProtKB:O75581
GO:0032091	negative regulation of protein binding	has_regulation_target(UniProtKB:O75581)
GO:0032270	positive regulation of cellular protein metabolic process	has_regulation_target(UniProtKB:O75593)
GO:1990440	positive regulation of transcription from RNA polymerase II promoter in response to endoplasmic reticulum stress	has_regulation_target(UniProtKB:O75807)
GO:1990441	negative regulation of transcription from RNA polymerase II promoter in response to endoplasmic reticulum stress	has_regulation_target(UniProtKB:O75807)
GO:0010628	positive regulation of gene expression	has_regulation_target(UniProtKB:O76358)
GO:0034501	protein localization to kinetochore	has_regulation_target(UniProtKB:O76406
GO:0034501	protein localization to kinetochore	has_regulation_target(UniProtKB:O76447
GO:0010629	negative regulation of gene expression	has_regulation_target(UniProtKB:O77203)
GO:1904685	positive regulation of metalloendopeptidase activity	has_regulation_target(UniProtKB:O77636)
GO:0050714	positive regulation of protein secretion	has_regulation_target(UniProtKB:O84947)
GO:0090004	positive regulation of establishment of protein localization to plasma membrane	has_regulation_target(UniProtKB:O88329)
GO:0045944	positive regulation of transcription from RNA polymerase II promoter	has_regulation_target(UniProtKB:O88447)
GO:0010628	positive regulation of gene expression	has_regulation_target(UniProtKB:O88498
GO:0010628	positive regulation of gene expression	has_regulation_target(UniProtKB:O88551)
GO:0045944	positive regulation of transcription from RNA polymerase II promoter	has_regulation_target(UniProtKB:O88597)
GO:1903715	regulation of aerobic respiration	has_regulation_target(UniProtKB:O88597)
GO:0010508	positive regulation of autophagy	has_regulation_target(UniProtKB:O88597)
GO:1903599	positive regulation of mitophagy	has_regulation_target(UniProtKB:O88597)
GO:0045893	positive regulation of transcription, DNA-templated	has_regulation_target(UniProtKB:O88721
GO:1990216	positive regulation by symbiont of host transcription	has_regulation_target(UniProtKB:O88942)
GO:0031396	regulation of protein ubiquitination	has_regulation_target(UniProtKB:O94826)
GO:0031396	regulation of protein ubiquitination	has_regulation_target(UniProtKB:O95140
GO:0031396	regulation of protein ubiquitination	has_regulation_target(UniProtKB:O95140
GO:0031648	protein destabilization	has_regulation_target(UniProtKB:O95140)
GO:0031333	negative regulation of protein complex assembly	has_regulation_target(UniProtKB:O95166)
GO:0031334	positive regulation of protein complex assembly	has_regulation_target(UniProtKB:O95166)
GO:0010836	negative regulation of protein ADP-ribosylation	has_regulation_target(UniProtKB:O95271)
GO:1904292	regulation of ERAD pathway	has_regulation_target(UniProtKB:O95342)
GO:0010629	negative regulation of gene expression	has_regulation_target(UniProtKB:O95352
GO:0000122	negative regulation of transcription from RNA polymerase II promoter	has_regulation_target(UniProtKB:O95393
GO:0001105	RNA polymerase II transcription coactivator activity	has_regulation_target(UniProtKB:O95477)
GO:0045944	positive regulation of transcription from RNA polymerase II promoter	has_regulation_target(UniProtKB:O95477)
GO:0045944	positive regulation of transcription from RNA polymerase II promoter	has_regulation_target(UniProtKB:O95573)
GO:0051091	positive regulation of sequence-specific DNA binding transcription factor activity	has_regulation_target(UniProtKB:O95863)
GO:1903076	regulation of protein localization to plasma membrane	has_regulation_target(UniProtKB:O95999)
GO:0045944	positive regulation of transcription from RNA polymerase II promoter	has_regulation_target(UniProtKB:O96004
GO:0010800	positive regulation of peptidyl-threonine phosphorylation	has_regulation_target(UniProtKB:O96017)
GO:0000083	regulation of transcription involved in G1/S transition of mitotic cell cycle	has_regulation_target(UniProtKB:O96020)
GO:1901671	positive regulation of superoxide dismutase activity	has_regulation_target(UniProtKB:P00441)
GO:0031647	regulation of protein stability	has_regulation_target(UniProtKB:P00441)
GO:0032147	activation of protein kinase activity	has_regulation_target(UniProtKB:P00519
GO:0010801	negative regulation of peptidyl-threonine phosphorylation	has_regulation_target(UniProtKB:P00533
GO:2000641	regulation of early endosome to late endosome transport	has_regulation_target(UniProtKB:P00533
GO:0045741	positive regulation of epidermal growth factor-activated receptor activity	has_regulation_target(UniProtKB:P00533
GO:2000643	positive regulation of early endosome to late endosome transport	has_regulation_target(UniProtKB:P00533)
GO:0010629	negative regulation of gene expression	has_regulation_target(UniProtKB:P00533)
GO:0010801	negative regulation of peptidyl-threonine phosphorylation	has_regulation_target(UniProtKB:P00533)
GO:1903364	positive regulation of cellular protein catabolic process	has_regulation_target(UniProtKB:P00533)
GO:0090004	positive regulation of establishment of protein localization to plasma membrane	has_regulation_target(UniProtKB:P00533)
GO:0051224	negative regulation of protein transport	has_regulation_target(UniProtKB:P00533)
GO:0042177	negative regulation of protein catabolic process	has_regulation_target(UniProtKB:P00533)
GO:0050731	positive regulation of peptidyl-tyrosine phosphorylation	has_regulation_target(UniProtKB:P00533)
GO:0002092	positive regulation of receptor internalization	has_regulation_target(UniProtKB:P00533)
GO:0045742	positive regulation of epidermal growth factor receptor signaling pathway	has_regulation_target(UniProtKB:P00533)
GO:0019207	kinase regulator activity	has_regulation_target(UniProtKB:P00549)
GO:0010629	negative regulation of gene expression	has_regulation_target(UniProtKB:P00558)
GO:0010952	positive regulation of peptidase activity	has_regulation_target(UniProtKB:P00734)
GO:0031639	plasminogen activation	has_regulation_target(UniProtKB:P00747)
GO:0010466	negative regulation of peptidase activity	has_regulation_target(UniProtKB:P00784)
GO:0045944	positive regulation of transcription from RNA polymerase II promoter	has_regulation_target(UniProtKB:P00812)
GO:0001047	core promoter binding	has_regulation_target(UniProtKB:P00973
GO:0000122	negative regulation of transcription from RNA polymerase II promoter	has_regulation_target(UniProtKB:P01019)
GO:0031646	positive regulation of neurological system process	has_regulation_target(UniProtKB:P01101
GO:0045944	positive regulation of transcription from RNA polymerase II promoter	has_regulation_target(UniProtKB:P01106
GO:0031648	protein destabilization	has_regulation_target(UniProtKB:P01106)
GO:0001078	transcriptional repressor activity, RNA polymerase II core promoter proximal region sequence-specific binding	has_regulation_target(UniProtKB:P01106)
GO:0000122	negative regulation of transcription from RNA polymerase II promoter	has_regulation_target(UniProtKB:P01106)
GO:0010628	positive regulation of gene expression	has_regulation_target(UniProtKB:P01106)
GO:0045892	negative regulation of transcription, DNA-templated	has_regulation_target(UniProtKB:P01108
GO:0000122	negative regulation of transcription from RNA polymerase II promoter	has_regulation_target(UniProtKB:P01108)
GO:0000209	protein polyubiquitination	has_regulation_target(UniProtKB:P01108)
GO:0010469	regulation of receptor activity	has_regulation_target(UniProtKB:P01130)
GO:0002092	positive regulation of receptor internalization	has_regulation_target(UniProtKB:P01130)
GO:2000272	negative regulation of receptor activity	has_regulation_target(UniProtKB:P01130)
GO:0010954	positive regulation of protein processing	has_regulation_target(UniProtKB:P01135)
GO:0090004	positive regulation of establishment of protein localization to plasma membrane	has_regulation_target(UniProtKB:P01135)
GO:0030512	negative regulation of transforming growth factor beta receptor signaling pathway	has_regulation_target(UniProtKB:P01137
GO:0000122	negative regulation of transcription from RNA polymerase II promoter	has_regulation_target(UniProtKB:P01160)
GO:0051460	negative regulation of corticotropin secretion	has_regulation_target(UniProtKB:P01194)
GO:1903265	positive regulation of tumor necrosis factor-mediated signaling pathway	has_regulation_target(UniProtKB:P01375)
GO:2001237	negative regulation of extrinsic apoptotic signaling pathway	has_regulation_target(UniProtKB:P01375)
GO:0010629	negative regulation of gene expression	has_regulation_target(UniProtKB:P01375)
GO:0045893	positive regulation of transcription, DNA-templated	has_regulation_target(UniProtKB:P01375)
GO:0046774	suppression by virus of host intracellular interferon activity	has_regulation_target(UniProtKB:P01563)
GO:0010628	positive regulation of gene expression	has_regulation_target(UniProtKB:P01572
GO:0010628	positive regulation of gene expression	has_regulation_target(UniProtKB:P01572
GO:0010628	positive regulation of gene expression	has_regulation_target(UniProtKB:P01574
GO:0010628	positive regulation of gene expression	has_regulation_target(UniProtKB:P01574
GO:0010628	positive regulation of gene expression	has_regulation_target(UniProtKB:P01575
GO:0010628	positive regulation of gene expression	has_regulation_target(UniProtKB:P01575
GO:0010628	positive regulation of gene expression	has_regulation_target(UniProtKB:P01575
GO:0010628	positive regulation of gene expression	has_regulation_target(UniProtKB:P01575
GO:0010628	positive regulation of gene expression	has_regulation_target(UniProtKB:P01575
GO:0010628	positive regulation of gene expression	has_regulation_target(UniProtKB:P01575
GO:0010628	positive regulation of gene expression	has_regulation_target(UniProtKB:P01579
GO:0002725	negative regulation of T cell cytokine production	has_regulation_target(UniProtKB:P01579)
GO:0002726	positive regulation of T cell cytokine production	has_regulation_target(UniProtKB:P01579)
GO:0010628	positive regulation of gene expression	has_regulation_target(UniProtKB:P01580)
GO:0001819	positive regulation of cytokine production	has_regulation_target(UniProtKB:P01582
GO:0045944	positive regulation of transcription from RNA polymerase II promoter	has_regulation_target(UniProtKB:P01732)
GO:0000122	negative regulation of transcription from RNA polymerase II promoter	has_regulation_target(UniProtKB:P02293)
GO:0035066	positive regulation of histone acetylation	has_regulation_target(UniProtKB:P02293)
GO:0071930	negative regulation of transcription involved in G1/S transition of mitotic cell cycle	has_regulation_target(UniProtKB:P02293)
GO:0033138	positive regulation of peptidyl-serine phosphorylation	has_regulation_target(UniProtKB:P02340)
GO:0032966	negative regulation of collagen biosynthetic process	has_regulation_target(UniProtKB:P02452)
GO:0023019	signal transduction involved in regulation of gene expression	has_regulation_target(UniProtKB:P02454
GO:0023019	signal transduction involved in regulation of gene expression	has_regulation_target(UniProtKB:P02454
GO:0010628	positive regulation of gene expression	has_regulation_target(UniProtKB:P02463)
GO:0010628	positive regulation of gene expression	has_regulation_target(UniProtKB:P02675)
GO:1990216	positive regulation by symbiont of host transcription	has_regulation_target(UniProtKB:P02675)
GO:0000122	negative regulation of transcription from RNA polymerase II promoter	has_regulation_target(UniProtKB:P02679)
GO:0010628	positive regulation of gene expression	has_regulation_target(UniProtKB:P02686
GO:0010628	positive regulation of gene expression	has_regulation_target(UniProtKB:P02751
GO:0010628	positive regulation of gene expression	has_regulation_target(UniProtKB:P02751
GO:0010628	positive regulation of gene expression	has_regulation_target(UniProtKB:P02751
GO:0007162	negative regulation of cell adhesion	has_regulation_target(UniProtKB:P02751)
GO:0010628	positive regulation of gene expression	has_regulation_target(UniProtKB:P02751)
GO:1900025	negative regulation of substrate adhesion-dependent cell spreading	has_regulation_target(UniProtKB:P02751)
GO:1990219	positive regulation by symbiont of host protein levels	has_regulation_target(UniProtKB:P02768)
GO:0003700	transcription factor activity, sequence-specific DNA binding	has_regulation_target(UniProtKB:P02771)
GO:0000122	negative regulation of transcription from RNA polymerase II promoter	has_regulation_target(UniProtKB:P02786
GO:0000122	negative regulation of transcription from RNA polymerase II promoter	has_regulation_target(UniProtKB:P02786)
GO:0045944	positive regulation of transcription from RNA polymerase II promoter	has_regulation_target(UniProtKB:P02786)
GO:2000272	negative regulation of receptor activity	has_regulation_target(UniProtKB:P02786)
GO:0000122	negative regulation of transcription from RNA polymerase II promoter	has_regulation_target(UniProtKB:P02786)
GO:1900121	negative regulation of receptor binding	has_regulation_target(UniProtKB:P02787)
GO:1900122	positive regulation of receptor binding	has_regulation_target(UniProtKB:P02787)
GO:0000122	negative regulation of transcription from RNA polymerase II promoter	has_regulation_target(UniProtKB:P02794)
GO:0010629	negative regulation of gene expression	has_regulation_target(UniProtKB:P02818)
GO:0045944	positive regulation of transcription from RNA polymerase II promoter	has_regulation_target(UniProtKB:P02818)
GO:0045944	positive regulation of transcription from RNA polymerase II promoter	has_regulation_target(UniProtKB:P02829)
GO:0010468	regulation of gene expression	has_regulation_target(UniProtKB:P02886
GO:0010468	regulation of gene expression	has_regulation_target(UniProtKB:P02887
GO:0010628	positive regulation of gene expression	has_regulation_target(UniProtKB:P02887)
GO:0010468	regulation of gene expression	has_regulation_target(UniProtKB:P02888)
GO:1904188	negative regulation of transformation of host cell by virus	has_regulation_target(UniProtKB:P03126)
GO:0000122	negative regulation of transcription from RNA polymerase II promoter	has_regulation_target(UniProtKB:P03372)
GO:0043547	positive regulation of GTPase activity	has_regulation_target(UniProtKB:P03967
GO:0090630	activation of GTPase activity	has_regulation_target(UniProtKB:P03967)
GO:0001971	negative regulation of activation of membrane attack complex	has_regulation_target(UniProtKB:P04004)
GO:0052562	negative regulation by symbiont of host immune response	has_regulation_target(UniProtKB:P04004)
GO:1903827	regulation of cellular protein localization	has_regulation_target(UniProtKB:P04004)
GO:0010628	positive regulation of gene expression	has_regulation_target(UniProtKB:P04035)
GO:0032091	negative regulation of protein binding	has_regulation_target(UniProtKB:P04040)
GO:0001934	positive regulation of protein phosphorylation	has_regulation_target(UniProtKB:P04049)
GO:0033157	regulation of intracellular protein transport	has_regulation_target(UniProtKB:P04062)
GO:0050709	negative regulation of protein secretion	has_regulation_target(UniProtKB:P04114)
GO:2000009	negative regulation of protein localization to cell surface	has_regulation_target(UniProtKB:P04156)
GO:0051044	positive regulation of membrane protein ectodomain proteolysis	has_regulation_target(UniProtKB:P04156)
GO:0000122	negative regulation of transcription from RNA polymerase II promoter	has_regulation_target(UniProtKB:P04179)
GO:1901671	positive regulation of superoxide dismutase activity	has_regulation_target(UniProtKB:P04179)
GO:0001078	transcriptional repressor activity, RNA polymerase II core promoter proximal region sequence-specific binding	has_regulation_target(UniProtKB:P04179)
GO:0010628	positive regulation of gene expression	has_regulation_target(UniProtKB:P04187)
GO:0010628	positive regulation of gene expression	has_regulation_target(UniProtKB:P04233
GO:0010628	positive regulation of gene expression	has_regulation_target(UniProtKB:P04233
GO:0010628	positive regulation of gene expression	has_regulation_target(UniProtKB:P04264)
GO:0045944	positive regulation of transcription from RNA polymerase II promoter	has_regulation_target(UniProtKB:P04264)
GO:0045944	positive regulation of transcription from RNA polymerase II promoter	has_regulation_target(UniProtKB:P04264)
GO:0045944	positive regulation of transcription from RNA polymerase II promoter	has_regulation_target(UniProtKB:P04264)
GO:0010628	positive regulation of gene expression	has_regulation_target(UniProtKB:P04370)
GO:1990969	modulation by host of viral RNA-binding transcription factor activity	has_regulation_target(UniProtKB:P04608
GO:1990968	modulation by host of RNA binding by virus	has_regulation_target(UniProtKB:P04608
GO:1903026	negative regulation of RNA polymerase II regulatory region sequence-specific DNA binding	has_regulation_target(UniProtKB:P04637
GO:0000122	negative regulation of transcription from RNA polymerase II promoter	has_regulation_target(UniProtKB:P04637
GO:0008284	positive regulation of cell proliferation	has_regulation_target(UniProtKB:P04637)
GO:0044833	modulation by virus of host protein transport	has_regulation_target(UniProtKB:P04637)
GO:1901984	negative regulation of protein acetylation	has_regulation_target(UniProtKB:P04637)
GO:0045893	positive regulation of transcription, DNA-templated	has_regulation_target(UniProtKB:P04637)
GO:2001022	positive regulation of response to DNA damage stimulus	has_regulation_target(UniProtKB:P04637)
GO:0090312	positive regulation of protein deacetylation	has_regulation_target(UniProtKB:P04637)
GO:0016567	protein ubiquitination	has_regulation_target(UniProtKB:P04637)
GO:0001228	transcriptional activator activity, RNA polymerase II transcription regulatory region sequence-specific binding	has_regulation_target(UniProtKB:P04637)
GO:0032092	positive regulation of protein binding	has_regulation_target(UniProtKB:P04637)
GO:0045944	positive regulation of transcription from RNA polymerase II promoter	has_regulation_target(UniProtKB:P04637)
GO:0019056	modulation by virus of host transcription	has_regulation_target(UniProtKB:P04637)
GO:2000144	positive regulation of DNA-templated transcription, initiation	has_regulation_target(UniProtKB:P04637)
GO:0043620	regulation of DNA-templated transcription in response to stress	has_regulation_target(UniProtKB:P04637)
GO:2001022	positive regulation of response to DNA damage stimulus	has_regulation_target(UniProtKB:P04637)
GO:2001244	positive regulation of intrinsic apoptotic signaling pathway	has_regulation_target(UniProtKB:P04637)
GO:0000122	negative regulation of transcription from RNA polymerase II promoter	has_regulation_target(UniProtKB:P04911
GO:0071930	negative regulation of transcription involved in G1/S transition of mitotic cell cycle	has_regulation_target(UniProtKB:P04911
GO:0002793	positive regulation of peptide secretion	has_regulation_target(UniProtKB:P04918)
GO:0002793	positive regulation of peptide secretion	has_regulation_target(UniProtKB:P04918)
GO:0010628	positive regulation of gene expression	has_regulation_target(UniProtKB:P04989)
GO:1904293	negative regulation of ERAD pathway	has_regulation_target(UniProtKB:P05067)
GO:0032091	negative regulation of protein binding	has_regulation_target(UniProtKB:P05067)
GO:0010955	negative regulation of protein processing	has_regulation_target(UniProtKB:P05067)
GO:0051044	positive regulation of membrane protein ectodomain proteolysis	has_regulation_target(UniProtKB:P05067)
GO:2001137	positive regulation of endocytic recycling	has_regulation_target(UniProtKB:P05067)
GO:0032461	positive regulation of protein oligomerization	has_regulation_target(UniProtKB:P05067)
GO:0032460	negative regulation of protein oligomerization	has_regulation_target(UniProtKB:P05067)
GO:0090005	negative regulation of establishment of protein localization to plasma membrane	has_regulation_target(UniProtKB:P05067)
GO:2000010	positive regulation of protein localization to cell surface	has_regulation_target(UniProtKB:P05067)
GO:0090285	negative regulation of protein glycosylation in Golgi	has_regulation_target(UniProtKB:P05067)
GO:0002725	negative regulation of T cell cytokine production	has_regulation_target(UniProtKB:P05113)
GO:0002726	positive regulation of T cell cytokine production	has_regulation_target(UniProtKB:P05113)
GO:0000122	negative regulation of transcription from RNA polymerase II promoter	has_regulation_target(UniProtKB:P05125)
GO:0010628	positive regulation of gene expression	has_regulation_target(UniProtKB:P05161
GO:0001047	core promoter binding	has_regulation_target(UniProtKB:P05161)
GO:0010628	positive regulation of gene expression	has_regulation_target(UniProtKB:P05161)
GO:0010629	negative regulation of gene expression	has_regulation_target(UniProtKB:P05162
GO:0010629	negative regulation of gene expression	has_regulation_target(UniProtKB:P05162)
GO:0045944	positive regulation of transcription from RNA polymerase II promoter	has_regulation_target(UniProtKB:P05186)
GO:0045944	positive regulation of transcription from RNA polymerase II promoter	has_regulation_target(UniProtKB:P05186)
GO:0033137	negative regulation of peptidyl-serine phosphorylation	has_regulation_target(UniProtKB:P05198)
GO:1903917	positive regulation of endoplasmic reticulum stress-induced eIF2 alpha dephosphorylation	has_regulation_target(UniProtKB:P05198)
GO:0033137	negative regulation of peptidyl-serine phosphorylation	has_regulation_target(UniProtKB:P05198)
GO:1902310	positive regulation of peptidyl-serine dephosphorylation	has_regulation_target(UniProtKB:P05198)
GO:1903912	negative regulation of endoplasmic reticulum stress-induced eIF2 alpha phosphorylation	has_regulation_target(UniProtKB:P05198)
GO:0033159	negative regulation of protein import into nucleus, translocation	has_regulation_target(UniProtKB:P05207)
GO:0010629	negative regulation of gene expression	has_regulation_target(UniProtKB:P05231
GO:0032755	positive regulation of interleukin-6 production	has_regulation_target(UniProtKB:P05231
GO:0045943	positive regulation of transcription from RNA polymerase I promoter	has_regulation_target(UniProtKB:P05231
GO:0045943	positive regulation of transcription from RNA polymerase I promoter	has_regulation_target(UniProtKB:P05231)
GO:0045944	positive regulation of transcription from RNA polymerase II promoter	has_regulation_target(UniProtKB:P05231)
GO:0010628	positive regulation of gene expression	has_regulation_target(UniProtKB:P05362
GO:0010628	positive regulation of gene expression	has_regulation_target(UniProtKB:P05362
GO:0010628	positive regulation of gene expression	has_regulation_target(UniProtKB:P05362
GO:0010629	negative regulation of gene expression	has_regulation_target(UniProtKB:P05362)
GO:0000122	negative regulation of transcription from RNA polymerase II promoter	has_regulation_target(UniProtKB:P05362)
GO:0045944	positive regulation of transcription from RNA polymerase II promoter	has_regulation_target(UniProtKB:P05362)
GO:0010629	negative regulation of gene expression	has_regulation_target(UniProtKB:P05362)
GO:0051091	positive regulation of sequence-specific DNA binding transcription factor activity	has_regulation_target(UniProtKB:P05412)
GO:0051091	positive regulation of sequence-specific DNA binding transcription factor activity	has_regulation_target(UniProtKB:P05412)
GO:0045944	positive regulation of transcription from RNA polymerase II promoter	has_regulation_target(UniProtKB:P05413)
GO:0061099	negative regulation of protein tyrosine kinase activity	has_regulation_target(UniProtKB:P05480
GO:1900086	positive regulation of peptidyl-tyrosine autophosphorylation	has_regulation_target(UniProtKB:P05480
GO:0061098	positive regulation of protein tyrosine kinase activity	has_regulation_target(UniProtKB:P05480
GO:1900085	negative regulation of peptidyl-tyrosine autophosphorylation	has_regulation_target(UniProtKB:P05480
GO:0004713	protein tyrosine kinase activity	has_regulation_target(UniProtKB:P05480)
GO:0045944	positive regulation of transcription from RNA polymerase II promoter	has_regulation_target(UniProtKB:P05555)
GO:0010629	negative regulation of gene expression	has_regulation_target(UniProtKB:P05556)
GO:0010628	positive regulation of gene expression	has_regulation_target(UniProtKB:P05556)
GO:0043508	negative regulation of JUN kinase activity	has_regulation_target(UniProtKB:P05627
GO:2000370	positive regulation of clathrin-dependent endocytosis	has_regulation_target(UniProtKB:P05690)
GO:0010628	positive regulation of gene expression	has_regulation_target(UniProtKB:P05817)
GO:2000481	positive regulation of cAMP-dependent protein kinase activity	has_regulation_target(UniProtKB:P05987
GO:1904360	negative regulation of spore germination	has_regulation_target(UniProtKB:P05987)
GO:0050860	negative regulation of T cell receptor signaling pathway	has_regulation_target(UniProtKB:P06239
GO:1902474	positive regulation of protein localization to synapse	has_regulation_target(UniProtKB:P06241
GO:0045944	positive regulation of transcription from RNA polymerase II promoter	has_regulation_target(UniProtKB:P06241)
GO:0031954	positive regulation of protein autophosphorylation	has_regulation_target(UniProtKB:P06241)
GO:0032147	activation of protein kinase activity	has_regulation_target(UniProtKB:P06241)
GO:0033673	negative regulation of kinase activity	has_regulation_target(UniProtKB:P06241)
GO:0030838	positive regulation of actin filament polymerization	has_regulation_target(UniProtKB:P06396)
GO:1900087	positive regulation of G1/S transition of mitotic cell cycle	has_regulation_target(UniProtKB:P06396)
GO:1903691	positive regulation of wound healing, spreading of epidermal cells	has_regulation_target(UniProtKB:P06396)
GO:1903919	negative regulation of actin filament severing	has_regulation_target(UniProtKB:P06396)
GO:0010870	positive regulation of receptor biosynthetic process	has_regulation_target(UniProtKB:P06401-1)
GO:1904031	positive regulation of cyclin-dependent protein kinase activity	has_regulation_target(UniProtKB:P06493)
GO:0032270	positive regulation of cellular protein metabolic process	has_regulation_target(UniProtKB:P06730)
GO:0033138	positive regulation of peptidyl-serine phosphorylation	has_regulation_target(UniProtKB:P06730)
GO:0000122	negative regulation of transcription from RNA polymerase II promoter	has_regulation_target(UniProtKB:P06761)
GO:0043547	positive regulation of GTPase activity	has_regulation_target(UniProtKB:P06780)
GO:0004674	protein serine/threonine kinase activity	has_regulation_target(UniProtKB:P06782)
GO:0018107	peptidyl-threonine phosphorylation	has_regulation_target(UniProtKB:P06782)
GO:0001819	positive regulation of cytokine production	has_regulation_target(UniProtKB:P06804
GO:0010629	negative regulation of gene expression	has_regulation_target(UniProtKB:P06804
GO:0010628	positive regulation of gene expression	has_regulation_target(UniProtKB:P06804)
GO:0010629	negative regulation of gene expression	has_regulation_target(UniProtKB:P06804)
GO:0036523	positive regulation by symbiont of host cytokine secretion	has_regulation_target(UniProtKB:P06804)
GO:0045944	positive regulation of transcription from RNA polymerase II promoter	has_regulation_target(UniProtKB:P06804)
GO:0000122	negative regulation of transcription from RNA polymerase II promoter	has_regulation_target(UniProtKB:P06876)
GO:1904188	negative regulation of transformation of host cell by virus	has_regulation_target(UniProtKB:P06931)
GO:0000122	negative regulation of transcription from RNA polymerase II promoter	has_regulation_target(UniProtKB:P07101)
GO:0045944	positive regulation of transcription from RNA polymerase II promoter	has_regulation_target(UniProtKB:P07101)
GO:0045944	positive regulation of transcription from RNA polymerase II promoter	has_regulation_target(UniProtKB:P07147)
GO:1903284	positive regulation of glutathione peroxidase activity	has_regulation_target(UniProtKB:P07203)
GO:1900005	positive regulation of serine-type endopeptidase activity	has_regulation_target(UniProtKB:P07288)
GO:0051346	negative regulation of hydrolase activity	has_regulation_target(UniProtKB:P07288)
GO:0045892	negative regulation of transcription, DNA-templated	has_regulation_target(UniProtKB:P07288)
GO:0052548	regulation of endopeptidase activity	has_regulation_target(UniProtKB:P07339
GO:0010628	positive regulation of gene expression	has_regulation_target(UniProtKB:P07351
GO:0010628	positive regulation of gene expression	has_regulation_target(UniProtKB:P07351
GO:0010628	positive regulation of gene expression	has_regulation_target(UniProtKB:P07351
GO:0010628	positive regulation of gene expression	has_regulation_target(UniProtKB:P07351
GO:0045944	positive regulation of transcription from RNA polymerase II promoter	has_regulation_target(UniProtKB:P07476)
GO:0006357	regulation of transcription from RNA polymerase II promoter	has_regulation_target(UniProtKB:P07492
GO:0010466	negative regulation of peptidase activity	has_regulation_target(UniProtKB:P07711)
GO:0004869	cysteine-type endopeptidase inhibitor activity	has_regulation_target(UniProtKB:P07711)
GO:0004869	cysteine-type endopeptidase inhibitor activity	has_regulation_target(UniProtKB:P07711)
GO:0010951	negative regulation of endopeptidase activity	has_regulation_target(UniProtKB:P07711)
GO:0004869	cysteine-type endopeptidase inhibitor activity	has_regulation_target(UniProtKB:P07711)
GO:0033159	negative regulation of protein import into nucleus, translocation	has_regulation_target(UniProtKB:P07802)
GO:0042327	positive regulation of phosphorylation	has_regulation_target(UniProtKB:P07900)
GO:0042998	positive regulation of Golgi to plasma membrane protein transport	has_regulation_target(UniProtKB:P07947)
GO:0042998	positive regulation of Golgi to plasma membrane protein transport	has_regulation_target(UniProtKB:P07948
GO:0042997	negative regulation of Golgi to plasma membrane protein transport	has_regulation_target(UniProtKB:P07948)
GO:0010628	positive regulation of gene expression	has_regulation_target(UniProtKB:P07988)
GO:0045944	positive regulation of transcription from RNA polymerase II promoter	has_regulation_target(UniProtKB:P07996)
GO:0045944	positive regulation of transcription from RNA polymerase II promoter	has_regulation_target(UniProtKB:P07996)
GO:0045944	positive regulation of transcription from RNA polymerase II promoter	has_regulation_target(UniProtKB:P07996)
GO:0010628	positive regulation of gene expression	has_regulation_target(UniProtKB:P08023
GO:0045893	positive regulation of transcription, DNA-templated	has_regulation_target(UniProtKB:P08069)
GO:1990441	negative regulation of transcription from RNA polymerase II promoter in response to endoplasmic reticulum stress	has_regulation_target(UniProtKB:P08113)
GO:0032966	negative regulation of collagen biosynthetic process	has_regulation_target(UniProtKB:P08121)
GO:0032966	negative regulation of collagen biosynthetic process	has_regulation_target(UniProtKB:P08123)
GO:0043433	negative regulation of sequence-specific DNA binding transcription factor activity	has_regulation_target(UniProtKB:P08151)
GO:0042992	negative regulation of transcription factor import into nucleus	has_regulation_target(UniProtKB:P08151)
GO:0045668	negative regulation of osteoblast differentiation	has_regulation_target(UniProtKB:P08151)
GO:0000122	negative regulation of transcription from RNA polymerase II promoter	has_regulation_target(UniProtKB:P08243
GO:0045944	positive regulation of transcription from RNA polymerase II promoter	has_regulation_target(UniProtKB:P08243)
GO:0045944	positive regulation of transcription from RNA polymerase II promoter	has_regulation_target(UniProtKB:P08253
GO:1904684	negative regulation of metalloendopeptidase activity	has_regulation_target(UniProtKB:P08253
GO:0010628	positive regulation of gene expression	has_regulation_target(UniProtKB:P08253)
GO:1904685	positive regulation of metalloendopeptidase activity	has_regulation_target(UniProtKB:P08253)
GO:1904685	positive regulation of metalloendopeptidase activity	has_regulation_target(UniProtKB:P08253)
GO:1904684	negative regulation of metalloendopeptidase activity	has_regulation_target(UniProtKB:P08253)
GO:0010628	positive regulation of gene expression	has_regulation_target(UniProtKB:P08254)
GO:0010466	negative regulation of peptidase activity	has_regulation_target(UniProtKB:P08311)
GO:0045944	positive regulation of transcription from RNA polymerase II promoter	has_regulation_target(UniProtKB:P08476)
GO:0045944	positive regulation of transcription from RNA polymerase II promoter	has_regulation_target(UniProtKB:P08476)
GO:0010629	negative regulation of gene expression	has_regulation_target(UniProtKB:P08505
GO:0036523	positive regulation by symbiont of host cytokine secretion	has_regulation_target(UniProtKB:P08505
GO:0044832	positive regulation by virus of host cytokine production	has_regulation_target(UniProtKB:P08505)
GO:1903077	negative regulation of protein localization to plasma membrane	has_regulation_target(UniProtKB:P08575
GO:1903078	positive regulation of protein localization to plasma membrane	has_regulation_target(UniProtKB:P08575
GO:1903076	regulation of protein localization to plasma membrane	has_regulation_target(UniProtKB:P08575
GO:0002091	negative regulation of receptor internalization	has_regulation_target(UniProtKB:P08588)
GO:0002092	positive regulation of receptor internalization	has_regulation_target(UniProtKB:P08588)
GO:0010629	negative regulation of gene expression	has_regulation_target(UniProtKB:P08637
GO:1990219	positive regulation by symbiont of host protein levels	has_regulation_target(UniProtKB:P08670)
GO:0010629	negative regulation of gene expression	has_regulation_target(UniProtKB:P08670)
GO:1904796	regulation of core promoter binding	has_regulation_target(UniProtKB:P08775)
GO:0010468	regulation of gene expression	has_regulation_target(UniProtKB:P08796
GO:0010628	positive regulation of gene expression	has_regulation_target(UniProtKB:P08796)
GO:0010628	positive regulation of gene expression	has_regulation_target(UniProtKB:P08796)
GO:0010468	regulation of gene expression	has_regulation_target(UniProtKB:P08797
GO:1904776	regulation of protein localization to cell cortex	has_regulation_target(UniProtKB:P08799)
GO:0045943	positive regulation of transcription from RNA polymerase I promoter	has_regulation_target(UniProtKB:P09038
GO:0045943	positive regulation of transcription from RNA polymerase I promoter	has_regulation_target(UniProtKB:P09038)
GO:0090272	negative regulation of fibroblast growth factor production	has_regulation_target(UniProtKB:P09038)
GO:0010629	negative regulation of gene expression	has_regulation_target(UniProtKB:P09052)
GO:0045185	maintenance of protein location	has_regulation_target(UniProtKB:P09103
GO:0051353	positive regulation of oxidoreductase activity	has_regulation_target(UniProtKB:P09103)
GO:0045944	positive regulation of transcription from RNA polymerase II promoter	has_regulation_target(UniProtKB:P09172)
GO:0000122	negative regulation of transcription from RNA polymerase II promoter	has_regulation_target(UniProtKB:P09242)
GO:0010628	positive regulation of gene expression	has_regulation_target(UniProtKB:P09428)
GO:0000122	negative regulation of transcription from RNA polymerase II promoter	has_regulation_target(UniProtKB:P09467)
GO:0045893	positive regulation of transcription, DNA-templated	has_regulation_target(UniProtKB:P09535)
GO:0042326	negative regulation of phosphorylation	has_regulation_target(UniProtKB:P09581)
GO:0036091	positive regulation of transcription from RNA polymerase II promoter in response to oxidative stress	has_regulation_target(UniProtKB:P09601
GO:0001078	transcriptional repressor activity, RNA polymerase II core promoter proximal region sequence-specific binding	has_regulation_target(UniProtKB:P09601)
GO:0061418	regulation of transcription from RNA polymerase II promoter in response to hypoxia	has_regulation_target(UniProtKB:P09601)
GO:0045944	positive regulation of transcription from RNA polymerase II promoter	has_regulation_target(UniProtKB:P09601)
GO:0061357	positive regulation of Wnt protein secretion	has_regulation_target(UniProtKB:P09615)
GO:0048018	receptor agonist activity	has_regulation_target(UniProtKB:P09619)
GO:1904293	negative regulation of ERAD pathway	has_regulation_target(UniProtKB:P09693)
GO:0045893	positive regulation of transcription, DNA-templated	has_regulation_target(UniProtKB:P09803)
GO:0010608	posttranscriptional regulation of gene expression	has_regulation_target(UniProtKB:P09803)
GO:0045944	positive regulation of transcription from RNA polymerase II promoter	has_regulation_target(UniProtKB:P09848)
GO:0001934	positive regulation of protein phosphorylation	has_regulation_target(UniProtKB:P09884)
GO:0010628	positive regulation of gene expression	has_regulation_target(UniProtKB:P09913
GO:0010628	positive regulation of gene expression	has_regulation_target(UniProtKB:P09913
GO:0002741	positive regulation of cytokine secretion involved in immune response	has_regulation_target(UniProtKB:P09913)
GO:0010628	positive regulation of gene expression	has_regulation_target(UniProtKB:P09914
GO:0010628	positive regulation of gene expression	has_regulation_target(UniProtKB:P09914
GO:0001819	positive regulation of cytokine production	has_regulation_target(UniProtKB:P09920)
GO:0010628	positive regulation of gene expression	has_regulation_target(UniProtKB:P09922
GO:0000122	negative regulation of transcription from RNA polymerase II promoter	has_regulation_target(UniProtKB:P09923)
GO:0045944	positive regulation of transcription from RNA polymerase II promoter	has_regulation_target(UniProtKB:P09923)
GO:1900153	positive regulation of nuclear-transcribed mRNA catabolic process, deadenylation-dependent decay	has_regulation_target(UniProtKB:P0C0X0)
GO:0043947	positive regulation by host of symbiont catalytic activity	has_regulation_target(UniProtKB:P0CE12)
GO:0032781	positive regulation of ATPase activity	has_regulation_target(UniProtKB:P0DMV8
GO:0032781	positive regulation of ATPase activity	has_regulation_target(UniProtKB:P0DMV9
GO:0045892	negative regulation of transcription, DNA-templated	has_regulation_target(UniProtKB:P10085)
GO:0045862	positive regulation of proteolysis	has_regulation_target(UniProtKB:P10085)
GO:0043547	positive regulation of GTPase activity	has_regulation_target(UniProtKB:P10114)
GO:0042270	protection from natural killer cell mediated cytotoxicity	has_regulation_target(UniProtKB:P10144)
GO:0010951	negative regulation of endopeptidase activity	has_regulation_target(UniProtKB:P10144)
GO:0010629	negative regulation of gene expression	has_regulation_target(UniProtKB:P10145
GO:0032717	negative regulation of interleukin-8 production	has_regulation_target(UniProtKB:P10145)
GO:0002725	negative regulation of T cell cytokine production	has_regulation_target(UniProtKB:P10145)
GO:0000122	negative regulation of transcription from RNA polymerase II promoter	has_regulation_target(UniProtKB:P10145)
GO:0045944	positive regulation of transcription from RNA polymerase II promoter	has_regulation_target(UniProtKB:P10145)
GO:0045944	positive regulation of transcription from RNA polymerase II promoter	has_regulation_target(UniProtKB:P10145)
GO:0032757	positive regulation of interleukin-8 production	has_regulation_target(UniProtKB:P10145)
GO:0002726	positive regulation of T cell cytokine production	has_regulation_target(UniProtKB:P10145)
GO:0000122	negative regulation of transcription from RNA polymerase II promoter	has_regulation_target(UniProtKB:P10147)
GO:0002725	negative regulation of T cell cytokine production	has_regulation_target(UniProtKB:P10147)
GO:0002726	positive regulation of T cell cytokine production	has_regulation_target(UniProtKB:P10147)
GO:0090026	positive regulation of monocyte chemotaxis	has_regulation_target(UniProtKB:P10148)
GO:0033160	positive regulation of protein import into nucleus, translocation	has_regulation_target(UniProtKB:P10220)
GO:2000825	positive regulation of androgen receptor activity	has_regulation_target(UniProtKB:P10275)
GO:0045893	positive regulation of transcription, DNA-templated	has_regulation_target(UniProtKB:P10275)
GO:0045944	positive regulation of transcription from RNA polymerase II promoter	has_regulation_target(UniProtKB:P10276
GO:0003713	transcription coactivator activity	has_regulation_target(UniProtKB:P10276)
GO:0045944	positive regulation of transcription from RNA polymerase II promoter	has_regulation_target(UniProtKB:P10276)
GO:0045892	negative regulation of transcription, DNA-templated	has_regulation_target(UniProtKB:P10360)
GO:0043066	negative regulation of apoptotic process	has_regulation_target(UniProtKB:P10360)
GO:0010628	positive regulation of gene expression	has_regulation_target(UniProtKB:P10415)
GO:2000811	negative regulation of anoikis	has_regulation_target(UniProtKB:P10415)
GO:0045893	positive regulation of transcription, DNA-templated	has_regulation_target(UniProtKB:P10415)
GO:0010629	negative regulation of gene expression	has_regulation_target(UniProtKB:P10415)
GO:0010508	positive regulation of autophagy	has_regulation_target(UniProtKB:P10415)
GO:0045893	positive regulation of transcription, DNA-templated	has_regulation_target(UniProtKB:P10417)
GO:0045944	positive regulation of transcription from RNA polymerase II promoter	has_regulation_target(UniProtKB:P10451)
GO:0045944	positive regulation of transcription from RNA polymerase II promoter	has_regulation_target(UniProtKB:P10451)
GO:0050714	positive regulation of protein secretion	has_regulation_target(UniProtKB:P10451)
GO:0045944	positive regulation of transcription from RNA polymerase II promoter	has_regulation_target(UniProtKB:P10451)
GO:0045944	positive regulation of transcription from RNA polymerase II promoter	has_regulation_target(UniProtKB:P10591)
GO:0045944	positive regulation of transcription from RNA polymerase II promoter	has_regulation_target(UniProtKB:P10592)
GO:0010628	positive regulation of gene expression	has_regulation_target(UniProtKB:P10599)
GO:1903124	negative regulation of thioredoxin peroxidase activity	has_regulation_target(UniProtKB:P10599)
GO:0045944	positive regulation of transcription from RNA polymerase II promoter	has_regulation_target(UniProtKB:P10599)
GO:0030512	negative regulation of transforming growth factor beta receptor signaling pathway	has_regulation_target(UniProtKB:P10600
GO:0045944	positive regulation of transcription from RNA polymerase II promoter	has_regulation_target(UniProtKB:P10605)
GO:0033138	positive regulation of peptidyl-serine phosphorylation	has_regulation_target(UniProtKB:P10636
GO:0010800	positive regulation of peptidyl-threonine phosphorylation	has_regulation_target(UniProtKB:P10636
GO:0010628	positive regulation of gene expression	has_regulation_target(UniProtKB:P10639)
GO:0001934	positive regulation of protein phosphorylation	has_regulation_target(UniProtKB:P10686
GO:0010629	negative regulation of gene expression	has_regulation_target(UniProtKB:P10721)
GO:0001819	positive regulation of cytokine production	has_regulation_target(UniProtKB:P10749
GO:0010629	negative regulation of gene expression	has_regulation_target(UniProtKB:P10749
GO:0044832	positive regulation by virus of host cytokine production	has_regulation_target(UniProtKB:P10749)
GO:0010629	negative regulation of gene expression	has_regulation_target(UniProtKB:P10749)
GO:0010629	negative regulation of gene expression	has_regulation_target(UniProtKB:P10809)
GO:0003713	transcription coactivator activity	has_regulation_target(UniProtKB:P10827)
GO:0045944	positive regulation of transcription from RNA polymerase II promoter	has_regulation_target(UniProtKB:P10827)
GO:0000122	negative regulation of transcription from RNA polymerase II promoter	has_regulation_target(UniProtKB:P10827)
GO:0045893	positive regulation of transcription, DNA-templated	has_regulation_target(UniProtKB:P10827)
GO:0001819	positive regulation of cytokine production	has_regulation_target(UniProtKB:P10855
GO:0000122	negative regulation of transcription from RNA polymerase II promoter	has_regulation_target(UniProtKB:P10855)
GO:0045944	positive regulation of transcription from RNA polymerase II promoter	has_regulation_target(UniProtKB:P10855)
GO:0032722	positive regulation of chemokine production	has_regulation_target(UniProtKB:P10889
GO:0010863	positive regulation of phospholipase C activity	has_regulation_target(UniProtKB:P10894
GO:0045892	negative regulation of transcription, DNA-templated	has_regulation_target(UniProtKB:P10909)
GO:0045943	positive regulation of transcription from RNA polymerase I promoter	has_regulation_target(UniProtKB:P11021
GO:0010628	positive regulation of gene expression	has_regulation_target(UniProtKB:P11021
GO:0036003	positive regulation of transcription from RNA polymerase II promoter in response to stress	has_regulation_target(UniProtKB:P11021
GO:0045944	positive regulation of transcription from RNA polymerase II promoter	has_regulation_target(UniProtKB:P11021)
GO:0032781	positive regulation of ATPase activity	has_regulation_target(UniProtKB:P11021)
GO:1990440	positive regulation of transcription from RNA polymerase II promoter in response to endoplasmic reticulum stress	has_regulation_target(UniProtKB:P11021)
GO:0010628	positive regulation of gene expression	has_regulation_target(UniProtKB:P11021)
GO:0032965	regulation of collagen biosynthetic process	has_regulation_target(UniProtKB:P11087
GO:0061084	negative regulation of protein refolding	has_regulation_target(UniProtKB:P11142)
GO:0010628	positive regulation of gene expression	has_regulation_target(UniProtKB:P11215
GO:0010628	positive regulation of gene expression	has_regulation_target(UniProtKB:P11215)
GO:0010628	positive regulation of gene expression	has_regulation_target(UniProtKB:P11276
GO:0032880	regulation of protein localization	has_regulation_target(UniProtKB:P11279)
GO:0045944	positive regulation of transcription from RNA polymerase II promoter	has_regulation_target(UniProtKB:P11344)
GO:0045944	positive regulation of transcription from RNA polymerase II promoter	has_regulation_target(UniProtKB:P11344)
GO:0014059	regulation of dopamine secretion	has_regulation_target(UniProtKB:P11362)
GO:0010629	negative regulation of gene expression	has_regulation_target(UniProtKB:P11438
GO:1903827	regulation of cellular protein localization	has_regulation_target(UniProtKB:P11438)
GO:0045944	positive regulation of transcription from RNA polymerase II promoter	has_regulation_target(UniProtKB:P11438)
GO:1903827	regulation of cellular protein localization	has_regulation_target(UniProtKB:P11438)
GO:0045892	negative regulation of transcription, DNA-templated	has_regulation_target(UniProtKB:P11438)
GO:0060049	regulation of protein glycosylation	has_regulation_target(UniProtKB:P11438)
GO:0000122	negative regulation of transcription from RNA polymerase II promoter	has_regulation_target(UniProtKB:P11440)
GO:0045736	negative regulation of cyclin-dependent protein serine/threonine kinase activity	has_regulation_target(UniProtKB:P11440)
GO:1990214	negative regulation by symbiont of host protein levels	has_regulation_target(UniProtKB:P11498)
GO:0039653	suppression by virus of host transcription	has_regulation_target(UniProtKB:P11498)
GO:0010628	positive regulation of gene expression	has_regulation_target(UniProtKB:P11501)
GO:0032436	positive regulation of proteasomal ubiquitin-dependent protein catabolic process	has_regulation_target(UniProtKB:P11802
GO:0045736	negative regulation of cyclin-dependent protein serine/threonine kinase activity	has_regulation_target(UniProtKB:P11802)
GO:0031658	negative regulation of cyclin-dependent protein serine/threonine kinase activity involved in G1/S transition of mitotic cell cycle	has_regulation_target(UniProtKB:P11802)
GO:0051091	positive regulation of sequence-specific DNA binding transcription factor activity	has_regulation_target(UniProtKB:P11831
GO:0006357	regulation of transcription from RNA polymerase II promoter	has_regulation_target(UniProtKB:P11835
GO:0000982	transcription factor activity, RNA polymerase II core promoter proximal region sequence-specific binding	has_regulation_target(UniProtKB:P11835)
GO:0010629	negative regulation of gene expression	has_regulation_target(UniProtKB:P11976
GO:0010468	regulation of gene expression	has_regulation_target(UniProtKB:P11976)
GO:0010628	positive regulation of gene expression	has_regulation_target(UniProtKB:P11976)
GO:0010628	positive regulation of gene expression	has_regulation_target(UniProtKB:P11976)
GO:0010628	positive regulation of gene expression	has_regulation_target(UniProtKB:P11976)
GO:0010628	positive regulation of gene expression	has_regulation_target(UniProtKB:P12019)
GO:0010628	positive regulation of gene expression	has_regulation_target(UniProtKB:P12019)
GO:0010628	positive regulation of gene expression	has_regulation_target(UniProtKB:P12019)
GO:0010628	positive regulation of gene expression	has_regulation_target(UniProtKB:P12019)
GO:0010628	positive regulation of gene expression	has_regulation_target(UniProtKB:P12019)
GO:0004857	enzyme inhibitor activity	has_regulation_target(UniProtKB:P12019)
GO:0010629	negative regulation of gene expression	has_regulation_target(UniProtKB:P12019)
GO:0010628	positive regulation of gene expression	has_regulation_target(UniProtKB:P12032
GO:0032092	positive regulation of protein binding	has_regulation_target(UniProtKB:P12236)
GO:0032091	negative regulation of protein binding	has_regulation_target(UniProtKB:P12236)
GO:0000122	negative regulation of transcription from RNA polymerase II promoter	has_regulation_target(UniProtKB:P12242
GO:0000122	negative regulation of transcription from RNA polymerase II promoter	has_regulation_target(UniProtKB:P12242
GO:0010628	positive regulation of gene expression	has_regulation_target(UniProtKB:P12268)
GO:1903215	negative regulation of protein targeting to mitochondrion	has_regulation_target(UniProtKB:P12532)
GO:0010955	negative regulation of protein processing	has_regulation_target(UniProtKB:P12532)
GO:0045944	positive regulation of transcription from RNA polymerase II promoter	has_regulation_target(UniProtKB:P12643)
GO:0045944	positive regulation of transcription from RNA polymerase II promoter	has_regulation_target(UniProtKB:P12643)
GO:0045944	positive regulation of transcription from RNA polymerase II promoter	has_regulation_target(UniProtKB:P12643)
GO:0045605	negative regulation of epidermal cell differentiation	has_regulation_target(UniProtKB:P12644)
GO:0030514	negative regulation of BMP signaling pathway	has_regulation_target(UniProtKB:P12644)
GO:0010629	negative regulation of gene expression	has_regulation_target(UniProtKB:P12729)
GO:0010628	positive regulation of gene expression	has_regulation_target(UniProtKB:P12729)
GO:0010628	positive regulation of gene expression	has_regulation_target(UniProtKB:P12729)
GO:0010468	regulation of gene expression	has_regulation_target(UniProtKB:P12729)
GO:0000122	negative regulation of transcription from RNA polymerase II promoter	has_regulation_target(UniProtKB:P12787
GO:0010629	negative regulation of gene expression	has_regulation_target(UniProtKB:P12787)
GO:0010628	positive regulation of gene expression	has_regulation_target(UniProtKB:P12830
GO:0032092	positive regulation of protein binding	has_regulation_target(UniProtKB:P12830
GO:0010608	posttranscriptional regulation of gene expression	has_regulation_target(UniProtKB:P12830)
GO:1901890	positive regulation of cell junction assembly	has_regulation_target(UniProtKB:P12830)
GO:0000122	negative regulation of transcription from RNA polymerase II promoter	has_regulation_target(UniProtKB:P12830)
GO:0090197	positive regulation of chemokine secretion	has_regulation_target(UniProtKB:P12850
GO:0000122	negative regulation of transcription from RNA polymerase II promoter	has_regulation_target(UniProtKB:P12883)
GO:2001244	positive regulation of intrinsic apoptotic signaling pathway	has_regulation_target(UniProtKB:P12931)
GO:0031954	positive regulation of protein autophosphorylation	has_regulation_target(UniProtKB:P12931)
GO:0061099	negative regulation of protein tyrosine kinase activity	has_regulation_target(UniProtKB:P12931)
GO:0001934	positive regulation of protein phosphorylation	has_regulation_target(UniProtKB:P12931)
GO:0032147	activation of protein kinase activity	has_regulation_target(UniProtKB:P12931)
GO:1900085	negative regulation of peptidyl-tyrosine autophosphorylation	has_regulation_target(UniProtKB:P12931)
GO:2000811	negative regulation of anoikis	has_regulation_target(UniProtKB:P12931)
GO:0031953	negative regulation of protein autophosphorylation	has_regulation_target(UniProtKB:P12931)
GO:0003713	transcription coactivator activity	has_regulation_target(UniProtKB:P12978)
GO:0000122	negative regulation of transcription from RNA polymerase II promoter	has_regulation_target(UniProtKB:P12979)
GO:1903919	negative regulation of actin filament severing	has_regulation_target(UniProtKB:P13020)
GO:1905053	positive regulation of base-excision repair	has_regulation_target(UniProtKB:P13051)
GO:0045944	positive regulation of transcription from RNA polymerase II promoter	has_regulation_target(UniProtKB:P13164)
GO:0002725	negative regulation of T cell cytokine production	has_regulation_target(UniProtKB:P13236)
GO:0002726	positive regulation of T cell cytokine production	has_regulation_target(UniProtKB:P13236)
GO:0045944	positive regulation of transcription from RNA polymerase II promoter	has_regulation_target(UniProtKB:P13297)
GO:0051044	positive regulation of membrane protein ectodomain proteolysis	has_regulation_target(UniProtKB:P13385)
GO:0071639	positive regulation of monocyte chemotactic protein-1 production	has_regulation_target(UniProtKB:P13500
GO:0090026	positive regulation of monocyte chemotaxis	has_regulation_target(UniProtKB:P13500)
GO:0002725	negative regulation of T cell cytokine production	has_regulation_target(UniProtKB:P13501)
GO:0002726	positive regulation of T cell cytokine production	has_regulation_target(UniProtKB:P13501)
GO:1903026	negative regulation of RNA polymerase II regulatory region sequence-specific DNA binding	has_regulation_target(UniProtKB:P13528)
GO:1904154	positive regulation of retrograde protein transport, ER to cytosol	has_regulation_target(UniProtKB:P13569)
GO:1903071	positive regulation of ER-associated ubiquitin-dependent protein catabolic process	has_regulation_target(UniProtKB:P13569)
GO:0000122	negative regulation of transcription from RNA polymerase II promoter	has_regulation_target(UniProtKB:P13597)
GO:0045944	positive regulation of transcription from RNA polymerase II promoter	has_regulation_target(UniProtKB:P13597)
GO:0003700	transcription factor activity, sequence-specific DNA binding	has_regulation_target(UniProtKB:P13640)
GO:0045944	positive regulation of transcription from RNA polymerase II promoter	has_regulation_target(UniProtKB:P13645)
GO:0045944	positive regulation of transcription from RNA polymerase II promoter	has_regulation_target(UniProtKB:P13686)
GO:0000122	negative regulation of transcription from RNA polymerase II promoter	has_regulation_target(UniProtKB:P13686)
GO:0061429	positive regulation of transcription from RNA polymerase II promoter by oleic acid	has_regulation_target(UniProtKB:P13711
GO:0045944	positive regulation of transcription from RNA polymerase II promoter	has_regulation_target(UniProtKB:P13711
GO:1900004	negative regulation of serine-type endopeptidase activity	has_regulation_target(UniProtKB:P13726)
GO:0010628	positive regulation of gene expression	has_regulation_target(UniProtKB:P13773
GO:0010628	positive regulation of gene expression	has_regulation_target(UniProtKB:P13773
GO:0010468	regulation of gene expression	has_regulation_target(UniProtKB:P13773
GO:0010628	positive regulation of gene expression	has_regulation_target(UniProtKB:P13773
GO:0010628	positive regulation of gene expression	has_regulation_target(UniProtKB:P13773)
GO:0010628	positive regulation of gene expression	has_regulation_target(UniProtKB:P13773)
GO:0010628	positive regulation of gene expression	has_regulation_target(UniProtKB:P13773)
GO:0010628	positive regulation of gene expression	has_regulation_target(UniProtKB:P13773)
GO:0010628	positive regulation of gene expression	has_regulation_target(UniProtKB:P13773)
GO:0010628	positive regulation of gene expression	has_regulation_target(UniProtKB:P13773)
GO:0010628	positive regulation of gene expression	has_regulation_target(UniProtKB:P13773)
GO:0023019	signal transduction involved in regulation of gene expression	has_regulation_target(UniProtKB:P13941
GO:0023019	signal transduction involved in regulation of gene expression	has_regulation_target(UniProtKB:P13941
GO:0045892	negative regulation of transcription, DNA-templated	has_regulation_target(UniProtKB:P14091)
GO:0001819	positive regulation of cytokine production	has_regulation_target(UniProtKB:P14097
GO:0010629	negative regulation of gene expression	has_regulation_target(UniProtKB:P14222
GO:0010629	negative regulation of gene expression	has_regulation_target(UniProtKB:P14222
GO:0010629	negative regulation of gene expression	has_regulation_target(UniProtKB:P14222)
GO:0000433	negative regulation of transcription from RNA polymerase II promoter by glucose	has_regulation_target(UniProtKB:P14246)
GO:0010628	positive regulation of gene expression	has_regulation_target(UniProtKB:P14326)
GO:0010628	positive regulation of gene expression	has_regulation_target(UniProtKB:P14378)
GO:0045347	negative regulation of MHC class II biosynthetic process	has_regulation_target(UniProtKB:P14483)
GO:1990441	negative regulation of transcription from RNA polymerase II promoter in response to endoplasmic reticulum stress	has_regulation_target(UniProtKB:P14625)
GO:0010628	positive regulation of gene expression	has_regulation_target(UniProtKB:P14635
GO:0010971	positive regulation of G2/M transition of mitotic cell cycle	has_regulation_target(UniProtKB:P14635)
GO:0010629	negative regulation of gene expression	has_regulation_target(UniProtKB:P14635)
GO:0043086	negative regulation of catalytic activity	has_regulation_target(UniProtKB:P14735)
GO:0045944	positive regulation of transcription from RNA polymerase II promoter	has_regulation_target(UniProtKB:P14780
GO:1904685	positive regulation of metalloendopeptidase activity	has_regulation_target(UniProtKB:P14780
GO:1904685	positive regulation of metalloendopeptidase activity	has_regulation_target(UniProtKB:P14780)
GO:1905050	positive regulation of metallopeptidase activity	has_regulation_target(UniProtKB:P14780)
GO:0050714	positive regulation of protein secretion	has_regulation_target(UniProtKB:P14780)
GO:0050709	negative regulation of protein secretion	has_regulation_target(UniProtKB:P14780)
GO:0010629	negative regulation of gene expression	has_regulation_target(UniProtKB:P14785
GO:0045944	positive regulation of transcription from RNA polymerase II promoter	has_regulation_target(UniProtKB:P14873)
GO:0043085	positive regulation of catalytic activity	has_regulation_target(UniProtKB:P14920)
GO:1900758	negative regulation of D-amino-acid oxidase activity	has_regulation_target(UniProtKB:P14920)
GO:0008047	enzyme activator activity	has_regulation_target(UniProtKB:P14920)
GO:0045860	positive regulation of protein kinase activity	has_regulation_target(UniProtKB:P15056
GO:0045860	positive regulation of protein kinase activity	has_regulation_target(UniProtKB:P15056
GO:0045860	positive regulation of protein kinase activity	has_regulation_target(UniProtKB:P15056
GO:0046580	negative regulation of Ras protein signal transduction	has_regulation_target(UniProtKB:P15064
GO:0010628	positive regulation of gene expression	has_regulation_target(UniProtKB:P15064
GO:0034260	negative regulation of GTPase activity	has_regulation_target(UniProtKB:P15064)
GO:0045944	positive regulation of transcription from RNA polymerase II promoter	has_regulation_target(UniProtKB:P15066)
GO:0045944	positive regulation of transcription from RNA polymerase II promoter	has_regulation_target(UniProtKB:P15108)
GO:0032092	positive regulation of protein binding	has_regulation_target(UniProtKB:P15116
GO:1901890	positive regulation of cell junction assembly	has_regulation_target(UniProtKB:P15116)
GO:0061429	positive regulation of transcription from RNA polymerase II promoter by oleic acid	has_regulation_target(UniProtKB:P15202
GO:0002092	positive regulation of receptor internalization	has_regulation_target(UniProtKB:P15209)
GO:0045944	positive regulation of transcription from RNA polymerase II promoter	has_regulation_target(UniProtKB:P15209)
GO:0010628	positive regulation of gene expression	has_regulation_target(UniProtKB:P15269
GO:0010628	positive regulation of gene expression	has_regulation_target(UniProtKB:P15270
GO:0010628	positive regulation of gene expression	has_regulation_target(UniProtKB:P15270)
GO:1903683	positive regulation of epithelial cell-cell adhesion involved in epithelium migration	has_regulation_target(UniProtKB:P15278
GO:1903077	negative regulation of protein localization to plasma membrane	has_regulation_target(UniProtKB:P15278
GO:1903387	positive regulation of homophilic cell adhesion	has_regulation_target(UniProtKB:P15278
GO:0001934	positive regulation of protein phosphorylation	has_regulation_target(UniProtKB:P15311)
GO:1903911	positive regulation of receptor clustering	has_regulation_target(UniProtKB:P15379
GO:0010628	positive regulation of gene expression	has_regulation_target(UniProtKB:P15514)
GO:0003700	transcription factor activity, sequence-specific DNA binding	has_regulation_target(UniProtKB:P15559)
GO:0045944	positive regulation of transcription from RNA polymerase II promoter	has_regulation_target(UniProtKB:P15559)
GO:0010628	positive regulation of gene expression	has_regulation_target(UniProtKB:P15649)
GO:0010629	negative regulation of gene expression	has_regulation_target(UniProtKB:P15692)
GO:0010628	positive regulation of gene expression	has_regulation_target(UniProtKB:P15692)
GO:0010575	positive regulation of vascular endothelial growth factor production	has_regulation_target(UniProtKB:P15692)
GO:0010628	positive regulation of gene expression	has_regulation_target(UniProtKB:P15692)
GO:0045944	positive regulation of transcription from RNA polymerase II promoter	has_regulation_target(UniProtKB:P15705)
GO:0031397	negative regulation of protein ubiquitination	has_regulation_target(UniProtKB:P15880)
GO:0032270	positive regulation of cellular protein metabolic process	has_regulation_target(UniProtKB:P15923)
GO:0004867	serine-type endopeptidase inhibitor activity	has_regulation_target(UniProtKB:P15945)
GO:1900004	negative regulation of serine-type endopeptidase activity	has_regulation_target(UniProtKB:P15945)
GO:0045648	positive regulation of erythrocyte differentiation	has_regulation_target(UniProtKB:P15976
GO:0043066	negative regulation of apoptotic process	has_regulation_target(UniProtKB:P15976
GO:0010628	positive regulation of gene expression	has_regulation_target(UniProtKB:P16051)
GO:0010871	negative regulation of receptor biosynthetic process	has_regulation_target(UniProtKB:P16058)
GO:0033147	negative regulation of intracellular estrogen receptor signaling pathway	has_regulation_target(UniProtKB:P16058)
GO:0001934	positive regulation of protein phosphorylation	has_regulation_target(UniProtKB:P16104)
GO:0048018	receptor agonist activity	has_regulation_target(UniProtKB:P16234)
GO:0031954	positive regulation of protein autophosphorylation	has_regulation_target(UniProtKB:P16234)
GO:0045893	positive regulation of transcription, DNA-templated	has_regulation_target(UniProtKB:P16545)
GO:0010628	positive regulation of gene expression	has_regulation_target(UniProtKB:P16581
GO:0045944	positive regulation of transcription from RNA polymerase II promoter	has_regulation_target(UniProtKB:P16581)
GO:2000010	positive regulation of protein localization to cell surface	has_regulation_target(UniProtKB:P16581)
GO:0000122	negative regulation of transcription from RNA polymerase II promoter	has_regulation_target(UniProtKB:P16860)
GO:0061635	regulation of protein complex stability	has_regulation_target(UniProtKB:P17046
GO:0031647	regulation of protein stability	has_regulation_target(UniProtKB:P17046)
GO:0045944	positive regulation of transcription from RNA polymerase II promoter	has_regulation_target(UniProtKB:P17047)
GO:0016538	cyclin-dependent protein serine/threonine kinase regulator activity	has_regulation_target(UniProtKB:P17157
GO:0033157	regulation of intracellular protein transport	has_regulation_target(UniProtKB:P17439)
GO:0010468	regulation of gene expression	has_regulation_target(UniProtKB:P17473)
GO:0050434	positive regulation of viral transcription	has_regulation_target(UniProtKB:P17473)
GO:0010628	positive regulation of gene expression	has_regulation_target(UniProtKB:P17511
GO:0010628	positive regulation of gene expression	has_regulation_target(UniProtKB:P17511
GO:0010629	negative regulation of gene expression	has_regulation_target(UniProtKB:P17511)
GO:0010628	positive regulation of gene expression	has_regulation_target(UniProtKB:P17515
GO:0010628	positive regulation of gene expression	has_regulation_target(UniProtKB:P17515
GO:1990441	negative regulation of transcription from RNA polymerase II promoter in response to endoplasmic reticulum stress	has_regulation_target(UniProtKB:P17564)
GO:1990440	positive regulation of transcription from RNA polymerase II promoter in response to endoplasmic reticulum stress	has_regulation_target(UniProtKB:P17564)
GO:0010628	positive regulation of gene expression	has_regulation_target(UniProtKB:P17564)
GO:0010628	positive regulation of gene expression	has_regulation_target(UniProtKB:P17564)
GO:0010628	positive regulation of gene expression	has_regulation_target(UniProtKB:P17672
GO:0051571	positive regulation of histone H3-K4 methylation	has_regulation_target(UniProtKB:P17672
GO:0045944	positive regulation of transcription from RNA polymerase II promoter	has_regulation_target(UniProtKB:P17813)
GO:0045944	positive regulation of transcription from RNA polymerase II promoter	has_regulation_target(UniProtKB:P17813)
GO:1904721	negative regulation of mRNA endonucleolytic cleavage involved in unfolded protein response	has_regulation_target(UniProtKB:P17861)
GO:1904722	positive regulation of mRNA endonucleolytic cleavage involved in unfolded protein response	has_regulation_target(UniProtKB:P17861)
GO:0043433	negative regulation of sequence-specific DNA binding transcription factor activity	has_regulation_target(UniProtKB:P17861-2)
GO:0045787	positive regulation of cell cycle	has_regulation_target(UniProtKB:P17918
GO:0010629	negative regulation of gene expression	has_regulation_target(UniProtKB:P17931
GO:0010628	positive regulation of gene expression	has_regulation_target(UniProtKB:P17948)
GO:0010628	positive regulation of gene expression	has_regulation_target(UniProtKB:P17948)
GO:0010628	positive regulation of gene expression	has_regulation_target(UniProtKB:P17948)
GO:0000122	negative regulation of transcription from RNA polymerase II promoter	has_regulation_target(UniProtKB:P18075
GO:0010628	positive regulation of gene expression	has_regulation_target(UniProtKB:P18160)
GO:0010628	positive regulation of gene expression	has_regulation_target(UniProtKB:P18161
GO:0010628	positive regulation of gene expression	has_regulation_target(UniProtKB:P18161)
GO:0010629	negative regulation of gene expression	has_regulation_target(UniProtKB:P18206)
GO:0045944	positive regulation of transcription from RNA polymerase II promoter	has_regulation_target(UniProtKB:P18242)
GO:0010628	positive regulation of gene expression	has_regulation_target(UniProtKB:P18242)
GO:0090277	positive regulation of peptide hormone secretion	has_regulation_target(UniProtKB:P18254)
GO:0090630	activation of GTPase activity	has_regulation_target(UniProtKB:P18613
GO:0043087	regulation of GTPase activity	has_regulation_target(UniProtKB:P18613)
GO:0043547	positive regulation of GTPase activity	has_regulation_target(UniProtKB:P18613)
GO:0010629	negative regulation of gene expression	has_regulation_target(UniProtKB:P18648)
GO:0050714	positive regulation of protein secretion	has_regulation_target(UniProtKB:P18648)
GO:0010629	negative regulation of gene expression	has_regulation_target(UniProtKB:P18648)
GO:1903683	positive regulation of epithelial cell-cell adhesion involved in epithelium migration	has_regulation_target(UniProtKB:P18824
GO:1903077	negative regulation of protein localization to plasma membrane	has_regulation_target(UniProtKB:P18824
GO:1903387	positive regulation of homophilic cell adhesion	has_regulation_target(UniProtKB:P18824
GO:0032436	positive regulation of proteasomal ubiquitin-dependent protein catabolic process	has_regulation_target(UniProtKB:P18824)
GO:0036003	positive regulation of transcription from RNA polymerase II promoter in response to stress	has_regulation_target(UniProtKB:P18847
GO:0032792	negative regulation of CREB transcription factor activity	has_regulation_target(UniProtKB:P18847)
GO:1903026	negative regulation of RNA polymerase II regulatory region sequence-specific DNA binding	has_regulation_target(UniProtKB:P18847)
GO:0010628	positive regulation of gene expression	has_regulation_target(UniProtKB:P18848
GO:0032792	negative regulation of CREB transcription factor activity	has_regulation_target(UniProtKB:P18848)
GO:0043433	negative regulation of sequence-specific DNA binding transcription factor activity	has_regulation_target(UniProtKB:P18850
GO:0051091	positive regulation of sequence-specific DNA binding transcription factor activity	has_regulation_target(UniProtKB:P18850)
GO:0031398	positive regulation of protein ubiquitination	has_regulation_target(UniProtKB:P18850)
GO:1990219	positive regulation by symbiont of host protein levels	has_regulation_target(UniProtKB:P18870)
GO:1990216	positive regulation by symbiont of host transcription	has_regulation_target(UniProtKB:P18870)
GO:2000553	positive regulation of T-helper 2 cell cytokine production	has_regulation_target(UniProtKB:P18893)
GO:0010628	positive regulation of gene expression	has_regulation_target(UniProtKB:P18948)
GO:0005089	Rho guanyl-nucleotide exchange factor activity	has_regulation_target(UniProtKB:P19073)
GO:0005096	GTPase activator activity	has_regulation_target(UniProtKB:P19073)
GO:0010628	positive regulation of gene expression	has_regulation_target(UniProtKB:P19099)
GO:0000122	negative regulation of transcription from RNA polymerase II promoter	has_regulation_target(UniProtKB:P19132)
GO:0006990	positive regulation of transcription from RNA polymerase II promoter involved in unfolded protein response	has_regulation_target(UniProtKB:P19182)
GO:0045944	positive regulation of transcription from RNA polymerase II promoter	has_regulation_target(UniProtKB:P19320)
GO:0000900	translation repressor activity, nucleic acid binding	has_regulation_target(UniProtKB:P19419)
GO:0030307	positive regulation of cell growth	has_regulation_target(UniProtKB:P19525)
GO:0039580	suppression by virus of host PKR activity	has_regulation_target(UniProtKB:P19525)
GO:0039613	suppression by virus of host protein phosphorylation	has_regulation_target(UniProtKB:P19525)
GO:1900181	negative regulation of protein localization to nucleus	has_regulation_target(UniProtKB:P19532)
GO:0000122	negative regulation of transcription from RNA polymerase II promoter	has_regulation_target(UniProtKB:P19532)
GO:0000122	negative regulation of transcription from RNA polymerase II promoter	has_regulation_target(UniProtKB:P19783
GO:0000122	negative regulation of transcription from RNA polymerase II promoter	has_regulation_target(UniProtKB:P19783
GO:0000122	negative regulation of transcription from RNA polymerase II promoter	has_regulation_target(UniProtKB:P19783)
GO:0043388	positive regulation of DNA binding	has_regulation_target(UniProtKB:P19793)
GO:0045944	positive regulation of transcription from RNA polymerase II promoter	has_regulation_target(UniProtKB:P19793)
GO:1990216	positive regulation by symbiont of host transcription	has_regulation_target(UniProtKB:P19793)
GO:0042346	positive regulation of NF-kappaB import into nucleus	has_regulation_target(UniProtKB:P19838)
GO:0006990	positive regulation of transcription from RNA polymerase II promoter involved in unfolded protein response	has_regulation_target(UniProtKB:P20029)
GO:1990440	positive regulation of transcription from RNA polymerase II promoter in response to endoplasmic reticulum stress	has_regulation_target(UniProtKB:P20029)
GO:0000122	negative regulation of transcription from RNA polymerase II promoter	has_regulation_target(UniProtKB:P20067)
GO:0045944	positive regulation of transcription from RNA polymerase II promoter	has_regulation_target(UniProtKB:P20067)
GO:0045944	positive regulation of transcription from RNA polymerase II promoter	has_regulation_target(UniProtKB:P20067)
GO:0045893	positive regulation of transcription, DNA-templated	has_regulation_target(UniProtKB:P20152)
GO:0010629	negative regulation of gene expression	has_regulation_target(UniProtKB:P20163
GO:0010628	positive regulation of gene expression	has_regulation_target(UniProtKB:P20163
GO:0033120	positive regulation of RNA splicing	has_regulation_target(UniProtKB:P20163)
GO:0045899	positive regulation of RNA polymerase II transcriptional preinitiation complex assembly	has_regulation_target(UniProtKB:P20226
GO:0045944	positive regulation of transcription from RNA polymerase II promoter	has_regulation_target(UniProtKB:P20248
GO:0010628	positive regulation of gene expression	has_regulation_target(UniProtKB:P20248
GO:0002725	negative regulation of T cell cytokine production	has_regulation_target(UniProtKB:P20333-2)
GO:0002726	positive regulation of T cell cytokine production	has_regulation_target(UniProtKB:P20333-2)
GO:0001047	core promoter binding	has_regulation_target(UniProtKB:P20591
GO:0010628	positive regulation of gene expression	has_regulation_target(UniProtKB:P20591
GO:0010628	positive regulation of gene expression	has_regulation_target(UniProtKB:P20591
GO:0000122	negative regulation of transcription from RNA polymerase II promoter	has_regulation_target(UniProtKB:P20722
GO:0045944	positive regulation of transcription from RNA polymerase II promoter	has_regulation_target(UniProtKB:P20722
GO:0000122	negative regulation of transcription from RNA polymerase II promoter	has_regulation_target(UniProtKB:P20722)
GO:0000122	negative regulation of transcription from RNA polymerase II promoter	has_regulation_target(UniProtKB:P20722)
GO:0000122	negative regulation of transcription from RNA polymerase II promoter	has_regulation_target(UniProtKB:P20722)
GO:0045944	positive regulation of transcription from RNA polymerase II promoter	has_regulation_target(UniProtKB:P20722)
GO:0045944	positive regulation of transcription from RNA polymerase II promoter	has_regulation_target(UniProtKB:P20722)
GO:0000122	negative regulation of transcription from RNA polymerase II promoter	has_regulation_target(UniProtKB:P20722)
GO:0010628	positive regulation of gene expression	has_regulation_target(UniProtKB:P20930)
GO:0045944	positive regulation of transcription from RNA polymerase II promoter	has_regulation_target(UniProtKB:P20930)
GO:0045944	positive regulation of transcription from RNA polymerase II promoter	has_regulation_target(UniProtKB:P20930)
GO:0010628	positive regulation of gene expression	has_regulation_target(UniProtKB:P20930)
GO:0045944	positive regulation of transcription from RNA polymerase II promoter	has_regulation_target(UniProtKB:P20930)
GO:0000122	negative regulation of transcription from RNA polymerase II promoter	has_regulation_target(UniProtKB:P21274)
GO:0045944	positive regulation of transcription from RNA polymerase II promoter	has_regulation_target(UniProtKB:P21274)
GO:0000983	transcription factor activity, RNA polymerase II core promoter sequence-specific	has_regulation_target(UniProtKB:P21274)
GO:0045944	positive regulation of transcription from RNA polymerase II promoter	has_regulation_target(UniProtKB:P21274)
GO:0001105	RNA polymerase II transcription coactivator activity	has_regulation_target(UniProtKB:P21274)
GO:0000983	transcription factor activity, RNA polymerase II core promoter sequence-specific	has_regulation_target(UniProtKB:P21275)
GO:0030513	positive regulation of BMP signaling pathway	has_regulation_target(UniProtKB:P21275)
GO:0001106	RNA polymerase II transcription corepressor activity	has_regulation_target(UniProtKB:P21275)
GO:1990219	positive regulation by symbiont of host protein levels	has_regulation_target(UniProtKB:P21333)
GO:1904530	negative regulation of actin filament binding	has_regulation_target(UniProtKB:P21333)
GO:0010629	negative regulation of gene expression	has_regulation_target(UniProtKB:P21397)
GO:0042053	regulation of dopamine metabolic process	has_regulation_target(UniProtKB:P21397)
GO:0001934	positive regulation of protein phosphorylation	has_regulation_target(UniProtKB:P21708
GO:0032092	positive regulation of protein binding	has_regulation_target(UniProtKB:P21796
GO:0032091	negative regulation of protein binding	has_regulation_target(UniProtKB:P21796
GO:0031397	negative regulation of protein ubiquitination	has_regulation_target(UniProtKB:P21796)
GO:1990214	negative regulation by symbiont of host protein levels	has_regulation_target(UniProtKB:P21796)
GO:0000122	negative regulation of transcription from RNA polymerase II promoter	has_regulation_target(UniProtKB:P21804)
GO:0001078	transcriptional repressor activity, RNA polymerase II core promoter proximal region sequence-specific binding	has_regulation_target(UniProtKB:P21804)
GO:0001077	transcriptional activator activity, RNA polymerase II core promoter proximal region sequence-specific binding	has_regulation_target(UniProtKB:P21860)
GO:0045944	positive regulation of transcription from RNA polymerase II promoter	has_regulation_target(UniProtKB:P21980)
GO:0000122	negative regulation of transcription from RNA polymerase II promoter	has_regulation_target(UniProtKB:P22004
GO:0045944	positive regulation of transcription from RNA polymerase II promoter	has_regulation_target(UniProtKB:P22004
GO:0000122	negative regulation of transcription from RNA polymerase II promoter	has_regulation_target(UniProtKB:P22004)
GO:0000122	negative regulation of transcription from RNA polymerase II promoter	has_regulation_target(UniProtKB:P22004)
GO:0000122	negative regulation of transcription from RNA polymerase II promoter	has_regulation_target(UniProtKB:P22004)
GO:0000122	negative regulation of transcription from RNA polymerase II promoter	has_regulation_target(UniProtKB:P22004)
GO:0045944	positive regulation of transcription from RNA polymerase II promoter	has_regulation_target(UniProtKB:P22004)
GO:0045944	positive regulation of transcription from RNA polymerase II promoter	has_regulation_target(UniProtKB:P22004)
GO:2000553	positive regulation of T-helper 2 cell cytokine production	has_regulation_target(UniProtKB:P22301)
GO:0010628	positive regulation of gene expression	has_regulation_target(UniProtKB:P22549)
GO:0000122	negative regulation of transcription from RNA polymerase II promoter	has_regulation_target(UniProtKB:P22605)
GO:0061357	positive regulation of Wnt protein secretion	has_regulation_target(UniProtKB:P22725)
GO:0010628	positive regulation of gene expression	has_regulation_target(UniProtKB:P22777
GO:0010628	positive regulation of gene expression	has_regulation_target(UniProtKB:P22777)
GO:0010628	positive regulation of gene expression	has_regulation_target(UniProtKB:P22829)
GO:0000435	positive regulation of transcription from RNA polymerase II promoter by galactose	has_regulation_target(UniProtKB:P22935)
GO:0000122	negative regulation of transcription from RNA polymerase II promoter	has_regulation_target(UniProtKB:P22935)
GO:0010628	positive regulation of gene expression	has_regulation_target(UniProtKB:P23142
GO:0010628	positive regulation of gene expression	has_regulation_target(UniProtKB:P23242
GO:0010608	posttranscriptional regulation of gene expression	has_regulation_target(UniProtKB:P23242
GO:0010629	negative regulation of gene expression	has_regulation_target(UniProtKB:P23242
GO:0033234	negative regulation of protein sumoylation	has_regulation_target(UniProtKB:P23246
GO:0032091	negative regulation of protein binding	has_regulation_target(UniProtKB:P23246)
GO:0000122	negative regulation of transcription from RNA polymerase II promoter	has_regulation_target(UniProtKB:P23359)
GO:0016925	protein sumoylation	has_regulation_target(UniProtKB:P23396
GO:0016925	protein sumoylation	has_regulation_target(UniProtKB:P23396
GO:0052055	modulation by symbiont of host molecular function	has_regulation_target(UniProtKB:P23396)
GO:1901224	positive regulation of NIK/NF-kappaB signaling	has_regulation_target(UniProtKB:P23396)
GO:0018216	peptidyl-arginine methylation	has_regulation_target(UniProtKB:P23396)
GO:0050821	protein stabilization	has_regulation_target(UniProtKB:P23396)
GO:0032079	positive regulation of endodeoxyribonuclease activity	has_regulation_target(UniProtKB:P23396)
GO:0016925	protein sumoylation	has_regulation_target(UniProtKB:P23396)
GO:0004674	protein serine/threonine kinase activity	has_regulation_target(UniProtKB:P23396)
GO:0042307	positive regulation of protein import into nucleus	has_regulation_target(UniProtKB:P23396)
GO:0017148	negative regulation of translation	has_regulation_target(UniProtKB:P23396)
GO:1900182	positive regulation of protein localization to nucleus	has_regulation_target(UniProtKB:P23396)
GO:0008276	protein methyltransferase activity	has_regulation_target(UniProtKB:P23396)
GO:0010801	negative regulation of peptidyl-threonine phosphorylation	has_regulation_target(UniProtKB:P23443)
GO:0010800	positive regulation of peptidyl-threonine phosphorylation	has_regulation_target(UniProtKB:P23443)
GO:0006469	negative regulation of protein kinase activity	has_regulation_target(UniProtKB:P23443)
GO:0045944	positive regulation of transcription from RNA polymerase II promoter	has_regulation_target(UniProtKB:P23490)
GO:0045944	positive regulation of transcription from RNA polymerase II promoter	has_regulation_target(UniProtKB:P23490)
GO:0045944	positive regulation of transcription from RNA polymerase II promoter	has_regulation_target(UniProtKB:P23490)
GO:0043124	negative regulation of I-kappaB kinase/NF-kappaB signaling	has_regulation_target(UniProtKB:P23563)
GO:0010628	positive regulation of gene expression	has_regulation_target(UniProtKB:P23611
GO:0010629	negative regulation of gene expression	has_regulation_target(UniProtKB:P23769)
GO:0010466	negative regulation of peptidase activity	has_regulation_target(UniProtKB:P23946)
GO:0045944	positive regulation of transcription from RNA polymerase II promoter	has_regulation_target(UniProtKB:P23975)
GO:0010629	negative regulation of gene expression	has_regulation_target(UniProtKB:P24270)
GO:0010628	positive regulation of gene expression	has_regulation_target(UniProtKB:P24385)
GO:0045944	positive regulation of transcription from RNA polymerase II promoter	has_regulation_target(UniProtKB:P24387)
GO:0045944	positive regulation of transcription from RNA polymerase II promoter	has_regulation_target(UniProtKB:P24387)
GO:0000122	negative regulation of transcription from RNA polymerase II promoter	has_regulation_target(UniProtKB:P24387)
GO:0045944	positive regulation of transcription from RNA polymerase II promoter	has_regulation_target(UniProtKB:P24388)
GO:0000122	negative regulation of transcription from RNA polymerase II promoter	has_regulation_target(UniProtKB:P24388)
GO:0045944	positive regulation of transcription from RNA polymerase II promoter	has_regulation_target(UniProtKB:P24529
GO:0000122	negative regulation of transcription from RNA polymerase II promoter	has_regulation_target(UniProtKB:P24593)
GO:0045944	positive regulation of transcription from RNA polymerase II promoter	has_regulation_target(UniProtKB:P24593)
GO:0045944	positive regulation of transcription from RNA polymerase II promoter	has_regulation_target(UniProtKB:P24821)
GO:0090004	positive regulation of establishment of protein localization to plasma membrane	has_regulation_target(UniProtKB:P24822)
GO:0010629	negative regulation of gene expression	has_regulation_target(UniProtKB:P24863)
GO:0045944	positive regulation of transcription from RNA polymerase II promoter	has_regulation_target(UniProtKB:P24864)
GO:0010628	positive regulation of gene expression	has_regulation_target(UniProtKB:P24864)
GO:0045899	positive regulation of RNA polymerase II transcriptional preinitiation complex assembly	has_regulation_target(UniProtKB:P24928)
GO:0032436	positive regulation of proteasomal ubiquitin-dependent protein catabolic process	has_regulation_target(UniProtKB:P24941
GO:0045736	negative regulation of cyclin-dependent protein serine/threonine kinase activity	has_regulation_target(UniProtKB:P24941)
GO:0032091	negative regulation of protein binding	has_regulation_target(UniProtKB:P25054
GO:0045944	positive regulation of transcription from RNA polymerase II promoter	has_regulation_target(UniProtKB:P25294)
GO:0043065	positive regulation of apoptotic process	has_regulation_target(UniProtKB:P25445)
GO:0045944	positive regulation of transcription from RNA polymerase II promoter	has_regulation_target(UniProtKB:P25491)
GO:0010628	positive regulation of gene expression	has_regulation_target(UniProtKB:P25942
GO:0010628	positive regulation of gene expression	has_regulation_target(UniProtKB:P25942
GO:0000122	negative regulation of transcription from RNA polymerase II promoter	has_regulation_target(UniProtKB:P25962)
GO:0010628	positive regulation of gene expression	has_regulation_target(UniProtKB:P26038)
GO:0001934	positive regulation of protein phosphorylation	has_regulation_target(UniProtKB:P26038)
GO:0045944	positive regulation of transcription from RNA polymerase II promoter	has_regulation_target(UniProtKB:P26618)
GO:0001077	transcriptional activator activity, RNA polymerase II core promoter proximal region sequence-specific binding	has_regulation_target(UniProtKB:P26618)
GO:0090266	regulation of mitotic cell cycle spindle assembly checkpoint	has_regulation_target(UniProtKB:P26696)
GO:0010628	positive regulation of gene expression	has_regulation_target(UniProtKB:P26892)
GO:0023019	signal transduction involved in regulation of gene expression	has_regulation_target(UniProtKB:P26893)
GO:0023019	signal transduction involved in regulation of gene expression	has_regulation_target(UniProtKB:P26894)
GO:2000010	positive regulation of protein localization to cell surface	has_regulation_target(UniProtKB:P27038)
GO:0010629	negative regulation of gene expression	has_regulation_target(UniProtKB:P27338)
GO:0042053	regulation of dopamine metabolic process	has_regulation_target(UniProtKB:P27338)
GO:0001933	negative regulation of protein phosphorylation	has_regulation_target(UniProtKB:P27361
GO:0010629	negative regulation of gene expression	has_regulation_target(UniProtKB:P27361)
GO:0010629	negative regulation of gene expression	has_regulation_target(UniProtKB:P27361)
GO:0061357	positive regulation of Wnt protein secretion	has_regulation_target(UniProtKB:P27467)
GO:0010628	positive regulation of gene expression	has_regulation_target(UniProtKB:P27512
GO:0010628	positive regulation of gene expression	has_regulation_target(UniProtKB:P27512
GO:0002230	positive regulation of defense response to virus by host	has_regulation_target(UniProtKB:P27512)
GO:0010628	positive regulation of gene expression	has_regulation_target(UniProtKB:P27573)
GO:0032079	positive regulation of endodeoxyribonuclease activity	has_regulation_target(UniProtKB:P27695)
GO:0004674	protein serine/threonine kinase activity	has_regulation_target(UniProtKB:P27705)
GO:0006468	protein phosphorylation	has_regulation_target(UniProtKB:P27705)
GO:0061429	positive regulation of transcription from RNA polymerase II promoter by oleic acid	has_regulation_target(UniProtKB:P27796)
GO:0061429	positive regulation of transcription from RNA polymerase II promoter by oleic acid	has_regulation_target(UniProtKB:P27796)
GO:0045944	positive regulation of transcription from RNA polymerase II promoter	has_regulation_target(UniProtKB:P27796)
GO:0045071	negative regulation of viral genome replication	has_regulation_target(UniProtKB:P27958)
GO:0046726	positive regulation by virus of viral protein levels in host cell	has_regulation_target(UniProtKB:P27958:PRO_0000037566)
GO:0048525	negative regulation of viral process	has_regulation_target(UniProtKB:P27958:PRO_0000037573)
GO:0032780	negative regulation of ATPase activity	has_regulation_target(UniProtKB:P27958:PRO_0000037573)
GO:0045862	positive regulation of proteolysis	has_regulation_target(UniProtKB:P27958:PRO_0000037573)
GO:1900260	negative regulation of RNA-directed 5'-3' RNA polymerase activity	has_regulation_target(UniProtKB:P27958:PRO_0000037577)
GO:0035593	positive regulation of Wnt signaling pathway by establishment of Wnt protein localization to extracellular region	has_regulation_target(UniProtKB:P28026)
GO:0045860	positive regulation of protein kinase activity	has_regulation_target(UniProtKB:P28028
GO:0043392	negative regulation of DNA binding	has_regulation_target(UniProtKB:P28033)
GO:0032148	activation of protein kinase B activity	has_regulation_target(UniProtKB:P28178)
GO:0032147	activation of protein kinase activity	has_regulation_target(UniProtKB:P28178)
GO:0001934	positive regulation of protein phosphorylation	has_regulation_target(UniProtKB:P28178)
GO:0045859	regulation of protein kinase activity	has_regulation_target(UniProtKB:P28178)
GO:0001934	positive regulation of protein phosphorylation	has_regulation_target(UniProtKB:P28178)
GO:0071901	negative regulation of protein serine/threonine kinase activity	has_regulation_target(UniProtKB:P28178)
GO:0050821	protein stabilization	has_regulation_target(UniProtKB:P28288)
GO:0001933	negative regulation of protein phosphorylation	has_regulation_target(UniProtKB:P28482
GO:0010629	negative regulation of gene expression	has_regulation_target(UniProtKB:P28482)
GO:0010629	negative regulation of gene expression	has_regulation_target(UniProtKB:P28482)
GO:0070374	positive regulation of ERK1 and ERK2 cascade	has_regulation_target(UniProtKB:P28862)
GO:0010629	negative regulation of gene expression	has_regulation_target(UniProtKB:P28906
GO:0045944	positive regulation of transcription from RNA polymerase II promoter	has_regulation_target(UniProtKB:P28906)
GO:0010629	negative regulation of gene expression	has_regulation_target(UniProtKB:P28906)
GO:0045892	negative regulation of transcription, DNA-templated	has_regulation_target(UniProtKB:P29122)
GO:0044793	negative regulation by host of viral process	has_regulation_target(UniProtKB:P29128)
GO:2001184	positive regulation of interleukin-12 secretion	has_regulation_target(UniProtKB:P29460)
GO:0045944	positive regulation of transcription from RNA polymerase II promoter	has_regulation_target(UniProtKB:P29460)
GO:0010628	positive regulation of gene expression	has_regulation_target(UniProtKB:P29460)
GO:0051247	positive regulation of protein metabolic process	has_regulation_target(UniProtKB:P29474)
GO:0010628	positive regulation of gene expression	has_regulation_target(UniProtKB:P29474)
GO:0010628	positive regulation of gene expression	has_regulation_target(UniProtKB:P29474)
GO:0010628	positive regulation of gene expression	has_regulation_target(UniProtKB:P29474)
GO:0051247	positive regulation of protein metabolic process	has_regulation_target(UniProtKB:P29474)
GO:0010628	positive regulation of gene expression	has_regulation_target(UniProtKB:P29477)
GO:0010629	negative regulation of gene expression	has_regulation_target(UniProtKB:P29506
GO:0010628	positive regulation of gene expression	has_regulation_target(UniProtKB:P29533
GO:0090073	positive regulation of protein homodimerization activity	has_regulation_target(UniProtKB:P29755
GO:0090073	positive regulation of protein homodimerization activity	has_regulation_target(UniProtKB:P29755
GO:0045944	positive regulation of transcription from RNA polymerase II promoter	has_regulation_target(UniProtKB:P29812)
GO:0016310	phosphorylation	has_regulation_target(UniProtKB:P30022)
GO:0010629	negative regulation of gene expression	has_regulation_target(UniProtKB:P30041)
GO:0023019	signal transduction involved in regulation of gene expression	has_regulation_target(UniProtKB:P30120
GO:0023019	signal transduction involved in regulation of gene expression	has_regulation_target(UniProtKB:P30120
GO:0023019	signal transduction involved in regulation of gene expression	has_regulation_target(UniProtKB:P30120
GO:0010629	negative regulation of gene expression	has_regulation_target(UniProtKB:P30279)
GO:0000083	regulation of transcription involved in G1/S transition of mitotic cell cycle	has_regulation_target(UniProtKB:P30279)
GO:0010628	positive regulation of gene expression	has_regulation_target(UniProtKB:P30530)
GO:0001934	positive regulation of protein phosphorylation	has_regulation_target(UniProtKB:P30530)
GO:0045860	positive regulation of protein kinase activity	has_regulation_target(UniProtKB:P30530)
GO:0051343	positive regulation of cyclic-nucleotide phosphodiesterase activity	has_regulation_target(UniProtKB:P30645)
GO:0010628	positive regulation of gene expression	has_regulation_target(UniProtKB:P30882
GO:0010628	positive regulation of gene expression	has_regulation_target(UniProtKB:P30882)
GO:0032722	positive regulation of chemokine production	has_regulation_target(UniProtKB:P30882)
GO:0045892	negative regulation of transcription, DNA-templated	has_regulation_target(UniProtKB:P30988)
GO:0032092	positive regulation of protein binding	has_regulation_target(UniProtKB:P30999)
GO:0000122	negative regulation of transcription from RNA polymerase II promoter	has_regulation_target(UniProtKB:P31260)
GO:0031954	positive regulation of protein autophosphorylation	has_regulation_target(UniProtKB:P31431)
GO:0045944	positive regulation of transcription from RNA polymerase II promoter	has_regulation_target(UniProtKB:P31539)
GO:0001934	positive regulation of protein phosphorylation	has_regulation_target(UniProtKB:P31749
GO:0032148	activation of protein kinase B activity	has_regulation_target(UniProtKB:P31749
GO:0033138	positive regulation of peptidyl-serine phosphorylation	has_regulation_target(UniProtKB:P31749
GO:2000811	negative regulation of anoikis	has_regulation_target(UniProtKB:P31749
GO:0033138	positive regulation of peptidyl-serine phosphorylation	has_regulation_target(UniProtKB:P31749)
GO:0051897	positive regulation of protein kinase B signaling	has_regulation_target(UniProtKB:P31749)
GO:0001933	negative regulation of protein phosphorylation	has_regulation_target(UniProtKB:P31749)
GO:0033137	negative regulation of peptidyl-serine phosphorylation	has_regulation_target(UniProtKB:P31749)
GO:0001934	positive regulation of protein phosphorylation	has_regulation_target(UniProtKB:P31749)
GO:0051898	negative regulation of protein kinase B signaling	has_regulation_target(UniProtKB:P31749)
GO:0033138	positive regulation of peptidyl-serine phosphorylation	has_regulation_target(UniProtKB:P31749)
GO:0032148	activation of protein kinase B activity	has_regulation_target(UniProtKB:P31749)
GO:0010800	positive regulation of peptidyl-threonine phosphorylation	has_regulation_target(UniProtKB:P31749)
GO:0033138	positive regulation of peptidyl-serine phosphorylation	has_regulation_target(UniProtKB:P31750
GO:0033137	negative regulation of peptidyl-serine phosphorylation	has_regulation_target(UniProtKB:P31750)
GO:0001934	positive regulation of protein phosphorylation	has_regulation_target(UniProtKB:P31750)
GO:0035897	proteolysis in other organism	has_regulation_target(UniProtKB:P31938
GO:0046580	negative regulation of Ras protein signal transduction	has_regulation_target(UniProtKB:P32252
GO:0034260	negative regulation of GTPase activity	has_regulation_target(UniProtKB:P32252)
GO:0046580	negative regulation of Ras protein signal transduction	has_regulation_target(UniProtKB:P32253
GO:0043547	positive regulation of GTPase activity	has_regulation_target(UniProtKB:P32253
GO:0010628	positive regulation of gene expression	has_regulation_target(UniProtKB:P32253
GO:0090630	activation of GTPase activity	has_regulation_target(UniProtKB:P32253
GO:0046580	negative regulation of Ras protein signal transduction	has_regulation_target(UniProtKB:P32253)
GO:1903168	positive regulation of pyrroline-5-carboxylate reductase activity	has_regulation_target(UniProtKB:P32322)
GO:0045944	positive regulation of transcription from RNA polymerase II promoter	has_regulation_target(UniProtKB:P32567
GO:0000981	RNA polymerase II transcription factor activity, sequence-specific DNA binding	has_regulation_target(UniProtKB:P32567
GO:0034501	protein localization to kinetochore	has_regulation_target(UniProtKB:P32744)
GO:1903077	negative regulation of protein localization to plasma membrane	has_regulation_target(UniProtKB:P33151
GO:0050731	positive regulation of peptidyl-tyrosine phosphorylation	has_regulation_target(UniProtKB:P33151
GO:0001934	positive regulation of protein phosphorylation	has_regulation_target(UniProtKB:P33151)
GO:0045944	positive regulation of transcription from RNA polymerase II promoter	has_regulation_target(UniProtKB:P33173)
GO:0001078	transcriptional repressor activity, RNA polymerase II core promoter proximal region sequence-specific binding	has_regulation_target(UniProtKB:P33242)
GO:0045944	positive regulation of transcription from RNA polymerase II promoter	has_regulation_target(UniProtKB:P33302
GO:0045944	positive regulation of transcription from RNA polymerase II promoter	has_regulation_target(UniProtKB:P33416)
GO:1905049	negative regulation of metallopeptidase activity	has_regulation_target(UniProtKB:P33434
GO:0045944	positive regulation of transcription from RNA polymerase II promoter	has_regulation_target(UniProtKB:P33434
GO:1904684	negative regulation of metalloendopeptidase activity	has_regulation_target(UniProtKB:P33434
GO:0010628	positive regulation of gene expression	has_regulation_target(UniProtKB:P33434
GO:1904685	positive regulation of metalloendopeptidase activity	has_regulation_target(UniProtKB:P33436)
GO:0006468	protein phosphorylation	has_regulation_target(UniProtKB:P33450)
GO:0010628	positive regulation of gene expression	has_regulation_target(UniProtKB:P33681
GO:0010628	positive regulation of gene expression	has_regulation_target(UniProtKB:P33681
GO:0010628	positive regulation of gene expression	has_regulation_target(UniProtKB:P33681)
GO:1903683	positive regulation of epithelial cell-cell adhesion involved in epithelium migration	has_regulation_target(UniProtKB:P34082
GO:1903077	negative regulation of protein localization to plasma membrane	has_regulation_target(UniProtKB:P34082
GO:1903387	positive regulation of homophilic cell adhesion	has_regulation_target(UniProtKB:P34082
GO:0010628	positive regulation of gene expression	has_regulation_target(UniProtKB:P34099)
GO:0010628	positive regulation of gene expression	has_regulation_target(UniProtKB:P34099)
GO:0017148	negative regulation of translation	has_regulation_target(UniProtKB:P34099)
GO:0004862	cAMP-dependent protein kinase inhibitor activity	has_regulation_target(UniProtKB:P34099)
GO:0045859	regulation of protein kinase activity	has_regulation_target(UniProtKB:P34099)
GO:0010628	positive regulation of gene expression	has_regulation_target(UniProtKB:P34099)
GO:0032781	positive regulation of ATPase activity	has_regulation_target(UniProtKB:P34109)
GO:0001934	positive regulation of protein phosphorylation	has_regulation_target(UniProtKB:P34152)
GO:0034501	protein localization to kinetochore	has_regulation_target(UniProtKB:P34278
GO:0034501	protein localization to kinetochore	has_regulation_target(UniProtKB:P34278)
GO:0010628	positive regulation of gene expression	has_regulation_target(UniProtKB:P34299
GO:0004843	thiol-dependent ubiquitin-specific protease activity	has_regulation_target(UniProtKB:P34299
GO:0010628	positive regulation of gene expression	has_regulation_target(UniProtKB:P34299
GO:2000010	positive regulation of protein localization to cell surface	has_regulation_target(UniProtKB:P34299
GO:0010628	positive regulation of gene expression	has_regulation_target(UniProtKB:P34299
GO:1903539	protein localization to postsynaptic membrane	has_regulation_target(UniProtKB:P34299
GO:2000311	regulation of alpha-amino-3-hydroxy-5-methyl-4-isoxazole propionate selective glutamate receptor activity	has_regulation_target(UniProtKB:P34299
GO:2000010	positive regulation of protein localization to cell surface	has_regulation_target(UniProtKB:P34299
GO:0006511	ubiquitin-dependent protein catabolic process	has_regulation_target(UniProtKB:P34299)
GO:0008344	adult locomotory behavior	has_regulation_target(UniProtKB:P34299)
GO:0050821	protein stabilization	has_regulation_target(UniProtKB:P34299)
GO:1903539	protein localization to postsynaptic membrane	has_regulation_target(UniProtKB:P34299)
GO:1904294	positive regulation of ERAD pathway	has_regulation_target(UniProtKB:P34299)
GO:0034498	early endosome to Golgi transport	has_regulation_target(UniProtKB:P34299)
GO:1902683	regulation of receptor localization to synapse	has_regulation_target(UniProtKB:P34299)
GO:0007638	mechanosensory behavior	has_regulation_target(UniProtKB:P34299)
GO:1904781	positive regulation of protein localization to centrosome	has_regulation_target(UniProtKB:P34475
GO:1903003	positive regulation of protein deubiquitination	has_regulation_target(UniProtKB:P34547)
GO:0010628	positive regulation of gene expression	has_regulation_target(UniProtKB:P34616)
GO:1900182	positive regulation of protein localization to nucleus	has_regulation_target(UniProtKB:P34707
GO:0010629	negative regulation of gene expression	has_regulation_target(UniProtKB:P34709)
GO:0032781	positive regulation of ATPase activity	has_regulation_target(UniProtKB:P34931)
GO:1900011	negative regulation of corticotropin-releasing hormone receptor activity	has_regulation_target(UniProtKB:P34998)
GO:0045944	positive regulation of transcription from RNA polymerase II promoter	has_regulation_target(UniProtKB:P35191)
GO:0031648	protein destabilization	has_regulation_target(UniProtKB:P35222
GO:0032436	positive regulation of proteasomal ubiquitin-dependent protein catabolic process	has_regulation_target(UniProtKB:P35222
GO:0045732	positive regulation of protein catabolic process	has_regulation_target(UniProtKB:P35222
GO:0032436	positive regulation of proteasomal ubiquitin-dependent protein catabolic process	has_regulation_target(UniProtKB:P35222
GO:0032091	negative regulation of protein binding	has_regulation_target(UniProtKB:P35222
GO:0031398	positive regulation of protein ubiquitination	has_regulation_target(UniProtKB:P35222)
GO:1903364	positive regulation of cellular protein catabolic process	has_regulation_target(UniProtKB:P35222)
GO:0032436	positive regulation of proteasomal ubiquitin-dependent protein catabolic process	has_regulation_target(UniProtKB:P35222)
GO:0032091	negative regulation of protein binding	has_regulation_target(UniProtKB:P35222)
GO:1900180	regulation of protein localization to nucleus	has_regulation_target(UniProtKB:P35222)
GO:0042177	negative regulation of protein catabolic process	has_regulation_target(UniProtKB:P35222)
GO:0002725	negative regulation of T cell cytokine production	has_regulation_target(UniProtKB:P35225)
GO:0002726	positive regulation of T cell cytokine production	has_regulation_target(UniProtKB:P35225)
GO:0010628	positive regulation of gene expression	has_regulation_target(UniProtKB:P35228)
GO:0045892	negative regulation of transcription, DNA-templated	has_regulation_target(UniProtKB:P35326)
GO:0031398	positive regulation of protein ubiquitination	has_regulation_target(UniProtKB:P35354)
GO:0032092	positive regulation of protein binding	has_regulation_target(UniProtKB:P35354)
GO:0010628	positive regulation of gene expression	has_regulation_target(UniProtKB:P35401)
GO:0045892	negative regulation of transcription, DNA-templated	has_regulation_target(UniProtKB:P35455
GO:0050732	negative regulation of peptidyl-tyrosine phosphorylation	has_regulation_target(UniProtKB:P35569)
GO:0061394	regulation of transcription from RNA polymerase II promoter in response to arsenic-containing substance	has_regulation_target(UniProtKB:P35638)
GO:0061395	positive regulation of transcription from RNA polymerase II promoter in response to arsenic-containing substance	has_regulation_target(UniProtKB:P35638)
GO:1990441	negative regulation of transcription from RNA polymerase II promoter in response to endoplasmic reticulum stress	has_regulation_target(UniProtKB:P35638)
GO:0010628	positive regulation of gene expression	has_regulation_target(UniProtKB:P35639
GO:0010628	positive regulation of gene expression	has_regulation_target(UniProtKB:P35639
GO:0010628	positive regulation of gene expression	has_regulation_target(UniProtKB:P35639)
GO:1990440	positive regulation of transcription from RNA polymerase II promoter in response to endoplasmic reticulum stress	has_regulation_target(UniProtKB:P35639)
GO:0010628	positive regulation of gene expression	has_regulation_target(UniProtKB:P35639)
GO:1990441	negative regulation of transcription from RNA polymerase II promoter in response to endoplasmic reticulum stress	has_regulation_target(UniProtKB:P35639)
GO:0010628	positive regulation of gene expression	has_regulation_target(UniProtKB:P35639)
GO:0010629	negative regulation of gene expression	has_regulation_target(UniProtKB:P35639)
GO:0050731	positive regulation of peptidyl-tyrosine phosphorylation	has_regulation_target(UniProtKB:P35918)
GO:1900086	positive regulation of peptidyl-tyrosine autophosphorylation	has_regulation_target(UniProtKB:P35918)
GO:0045944	positive regulation of transcription from RNA polymerase II promoter	has_regulation_target(UniProtKB:P35918)
GO:0045944	positive regulation of transcription from RNA polymerase II promoter	has_regulation_target(UniProtKB:P35918)
GO:0001077	transcriptional activator activity, RNA polymerase II core promoter proximal region sequence-specific binding	has_regulation_target(UniProtKB:P35918)
GO:0002092	positive regulation of receptor internalization	has_regulation_target(UniProtKB:P35918)
GO:0010629	negative regulation of gene expression	has_regulation_target(UniProtKB:P35968)
GO:0010629	negative regulation of gene expression	has_regulation_target(UniProtKB:P35968)
GO:0090314	positive regulation of protein targeting to membrane	has_regulation_target(UniProtKB:P35968)
GO:0010628	positive regulation of gene expression	has_regulation_target(UniProtKB:P35968)
GO:0034260	negative regulation of GTPase activity	has_regulation_target(UniProtKB:P36412)
GO:0035897	proteolysis in other organism	has_regulation_target(UniProtKB:P36507
GO:1903049	negative regulation of acetylcholine-gated cation channel activity	has_regulation_target(UniProtKB:P36544)
GO:0010628	positive regulation of gene expression	has_regulation_target(UniProtKB:P36894)
GO:0032435	negative regulation of proteasomal ubiquitin-dependent protein catabolic process	has_regulation_target(UniProtKB:P36894)
GO:2000059	negative regulation of protein ubiquitination involved in ubiquitin-dependent protein catabolic process	has_regulation_target(UniProtKB:P36894)
GO:0010628	positive regulation of gene expression	has_regulation_target(UniProtKB:P36895)
GO:2000059	negative regulation of protein ubiquitination involved in ubiquitin-dependent protein catabolic process	has_regulation_target(UniProtKB:P36895)
GO:0032435	negative regulation of proteasomal ubiquitin-dependent protein catabolic process	has_regulation_target(UniProtKB:P36895)
GO:0045944	positive regulation of transcription from RNA polymerase II promoter	has_regulation_target(UniProtKB:P36897)
GO:0070373	negative regulation of ERK1 and ERK2 cascade	has_regulation_target(UniProtKB:P37231)
GO:0010628	positive regulation of gene expression	has_regulation_target(UniProtKB:P37238-1
GO:0000122	negative regulation of transcription from RNA polymerase II promoter	has_regulation_target(UniProtKB:P37275)
GO:0010628	positive regulation of gene expression	has_regulation_target(UniProtKB:P37804
GO:0032268	regulation of cellular protein metabolic process	has_regulation_target(UniProtKB:P37840
GO:0032463	negative regulation of protein homooligomerization	has_regulation_target(UniProtKB:P37840
GO:0032463	negative regulation of protein homooligomerization	has_regulation_target(UniProtKB:P37840
GO:0043243	positive regulation of protein complex disassembly	has_regulation_target(UniProtKB:P37840
GO:0043243	positive regulation of protein complex disassembly	has_regulation_target(UniProtKB:P37840
GO:0032460	negative regulation of protein oligomerization	has_regulation_target(UniProtKB:P37840
GO:0010629	negative regulation of gene expression	has_regulation_target(UniProtKB:P37840
GO:0032461	positive regulation of protein oligomerization	has_regulation_target(UniProtKB:P37840)
GO:1902905	positive regulation of fibril organization	has_regulation_target(UniProtKB:P37840)
GO:1902903	regulation of fibril organization	has_regulation_target(UniProtKB:P37840)
GO:1903364	positive regulation of cellular protein catabolic process	has_regulation_target(UniProtKB:P37840)
GO:0032463	negative regulation of protein homooligomerization	has_regulation_target(UniProtKB:P37840)
GO:0050714	positive regulation of protein secretion	has_regulation_target(UniProtKB:P37840)
GO:0051354	negative regulation of oxidoreductase activity	has_regulation_target(UniProtKB:P37840)
GO:0045944	positive regulation of transcription from RNA polymerase II promoter	has_regulation_target(UniProtKB:P38260)
GO:0090334	regulation of cell wall (1->3)-beta-D-glucan biosynthetic process	has_regulation_target(UniProtKB:P38631)
GO:1902002	protein phosphorylation involved in cellular protein catabolic process	has_regulation_target(UniProtKB:P38634)
GO:1902002	protein phosphorylation involved in cellular protein catabolic process	has_regulation_target(UniProtKB:P38634)
GO:0045944	positive regulation of transcription from RNA polymerase II promoter	has_regulation_target(UniProtKB:P38936)
GO:0001078	transcriptional repressor activity, RNA polymerase II core promoter proximal region sequence-specific binding	has_regulation_target(UniProtKB:P38936)
GO:0010628	positive regulation of gene expression	has_regulation_target(UniProtKB:P38936)
GO:0045944	positive regulation of transcription from RNA polymerase II promoter	has_regulation_target(UniProtKB:P38936)
GO:0045944	positive regulation of transcription from RNA polymerase II promoter	has_regulation_target(UniProtKB:P38936)
GO:0005096	GTPase activator activity	has_regulation_target(UniProtKB:P38987)
GO:0045944	positive regulation of transcription from RNA polymerase II promoter	has_regulation_target(UniProtKB:P39105)
GO:0039547	suppression by virus of host TRAF activity	has_regulation_target(UniProtKB:P39429)
GO:1903265	positive regulation of tumor necrosis factor-mediated signaling pathway	has_regulation_target(UniProtKB:P39429)
GO:0039644	suppression by virus of host NF-kappaB transcription factor activity	has_regulation_target(UniProtKB:P39429)
GO:0004713	protein tyrosine kinase activity	has_regulation_target(UniProtKB:P39688)
GO:0045944	positive regulation of transcription from RNA polymerase II promoter	has_regulation_target(UniProtKB:P39689)
GO:0043407	negative regulation of MAP kinase activity	has_regulation_target(UniProtKB:P39745-1)
GO:0045944	positive regulation of transcription from RNA polymerase II promoter	has_regulation_target(UniProtKB:P39932)
GO:0031397	negative regulation of protein ubiquitination	has_regulation_target(UniProtKB:P39940)
GO:0032091	negative regulation of protein binding	has_regulation_target(UniProtKB:P40337
GO:0051444	negative regulation of ubiquitin-protein transferase activity	has_regulation_target(UniProtKB:P40337)
GO:0051444	negative regulation of ubiquitin-protein transferase activity	has_regulation_target(UniProtKB:P40338)
GO:0000122	negative regulation of transcription from RNA polymerase II promoter	has_regulation_target(UniProtKB:P40753)
GO:0042517	positive regulation of tyrosine phosphorylation of Stat3 protein	has_regulation_target(UniProtKB:P40763)
GO:0005086	ARF guanyl-nucleotide exchange factor activity	has_regulation_target(UniProtKB:P40994
GO:0045944	positive regulation of transcription from RNA polymerase II promoter	has_regulation_target(UniProtKB:P41134)
GO:0045944	positive regulation of transcription from RNA polymerase II promoter	has_regulation_target(UniProtKB:P41134)
GO:0000122	negative regulation of transcription from RNA polymerase II promoter	has_regulation_target(UniProtKB:P41134)
GO:0045944	positive regulation of transcription from RNA polymerase II promoter	has_regulation_target(UniProtKB:P41134)
GO:0045944	positive regulation of transcription from RNA polymerase II promoter	has_regulation_target(UniProtKB:P41134)
GO:0045944	positive regulation of transcription from RNA polymerase II promoter	has_regulation_target(UniProtKB:P41136)
GO:1905050	positive regulation of metallopeptidase activity	has_regulation_target(UniProtKB:P41245
GO:0045944	positive regulation of transcription from RNA polymerase II promoter	has_regulation_target(UniProtKB:P41245
GO:1904685	positive regulation of metalloendopeptidase activity	has_regulation_target(UniProtKB:P41245
GO:0031954	positive regulation of protein autophosphorylation	has_regulation_target(UniProtKB:P41808)
GO:0010628	positive regulation of gene expression	has_regulation_target(UniProtKB:P41977
GO:0010628	positive regulation of gene expression	has_regulation_target(UniProtKB:P41977)
GO:0010628	positive regulation of gene expression	has_regulation_target(UniProtKB:P41977)
GO:0010628	positive regulation of gene expression	has_regulation_target(UniProtKB:P41977)
GO:0010628	positive regulation of gene expression	has_regulation_target(UniProtKB:P42081
GO:0010628	positive regulation of gene expression	has_regulation_target(UniProtKB:P42081
GO:0010628	positive regulation of gene expression	has_regulation_target(UniProtKB:P42081
GO:0010628	positive regulation of gene expression	has_regulation_target(UniProtKB:P42082
GO:0010628	positive regulation of gene expression	has_regulation_target(UniProtKB:P42082
GO:0002230	positive regulation of defense response to virus by host	has_regulation_target(UniProtKB:P42082
GO:0033141	positive regulation of peptidyl-serine phosphorylation of STAT protein	has_regulation_target(UniProtKB:P42224
GO:0033141	positive regulation of peptidyl-serine phosphorylation of STAT protein	has_regulation_target(UniProtKB:P42224
GO:0033138	positive regulation of peptidyl-serine phosphorylation	has_regulation_target(UniProtKB:P42224
GO:0042327	positive regulation of phosphorylation	has_regulation_target(UniProtKB:P42224)
GO:1990214	negative regulation by symbiont of host protein levels	has_regulation_target(UniProtKB:P42224)
GO:0042512	negative regulation of tyrosine phosphorylation of Stat1 protein	has_regulation_target(UniProtKB:P42224)
GO:0042993	positive regulation of transcription factor import into nucleus	has_regulation_target(UniProtKB:P42225
GO:2000008	regulation of protein localization to cell surface	has_regulation_target(UniProtKB:P42262)
GO:0071902	positive regulation of protein serine/threonine kinase activity	has_regulation_target(UniProtKB:P42345)
GO:0050821	protein stabilization	has_regulation_target(UniProtKB:P42345)
GO:2001272	positive regulation of cysteine-type endopeptidase activity involved in execution phase of apoptosis	has_regulation_target(UniProtKB:P42573)
GO:2001269	positive regulation of cysteine-type endopeptidase activity involved in apoptotic signaling pathway	has_regulation_target(UniProtKB:P42574
GO:0043154	negative regulation of cysteine-type endopeptidase activity involved in apoptotic process	has_regulation_target(UniProtKB:P42574
GO:0039650	suppression by virus of host cysteine-type endopeptidase activity involved in apoptotic process	has_regulation_target(UniProtKB:P42574
GO:0010628	positive regulation of gene expression	has_regulation_target(UniProtKB:P42574)
GO:0043280	positive regulation of cysteine-type endopeptidase activity involved in apoptotic process	has_regulation_target(UniProtKB:P42574)
GO:0006919	activation of cysteine-type endopeptidase activity involved in apoptotic process	has_regulation_target(UniProtKB:P42574)
GO:2001269	positive regulation of cysteine-type endopeptidase activity involved in apoptotic signaling pathway	has_regulation_target(UniProtKB:P42574)
GO:0043154	negative regulation of cysteine-type endopeptidase activity involved in apoptotic process	has_regulation_target(UniProtKB:P42574)
GO:0008656	cysteine-type endopeptidase activator activity involved in apoptotic process	has_regulation_target(UniProtKB:P42574)
GO:0008047	enzyme activator activity	has_regulation_target(UniProtKB:P42574)
GO:0006919	activation of cysteine-type endopeptidase activity involved in apoptotic process	has_regulation_target(UniProtKB:P42574)
GO:0043154	negative regulation of cysteine-type endopeptidase activity involved in apoptotic process	has_regulation_target(UniProtKB:P42574)
GO:0006919	activation of cysteine-type endopeptidase activity involved in apoptotic process	has_regulation_target(UniProtKB:P42574)
GO:0050861	positive regulation of B cell receptor signaling pathway	has_regulation_target(UniProtKB:P42680)
GO:1903997	positive regulation of non-membrane spanning protein tyrosine kinase activity	has_regulation_target(UniProtKB:P42680)
GO:0045944	positive regulation of transcription from RNA polymerase II promoter	has_regulation_target(UniProtKB:P42772)
GO:1903869	negative regulation of methylenetetrahydrofolate reductase (NAD(P)H) activity	has_regulation_target(UniProtKB:P42898
GO:0001932	regulation of protein phosphorylation	has_regulation_target(UniProtKB:P42930)
GO:0004869	cysteine-type endopeptidase inhibitor activity	has_regulation_target(UniProtKB:P43235)
GO:0010951	negative regulation of endopeptidase activity	has_regulation_target(UniProtKB:P43235)
GO:0010628	positive regulation of gene expression	has_regulation_target(UniProtKB:P43354)
GO:0032270	positive regulation of cellular protein metabolic process	has_regulation_target(UniProtKB:P43694)
GO:0008105	asymmetric protein localization	has_regulation_target(UniProtKB:P45970
GO:0001933	negative regulation of protein phosphorylation	has_regulation_target(UniProtKB:P45983
GO:0001933	negative regulation of protein phosphorylation	has_regulation_target(UniProtKB:P45984
GO:0035897	proteolysis in other organism	has_regulation_target(UniProtKB:P45985
GO:0001934	positive regulation of protein phosphorylation	has_regulation_target(UniProtKB:P46196)
GO:1900122	positive regulation of receptor binding	has_regulation_target(UniProtKB:P46459)
GO:0045892	negative regulation of transcription, DNA-templated	has_regulation_target(UniProtKB:P46527)
GO:0045944	positive regulation of transcription from RNA polymerase II promoter	has_regulation_target(UniProtKB:P46531)
GO:0010628	positive regulation of gene expression	has_regulation_target(UniProtKB:P46549
GO:0002725	negative regulation of T cell cytokine production	has_regulation_target(UniProtKB:P48023:PRO_0000034501)
GO:0002726	positive regulation of T cell cytokine production	has_regulation_target(UniProtKB:P48023:PRO_0000034501)
GO:2000650	negative regulation of sodium ion transmembrane transporter activity	has_regulation_target(UniProtKB:P48029
GO:1905408	negative regulation of creatine transmembrane transporter activity	has_regulation_target(UniProtKB:P48029)
GO:0045944	positive regulation of transcription from RNA polymerase II promoter	has_regulation_target(UniProtKB:P48200)
GO:0045893	positive regulation of transcription, DNA-templated	has_regulation_target(UniProtKB:P48356)
GO:0045944	positive regulation of transcription from RNA polymerase II promoter	has_regulation_target(UniProtKB:P48436)
GO:0010629	negative regulation of gene expression	has_regulation_target(UniProtKB:P48596
GO:0000122	negative regulation of transcription from RNA polymerase II promoter	has_regulation_target(UniProtKB:P48772
GO:0000122	negative regulation of transcription from RNA polymerase II promoter	has_regulation_target(UniProtKB:P48772
GO:0001934	positive regulation of protein phosphorylation	has_regulation_target(UniProtKB:P49023)
GO:0000122	negative regulation of transcription from RNA polymerase II promoter	has_regulation_target(UniProtKB:P49281
GO:0000122	negative regulation of transcription from RNA polymerase II promoter	has_regulation_target(UniProtKB:P49281)
GO:0000122	negative regulation of transcription from RNA polymerase II promoter	has_regulation_target(UniProtKB:P49282
GO:0000122	negative regulation of transcription from RNA polymerase II promoter	has_regulation_target(UniProtKB:P49282)
GO:0010629	negative regulation of gene expression	has_regulation_target(UniProtKB:P49327)
GO:1990219	positive regulation by symbiont of host protein levels	has_regulation_target(UniProtKB:P49327)
GO:0061357	positive regulation of Wnt protein secretion	has_regulation_target(UniProtKB:P49338)
GO:0001078	transcriptional repressor activity, RNA polymerase II core promoter proximal region sequence-specific binding	has_regulation_target(UniProtKB:P49715)
GO:0010629	negative regulation of gene expression	has_regulation_target(UniProtKB:P49766)
GO:0045892	negative regulation of transcription, DNA-templated	has_regulation_target(UniProtKB:P49767)
GO:2000170	positive regulation of peptidyl-cysteine S-nitrosylation	has_regulation_target(UniProtKB:P49817
GO:0100002	negative regulation of protein kinase activity by protein phosphorylation	has_regulation_target(UniProtKB:P49840)
GO:0032091	negative regulation of protein binding	has_regulation_target(UniProtKB:P49841
GO:0100002	negative regulation of protein kinase activity by protein phosphorylation	has_regulation_target(UniProtKB:P49841)
GO:0033160	positive regulation of protein import into nucleus, translocation	has_regulation_target(UniProtKB:P49841)
GO:0043433	negative regulation of sequence-specific DNA binding transcription factor activity	has_regulation_target(UniProtKB:P49843)
GO:0004190	aspartic-type endopeptidase activity	has_regulation_target(UniProtKB:P49913
GO:0002803	positive regulation of antibacterial peptide production	has_regulation_target(UniProtKB:P49913
GO:0008233	peptidase activity	has_regulation_target(UniProtKB:P49913
GO:0002803	positive regulation of antibacterial peptide production	has_regulation_target(UniProtKB:P49913
GO:0032091	negative regulation of protein binding	has_regulation_target(UniProtKB:P49917
GO:0010628	positive regulation of gene expression	has_regulation_target(UniProtKB:P49918
GO:0010628	positive regulation of gene expression	has_regulation_target(UniProtKB:P49919
GO:0010628	positive regulation of gene expression	has_regulation_target(UniProtKB:P50140
GO:0061063	positive regulation of nematode larval development	has_regulation_target(UniProtKB:P50140
GO:0010629	negative regulation of gene expression	has_regulation_target(UniProtKB:P50140)
GO:0010629	negative regulation of gene expression	has_regulation_target(UniProtKB:P50140)
GO:0010628	positive regulation of gene expression	has_regulation_target(UniProtKB:P50140)
GO:0010629	negative regulation of gene expression	has_regulation_target(UniProtKB:P50140)
GO:0010628	positive regulation of gene expression	has_regulation_target(UniProtKB:P50140)
GO:0090004	positive regulation of establishment of protein localization to plasma membrane	has_regulation_target(UniProtKB:P50281)
GO:0045944	positive regulation of transcription from RNA polymerase II promoter	has_regulation_target(UniProtKB:P50281)
GO:0010951	negative regulation of endopeptidase activity	has_regulation_target(UniProtKB:P50281)
GO:0033173	calcineurin-NFAT signaling cascade	has_regulation_target(UniProtKB:P50281)
GO:1904685	positive regulation of metalloendopeptidase activity	has_regulation_target(UniProtKB:P50282
GO:0010629	negative regulation of gene expression	has_regulation_target(UniProtKB:P50591
GO:0004867	serine-type endopeptidase inhibitor activity	has_regulation_target(UniProtKB:P51124)
GO:0071901	negative regulation of protein serine/threonine kinase activity	has_regulation_target(UniProtKB:P51136
GO:0071901	negative regulation of protein serine/threonine kinase activity	has_regulation_target(UniProtKB:P51136)
GO:0032091	negative regulation of protein binding	has_regulation_target(UniProtKB:P51141
GO:0001934	positive regulation of protein phosphorylation	has_regulation_target(UniProtKB:P51141
GO:0045732	positive regulation of protein catabolic process	has_regulation_target(UniProtKB:P51141)
GO:0031647	regulation of protein stability	has_regulation_target(UniProtKB:P51149)
GO:1902966	positive regulation of protein localization to early endosome	has_regulation_target(UniProtKB:P51149)
GO:1905477	positive regulation of protein localization to membrane	has_regulation_target(UniProtKB:P51149)
GO:0032092	positive regulation of protein binding	has_regulation_target(UniProtKB:P51149)
GO:0031647	regulation of protein stability	has_regulation_target(UniProtKB:P51450-2)
GO:0010951	negative regulation of endopeptidase activity	has_regulation_target(UniProtKB:P51512)
GO:0031334	positive regulation of protein complex assembly	has_regulation_target(UniProtKB:P51532
GO:0071169	establishment of protein localization to chromatin	has_regulation_target(UniProtKB:P51532
GO:0045944	positive regulation of transcription from RNA polymerase II promoter	has_regulation_target(UniProtKB:P51533
GO:0045787	positive regulation of cell cycle	has_regulation_target(UniProtKB:P51943
GO:1903317	regulation of protein maturation	has_regulation_target(UniProtKB:P52370)
GO:0010628	positive regulation of gene expression	has_regulation_target(UniProtKB:P52565)
GO:0000433	negative regulation of transcription from RNA polymerase II promoter by glucose	has_regulation_target(UniProtKB:P52792)
GO:0045944	positive regulation of transcription from RNA polymerase II promoter	has_regulation_target(UniProtKB:P52799
GO:0045944	positive regulation of transcription from RNA polymerase II promoter	has_regulation_target(UniProtKB:P52800
GO:1903078	positive regulation of protein localization to plasma membrane	has_regulation_target(UniProtKB:P52824
GO:1900182	positive regulation of protein localization to nucleus	has_regulation_target(UniProtKB:P52824)
GO:1905689	positive regulation of diacylglycerol kinase activity	has_regulation_target(UniProtKB:P52824)
GO:1903078	positive regulation of protein localization to plasma membrane	has_regulation_target(UniProtKB:P52824)
GO:0061429	positive regulation of transcription from RNA polymerase II promoter by oleic acid	has_regulation_target(UniProtKB:P52960)
GO:0032515	negative regulation of phosphoprotein phosphatase activity	has_regulation_target(UniProtKB:P53041)
GO:0032091	negative regulation of protein binding	has_regulation_target(UniProtKB:P53150
GO:0045944	positive regulation of transcription from RNA polymerase II promoter	has_regulation_target(UniProtKB:P53286)
GO:0045944	positive regulation of transcription from RNA polymerase II promoter	has_regulation_target(UniProtKB:P53691)
GO:0045944	positive regulation of transcription from RNA polymerase II promoter	has_regulation_target(UniProtKB:P53834)
GO:1902353	positive regulation of induction of conjugation with cellular fusion by negative regulation of transcription from RNA polymerase II promoter by pheromones	has_regulation_target(UniProtKB:P53879)
GO:0004860	protein kinase inhibitor activity	has_regulation_target(UniProtKB:P53894)
GO:2000157	negative regulation of ubiquitin-specific protease activity	has_regulation_target(UniProtKB:P54252
GO:0045861	negative regulation of proteolysis	has_regulation_target(UniProtKB:P54252)
GO:0035800	deubiquitinase activator activity	has_regulation_target(UniProtKB:P54252)
GO:1903007	positive regulation of Lys63-specific deubiquitinase activity	has_regulation_target(UniProtKB:P54252)
GO:0032091	negative regulation of protein binding	has_regulation_target(UniProtKB:P54274
GO:1904751	positive regulation of protein localization to nucleolus	has_regulation_target(UniProtKB:P54274)
GO:0031397	negative regulation of protein ubiquitination	has_regulation_target(UniProtKB:P54274)
GO:0032092	positive regulation of protein binding	has_regulation_target(UniProtKB:P54274)
GO:1904354	negative regulation of telomere capping	has_regulation_target(UniProtKB:P54274)
GO:1904743	negative regulation of telomeric DNA binding	has_regulation_target(UniProtKB:P54274)
GO:0033235	positive regulation of protein sumoylation	has_regulation_target(UniProtKB:P54274)
GO:0090073	positive regulation of protein homodimerization activity	has_regulation_target(UniProtKB:P54274)
GO:0033234	negative regulation of protein sumoylation	has_regulation_target(UniProtKB:P54274)
GO:0031647	regulation of protein stability	has_regulation_target(UniProtKB:P54274)
GO:1904744	positive regulation of telomeric DNA binding	has_regulation_target(UniProtKB:P54274)
GO:1904816	positive regulation of protein localization to chromosome, telomeric region	has_regulation_target(UniProtKB:P54274)
GO:0010628	positive regulation of gene expression	has_regulation_target(UniProtKB:P54637
GO:0010628	positive regulation of gene expression	has_regulation_target(UniProtKB:P54637
GO:0010628	positive regulation of gene expression	has_regulation_target(UniProtKB:P54637
GO:0010628	positive regulation of gene expression	has_regulation_target(UniProtKB:P54637)
GO:0010628	positive regulation of gene expression	has_regulation_target(UniProtKB:P54637)
GO:0071901	negative regulation of protein serine/threonine kinase activity	has_regulation_target(UniProtKB:P54644
GO:0032148	activation of protein kinase B activity	has_regulation_target(UniProtKB:P54644)
GO:0032147	activation of protein kinase activity	has_regulation_target(UniProtKB:P54644)
GO:0071902	positive regulation of protein serine/threonine kinase activity	has_regulation_target(UniProtKB:P54644)
GO:0045859	regulation of protein kinase activity	has_regulation_target(UniProtKB:P54644)
GO:0010801	negative regulation of peptidyl-threonine phosphorylation	has_regulation_target(UniProtKB:P54646)
GO:0010629	negative regulation of gene expression	has_regulation_target(UniProtKB:P54657)
GO:0010468	regulation of gene expression	has_regulation_target(UniProtKB:P54657)
GO:0010468	regulation of gene expression	has_regulation_target(UniProtKB:P54657)
GO:0010629	negative regulation of gene expression	has_regulation_target(UniProtKB:P54678
GO:0010629	negative regulation of gene expression	has_regulation_target(UniProtKB:P54704)
GO:0032092	positive regulation of protein binding	has_regulation_target(UniProtKB:P55072
GO:0043462	regulation of ATPase activity	has_regulation_target(UniProtKB:P55072)
GO:0060590	ATPase regulator activity	has_regulation_target(UniProtKB:P55072)
GO:0032092	positive regulation of protein binding	has_regulation_target(UniProtKB:P55072)
GO:0000122	negative regulation of transcription from RNA polymerase II promoter	has_regulation_target(UniProtKB:P55157)
GO:0043066	negative regulation of apoptotic process	has_regulation_target(UniProtKB:P55210)
GO:2001269	positive regulation of cysteine-type endopeptidase activity involved in apoptotic signaling pathway	has_regulation_target(UniProtKB:P55210)
GO:0039650	suppression by virus of host cysteine-type endopeptidase activity involved in apoptotic process	has_regulation_target(UniProtKB:P55211)
GO:0043280	positive regulation of cysteine-type endopeptidase activity involved in apoptotic process	has_regulation_target(UniProtKB:P55211)
GO:0006919	activation of cysteine-type endopeptidase activity involved in apoptotic process	has_regulation_target(UniProtKB:P55211)
GO:0032092	positive regulation of protein binding	has_regulation_target(UniProtKB:P55211)
GO:0043154	negative regulation of cysteine-type endopeptidase activity involved in apoptotic process	has_regulation_target(UniProtKB:P55211)
GO:0006919	activation of cysteine-type endopeptidase activity involved in apoptotic process	has_regulation_target(UniProtKB:P55211)
GO:0043154	negative regulation of cysteine-type endopeptidase activity involved in apoptotic process	has_regulation_target(UniProtKB:P55212)
GO:0006919	activation of cysteine-type endopeptidase activity involved in apoptotic process	has_regulation_target(UniProtKB:P55212)
GO:0042981	regulation of apoptotic process	has_regulation_target(UniProtKB:P55213)
GO:0010628	positive regulation of gene expression	has_regulation_target(UniProtKB:P55284)
GO:0045944	positive regulation of transcription from RNA polymerase II promoter	has_regulation_target(UniProtKB:P55290)
GO:0000122	negative regulation of transcription from RNA polymerase II promoter	has_regulation_target(UniProtKB:P56392
GO:0045893	positive regulation of transcription, DNA-templated	has_regulation_target(UniProtKB:P56402
GO:0001933	negative regulation of protein phosphorylation	has_regulation_target(UniProtKB:P56402
GO:0051091	positive regulation of sequence-specific DNA binding transcription factor activity	has_regulation_target(UniProtKB:P56432)
GO:0010629	negative regulation of gene expression	has_regulation_target(UniProtKB:P56470
GO:0010629	negative regulation of gene expression	has_regulation_target(UniProtKB:P56501
GO:0010629	negative regulation of gene expression	has_regulation_target(UniProtKB:P56501)
GO:0010628	positive regulation of gene expression	has_regulation_target(UniProtKB:P56589)
GO:1900131	negative regulation of lipid binding	has_regulation_target(UniProtKB:P56589)
GO:0032461	positive regulation of protein oligomerization	has_regulation_target(UniProtKB:P56704
GO:0032091	negative regulation of protein binding	has_regulation_target(UniProtKB:P56704
GO:0061357	positive regulation of Wnt protein secretion	has_regulation_target(UniProtKB:P56704)
GO:0032091	negative regulation of protein binding	has_regulation_target(UniProtKB:P56817
GO:0090285	negative regulation of protein glycosylation in Golgi	has_regulation_target(UniProtKB:P56817)
GO:0010628	positive regulation of gene expression	has_regulation_target(UniProtKB:P58281
GO:2001259	positive regulation of cation channel activity	has_regulation_target(UniProtKB:P58390
GO:0039506	modulation by virus of host molecular function	has_regulation_target(UniProtKB:P58753)
GO:0031647	regulation of protein stability	has_regulation_target(UniProtKB:P60033)
GO:0030889	negative regulation of B cell proliferation	has_regulation_target(UniProtKB:P60033)
GO:0010628	positive regulation of gene expression	has_regulation_target(UniProtKB:P60174)
GO:0032516	positive regulation of phosphoprotein phosphatase activity	has_regulation_target(UniProtKB:P60484)
GO:0045893	positive regulation of transcription, DNA-templated	has_regulation_target(UniProtKB:P60568)
GO:0023057	negative regulation of signaling	has_regulation_target(UniProtKB:P60953)
GO:0045944	positive regulation of transcription from RNA polymerase II promoter	has_regulation_target(UniProtKB:P61296
GO:0035024	negative regulation of Rho protein signal transduction	has_regulation_target(UniProtKB:P61586)
GO:0043547	positive regulation of GTPase activity	has_regulation_target(UniProtKB:P61586)
GO:0045944	positive regulation of transcription from RNA polymerase II promoter	has_regulation_target(UniProtKB:P61812)
GO:0045944	positive regulation of transcription from RNA polymerase II promoter	has_regulation_target(UniProtKB:P61812)
GO:1905552	positive regulation of protein localization to endoplasmic reticulum	has_regulation_target(UniProtKB:P61960
GO:0032092	positive regulation of protein binding	has_regulation_target(UniProtKB:P61961
GO:1905552	positive regulation of protein localization to endoplasmic reticulum	has_regulation_target(UniProtKB:P61961
GO:0010629	negative regulation of gene expression	has_regulation_target(UniProtKB:P61978)
GO:0010629	negative regulation of gene expression	has_regulation_target(UniProtKB:P61978)
GO:0034260	negative regulation of GTPase activity	has_regulation_target(UniProtKB:P62331
GO:0010628	positive regulation of gene expression	has_regulation_target(UniProtKB:P62737
GO:0010628	positive regulation of gene expression	has_regulation_target(UniProtKB:P62737
GO:0045944	positive regulation of transcription from RNA polymerase II promoter	has_regulation_target(UniProtKB:P62737)
GO:0034260	negative regulation of GTPase activity	has_regulation_target(UniProtKB:P62745
GO:0010628	positive regulation of gene expression	has_regulation_target(UniProtKB:P62817)
GO:0000122	negative regulation of transcription from RNA polymerase II promoter	has_regulation_target(UniProtKB:P62897
GO:0000122	negative regulation of transcription from RNA polymerase II promoter	has_regulation_target(UniProtKB:P62897
GO:0010629	negative regulation of gene expression	has_regulation_target(UniProtKB:P62897)
GO:1900182	positive regulation of protein localization to nucleus	has_regulation_target(UniProtKB:P62909
GO:0001934	positive regulation of protein phosphorylation	has_regulation_target(UniProtKB:P62909
GO:0018107	peptidyl-threonine phosphorylation	has_regulation_target(UniProtKB:P62909)
GO:0032092	positive regulation of protein binding	has_regulation_target(UniProtKB:P63000
GO:0043547	positive regulation of GTPase activity	has_regulation_target(UniProtKB:P63000
GO:0034260	negative regulation of GTPase activity	has_regulation_target(UniProtKB:P63000
GO:0043087	regulation of GTPase activity	has_regulation_target(UniProtKB:P63000)
GO:0043547	positive regulation of GTPase activity	has_regulation_target(UniProtKB:P63000)
GO:0034260	negative regulation of GTPase activity	has_regulation_target(UniProtKB:P63000)
GO:0090630	activation of GTPase activity	has_regulation_target(UniProtKB:P63000)
GO:0090630	activation of GTPase activity	has_regulation_target(UniProtKB:P63001
GO:0043547	positive regulation of GTPase activity	has_regulation_target(UniProtKB:P63001
GO:0034260	negative regulation of GTPase activity	has_regulation_target(UniProtKB:P63001
GO:0090630	activation of GTPase activity	has_regulation_target(UniProtKB:P63001
GO:0043547	positive regulation of GTPase activity	has_regulation_target(UniProtKB:P63001)
GO:0034260	negative regulation of GTPase activity	has_regulation_target(UniProtKB:P63001)
GO:0043547	positive regulation of GTPase activity	has_regulation_target(UniProtKB:P63011)
GO:0000060	protein import into nucleus, translocation	has_regulation_target(UniProtKB:P63017)
GO:0000187	activation of MAPK activity	has_regulation_target(UniProtKB:P63085)
GO:0001934	positive regulation of protein phosphorylation	has_regulation_target(UniProtKB:P63086)
GO:0055103	ligase regulator activity	has_regulation_target(UniProtKB:P63165)
GO:0033235	positive regulation of protein sumoylation	has_regulation_target(UniProtKB:P63165)
GO:0090073	positive regulation of protein homodimerization activity	has_regulation_target(UniProtKB:P63244)
GO:0045893	positive regulation of transcription, DNA-templated	has_regulation_target(UniProtKB:P63267)
GO:0045944	positive regulation of transcription from RNA polymerase II promoter	has_regulation_target(UniProtKB:P63267)
GO:0000983	transcription factor activity, RNA polymerase II core promoter sequence-specific	has_regulation_target(UniProtKB:P63267)
GO:0045893	positive regulation of transcription, DNA-templated	has_regulation_target(UniProtKB:P63268)
GO:0045893	positive regulation of transcription, DNA-templated	has_regulation_target(UniProtKB:P63269)
GO:1990219	positive regulation by symbiont of host protein levels	has_regulation_target(UniProtKB:P67809)
GO:0010468	regulation of gene expression	has_regulation_target(UniProtKB:P67939
GO:0060391	positive regulation of SMAD protein import into nucleus	has_regulation_target(UniProtKB:P70340
GO:0010862	positive regulation of pathway-restricted SMAD protein phosphorylation	has_regulation_target(UniProtKB:P70340)
GO:0001819	positive regulation of cytokine production	has_regulation_target(UniProtKB:P70380
GO:0010629	negative regulation of gene expression	has_regulation_target(UniProtKB:P70406
GO:0050731	positive regulation of peptidyl-tyrosine phosphorylation	has_regulation_target(UniProtKB:P70424)
GO:0046579	positive regulation of Ras protein signal transduction	has_regulation_target(UniProtKB:P70425
GO:0046579	positive regulation of Ras protein signal transduction	has_regulation_target(UniProtKB:P70425)
GO:0010628	positive regulation of gene expression	has_regulation_target(UniProtKB:P70434
GO:0042993	positive regulation of transcription factor import into nucleus	has_regulation_target(UniProtKB:P70434)
GO:0045944	positive regulation of transcription from RNA polymerase II promoter	has_regulation_target(UniProtKB:P70658)
GO:0042993	positive regulation of transcription factor import into nucleus	has_regulation_target(UniProtKB:P70671
GO:0033138	positive regulation of peptidyl-serine phosphorylation	has_regulation_target(UniProtKB:P78527)
GO:0031954	positive regulation of protein autophosphorylation	has_regulation_target(UniProtKB:P78527)
GO:0008191	metalloendopeptidase inhibitor activity	has_regulation_target(UniProtKB:P78536)
GO:0010628	positive regulation of gene expression	has_regulation_target(UniProtKB:P79255)
GO:0010628	positive regulation of gene expression	has_regulation_target(UniProtKB:P79335)
GO:0045893	positive regulation of transcription, DNA-templated	has_regulation_target(UniProtKB:P79401)
GO:0010628	positive regulation of gene expression	has_regulation_target(UniProtKB:P79761
GO:0010628	positive regulation of gene expression	has_regulation_target(UniProtKB:P79761
GO:0010628	positive regulation of gene expression	has_regulation_target(UniProtKB:P79761
GO:0032682	negative regulation of chemokine production	has_regulation_target(UniProtKB:P80075)
GO:0045944	positive regulation of transcription from RNA polymerase II promoter	has_regulation_target(UniProtKB:P81172
GO:0045944	positive regulation of transcription from RNA polymerase II promoter	has_regulation_target(UniProtKB:P81172
GO:0045944	positive regulation of transcription from RNA polymerase II promoter	has_regulation_target(UniProtKB:P81172
GO:0045944	positive regulation of transcription from RNA polymerase II promoter	has_regulation_target(UniProtKB:P81172
GO:0045944	positive regulation of transcription from RNA polymerase II promoter	has_regulation_target(UniProtKB:P81172
GO:0045944	positive regulation of transcription from RNA polymerase II promoter	has_regulation_target(UniProtKB:P81172
GO:0045944	positive regulation of transcription from RNA polymerase II promoter	has_regulation_target(UniProtKB:P81172
GO:0045944	positive regulation of transcription from RNA polymerase II promoter	has_regulation_target(UniProtKB:P81172
GO:0045944	positive regulation of transcription from RNA polymerase II promoter	has_regulation_target(UniProtKB:P81172)
GO:0000122	negative regulation of transcription from RNA polymerase II promoter	has_regulation_target(UniProtKB:P81172)
GO:0000122	negative regulation of transcription from RNA polymerase II promoter	has_regulation_target(UniProtKB:P81172)
GO:0001228	transcriptional activator activity, RNA polymerase II transcription regulatory region sequence-specific binding	has_regulation_target(UniProtKB:P81172)
GO:0090277	positive regulation of peptide hormone secretion	has_regulation_target(UniProtKB:P81172)
GO:0045944	positive regulation of transcription from RNA polymerase II promoter	has_regulation_target(UniProtKB:P81172)
GO:0001228	transcriptional activator activity, RNA polymerase II transcription regulatory region sequence-specific binding	has_regulation_target(UniProtKB:P81172)
GO:0045944	positive regulation of transcription from RNA polymerase II promoter	has_regulation_target(UniProtKB:P81172)
GO:0045944	positive regulation of transcription from RNA polymerase II promoter	has_regulation_target(UniProtKB:P81172)
GO:0001077	transcriptional activator activity, RNA polymerase II core promoter proximal region sequence-specific binding	has_regulation_target(UniProtKB:P81172)
GO:0045944	positive regulation of transcription from RNA polymerase II promoter	has_regulation_target(UniProtKB:P81172)
GO:0045944	positive regulation of transcription from RNA polymerase II promoter	has_regulation_target(UniProtKB:P81172)
GO:0045944	positive regulation of transcription from RNA polymerase II promoter	has_regulation_target(UniProtKB:P81172)
GO:0045184	establishment of protein localization	has_regulation_target(UniProtKB:P81274
GO:0023019	signal transduction involved in regulation of gene expression	has_regulation_target(UniProtKB:P81563
GO:0060394	negative regulation of pathway-restricted SMAD protein phosphorylation	has_regulation_target(UniProtKB:P84022
GO:0045944	positive regulation of transcription from RNA polymerase II promoter	has_regulation_target(UniProtKB:P84022)
GO:0045944	positive regulation of transcription from RNA polymerase II promoter	has_regulation_target(UniProtKB:P84022)
GO:0045944	positive regulation of transcription from RNA polymerase II promoter	has_regulation_target(UniProtKB:P84022)
GO:0032091	negative regulation of protein binding	has_regulation_target(UniProtKB:P84022)
GO:0045944	positive regulation of transcription from RNA polymerase II promoter	has_regulation_target(UniProtKB:P86546)
GO:0010468	regulation of gene expression	has_regulation_target(UniProtKB:P91119
GO:0010628	positive regulation of gene expression	has_regulation_target(UniProtKB:P91119
GO:0010468	regulation of gene expression	has_regulation_target(UniProtKB:P91119)
GO:1904781	positive regulation of protein localization to centrosome	has_regulation_target(UniProtKB:P91349
GO:1904781	positive regulation of protein localization to centrosome	has_regulation_target(UniProtKB:P91349)
GO:1904781	positive regulation of protein localization to centrosome	has_regulation_target(UniProtKB:P91870
GO:1904781	positive regulation of protein localization to centrosome	has_regulation_target(UniProtKB:P91870
GO:0010628	positive regulation of gene expression	has_regulation_target(UniProtKB:P92172
GO:0010629	negative regulation of gene expression	has_regulation_target(UniProtKB:P92172
GO:0010628	positive regulation of gene expression	has_regulation_target(UniProtKB:P92172
GO:0010628	positive regulation of gene expression	has_regulation_target(UniProtKB:P92172
GO:1901800	positive regulation of proteasomal protein catabolic process	has_regulation_target(UniProtKB:P97287)
GO:0050821	protein stabilization	has_regulation_target(UniProtKB:P97313)
GO:1900138	negative regulation of phospholipase A2 activity	has_regulation_target(UniProtKB:P97391)
GO:0060391	positive regulation of SMAD protein import into nucleus	has_regulation_target(UniProtKB:P97454
GO:0010862	positive regulation of pathway-restricted SMAD protein phosphorylation	has_regulation_target(UniProtKB:P97454)
GO:0060391	positive regulation of SMAD protein import into nucleus	has_regulation_target(UniProtKB:P97471)
GO:0045944	positive regulation of transcription from RNA polymerase II promoter	has_regulation_target(UniProtKB:P97474)
GO:0045944	positive regulation of transcription from RNA polymerase II promoter	has_regulation_target(UniProtKB:P97494
GO:0043086	negative regulation of catalytic activity	has_regulation_target(UniProtKB:P97742)
GO:0010628	positive regulation of gene expression	has_regulation_target(UniProtKB:P97840)
GO:0050714	positive regulation of protein secretion	has_regulation_target(UniProtKB:P98088)
GO:0010628	positive regulation of gene expression	has_regulation_target(UniProtKB:P98160
GO:0010628	positive regulation of gene expression	has_regulation_target(UniProtKB:P98160
GO:0045944	positive regulation of transcription from RNA polymerase II promoter	has_regulation_target(UniProtKB:P98161)
GO:0043280	positive regulation of cysteine-type endopeptidase activity involved in apoptotic process	has_regulation_target(UniProtKB:P98170
GO:0043065	positive regulation of apoptotic process	has_regulation_target(UniProtKB:P98170)
GO:0045732	positive regulation of protein catabolic process	has_regulation_target(UniProtKB:P98170)
GO:0051091	positive regulation of sequence-specific DNA binding transcription factor activity	has_regulation_target(UniProtKB:P98177)
GO:0010863	positive regulation of phospholipase C activity	has_regulation_target(UniProtKB:Q00722
GO:0010863	positive regulation of phospholipase C activity	has_regulation_target(UniProtKB:Q00722-2
GO:0010863	positive regulation of phospholipase C activity	has_regulation_target(UniProtKB:Q00722-3)
GO:0045893	positive regulation of transcription, DNA-templated	has_regulation_target(UniProtKB:Q00731-2
GO:0090038	negative regulation of protein kinase C signaling	has_regulation_target(UniProtKB:Q00772)
GO:1901386	negative regulation of voltage-gated calcium channel activity	has_regulation_target(UniProtKB:Q00975)
GO:1901386	negative regulation of voltage-gated calcium channel activity	has_regulation_target(UniProtKB:Q00975)
GO:1901386	negative regulation of voltage-gated calcium channel activity	has_regulation_target(UniProtKB:Q00975)
GO:2000679	positive regulation of transcription regulatory region DNA binding	has_regulation_target(UniProtKB:Q00978
GO:0039560	suppression by virus of host IRF9 activity	has_regulation_target(UniProtKB:Q00978)
GO:0045893	positive regulation of transcription, DNA-templated	has_regulation_target(UniProtKB:Q00978)
GO:0032092	positive regulation of protein binding	has_regulation_target(UniProtKB:Q00987
GO:0031397	negative regulation of protein ubiquitination	has_regulation_target(UniProtKB:Q00987)
GO:1905524	negative regulation of protein autoubiquitination	has_regulation_target(UniProtKB:Q00987)
GO:2000059	negative regulation of protein ubiquitination involved in ubiquitin-dependent protein catabolic process	has_regulation_target(UniProtKB:Q00987)
GO:0032965	regulation of collagen biosynthetic process	has_regulation_target(UniProtKB:Q01149
GO:0010628	positive regulation of gene expression	has_regulation_target(UniProtKB:Q01151
GO:0010628	positive regulation of gene expression	has_regulation_target(UniProtKB:Q01237)
GO:0010628	positive regulation of gene expression	has_regulation_target(UniProtKB:Q01295
GO:0051571	positive regulation of histone H3-K4 methylation	has_regulation_target(UniProtKB:Q01295
GO:0045944	positive regulation of transcription from RNA polymerase II promoter	has_regulation_target(UniProtKB:Q01469)
GO:0045944	positive regulation of transcription from RNA polymerase II promoter	has_regulation_target(UniProtKB:Q01628)
GO:0045944	positive regulation of transcription from RNA polymerase II promoter	has_regulation_target(UniProtKB:Q01629)
GO:0045944	positive regulation of transcription from RNA polymerase II promoter	has_regulation_target(UniProtKB:Q01727)
GO:0030100	regulation of endocytosis	has_regulation_target(UniProtKB:Q01959
GO:0010628	positive regulation of gene expression	has_regulation_target(UniProtKB:Q02085
GO:0045944	positive regulation of transcription from RNA polymerase II promoter	has_regulation_target(UniProtKB:Q02085)
GO:0045944	positive regulation of transcription from RNA polymerase II promoter	has_regulation_target(UniProtKB:Q02085)
GO:0010863	positive regulation of phospholipase C activity	has_regulation_target(UniProtKB:Q02158)
GO:1900275	negative regulation of phospholipase C activity	has_regulation_target(UniProtKB:Q02158)
GO:0032091	negative regulation of protein binding	has_regulation_target(UniProtKB:Q02248
GO:0032091	negative regulation of protein binding	has_regulation_target(UniProtKB:Q02248
GO:1904798	positive regulation of core promoter binding	has_regulation_target(UniProtKB:Q02248
GO:0031648	protein destabilization	has_regulation_target(UniProtKB:Q02248
GO:0035413	positive regulation of catenin import into nucleus	has_regulation_target(UniProtKB:Q02248)
GO:0010800	positive regulation of peptidyl-threonine phosphorylation	has_regulation_target(UniProtKB:Q02248)
GO:0033138	positive regulation of peptidyl-serine phosphorylation	has_regulation_target(UniProtKB:Q02248)
GO:0032436	positive regulation of proteasomal ubiquitin-dependent protein catabolic process	has_regulation_target(UniProtKB:Q02248)
GO:0045944	positive regulation of transcription from RNA polymerase II promoter	has_regulation_target(UniProtKB:Q02363)
GO:0045944	positive regulation of transcription from RNA polymerase II promoter	has_regulation_target(UniProtKB:Q02363)
GO:0010468	regulation of gene expression	has_regulation_target(UniProtKB:Q02465
GO:0010468	regulation of gene expression	has_regulation_target(UniProtKB:Q02465)
GO:0035897	proteolysis in other organism	has_regulation_target(UniProtKB:Q02750
GO:0010628	positive regulation of gene expression	has_regulation_target(UniProtKB:Q02765)
GO:0010628	positive regulation of gene expression	has_regulation_target(UniProtKB:Q03100
GO:0010628	positive regulation of gene expression	has_regulation_target(UniProtKB:Q03100
GO:0010628	positive regulation of gene expression	has_regulation_target(UniProtKB:Q03100)
GO:0010628	positive regulation of gene expression	has_regulation_target(UniProtKB:Q03100)
GO:0010628	positive regulation of gene expression	has_regulation_target(UniProtKB:Q03100)
GO:0010628	positive regulation of gene expression	has_regulation_target(UniProtKB:Q03100)
GO:0010628	positive regulation of gene expression	has_regulation_target(UniProtKB:Q03100)
GO:0032092	positive regulation of protein binding	has_regulation_target(UniProtKB:Q03135
GO:0010628	positive regulation of gene expression	has_regulation_target(UniProtKB:Q03366
GO:0010629	negative regulation of gene expression	has_regulation_target(UniProtKB:Q03405)
GO:0044791	positive regulation by host of viral release from host cell	has_regulation_target(UniProtKB:Q03463:PRO_0000278740)
GO:0044794	positive regulation by host of viral process	has_regulation_target(UniProtKB:Q03463:PRO_0000278740)
GO:1990214	negative regulation by symbiont of host protein levels	has_regulation_target(UniProtKB:Q03518)
GO:0010468	regulation of gene expression	has_regulation_target(UniProtKB:Q03518)
GO:0039657	suppression by virus of host gene expression	has_regulation_target(UniProtKB:Q03518)
GO:0010468	regulation of gene expression	has_regulation_target(UniProtKB:Q03519)
GO:0039657	suppression by virus of host gene expression	has_regulation_target(UniProtKB:Q03519)
GO:0008105	asymmetric protein localization	has_regulation_target(UniProtKB:Q03569
GO:0008105	asymmetric protein localization	has_regulation_target(UniProtKB:Q03569
GO:0008105	asymmetric protein localization	has_regulation_target(UniProtKB:Q03569
GO:0010628	positive regulation of gene expression	has_regulation_target(UniProtKB:Q03604
GO:0004674	protein serine/threonine kinase activity	has_regulation_target(UniProtKB:Q03937)
GO:0045944	positive regulation of transcription from RNA polymerase II promoter	has_regulation_target(UniProtKB:Q04182
GO:0042346	positive regulation of NF-kappaB import into nucleus	has_regulation_target(UniProtKB:Q04206
GO:0033159	negative regulation of protein import into nucleus, translocation	has_regulation_target(UniProtKB:Q04206)
GO:1900181	negative regulation of protein localization to nucleus	has_regulation_target(UniProtKB:Q04206)
GO:1905636	positive regulation of RNA polymerase II regulatory region sequence-specific DNA binding	has_regulation_target(UniProtKB:Q04206)
GO:0043392	negative regulation of DNA binding	has_regulation_target(UniProtKB:Q04206)
GO:1900182	positive regulation of protein localization to nucleus	has_regulation_target(UniProtKB:Q04206)
GO:0010629	negative regulation of gene expression	has_regulation_target(UniProtKB:Q04206)
GO:0033138	positive regulation of peptidyl-serine phosphorylation	has_regulation_target(UniProtKB:Q04637
GO:1902416	positive regulation of mRNA binding	has_regulation_target(UniProtKB:Q04637)
GO:0045727	positive regulation of translation	has_regulation_target(UniProtKB:Q04637)
GO:2000210	positive regulation of anoikis	has_regulation_target(UniProtKB:Q04724)
GO:0001932	regulation of protein phosphorylation	has_regulation_target(UniProtKB:Q04735)
GO:0045859	regulation of protein kinase activity	has_regulation_target(UniProtKB:Q04735)
GO:0010628	positive regulation of gene expression	has_regulation_target(UniProtKB:Q04759)
GO:0045807	positive regulation of endocytosis	has_regulation_target(UniProtKB:Q04833)
GO:0042346	positive regulation of NF-kappaB import into nucleus	has_regulation_target(UniProtKB:Q04864
GO:2000811	negative regulation of anoikis	has_regulation_target(UniProtKB:Q05397
GO:2000811	negative regulation of anoikis	has_regulation_target(UniProtKB:Q05397)
GO:2000811	negative regulation of anoikis	has_regulation_target(UniProtKB:Q05397)
GO:0010628	positive regulation of gene expression	has_regulation_target(UniProtKB:Q05438
GO:0010628	positive regulation of gene expression	has_regulation_target(UniProtKB:Q05655
GO:0045860	positive regulation of protein kinase activity	has_regulation_target(UniProtKB:Q05655
GO:0010628	positive regulation of gene expression	has_regulation_target(UniProtKB:Q05655)
GO:0010800	positive regulation of peptidyl-threonine phosphorylation	has_regulation_target(UniProtKB:Q05655)
GO:0071902	positive regulation of protein serine/threonine kinase activity	has_regulation_target(UniProtKB:Q05655)
GO:1990051	activation of protein kinase C activity	has_regulation_target(UniProtKB:Q05655)
GO:0004713	protein tyrosine kinase activity	has_regulation_target(UniProtKB:Q05655)
GO:0045944	positive regulation of transcription from RNA polymerase II promoter	has_regulation_target(UniProtKB:Q05754)
GO:0010628	positive regulation of gene expression	has_regulation_target(UniProtKB:Q05940)
GO:0045944	positive regulation of transcription from RNA polymerase II promoter	has_regulation_target(UniProtKB:Q06219
GO:0045944	positive regulation of transcription from RNA polymerase II promoter	has_regulation_target(UniProtKB:Q06469)
GO:0045944	positive regulation of transcription from RNA polymerase II promoter	has_regulation_target(UniProtKB:Q06507)
GO:0045943	positive regulation of transcription from RNA polymerase I promoter	has_regulation_target(UniProtKB:Q06507)
GO:0010628	positive regulation of gene expression	has_regulation_target(UniProtKB:Q06507)
GO:0010629	negative regulation of gene expression	has_regulation_target(UniProtKB:Q06643
GO:0045892	negative regulation of transcription, DNA-templated	has_regulation_target(UniProtKB:Q06890)
GO:0040028	regulation of vulval development	has_regulation_target(UniProtKB:Q07292)
GO:1903748	negative regulation of establishment of protein localization to mitochondrion	has_regulation_target(UniProtKB:Q07812)
GO:0010628	positive regulation of gene expression	has_regulation_target(UniProtKB:Q07812)
GO:0032463	negative regulation of protein homooligomerization	has_regulation_target(UniProtKB:Q07812)
GO:0043066	negative regulation of apoptotic process	has_regulation_target(UniProtKB:Q07812)
GO:2001244	positive regulation of intrinsic apoptotic signaling pathway	has_regulation_target(UniProtKB:Q07812)
GO:0045944	positive regulation of transcription from RNA polymerase II promoter	has_regulation_target(UniProtKB:Q07812)
GO:0043065	positive regulation of apoptotic process	has_regulation_target(UniProtKB:Q07812)
GO:0032091	negative regulation of protein binding	has_regulation_target(UniProtKB:Q07812)
GO:0043066	negative regulation of apoptotic process	has_regulation_target(UniProtKB:Q07812)
GO:2001208	negative regulation of transcription elongation from RNA polymerase I promoter	has_regulation_target(UniProtKB:Q07813)
GO:2001244	positive regulation of intrinsic apoptotic signaling pathway	has_regulation_target(UniProtKB:Q07817)
GO:0045893	positive regulation of transcription, DNA-templated	has_regulation_target(UniProtKB:Q07817-1)
GO:0010508	positive regulation of autophagy	has_regulation_target(UniProtKB:Q07817-1)
GO:1901800	positive regulation of proteasomal protein catabolic process	has_regulation_target(UniProtKB:Q07820)
GO:0000122	negative regulation of transcription from RNA polymerase II promoter	has_regulation_target(UniProtKB:Q07954)
GO:2000811	negative regulation of anoikis	has_regulation_target(UniProtKB:Q08117)
GO:2000811	negative regulation of anoikis	has_regulation_target(UniProtKB:Q08117)
GO:0043124	negative regulation of I-kappaB kinase/NF-kappaB signaling	has_regulation_target(UniProtKB:Q08353)
GO:0032091	negative regulation of protein binding	has_regulation_target(UniProtKB:Q08387
GO:0010628	positive regulation of gene expression	has_regulation_target(UniProtKB:Q08460)
GO:0045944	positive regulation of transcription from RNA polymerase II promoter	has_regulation_target(UniProtKB:Q08874)
GO:0010628	positive regulation of gene expression	has_regulation_target(UniProtKB:Q09377
GO:0050821	protein stabilization	has_regulation_target(UniProtKB:Q09377)
GO:0010629	negative regulation of gene expression	has_regulation_target(UniProtKB:Q09490)
GO:0010629	negative regulation of gene expression	has_regulation_target(UniProtKB:Q09490)
GO:0031398	positive regulation of protein ubiquitination	has_regulation_target(UniProtKB:Q09969)
GO:0042176	regulation of protein catabolic process	has_regulation_target(UniProtKB:Q10656-2)
GO:1904787	positive regulation of asymmetric protein localization involved in cell fate determination	has_regulation_target(UniProtKB:Q10666
GO:0045944	positive regulation of transcription from RNA polymerase II promoter	has_regulation_target(UniProtKB:Q10739)
GO:0010629	negative regulation of gene expression	has_regulation_target(UniProtKB:Q10924
GO:0010628	positive regulation of gene expression	has_regulation_target(UniProtKB:Q10924
GO:0032880	regulation of protein localization	has_regulation_target(UniProtKB:Q10953)
GO:1900153	positive regulation of nuclear-transcribed mRNA catabolic process, deadenylation-dependent decay	has_regulation_target(UniProtKB:Q12159)
GO:1902353	positive regulation of induction of conjugation with cellular fusion by negative regulation of transcription from RNA polymerase II promoter by pheromones	has_regulation_target(UniProtKB:Q12207)
GO:1902353	positive regulation of induction of conjugation with cellular fusion by negative regulation of transcription from RNA polymerase II promoter by pheromones	has_regulation_target(UniProtKB:Q12310)
GO:0045944	positive regulation of transcription from RNA polymerase II promoter	has_regulation_target(UniProtKB:Q12329)
GO:0045944	positive regulation of transcription from RNA polymerase II promoter	has_regulation_target(UniProtKB:Q12449)
GO:0051091	positive regulation of sequence-specific DNA binding transcription factor activity	has_regulation_target(UniProtKB:Q12772)
GO:0043433	negative regulation of sequence-specific DNA binding transcription factor activity	has_regulation_target(UniProtKB:Q12778)
GO:0045892	negative regulation of transcription, DNA-templated	has_regulation_target(UniProtKB:Q12794)
GO:0045893	positive regulation of transcription, DNA-templated	has_regulation_target(UniProtKB:Q12794)
GO:0010629	negative regulation of gene expression	has_regulation_target(UniProtKB:Q12794)
GO:0045893	positive regulation of transcription, DNA-templated	has_regulation_target(UniProtKB:Q12794)
GO:0043433	negative regulation of sequence-specific DNA binding transcription factor activity	has_regulation_target(UniProtKB:Q12800-1)
GO:1902261	positive regulation of delayed rectifier potassium channel activity	has_regulation_target(UniProtKB:Q12809)
GO:0010628	positive regulation of gene expression	has_regulation_target(UniProtKB:Q12809)
GO:0031334	positive regulation of protein complex assembly	has_regulation_target(UniProtKB:Q12824
GO:0071169	establishment of protein localization to chromatin	has_regulation_target(UniProtKB:Q12824
GO:0030296	protein tyrosine kinase activator activity	has_regulation_target(UniProtKB:Q12866)
GO:0061098	positive regulation of protein tyrosine kinase activity	has_regulation_target(UniProtKB:Q12866)
GO:0031334	positive regulation of protein complex assembly	has_regulation_target(UniProtKB:Q12891
GO:0045892	negative regulation of transcription, DNA-templated	has_regulation_target(UniProtKB:Q12891)
GO:0045893	positive regulation of transcription, DNA-templated	has_regulation_target(UniProtKB:Q12891)
GO:0045893	positive regulation of transcription, DNA-templated	has_regulation_target(UniProtKB:Q12891)
GO:0045893	positive regulation of transcription, DNA-templated	has_regulation_target(UniProtKB:Q12893)
GO:0032091	negative regulation of protein binding	has_regulation_target(UniProtKB:Q12933)
GO:0032092	positive regulation of protein binding	has_regulation_target(UniProtKB:Q13009
GO:0032091	negative regulation of protein binding	has_regulation_target(UniProtKB:Q13009
GO:1902523	positive regulation of protein K63-linked ubiquitination	has_regulation_target(UniProtKB:Q13114)
GO:0001934	positive regulation of protein phosphorylation	has_regulation_target(UniProtKB:Q13131)
GO:0006469	negative regulation of protein kinase activity	has_regulation_target(UniProtKB:Q13153)
GO:0032091	negative regulation of protein binding	has_regulation_target(UniProtKB:Q13158
GO:2001237	negative regulation of extrinsic apoptotic signaling pathway	has_regulation_target(UniProtKB:Q13158)
GO:0010628	positive regulation of gene expression	has_regulation_target(UniProtKB:Q13217)
GO:0003700	transcription factor activity, sequence-specific DNA binding	has_regulation_target(UniProtKB:Q13268)
GO:0001934	positive regulation of protein phosphorylation	has_regulation_target(UniProtKB:Q13315)
GO:0032091	negative regulation of protein binding	has_regulation_target(UniProtKB:Q13426
GO:0010628	positive regulation of gene expression	has_regulation_target(UniProtKB:Q13464
GO:0035509	negative regulation of myosin-light-chain-phosphatase activity	has_regulation_target(UniProtKB:Q13464)
GO:0032091	negative regulation of protein binding	has_regulation_target(UniProtKB:Q13485)
GO:0051247	positive regulation of protein metabolic process	has_regulation_target(UniProtKB:Q13501
GO:0051247	positive regulation of protein metabolic process	has_regulation_target(UniProtKB:Q13501
GO:0010506	regulation of autophagy	has_regulation_target(UniProtKB:Q13501)
GO:0010608	posttranscriptional regulation of gene expression	has_regulation_target(UniProtKB:Q13501)
GO:0031397	negative regulation of protein ubiquitination	has_regulation_target(UniProtKB:Q13501)
GO:0045944	positive regulation of transcription from RNA polymerase II promoter	has_regulation_target(UniProtKB:Q13510)
GO:0000122	negative regulation of transcription from RNA polymerase II promoter	has_regulation_target(UniProtKB:Q13510)
GO:0001934	positive regulation of protein phosphorylation	has_regulation_target(UniProtKB:Q13535)
GO:0043124	negative regulation of I-kappaB kinase/NF-kappaB signaling	has_regulation_target(UniProtKB:Q13546
GO:0045651	positive regulation of macrophage differentiation	has_regulation_target(UniProtKB:Q13546)
GO:0032091	negative regulation of protein binding	has_regulation_target(UniProtKB:Q13547
GO:0032092	positive regulation of protein binding	has_regulation_target(UniProtKB:Q13547
GO:1990214	negative regulation by symbiont of host protein levels	has_regulation_target(UniProtKB:Q13547)
GO:0031398	positive regulation of protein ubiquitination	has_regulation_target(UniProtKB:Q13568)
GO:0033138	positive regulation of peptidyl-serine phosphorylation	has_regulation_target(UniProtKB:Q13568)
GO:1905477	positive regulation of protein localization to membrane	has_regulation_target(UniProtKB:Q13596)
GO:0001934	positive regulation of protein phosphorylation	has_regulation_target(UniProtKB:Q13698)
GO:1990440	positive regulation of transcription from RNA polymerase II promoter in response to endoplasmic reticulum stress	has_regulation_target(UniProtKB:Q13794)
GO:0045944	positive regulation of transcription from RNA polymerase II promoter	has_regulation_target(UniProtKB:Q13873)
GO:0045944	positive regulation of transcription from RNA polymerase II promoter	has_regulation_target(UniProtKB:Q13873)
GO:0045944	positive regulation of transcription from RNA polymerase II promoter	has_regulation_target(UniProtKB:Q13950)
GO:0045944	positive regulation of transcription from RNA polymerase II promoter	has_regulation_target(UniProtKB:Q13950)
GO:0032091	negative regulation of protein binding	has_regulation_target(UniProtKB:Q14145
GO:0010800	positive regulation of peptidyl-threonine phosphorylation	has_regulation_target(UniProtKB:Q14164)
GO:0010800	positive regulation of peptidyl-threonine phosphorylation	has_regulation_target(UniProtKB:Q14164)
GO:0032780	negative regulation of ATPase activity	has_regulation_target(UniProtKB:Q14240)
GO:0045944	positive regulation of transcription from RNA polymerase II promoter	has_regulation_target(UniProtKB:Q14393)
GO:0001932	regulation of protein phosphorylation	has_regulation_target(UniProtKB:Q14457
GO:0010608	posttranscriptional regulation of gene expression	has_regulation_target(UniProtKB:Q14457)
GO:0061635	regulation of protein complex stability	has_regulation_target(UniProtKB:Q14457)
GO:0010507	negative regulation of autophagy	has_regulation_target(UniProtKB:Q14457)
GO:0010628	positive regulation of gene expression	has_regulation_target(UniProtKB:Q14469)
GO:0010628	positive regulation of gene expression	has_regulation_target(UniProtKB:Q14469)
GO:1905150	regulation of voltage-gated sodium channel activity	has_regulation_target(UniProtKB:Q14524)
GO:2001259	positive regulation of cation channel activity	has_regulation_target(UniProtKB:Q14524)
GO:0033138	positive regulation of peptidyl-serine phosphorylation	has_regulation_target(UniProtKB:Q14653
GO:0032091	negative regulation of protein binding	has_regulation_target(UniProtKB:Q14790
GO:2001268	negative regulation of cysteine-type endopeptidase activity involved in apoptotic signaling pathway	has_regulation_target(UniProtKB:Q14790
GO:0032091	negative regulation of protein binding	has_regulation_target(UniProtKB:Q14790)
GO:0006357	regulation of transcription from RNA polymerase II promoter	has_regulation_target(UniProtKB:Q14894
GO:0045944	positive regulation of transcription from RNA polymerase II promoter	has_regulation_target(UniProtKB:Q14956)
GO:0045944	positive regulation of transcription from RNA polymerase II promoter	has_regulation_target(UniProtKB:Q14956)
GO:0000122	negative regulation of transcription from RNA polymerase II promoter	has_regulation_target(UniProtKB:Q14956)
GO:0000122	negative regulation of transcription from RNA polymerase II promoter	has_regulation_target(UniProtKB:Q14956)
GO:0045184	establishment of protein localization	has_regulation_target(UniProtKB:Q14980)
GO:0006990	positive regulation of transcription from RNA polymerase II promoter involved in unfolded protein response	has_regulation_target(UniProtKB:Q15011)
GO:1904591	positive regulation of protein import	has_regulation_target(UniProtKB:Q15049)
GO:0045944	positive regulation of transcription from RNA polymerase II promoter	has_regulation_target(UniProtKB:Q15063
GO:0031334	positive regulation of protein complex assembly	has_regulation_target(UniProtKB:Q15572
GO:0071169	establishment of protein localization to chromatin	has_regulation_target(UniProtKB:Q15572
GO:0010800	positive regulation of peptidyl-threonine phosphorylation	has_regulation_target(UniProtKB:Q15648)
GO:0045893	positive regulation of transcription, DNA-templated	has_regulation_target(UniProtKB:Q15648)
GO:0001933	negative regulation of protein phosphorylation	has_regulation_target(UniProtKB:Q15759
GO:0060394	negative regulation of pathway-restricted SMAD protein phosphorylation	has_regulation_target(UniProtKB:Q15796
GO:0010862	positive regulation of pathway-restricted SMAD protein phosphorylation	has_regulation_target(UniProtKB:Q15796
GO:0010862	positive regulation of pathway-restricted SMAD protein phosphorylation	has_regulation_target(UniProtKB:Q15796)
GO:0010862	positive regulation of pathway-restricted SMAD protein phosphorylation	has_regulation_target(UniProtKB:Q15796)
GO:0010862	positive regulation of pathway-restricted SMAD protein phosphorylation	has_regulation_target(UniProtKB:Q15797
GO:0010862	positive regulation of pathway-restricted SMAD protein phosphorylation	has_regulation_target(UniProtKB:Q15797
GO:0010862	positive regulation of pathway-restricted SMAD protein phosphorylation	has_regulation_target(UniProtKB:Q15797
GO:0060391	positive regulation of SMAD protein import into nucleus	has_regulation_target(UniProtKB:Q15797
GO:0060394	negative regulation of pathway-restricted SMAD protein phosphorylation	has_regulation_target(UniProtKB:Q15797)
GO:0010862	positive regulation of pathway-restricted SMAD protein phosphorylation	has_regulation_target(UniProtKB:Q15797)
GO:0010862	positive regulation of pathway-restricted SMAD protein phosphorylation	has_regulation_target(UniProtKB:Q15797)
GO:0010862	positive regulation of pathway-restricted SMAD protein phosphorylation	has_regulation_target(UniProtKB:Q15797)
GO:0031397	negative regulation of protein ubiquitination	has_regulation_target(UniProtKB:Q16236
GO:1900182	positive regulation of protein localization to nucleus	has_regulation_target(UniProtKB:Q16236
GO:0032091	negative regulation of protein binding	has_regulation_target(UniProtKB:Q16236)
GO:0036091	positive regulation of transcription from RNA polymerase II promoter in response to oxidative stress	has_regulation_target(UniProtKB:Q16236)
GO:0032435	negative regulation of proteasomal ubiquitin-dependent protein catabolic process	has_regulation_target(UniProtKB:Q16236)
GO:0051091	positive regulation of sequence-specific DNA binding transcription factor activity	has_regulation_target(UniProtKB:Q16236)
GO:0000122	negative regulation of transcription from RNA polymerase II promoter	has_regulation_target(UniProtKB:Q16236)
GO:2000679	positive regulation of transcription regulatory region DNA binding	has_regulation_target(UniProtKB:Q16236)
GO:1900182	positive regulation of protein localization to nucleus	has_regulation_target(UniProtKB:Q16236)
GO:0032436	positive regulation of proteasomal ubiquitin-dependent protein catabolic process	has_regulation_target(UniProtKB:Q16236)
GO:0000117	regulation of transcription involved in G2/M transition of mitotic cell cycle	has_regulation_target(UniProtKB:Q16589)
GO:0060050	positive regulation of protein glycosylation	has_regulation_target(UniProtKB:Q16602)
GO:0043066	negative regulation of apoptotic process	has_regulation_target(UniProtKB:Q16611)
GO:0032091	negative regulation of protein binding	has_regulation_target(UniProtKB:Q16611)
GO:0045944	positive regulation of transcription from RNA polymerase II promoter	has_regulation_target(UniProtKB:Q16643)
GO:0031397	negative regulation of protein ubiquitination	has_regulation_target(UniProtKB:Q16665
GO:0032091	negative regulation of protein binding	has_regulation_target(UniProtKB:Q16665
GO:0051091	positive regulation of sequence-specific DNA binding transcription factor activity	has_regulation_target(UniProtKB:Q16665)
GO:0010628	positive regulation of gene expression	has_regulation_target(UniProtKB:Q17381
GO:0010629	negative regulation of gene expression	has_regulation_target(UniProtKB:Q17381
GO:0010628	positive regulation of gene expression	has_regulation_target(UniProtKB:Q17381
GO:0010629	negative regulation of gene expression	has_regulation_target(UniProtKB:Q17381
GO:1903935	response to sodium arsenite	has_regulation_target(UniProtKB:Q17381)
GO:0010628	positive regulation of gene expression	has_regulation_target(UniProtKB:Q17381)
GO:0001933	negative regulation of protein phosphorylation	has_regulation_target(UniProtKB:Q17446
GO:0001933	negative regulation of protein phosphorylation	has_regulation_target(UniProtKB:Q17446
GO:0034501	protein localization to kinetochore	has_regulation_target(UniProtKB:Q17635
GO:0010628	positive regulation of gene expression	has_regulation_target(UniProtKB:Q17663
GO:0031647	regulation of protein stability	has_regulation_target(UniProtKB:Q17795
GO:0010628	positive regulation of gene expression	has_regulation_target(UniProtKB:Q18336
GO:0010628	positive regulation of gene expression	has_regulation_target(UniProtKB:Q18336
GO:0001934	positive regulation of protein phosphorylation	has_regulation_target(UniProtKB:Q19052
GO:0001934	positive regulation of protein phosphorylation	has_regulation_target(UniProtKB:Q19052
GO:0001934	positive regulation of protein phosphorylation	has_regulation_target(UniProtKB:Q19052)
GO:0001934	positive regulation of protein phosphorylation	has_regulation_target(UniProtKB:Q19052)
GO:0001933	negative regulation of protein phosphorylation	has_regulation_target(UniProtKB:Q19052)
GO:0001934	positive regulation of protein phosphorylation	has_regulation_target(UniProtKB:Q19052)
GO:0001934	positive regulation of protein phosphorylation	has_regulation_target(UniProtKB:Q19052)
GO:0001934	positive regulation of protein phosphorylation	has_regulation_target(UniProtKB:Q19052)
GO:0001934	positive regulation of protein phosphorylation	has_regulation_target(UniProtKB:Q19052)
GO:0042594	response to starvation	has_regulation_target(UniProtKB:Q19052)
GO:0006469	negative regulation of protein kinase activity	has_regulation_target(UniProtKB:Q19192)
GO:0010628	positive regulation of gene expression	has_regulation_target(UniProtKB:Q19229)
GO:0010628	positive regulation of gene expression	has_regulation_target(UniProtKB:Q19635
GO:0033120	positive regulation of RNA splicing	has_regulation_target(UniProtKB:Q19829
GO:0010628	positive regulation of gene expression	has_regulation_target(UniProtKB:Q19829
GO:0010628	positive regulation of gene expression	has_regulation_target(UniProtKB:Q19949
GO:0010628	positive regulation of gene expression	has_regulation_target(UniProtKB:Q19949
GO:0010629	negative regulation of gene expression	has_regulation_target(UniProtKB:Q1ZXI7)
GO:1905169	regulation of protein localization to phagocytic vesicle	has_regulation_target(UniProtKB:Q1ZXK2)
GO:0010628	positive regulation of gene expression	has_regulation_target(UniProtKB:Q20330
GO:0051963	regulation of synapse assembly	has_regulation_target(UniProtKB:Q20443
GO:0010629	negative regulation of gene expression	has_regulation_target(UniProtKB:Q20443)
GO:0043518	negative regulation of DNA damage response, signal transduction by p53 class mediator	has_regulation_target(UniProtKB:Q20646
GO:0043518	negative regulation of DNA damage response, signal transduction by p53 class mediator	has_regulation_target(UniProtKB:Q20646)
GO:0043518	negative regulation of DNA damage response, signal transduction by p53 class mediator	has_regulation_target(UniProtKB:Q20646)
GO:1902474	positive regulation of protein localization to synapse	has_regulation_target(UniProtKB:Q21049)
GO:0010628	positive regulation of gene expression	has_regulation_target(UniProtKB:Q21192
GO:0010628	positive regulation of gene expression	has_regulation_target(UniProtKB:Q21192
GO:0010629	negative regulation of gene expression	has_regulation_target(UniProtKB:Q21192
GO:1904811	positive regulation of dense core granule transport	has_regulation_target(UniProtKB:Q21508)
GO:1904776	regulation of protein localization to cell cortex	has_regulation_target(UniProtKB:Q21610
GO:0008105	asymmetric protein localization	has_regulation_target(UniProtKB:Q21610)
GO:1903394	protein localization to kinetochore involved in kinetochore assembly	has_regulation_target(UniProtKB:Q21776
GO:0034501	protein localization to kinetochore	has_regulation_target(UniProtKB:Q21776
GO:0070199	establishment of protein localization to chromosome	has_regulation_target(UniProtKB:Q21776)
GO:0090630	activation of GTPase activity	has_regulation_target(UniProtKB:Q22038)
GO:0010629	negative regulation of gene expression	has_regulation_target(UniProtKB:Q22156)
GO:0010628	positive regulation of gene expression	has_regulation_target(UniProtKB:Q22156)
GO:0010628	positive regulation of gene expression	has_regulation_target(UniProtKB:Q22156)
GO:0010629	negative regulation of gene expression	has_regulation_target(UniProtKB:Q22156)
GO:1903539	protein localization to postsynaptic membrane	has_regulation_target(UniProtKB:Q22361)
GO:0010628	positive regulation of gene expression	has_regulation_target(UniProtKB:Q22613
GO:0010628	positive regulation of gene expression	has_regulation_target(UniProtKB:Q22613
GO:1904811	positive regulation of dense core granule transport	has_regulation_target(UniProtKB:Q23212)
GO:1904811	positive regulation of dense core granule transport	has_regulation_target(UniProtKB:Q23212)
GO:1904811	positive regulation of dense core granule transport	has_regulation_target(UniProtKB:Q23212)
GO:0010629	negative regulation of gene expression	has_regulation_target(UniProtKB:Q23430)
GO:0010629	negative regulation of gene expression	has_regulation_target(UniProtKB:Q23430)
GO:0010628	positive regulation of gene expression	has_regulation_target(UniProtKB:Q23430)
GO:0010628	positive regulation of gene expression	has_regulation_target(UniProtKB:Q23430)
GO:0010629	negative regulation of gene expression	has_regulation_target(UniProtKB:Q23430)
GO:0010629	negative regulation of gene expression	has_regulation_target(UniProtKB:Q23564)
GO:0010629	negative regulation of gene expression	has_regulation_target(UniProtKB:Q23682
GO:0010628	positive regulation of gene expression	has_regulation_target(UniProtKB:Q23682)
GO:0010628	positive regulation of gene expression	has_regulation_target(UniProtKB:Q23917)
GO:1903683	positive regulation of epithelial cell-cell adhesion involved in epithelium migration	has_regulation_target(UniProtKB:Q24298
GO:1903077	negative regulation of protein localization to plasma membrane	has_regulation_target(UniProtKB:Q24298
GO:1903387	positive regulation of homophilic cell adhesion	has_regulation_target(UniProtKB:Q24298
GO:0010629	negative regulation of gene expression	has_regulation_target(UniProtKB:Q24306
GO:0050731	positive regulation of peptidyl-tyrosine phosphorylation	has_regulation_target(UniProtKB:Q26261)
GO:0034504	protein localization to nucleus	has_regulation_target(UniProtKB:Q27365
GO:0010628	positive regulation of gene expression	has_regulation_target(UniProtKB:Q27365
GO:0050821	protein stabilization	has_regulation_target(UniProtKB:Q27365)
GO:0045893	positive regulation of transcription, DNA-templated	has_regulation_target(UniProtKB:Q29624)
GO:0033137	negative regulation of peptidyl-serine phosphorylation	has_regulation_target(UniProtKB:Q2NL51)
GO:0050729	positive regulation of inflammatory response	has_regulation_target(UniProtKB:Q2TBU0)
GO:0031334	positive regulation of protein complex assembly	has_regulation_target(UniProtKB:Q2YJ75
GO:0031334	positive regulation of protein complex assembly	has_regulation_target(UniProtKB:Q2YJ78)
GO:1903319	positive regulation of protein maturation	has_regulation_target(UniProtKB:Q30201)
GO:0045807	positive regulation of endocytosis	has_regulation_target(UniProtKB:Q30201)
GO:0010628	positive regulation of gene expression	has_regulation_target(UniProtKB:Q38BX0)
GO:1903565	negative regulation of protein localization to cilium	has_regulation_target(UniProtKB:Q3SYG4)
GO:1902905	positive regulation of fibril organization	has_regulation_target(UniProtKB:Q3T0G8)
GO:0000982	transcription factor activity, RNA polymerase II core promoter proximal region sequence-specific binding	has_regulation_target(UniProtKB:Q3UV74
GO:0006357	regulation of transcription from RNA polymerase II promoter	has_regulation_target(UniProtKB:Q3UV74)
GO:0006357	regulation of transcription from RNA polymerase II promoter	has_regulation_target(UniProtKB:Q3UV74)
GO:0000982	transcription factor activity, RNA polymerase II core promoter proximal region sequence-specific binding	has_regulation_target(UniProtKB:Q3UV74)
GO:0010628	positive regulation of gene expression	has_regulation_target(UniProtKB:Q4GZD1)
GO:0034767	positive regulation of ion transmembrane transport	has_regulation_target(UniProtKB:Q4KMQ2)
GO:0046719	regulation by virus of viral protein levels in host cell	has_regulation_target(UniProtKB:Q4VW77)
GO:0042325	regulation of phosphorylation	has_regulation_target(UniProtKB:Q4VW77)
GO:0045944	positive regulation of transcription from RNA polymerase II promoter	has_regulation_target(UniProtKB:Q53H47)
GO:0000122	negative regulation of transcription from RNA polymerase II promoter	has_regulation_target(UniProtKB:Q53TN4
GO:0000122	negative regulation of transcription from RNA polymerase II promoter	has_regulation_target(UniProtKB:Q53TN4)
GO:0010628	positive regulation of gene expression	has_regulation_target(UniProtKB:Q54BD4
GO:0010628	positive regulation of gene expression	has_regulation_target(UniProtKB:Q54BD4
GO:0010628	positive regulation of gene expression	has_regulation_target(UniProtKB:Q54BD4
GO:2000366	positive regulation of STAT protein import into nucleus	has_regulation_target(UniProtKB:Q54BD4
GO:2000366	positive regulation of STAT protein import into nucleus	has_regulation_target(UniProtKB:Q54BD4
GO:0010628	positive regulation of gene expression	has_regulation_target(UniProtKB:Q54BD4)
GO:0010628	positive regulation of gene expression	has_regulation_target(UniProtKB:Q54CG0)
GO:0010628	positive regulation of gene expression	has_regulation_target(UniProtKB:Q54DJ1)
GO:0010628	positive regulation of gene expression	has_regulation_target(UniProtKB:Q54DJ1)
GO:0010628	positive regulation of gene expression	has_regulation_target(UniProtKB:Q54DJ2)
GO:0010628	positive regulation of gene expression	has_regulation_target(UniProtKB:Q54DJ2)
GO:0010628	positive regulation of gene expression	has_regulation_target(UniProtKB:Q54ET6)
GO:0010628	positive regulation of gene expression	has_regulation_target(UniProtKB:Q54ET7)
GO:0010629	negative regulation of gene expression	has_regulation_target(UniProtKB:Q54EX0
GO:0010628	positive regulation of gene expression	has_regulation_target(UniProtKB:Q54EX0)
GO:0010628	positive regulation of gene expression	has_regulation_target(UniProtKB:Q54EX0)
GO:0010629	negative regulation of gene expression	has_regulation_target(UniProtKB:Q54F72)
GO:0010628	positive regulation of gene expression	has_regulation_target(UniProtKB:Q54FF8)
GO:0010628	positive regulation of gene expression	has_regulation_target(UniProtKB:Q54FW2)
GO:0010628	positive regulation of gene expression	has_regulation_target(UniProtKB:Q54H83)
GO:0010628	positive regulation of gene expression	has_regulation_target(UniProtKB:Q54I36
GO:0010628	positive regulation of gene expression	has_regulation_target(UniProtKB:Q54I36)
GO:0010628	positive regulation of gene expression	has_regulation_target(UniProtKB:Q54I36)
GO:0010628	positive regulation of gene expression	has_regulation_target(UniProtKB:Q54J35)
GO:0010629	negative regulation of gene expression	has_regulation_target(UniProtKB:Q54J35)
GO:0010628	positive regulation of gene expression	has_regulation_target(UniProtKB:Q54J35)
GO:0010628	positive regulation of gene expression	has_regulation_target(UniProtKB:Q54J35)
GO:1904776	regulation of protein localization to cell cortex	has_regulation_target(UniProtKB:Q54L90)
GO:1905099	positive regulation of guanyl-nucleotide exchange factor activity	has_regulation_target(UniProtKB:Q54L90)
GO:0010628	positive regulation of gene expression	has_regulation_target(UniProtKB:Q54NU5)
GO:0010629	negative regulation of gene expression	has_regulation_target(UniProtKB:Q54NU5)
GO:0010629	negative regulation of gene expression	has_regulation_target(UniProtKB:Q54PC2)
GO:0000187	activation of MAPK activity	has_regulation_target(UniProtKB:Q54QB1
GO:0001934	positive regulation of protein phosphorylation	has_regulation_target(UniProtKB:Q54QB1
GO:0043407	negative regulation of MAP kinase activity	has_regulation_target(UniProtKB:Q54QB1)
GO:0043406	positive regulation of MAP kinase activity	has_regulation_target(UniProtKB:Q54QB1)
GO:0043405	regulation of MAP kinase activity	has_regulation_target(UniProtKB:Q54QB1)
GO:0000187	activation of MAPK activity	has_regulation_target(UniProtKB:Q54QB1)
GO:0010628	positive regulation of gene expression	has_regulation_target(UniProtKB:Q54QQ1
GO:0010628	positive regulation of gene expression	has_regulation_target(UniProtKB:Q54QQ1)
GO:0010628	positive regulation of gene expression	has_regulation_target(UniProtKB:Q54QV3
GO:0010629	negative regulation of gene expression	has_regulation_target(UniProtKB:Q54R32)
GO:0010628	positive regulation of gene expression	has_regulation_target(UniProtKB:Q54TN2)
GO:0010628	positive regulation of gene expression	has_regulation_target(UniProtKB:Q54TY7)
GO:0090073	positive regulation of protein homodimerization activity	has_regulation_target(UniProtKB:Q54V07)
GO:0010468	regulation of gene expression	has_regulation_target(UniProtKB:Q54WA7)
GO:0010629	negative regulation of gene expression	has_regulation_target(UniProtKB:Q54YG2
GO:0010468	regulation of gene expression	has_regulation_target(UniProtKB:Q54YG2)
GO:0010628	positive regulation of gene expression	has_regulation_target(UniProtKB:Q54YG2)
GO:0010628	positive regulation of gene expression	has_regulation_target(UniProtKB:Q54YG2)
GO:0045893	positive regulation of transcription, DNA-templated	has_regulation_target(UniProtKB:Q54YG2)
GO:0010628	positive regulation of gene expression	has_regulation_target(UniProtKB:Q54YG2)
GO:0010628	positive regulation of gene expression	has_regulation_target(UniProtKB:Q54ZX6)
GO:0071901	negative regulation of protein serine/threonine kinase activity	has_regulation_target(UniProtKB:Q552E9)
GO:0010628	positive regulation of gene expression	has_regulation_target(UniProtKB:Q557X0)
GO:0010628	positive regulation of gene expression	has_regulation_target(UniProtKB:Q557X0)
GO:0010629	negative regulation of gene expression	has_regulation_target(UniProtKB:Q55BZ8)
GO:0010628	positive regulation of gene expression	has_regulation_target(UniProtKB:Q55CG8)
GO:0032147	activation of protein kinase activity	has_regulation_target(UniProtKB:Q55D99)
GO:0010628	positive regulation of gene expression	has_regulation_target(UniProtKB:Q55DK1)
GO:0052405	negative regulation by host of symbiont molecular function	has_regulation_target(UniProtKB:Q56061)
GO:0043410	positive regulation of MAPK cascade	has_regulation_target(UniProtKB:Q58D94
GO:0090004	positive regulation of establishment of protein localization to plasma membrane	has_regulation_target(UniProtKB:Q58J72
GO:0090004	positive regulation of establishment of protein localization to plasma membrane	has_regulation_target(UniProtKB:Q58J72)
GO:0032487	regulation of Rap protein signal transduction	has_regulation_target(UniProtKB:Q5EAN7
GO:0043254	regulation of protein complex assembly	has_regulation_target(UniProtKB:Q5JPE7
GO:0031648	protein destabilization	has_regulation_target(UniProtKB:Q5JPE7
GO:0031648	protein destabilization	has_regulation_target(UniProtKB:Q5JPE7)
GO:0010629	negative regulation of gene expression	has_regulation_target(UniProtKB:Q5MNZ9
GO:0033160	positive regulation of protein import into nucleus, translocation	has_regulation_target(UniProtKB:Q5PPB8)
GO:0010629	negative regulation of gene expression	has_regulation_target(UniProtKB:Q5QJC9)
GO:1904424	regulation of GTP binding	has_regulation_target(UniProtKB:Q5S006)
GO:1904424	regulation of GTP binding	has_regulation_target(UniProtKB:Q5S007)
GO:1903827	regulation of cellular protein localization	has_regulation_target(UniProtKB:Q5S007)
GO:1903078	positive regulation of protein localization to plasma membrane	has_regulation_target(UniProtKB:Q5S007)
GO:0030838	positive regulation of actin filament polymerization	has_regulation_target(UniProtKB:Q5TJ56)
GO:1903669	positive regulation of chemorepellent activity	has_regulation_target(UniProtKB:Q5XM24)
GO:1903665	negative regulation of asexual reproduction	has_regulation_target(UniProtKB:Q5XM24)
GO:1902161	positive regulation of cyclic nucleotide-gated ion channel activity	has_regulation_target(UniProtKB:Q5XXA6)
GO:0010628	positive regulation of gene expression	has_regulation_target(UniProtKB:Q5ZGI1
GO:0010628	positive regulation of gene expression	has_regulation_target(UniProtKB:Q5ZGI1)
GO:0010629	negative regulation of gene expression	has_regulation_target(UniProtKB:Q60571)
GO:0045944	positive regulation of transcription from RNA polymerase II promoter	has_regulation_target(UniProtKB:Q60696)
GO:0045944	positive regulation of transcription from RNA polymerase II promoter	has_regulation_target(UniProtKB:Q60696)
GO:0045944	positive regulation of transcription from RNA polymerase II promoter	has_regulation_target(UniProtKB:Q60748
GO:0010628	positive regulation of gene expression	has_regulation_target(UniProtKB:Q60765
GO:0010628	positive regulation of gene expression	has_regulation_target(UniProtKB:Q60765
GO:1990440	positive regulation of transcription from RNA polymerase II promoter in response to endoplasmic reticulum stress	has_regulation_target(UniProtKB:Q60765)
GO:0010628	positive regulation of gene expression	has_regulation_target(UniProtKB:Q60765)
GO:1900182	positive regulation of protein localization to nucleus	has_regulation_target(UniProtKB:Q60795
GO:1900182	positive regulation of protein localization to nucleus	has_regulation_target(UniProtKB:Q60795)
GO:1902523	positive regulation of protein K63-linked ubiquitination	has_regulation_target(UniProtKB:Q60803)
GO:0001934	positive regulation of protein phosphorylation	has_regulation_target(UniProtKB:Q60838
GO:0001934	positive regulation of protein phosphorylation	has_regulation_target(UniProtKB:Q60838
GO:0001934	positive regulation of protein phosphorylation	has_regulation_target(UniProtKB:Q60838
GO:0001934	positive regulation of protein phosphorylation	has_regulation_target(UniProtKB:Q60838)
GO:0010628	positive regulation of gene expression	has_regulation_target(UniProtKB:Q60875)
GO:0035307	positive regulation of protein dephosphorylation	has_regulation_target(UniProtKB:Q60876
GO:0010628	positive regulation of gene expression	has_regulation_target(UniProtKB:Q60994
GO:0070165	positive regulation of adiponectin secretion	has_regulation_target(UniProtKB:Q60994)
GO:0050731	positive regulation of peptidyl-tyrosine phosphorylation	has_regulation_target(UniProtKB:Q61006)
GO:0045944	positive regulation of transcription from RNA polymerase II promoter	has_regulation_target(UniProtKB:Q61039)
GO:0032091	negative regulation of protein binding	has_regulation_target(UniProtKB:Q61062
GO:0001934	positive regulation of protein phosphorylation	has_regulation_target(UniProtKB:Q61062
GO:0001934	positive regulation of protein phosphorylation	has_regulation_target(UniProtKB:Q61062
GO:0001934	positive regulation of protein phosphorylation	has_regulation_target(UniProtKB:Q61062
GO:0001934	positive regulation of protein phosphorylation	has_regulation_target(UniProtKB:Q61062)
GO:0042177	negative regulation of protein catabolic process	has_regulation_target(UniProtKB:Q61221
GO:0045727	positive regulation of translation	has_regulation_target(UniProtKB:Q61221
GO:0010628	positive regulation of gene expression	has_regulation_target(UniProtKB:Q61221
GO:0051091	positive regulation of sequence-specific DNA binding transcription factor activity	has_regulation_target(UniProtKB:Q61221)
GO:0031397	negative regulation of protein ubiquitination	has_regulation_target(UniProtKB:Q61221)
GO:0045944	positive regulation of transcription from RNA polymerase II promoter	has_regulation_target(UniProtKB:Q61327
GO:0045787	positive regulation of cell cycle	has_regulation_target(UniProtKB:Q61457)
GO:0000432	positive regulation of transcription from RNA polymerase II promoter by glucose	has_regulation_target(UniProtKB:Q61743)
GO:0045944	positive regulation of transcription from RNA polymerase II promoter	has_regulation_target(UniProtKB:Q62009
GO:0045944	positive regulation of transcription from RNA polymerase II promoter	has_regulation_target(UniProtKB:Q62009)
GO:0045944	positive regulation of transcription from RNA polymerase II promoter	has_regulation_target(UniProtKB:Q62181)
GO:0010629	negative regulation of gene expression	has_regulation_target(UniProtKB:Q62226
GO:0000122	negative regulation of transcription from RNA polymerase II promoter	has_regulation_target(UniProtKB:Q62351
GO:0000122	negative regulation of transcription from RNA polymerase II promoter	has_regulation_target(UniProtKB:Q62351)
GO:0000122	negative regulation of transcription from RNA polymerase II promoter	has_regulation_target(UniProtKB:Q62351)
GO:0045944	positive regulation of transcription from RNA polymerase II promoter	has_regulation_target(UniProtKB:Q62351)
GO:0050821	protein stabilization	has_regulation_target(UniProtKB:Q62388
GO:0010862	positive regulation of pathway-restricted SMAD protein phosphorylation	has_regulation_target(UniProtKB:Q62432
GO:0001933	negative regulation of protein phosphorylation	has_regulation_target(UniProtKB:Q62433)
GO:0050731	positive regulation of peptidyl-tyrosine phosphorylation	has_regulation_target(UniProtKB:Q62838
GO:0000187	activation of MAPK activity	has_regulation_target(UniProtKB:Q63844
GO:0045893	positive regulation of transcription, DNA-templated	has_regulation_target(UniProtKB:Q63844)
GO:0042327	positive regulation of phosphorylation	has_regulation_target(UniProtKB:Q63844)
GO:0042326	negative regulation of phosphorylation	has_regulation_target(UniProtKB:Q63844)
GO:0001077	transcriptional activator activity, RNA polymerase II core promoter proximal region sequence-specific binding	has_regulation_target(UniProtKB:Q63934)
GO:0045944	positive regulation of transcription from RNA polymerase II promoter	has_regulation_target(UniProtKB:Q63943)
GO:0000122	negative regulation of transcription from RNA polymerase II promoter	has_regulation_target(UniProtKB:Q64092)
GO:0001934	positive regulation of protein phosphorylation	has_regulation_target(UniProtKB:Q64092)
GO:0045944	positive regulation of transcription from RNA polymerase II promoter	has_regulation_target(UniProtKB:Q64279)
GO:0010628	positive regulation of gene expression	has_regulation_target(UniProtKB:Q64282
GO:0010628	positive regulation of gene expression	has_regulation_target(UniProtKB:Q64282
GO:0010628	positive regulation of gene expression	has_regulation_target(UniProtKB:Q64282
GO:0010628	positive regulation of gene expression	has_regulation_target(UniProtKB:Q64282)
GO:0010629	negative regulation of gene expression	has_regulation_target(UniProtKB:Q64314
GO:0010629	negative regulation of gene expression	has_regulation_target(UniProtKB:Q64314)
GO:0045944	positive regulation of transcription from RNA polymerase II promoter	has_regulation_target(UniProtKB:Q64337)
GO:0051246	regulation of protein metabolic process	has_regulation_target(UniProtKB:Q64337)
GO:0010628	positive regulation of gene expression	has_regulation_target(UniProtKB:Q64339
GO:0010628	positive regulation of gene expression	has_regulation_target(UniProtKB:Q64339
GO:0010628	positive regulation of gene expression	has_regulation_target(UniProtKB:Q64339
GO:0010628	positive regulation of gene expression	has_regulation_target(UniProtKB:Q64339
GO:0010628	positive regulation of gene expression	has_regulation_target(UniProtKB:Q64339)
GO:0045893	positive regulation of transcription, DNA-templated	has_regulation_target(UniProtKB:Q64373-1)
GO:0045944	positive regulation of transcription from RNA polymerase II promoter	has_regulation_target(UniProtKB:Q64669
GO:0045944	positive regulation of transcription from RNA polymerase II promoter	has_regulation_target(UniProtKB:Q64669
GO:1903911	positive regulation of receptor clustering	has_regulation_target(UniProtKB:Q64729
GO:0043539	protein serine/threonine kinase activator activity	has_regulation_target(UniProtKB:Q64729)
GO:1905663	positive regulation of telomerase RNA reverse transcriptase activity	has_regulation_target(UniProtKB:Q673L6)
GO:0000122	negative regulation of transcription from RNA polymerase II promoter	has_regulation_target(UniProtKB:Q6FH11)
GO:0045944	positive regulation of transcription from RNA polymerase II promoter	has_regulation_target(UniProtKB:Q6GPH4
GO:0045944	positive regulation of transcription from RNA polymerase II promoter	has_regulation_target(UniProtKB:Q6GPH4
GO:2000157	negative regulation of ubiquitin-specific protease activity	has_regulation_target(UniProtKB:Q6GQQ9)
GO:1900182	positive regulation of protein localization to nucleus	has_regulation_target(UniProtKB:Q6IE81-1)
GO:1900182	positive regulation of protein localization to nucleus	has_regulation_target(UniProtKB:Q6IE81-3
GO:0042030	ATPase inhibitor activity	has_regulation_target(UniProtKB:Q6PIC6
GO:0042030	ATPase inhibitor activity	has_regulation_target(UniProtKB:Q6PIC6
GO:1903407	negative regulation of sodium:potassium-exchanging ATPase activity	has_regulation_target(UniProtKB:Q6PIC6
GO:1903407	negative regulation of sodium:potassium-exchanging ATPase activity	has_regulation_target(UniProtKB:Q6PIC6
GO:1903407	negative regulation of sodium:potassium-exchanging ATPase activity	has_regulation_target(UniProtKB:Q6PIC6)
GO:0043433	negative regulation of sequence-specific DNA binding transcription factor activity	has_regulation_target(UniProtKB:Q6RKQ3)
GO:0043410	positive regulation of MAPK cascade	has_regulation_target(UniProtKB:Q6TJY3
GO:0043066	negative regulation of apoptotic process	has_regulation_target(UniProtKB:Q6UXS9)
GO:0010629	negative regulation of gene expression	has_regulation_target(UniProtKB:Q6ZNE5)
GO:0032092	positive regulation of protein binding	has_regulation_target(UniProtKB:Q6ZVN8
GO:1902310	positive regulation of peptidyl-serine dephosphorylation	has_regulation_target(UniProtKB:Q6ZWX6)
GO:0003713	transcription coactivator activity	has_regulation_target(UniProtKB:Q71SY5)
GO:0051091	positive regulation of sequence-specific DNA binding transcription factor activity	has_regulation_target(UniProtKB:Q764M6)
GO:0039551	suppression by virus of host IRF3 activity by positive regulation of IRF3 catabolic process	has_regulation_target(UniProtKB:Q764M6)
GO:1990214	negative regulation by symbiont of host protein levels	has_regulation_target(UniProtKB:Q764M6)
GO:1901800	positive regulation of proteasomal protein catabolic process	has_regulation_target(UniProtKB:Q764M6)
GO:0033138	positive regulation of peptidyl-serine phosphorylation	has_regulation_target(UniProtKB:Q76JQ2)
GO:0090074	negative regulation of protein homodimerization activity	has_regulation_target(UniProtKB:Q76MJ5
GO:0043497	regulation of protein heterodimerization activity	has_regulation_target(UniProtKB:Q76MJ5
GO:0050714	positive regulation of protein secretion	has_regulation_target(UniProtKB:Q7BVH7)
GO:1905475	regulation of protein localization to membrane	has_regulation_target(UniProtKB:Q7JXF5)
GO:0010628	positive regulation of gene expression	has_regulation_target(UniProtKB:Q7KN75
GO:0010628	positive regulation of gene expression	has_regulation_target(UniProtKB:Q7KWS2)
GO:0010628	positive regulation of gene expression	has_regulation_target(UniProtKB:Q7KWS2)
GO:0010628	positive regulation of gene expression	has_regulation_target(UniProtKB:Q7LBE3)
GO:0010628	positive regulation of gene expression	has_regulation_target(UniProtKB:Q7SX73)
GO:2000484	positive regulation of interleukin-8 secretion	has_regulation_target(UniProtKB:Q7SX73)
GO:0010629	negative regulation of gene expression	has_regulation_target(UniProtKB:Q7TMA2)
GO:0042347	negative regulation of NF-kappaB import into nucleus	has_regulation_target(UniProtKB:Q7TQN4
GO:1902857	positive regulation of non-motile cilium assembly	has_regulation_target(UniProtKB:Q7TSH4)
GO:1903828	negative regulation of cellular protein localization	has_regulation_target(UniProtKB:Q7TSH4)
GO:0010629	negative regulation of gene expression	has_regulation_target(UniProtKB:Q7Z202
GO:0031647	regulation of protein stability	has_regulation_target(UniProtKB:Q80U63)
GO:0032092	positive regulation of protein binding	has_regulation_target(UniProtKB:Q80WW9)
GO:2000737	negative regulation of stem cell differentiation	has_regulation_target(UniProtKB:Q80Z64
GO:0010628	positive regulation of gene expression	has_regulation_target(UniProtKB:Q80Z64)
GO:0010628	positive regulation of gene expression	has_regulation_target(UniProtKB:Q811U4)
GO:0044794	positive regulation by host of viral process	has_regulation_target(UniProtKB:Q81449)
GO:0010629	negative regulation of gene expression	has_regulation_target(UniProtKB:Q86HF5)
GO:0010629	negative regulation of gene expression	has_regulation_target(UniProtKB:Q86HF8)
GO:0010628	positive regulation of gene expression	has_regulation_target(UniProtKB:Q86KB6)
GO:0032091	negative regulation of protein binding	has_regulation_target(UniProtKB:Q86Y91
GO:1902800	positive regulation of phosphodiesterase I activity	has_regulation_target(UniProtKB:Q87066)
GO:0043923	positive regulation by host of viral transcription	has_regulation_target(UniProtKB:Q89714)
GO:0050434	positive regulation of viral transcription	has_regulation_target(UniProtKB:Q89714)
GO:1902161	positive regulation of cyclic nucleotide-gated ion channel activity	has_regulation_target(UniProtKB:Q8BHY3)
GO:0010628	positive regulation of gene expression	has_regulation_target(UniProtKB:Q8BMG7)
GO:0050821	protein stabilization	has_regulation_target(UniProtKB:Q8BMG7)
GO:0045892	negative regulation of transcription, DNA-templated	has_regulation_target(UniProtKB:Q8BND5
GO:0045944	positive regulation of transcription from RNA polymerase II promoter	has_regulation_target(UniProtKB:Q8BRU6
GO:2000679	positive regulation of transcription regulatory region DNA binding	has_regulation_target(UniProtKB:Q8BUN5)
GO:0010629	negative regulation of gene expression	has_regulation_target(UniProtKB:Q8C567
GO:0010629	negative regulation of gene expression	has_regulation_target(UniProtKB:Q8C567)
GO:0010629	negative regulation of gene expression	has_regulation_target(UniProtKB:Q8CI32
GO:0001934	positive regulation of protein phosphorylation	has_regulation_target(UniProtKB:Q8CJH3)
GO:0010468	regulation of gene expression	has_regulation_target(UniProtKB:Q8I4N4)
GO:0010628	positive regulation of gene expression	has_regulation_target(UniProtKB:Q8I4N4)
GO:0010628	positive regulation of gene expression	has_regulation_target(UniProtKB:Q8IG23
GO:0010628	positive regulation of gene expression	has_regulation_target(UniProtKB:Q8IG23
GO:0010628	positive regulation of gene expression	has_regulation_target(UniProtKB:Q8IRW8
GO:0031647	regulation of protein stability	has_regulation_target(UniProtKB:Q8IWA4
GO:0031396	regulation of protein ubiquitination	has_regulation_target(UniProtKB:Q8IWA4
GO:0031396	regulation of protein ubiquitination	has_regulation_target(UniProtKB:Q8IWA4
GO:0031648	protein destabilization	has_regulation_target(UniProtKB:Q8IWA4)
GO:1902527	positive regulation of protein monoubiquitination	has_regulation_target(UniProtKB:Q8IXI2)
GO:0006513	protein monoubiquitination	has_regulation_target(UniProtKB:Q8IXI2)
GO:0001077	transcriptional activator activity, RNA polymerase II core promoter proximal region sequence-specific binding	has_regulation_target(UniProtKB:Q8K007)
GO:0045944	positive regulation of transcription from RNA polymerase II promoter	has_regulation_target(UniProtKB:Q8K007)
GO:0090004	positive regulation of establishment of protein localization to plasma membrane	has_regulation_target(UniProtKB:Q8K1F9
GO:0010629	negative regulation of gene expression	has_regulation_target(UniProtKB:Q8K3J1)
GO:0010628	positive regulation of gene expression	has_regulation_target(UniProtKB:Q8K3Z0
GO:1900182	positive regulation of protein localization to nucleus	has_regulation_target(UniProtKB:Q8K4J6
GO:0010628	positive regulation of gene expression	has_regulation_target(UniProtKB:Q8K4J6)
GO:1904721	negative regulation of mRNA endonucleolytic cleavage involved in unfolded protein response	has_regulation_target(UniProtKB:Q8MLW7
GO:0031647	regulation of protein stability	has_regulation_target(UniProtKB:Q8MQE6)
GO:1903432	regulation of TORC1 signaling	has_regulation_target(UniProtKB:Q8N122)
GO:0031333	negative regulation of protein complex assembly	has_regulation_target(UniProtKB:Q8NFG4
GO:0031334	positive regulation of protein complex assembly	has_regulation_target(UniProtKB:Q8NFG4
GO:0001934	positive regulation of protein phosphorylation	has_regulation_target(UniProtKB:Q8NFG4)
GO:0010628	positive regulation of gene expression	has_regulation_target(UniProtKB:Q8NFG4)
GO:0010628	positive regulation of gene expression	has_regulation_target(UniProtKB:Q8NFG4)
GO:0045944	positive regulation of transcription from RNA polymerase II promoter	has_regulation_target(UniProtKB:Q8QGA0)
GO:0019068	virion assembly	has_regulation_target(UniProtKB:Q8QXN7)
GO:0006357	regulation of transcription from RNA polymerase II promoter	has_regulation_target(UniProtKB:Q8R1I2
GO:0045944	positive regulation of transcription from RNA polymerase II promoter	has_regulation_target(UniProtKB:Q8R307)
GO:1903214	regulation of protein targeting to mitochondrion	has_regulation_target(UniProtKB:Q8R3R8)
GO:0023019	signal transduction involved in regulation of gene expression	has_regulation_target(UniProtKB:Q8SPR3)
GO:1903076	regulation of protein localization to plasma membrane	has_regulation_target(UniProtKB:Q8SQC1)
GO:1903565	negative regulation of protein localization to cilium	has_regulation_target(UniProtKB:Q8TAM2)
GO:0045944	positive regulation of transcription from RNA polymerase II promoter	has_regulation_target(UniProtKB:Q8TAP4)
GO:0010629	negative regulation of gene expression	has_regulation_target(UniProtKB:Q8TDD2)
GO:0010628	positive regulation of gene expression	has_regulation_target(UniProtKB:Q8TF40)
GO:0032436	positive regulation of proteasomal ubiquitin-dependent protein catabolic process	has_regulation_target(UniProtKB:Q8VBV4
GO:0000122	negative regulation of transcription from RNA polymerase II promoter	has_regulation_target(UniProtKB:Q8VHJ7
GO:0045944	positive regulation of transcription from RNA polymerase II promoter	has_regulation_target(UniProtKB:Q8VHJ7)
GO:0000122	negative regulation of transcription from RNA polymerase II promoter	has_regulation_target(UniProtKB:Q8VHJ7)
GO:0031647	regulation of protein stability	has_regulation_target(UniProtKB:Q8WT46)
GO:0010629	negative regulation of gene expression	has_regulation_target(UniProtKB:Q8WWP7
GO:0045893	positive regulation of transcription, DNA-templated	has_regulation_target(UniProtKB:Q90722
GO:0045893	positive regulation of transcription, DNA-templated	has_regulation_target(UniProtKB:Q90722)
GO:1904622	negative regulation of actin-dependent ATPase activity	has_regulation_target(UniProtKB:Q90748)
GO:1904616	regulation of actin binding	has_regulation_target(UniProtKB:Q90748)
GO:0010863	positive regulation of phospholipase C activity	has_regulation_target(UniProtKB:Q91086
GO:0010620	negative regulation of transcription by transcription factor catabolism	has_regulation_target(UniProtKB:Q91690)
GO:0048672	positive regulation of collateral sprouting	has_regulation_target(UniProtKB:Q91987
GO:0048672	positive regulation of collateral sprouting	has_regulation_target(UniProtKB:Q91987
GO:0000122	negative regulation of transcription from RNA polymerase II promoter	has_regulation_target(UniProtKB:Q91V88)
GO:0045944	positive regulation of transcription from RNA polymerase II promoter	has_regulation_target(UniProtKB:Q91V88)
GO:0042307	positive regulation of protein import into nucleus	has_regulation_target(UniProtKB:Q91WL8)
GO:1904173	regulation of histone demethylase activity (H3-K4 specific)	has_regulation_target(UniProtKB:Q91X20)
GO:1904499	regulation of chromatin-mediated maintenance of transcription	has_regulation_target(UniProtKB:Q91X20)
GO:0051569	regulation of histone H3-K4 methylation	has_regulation_target(UniProtKB:Q91X20)
GO:1904793	regulation of euchromatin binding	has_regulation_target(UniProtKB:Q91X20)
GO:0010468	regulation of gene expression	has_regulation_target(UniProtKB:Q91YI1)
GO:0045944	positive regulation of transcription from RNA polymerase II promoter	has_regulation_target(UniProtKB:Q91YI1)
GO:0006990	positive regulation of transcription from RNA polymerase II promoter involved in unfolded protein response	has_regulation_target(UniProtKB:Q91YW3)
GO:0000122	negative regulation of transcription from RNA polymerase II promoter	has_regulation_target(UniProtKB:Q91Z83)
GO:0000122	negative regulation of transcription from RNA polymerase II promoter	has_regulation_target(UniProtKB:Q925G2
GO:0000122	negative regulation of transcription from RNA polymerase II promoter	has_regulation_target(UniProtKB:Q925G2)
GO:1990441	negative regulation of transcription from RNA polymerase II promoter in response to endoplasmic reticulum stress	has_regulation_target(UniProtKB:Q925U4)
GO:0001934	positive regulation of protein phosphorylation	has_regulation_target(UniProtKB:Q92736)
GO:0045893	positive regulation of transcription, DNA-templated	has_regulation_target(UniProtKB:Q92819)
GO:0045893	positive regulation of transcription, DNA-templated	has_regulation_target(UniProtKB:Q92819)
GO:0045893	positive regulation of transcription, DNA-templated	has_regulation_target(UniProtKB:Q92839)
GO:0032270	positive regulation of cellular protein metabolic process	has_regulation_target(UniProtKB:Q92908)
GO:0045893	positive regulation of transcription, DNA-templated	has_regulation_target(UniProtKB:Q92934)
GO:0039557	suppression by virus of host IRF7 activity	has_regulation_target(UniProtKB:Q92985)
GO:0032092	positive regulation of protein binding	has_regulation_target(UniProtKB:Q92995
GO:0032092	positive regulation of protein binding	has_regulation_target(UniProtKB:Q92997
GO:0032091	negative regulation of protein binding	has_regulation_target(UniProtKB:Q92997)
GO:0031347	regulation of defense response	has_regulation_target(UniProtKB:Q94A06)
GO:0033120	positive regulation of RNA splicing	has_regulation_target(UniProtKB:Q95PZ4)
GO:0010629	negative regulation of gene expression	has_regulation_target(UniProtKB:Q95Q95
GO:0034501	protein localization to kinetochore	has_regulation_target(UniProtKB:Q95QB8
GO:0008105	asymmetric protein localization	has_regulation_target(UniProtKB:Q95QJ7
GO:0008105	asymmetric protein localization	has_regulation_target(UniProtKB:Q95QJ7
GO:0008105	asymmetric protein localization	has_regulation_target(UniProtKB:Q95QJ7
GO:0010628	positive regulation of gene expression	has_regulation_target(UniProtKB:Q95QP2
GO:0010629	negative regulation of gene expression	has_regulation_target(UniProtKB:Q95UP9)
GO:0034501	protein localization to kinetochore	has_regulation_target(UniProtKB:Q95XP9
GO:0032436	positive regulation of proteasomal ubiquitin-dependent protein catabolic process	has_regulation_target(UniProtKB:Q969F2)
GO:1901800	positive regulation of proteasomal protein catabolic process	has_regulation_target(UniProtKB:Q969H0)
GO:0031648	protein destabilization	has_regulation_target(UniProtKB:Q969V3
GO:0031648	protein destabilization	has_regulation_target(UniProtKB:Q969V3
GO:0043254	regulation of protein complex assembly	has_regulation_target(UniProtKB:Q969V3
GO:1904353	regulation of telomere capping	has_regulation_target(UniProtKB:Q96AP0)
GO:0032092	positive regulation of protein binding	has_regulation_target(UniProtKB:Q96BK5
GO:0031647	regulation of protein stability	has_regulation_target(UniProtKB:Q96BK5)
GO:1904750	negative regulation of protein localization to nucleolus	has_regulation_target(UniProtKB:Q96D46)
GO:0010629	negative regulation of gene expression	has_regulation_target(UniProtKB:Q96DT0)
GO:0032092	positive regulation of protein binding	has_regulation_target(UniProtKB:Q96NA2
GO:0042325	regulation of phosphorylation	has_regulation_target(UniProtKB:Q96PG8
GO:0010629	negative regulation of gene expression	has_regulation_target(UniProtKB:Q96PG8
GO:0031647	regulation of protein stability	has_regulation_target(UniProtKB:Q96PG8)
GO:1905477	positive regulation of protein localization to membrane	has_regulation_target(UniProtKB:Q96QK1)
GO:1903565	negative regulation of protein localization to cilium	has_regulation_target(UniProtKB:Q96RK4)
GO:0010628	positive regulation of gene expression	has_regulation_target(UniProtKB:Q96RT1)
GO:1990440	positive regulation of transcription from RNA polymerase II promoter in response to endoplasmic reticulum stress	has_regulation_target(UniProtKB:Q96RU7)
GO:0045944	positive regulation of transcription from RNA polymerase II promoter	has_regulation_target(UniProtKB:Q96RU7)
GO:0000122	negative regulation of transcription from RNA polymerase II promoter	has_regulation_target(UniProtKB:Q96RU7)
GO:0045944	positive regulation of transcription from RNA polymerase II promoter	has_regulation_target(UniProtKB:Q96SQ7)
GO:0000122	negative regulation of transcription from RNA polymerase II promoter	has_regulation_target(UniProtKB:Q96SQ7)
GO:0045944	positive regulation of transcription from RNA polymerase II promoter	has_regulation_target(UniProtKB:Q96SQ7)
GO:0010628	positive regulation of gene expression	has_regulation_target(UniProtKB:Q98TQ2)
GO:2000484	positive regulation of interleukin-8 secretion	has_regulation_target(UniProtKB:Q98TQ2)
GO:0032270	positive regulation of cellular protein metabolic process	has_regulation_target(UniProtKB:Q99081)
GO:0045944	positive regulation of transcription from RNA polymerase II promoter	has_regulation_target(UniProtKB:Q99453)
GO:0010628	positive regulation of gene expression	has_regulation_target(UniProtKB:Q99466)
GO:0010628	positive regulation of gene expression	has_regulation_target(UniProtKB:Q99466)
GO:0051091	positive regulation of sequence-specific DNA binding transcription factor activity	has_regulation_target(UniProtKB:Q99496
GO:0045944	positive regulation of transcription from RNA polymerase II promoter	has_regulation_target(UniProtKB:Q99578
GO:0046579	positive regulation of Ras protein signal transduction	has_regulation_target(UniProtKB:Q99578
GO:0010628	positive regulation of gene expression	has_regulation_target(UniProtKB:Q99626
GO:0032091	negative regulation of protein binding	has_regulation_target(UniProtKB:Q99661)
GO:0032091	negative regulation of protein binding	has_regulation_target(UniProtKB:Q99683)
GO:0006469	negative regulation of protein kinase activity	has_regulation_target(UniProtKB:Q99683)
GO:0045860	positive regulation of protein kinase activity	has_regulation_target(UniProtKB:Q99683)
GO:0030295	protein kinase activator activity	has_regulation_target(UniProtKB:Q99683)
GO:0045944	positive regulation of transcription from RNA polymerase II promoter	has_regulation_target(UniProtKB:Q99697
GO:0060391	positive regulation of SMAD protein import into nucleus	has_regulation_target(UniProtKB:Q99717
GO:0010862	positive regulation of pathway-restricted SMAD protein phosphorylation	has_regulation_target(UniProtKB:Q99717)
GO:0010862	positive regulation of pathway-restricted SMAD protein phosphorylation	has_regulation_target(UniProtKB:Q99717)
GO:0010862	positive regulation of pathway-restricted SMAD protein phosphorylation	has_regulation_target(UniProtKB:Q99717)
GO:0010862	positive regulation of pathway-restricted SMAD protein phosphorylation	has_regulation_target(UniProtKB:Q99717)
GO:0045893	positive regulation of transcription, DNA-templated	has_regulation_target(UniProtKB:Q99801)
GO:0010628	positive regulation of gene expression	has_regulation_target(UniProtKB:Q99801)
GO:0045944	positive regulation of transcription from RNA polymerase II promoter	has_regulation_target(UniProtKB:Q99801)
GO:1903568	negative regulation of protein localization to ciliary membrane	has_regulation_target(UniProtKB:Q99835)
GO:0045944	positive regulation of transcription from RNA polymerase II promoter	has_regulation_target(UniProtKB:Q99985
GO:0033128	negative regulation of histone phosphorylation	has_regulation_target(UniProtKB:Q99986
GO:0030291	protein serine/threonine kinase inhibitor activity	has_regulation_target(UniProtKB:Q99986)
GO:0045070	positive regulation of viral genome replication	has_regulation_target(UniProtKB:Q99IB8)
GO:0044828	negative regulation by host of viral genome replication	has_regulation_target(UniProtKB:Q99IB8)
GO:1902188	positive regulation of viral release from host cell	has_regulation_target(UniProtKB:Q99IB8)
GO:0046726	positive regulation by virus of viral protein levels in host cell	has_regulation_target(UniProtKB:Q99IB8:PRO_0000045592)
GO:0046726	positive regulation by virus of viral protein levels in host cell	has_regulation_target(UniProtKB:Q99IB8:PRO_0000045596)
GO:0046726	positive regulation by virus of viral protein levels in host cell	has_regulation_target(UniProtKB:Q99IB8:PRO_0000045599)
GO:1903715	regulation of aerobic respiration	has_regulation_target(UniProtKB:Q99J83
GO:1903599	positive regulation of mitophagy	has_regulation_target(UniProtKB:Q99J83
GO:0010508	positive regulation of autophagy	has_regulation_target(UniProtKB:Q99J83)
GO:0010628	positive regulation of gene expression	has_regulation_target(UniProtKB:Q99JB6
GO:0010628	positive regulation of gene expression	has_regulation_target(UniProtKB:Q99JB6
GO:0045944	positive regulation of transcription from RNA polymerase II promoter	has_regulation_target(UniProtKB:Q99JB6
GO:0010628	positive regulation of gene expression	has_regulation_target(UniProtKB:Q99JB6)
GO:1990440	positive regulation of transcription from RNA polymerase II promoter in response to endoplasmic reticulum stress	has_regulation_target(UniProtKB:Q99ML1)
GO:0000122	negative regulation of transcription from RNA polymerase II promoter	has_regulation_target(UniProtKB:Q99NA2)
GO:0045944	positive regulation of transcription from RNA polymerase II promoter	has_regulation_target(UniProtKB:Q99NA2)
GO:0045944	positive regulation of transcription from RNA polymerase II promoter	has_regulation_target(UniProtKB:Q99NA2)
GO:0050715	positive regulation of cytokine secretion	has_regulation_target(UniProtKB:Q99P87)
GO:0000122	negative regulation of transcription from RNA polymerase II promoter	has_regulation_target(UniProtKB:Q99P91
GO:0045892	negative regulation of transcription, DNA-templated	has_regulation_target(UniProtKB:Q99P91)
GO:0033138	positive regulation of peptidyl-serine phosphorylation	has_regulation_target(UniProtKB:Q9BKU3
GO:2001145	negative regulation of phosphatidylinositol-3,4,5-trisphosphate 5-phosphatase activity	has_regulation_target(UniProtKB:Q9BT40)
GO:0032092	positive regulation of protein binding	has_regulation_target(UniProtKB:Q9BUN8)
GO:0032212	positive regulation of telomere maintenance via telomerase	has_regulation_target(UniProtKB:Q9BUR4)
GO:0031648	protein destabilization	has_regulation_target(UniProtKB:Q9BVK8)
GO:0043254	regulation of protein complex assembly	has_regulation_target(UniProtKB:Q9BVK8)
GO:0031648	protein destabilization	has_regulation_target(UniProtKB:Q9BVK8)
GO:0010629	negative regulation of gene expression	has_regulation_target(UniProtKB:Q9BWD1)
GO:1990440	positive regulation of transcription from RNA polymerase II promoter in response to endoplasmic reticulum stress	has_regulation_target(UniProtKB:Q9BXH1
GO:1990440	positive regulation of transcription from RNA polymerase II promoter in response to endoplasmic reticulum stress	has_regulation_target(UniProtKB:Q9BXH1)
GO:0032435	negative regulation of proteasomal ubiquitin-dependent protein catabolic process	has_regulation_target(UniProtKB:Q9BXM7
GO:1903955	positive regulation of protein targeting to mitochondrion	has_regulation_target(UniProtKB:Q9BXM7
GO:0031647	regulation of protein stability	has_regulation_target(UniProtKB:Q9BXM7
GO:1903052	positive regulation of proteolysis involved in cellular protein catabolic process	has_regulation_target(UniProtKB:Q9BXM7)
GO:0031397	negative regulation of protein ubiquitination	has_regulation_target(UniProtKB:Q9BXM7)
GO:0031647	regulation of protein stability	has_regulation_target(UniProtKB:Q9BXM7)
GO:1903214	regulation of protein targeting to mitochondrion	has_regulation_target(UniProtKB:Q9BXM7)
GO:0030162	regulation of proteolysis	has_regulation_target(UniProtKB:Q9BXM7)
GO:1903051	negative regulation of proteolysis involved in cellular protein catabolic process	has_regulation_target(UniProtKB:Q9BXM7)
GO:0032147	activation of protein kinase activity	has_regulation_target(UniProtKB:Q9BXM7)
GO:1903214	regulation of protein targeting to mitochondrion	has_regulation_target(UniProtKB:Q9BXM7)
GO:0061635	regulation of protein complex stability	has_regulation_target(UniProtKB:Q9C035
GO:0050790	regulation of catalytic activity	has_regulation_target(UniProtKB:Q9C0C2)
GO:0045892	negative regulation of transcription, DNA-templated	has_regulation_target(UniProtKB:Q9CQK8
GO:0045944	positive regulation of transcription from RNA polymerase II promoter	has_regulation_target(UniProtKB:Q9CQV6)
GO:0010629	negative regulation of gene expression	has_regulation_target(UniProtKB:Q9CR84)
GO:0006990	positive regulation of transcription from RNA polymerase II promoter involved in unfolded protein response	has_regulation_target(UniProtKB:Q9CXI5)
GO:0045944	positive regulation of transcription from RNA polymerase II promoter	has_regulation_target(UniProtKB:Q9D906)
GO:0045893	positive regulation of transcription, DNA-templated	has_regulation_target(UniProtKB:Q9D9C6)
GO:0045944	positive regulation of transcription from RNA polymerase II promoter	has_regulation_target(UniProtKB:Q9EQ21
GO:0045944	positive regulation of transcription from RNA polymerase II promoter	has_regulation_target(UniProtKB:Q9EQ21
GO:0045944	positive regulation of transcription from RNA polymerase II promoter	has_regulation_target(UniProtKB:Q9EQ21
GO:0045944	positive regulation of transcription from RNA polymerase II promoter	has_regulation_target(UniProtKB:Q9EQ21
GO:0045944	positive regulation of transcription from RNA polymerase II promoter	has_regulation_target(UniProtKB:Q9EQ21
GO:0045944	positive regulation of transcription from RNA polymerase II promoter	has_regulation_target(UniProtKB:Q9EQ21
GO:0045944	positive regulation of transcription from RNA polymerase II promoter	has_regulation_target(UniProtKB:Q9EQ21
GO:0045944	positive regulation of transcription from RNA polymerase II promoter	has_regulation_target(UniProtKB:Q9EQ21
GO:0045944	positive regulation of transcription from RNA polymerase II promoter	has_regulation_target(UniProtKB:Q9EQ21)
GO:0045944	positive regulation of transcription from RNA polymerase II promoter	has_regulation_target(UniProtKB:Q9EQ21)
GO:0060702	negative regulation of endoribonuclease activity	has_regulation_target(UniProtKB:Q9EQY0)
GO:0060698	endoribonuclease inhibitor activity	has_regulation_target(UniProtKB:Q9EQY0)
GO:0051047	positive regulation of secretion	has_regulation_target(UniProtKB:Q9ESD1)
GO:0060193	positive regulation of lipase activity	has_regulation_target(UniProtKB:Q9FD10)
GO:0050714	positive regulation of protein secretion	has_regulation_target(UniProtKB:Q9FD10)
GO:0031647	regulation of protein stability	has_regulation_target(UniProtKB:Q9GT24
GO:0031647	regulation of protein stability	has_regulation_target(UniProtKB:Q9GT24)
GO:0010826	negative regulation of centrosome duplication	has_regulation_target(UniProtKB:Q9GT24)
GO:0010507	negative regulation of autophagy	has_regulation_target(UniProtKB:Q9GZQ8)
GO:0061635	regulation of protein complex stability	has_regulation_target(UniProtKB:Q9GZQ8)
GO:2001259	positive regulation of cation channel activity	has_regulation_target(UniProtKB:Q9H2S1
GO:2001137	positive regulation of endocytic recycling	has_regulation_target(UniProtKB:Q9H2S1)
GO:0010800	positive regulation of peptidyl-threonine phosphorylation	has_regulation_target(UniProtKB:Q9H2X9-1)
GO:0010800	positive regulation of peptidyl-threonine phosphorylation	has_regulation_target(UniProtKB:Q9H2X9-1)
GO:0010628	positive regulation of gene expression	has_regulation_target(UniProtKB:Q9H329
GO:1903061	positive regulation of protein lipidation	has_regulation_target(UniProtKB:Q9H492
GO:1903061	positive regulation of protein lipidation	has_regulation_target(UniProtKB:Q9H492
GO:0045944	positive regulation of transcription from RNA polymerase II promoter	has_regulation_target(UniProtKB:Q9H4X1)
GO:0061419	positive regulation of transcription from RNA polymerase II promoter in response to hypoxia	has_regulation_target(UniProtKB:Q9H4X1)
GO:0032270	positive regulation of cellular protein metabolic process	has_regulation_target(UniProtKB:Q9H6I2)
GO:0001934	positive regulation of protein phosphorylation	has_regulation_target(UniProtKB:Q9HBX8)
GO:0010628	positive regulation of gene expression	has_regulation_target(UniProtKB:Q9HC29
GO:0050821	protein stabilization	has_regulation_target(UniProtKB:Q9HC29)
GO:0032092	positive regulation of protein binding	has_regulation_target(UniProtKB:Q9HD36
GO:0045892	negative regulation of transcription, DNA-templated	has_regulation_target(UniProtKB:Q9JHI8)
GO:0000122	negative regulation of transcription from RNA polymerase II promoter	has_regulation_target(UniProtKB:Q9JHI9
GO:0000122	negative regulation of transcription from RNA polymerase II promoter	has_regulation_target(UniProtKB:Q9JHI9)
GO:0042981	regulation of apoptotic process	has_regulation_target(UniProtKB:Q9JHK1
GO:0043154	negative regulation of cysteine-type endopeptidase activity involved in apoptotic process	has_regulation_target(UniProtKB:Q9JHK1)
GO:0045944	positive regulation of transcription from RNA polymerase II promoter	has_regulation_target(UniProtKB:Q9JHU4)
GO:0090004	positive regulation of establishment of protein localization to plasma membrane	has_regulation_target(UniProtKB:Q9JIP7
GO:0060391	positive regulation of SMAD protein import into nucleus	has_regulation_target(UniProtKB:Q9JIW5
GO:0010862	positive regulation of pathway-restricted SMAD protein phosphorylation	has_regulation_target(UniProtKB:Q9JIW5)
GO:0000122	negative regulation of transcription from RNA polymerase II promoter	has_regulation_target(UniProtKB:Q9JK66)
GO:0036091	positive regulation of transcription from RNA polymerase II promoter in response to oxidative stress	has_regulation_target(UniProtKB:Q9JK66)
GO:1903827	regulation of cellular protein localization	has_regulation_target(UniProtKB:Q9JKK1)
GO:0050821	protein stabilization	has_regulation_target(UniProtKB:Q9JKK8
GO:0050821	protein stabilization	has_regulation_target(UniProtKB:Q9JLN9
GO:1990440	positive regulation of transcription from RNA polymerase II promoter in response to endoplasmic reticulum stress	has_regulation_target(UniProtKB:Q9JM54)
GO:0045860	positive regulation of protein kinase activity	has_regulation_target(UniProtKB:Q9JMK2
GO:0043410	positive regulation of MAPK cascade	has_regulation_target(UniProtKB:Q9N0T5
GO:0034501	protein localization to kinetochore	has_regulation_target(UniProtKB:Q9N3R7
GO:1904776	regulation of protein localization to cell cortex	has_regulation_target(UniProtKB:Q9NAN2)
GO:0010628	positive regulation of gene expression	has_regulation_target(UniProtKB:Q9NEK7
GO:0010629	negative regulation of gene expression	has_regulation_target(UniProtKB:Q9NEK7)
GO:0010629	negative regulation of gene expression	has_regulation_target(UniProtKB:Q9NEK7)
GO:0000122	negative regulation of transcription from RNA polymerase II promoter	has_regulation_target(UniProtKB:Q9NP59
GO:0032413	negative regulation of ion transmembrane transporter activity	has_regulation_target(UniProtKB:Q9NP59)
GO:2000646	positive regulation of receptor catabolic process	has_regulation_target(UniProtKB:Q9NP59)
GO:0000122	negative regulation of transcription from RNA polymerase II promoter	has_regulation_target(UniProtKB:Q9NP59)
GO:1902916	positive regulation of protein polyubiquitination	has_regulation_target(UniProtKB:Q9NP59)
GO:0002092	positive regulation of receptor internalization	has_regulation_target(UniProtKB:Q9NP59)
GO:1904255	negative regulation of iron channel activity	has_regulation_target(UniProtKB:Q9NP59)
GO:0000122	negative regulation of transcription from RNA polymerase II promoter	has_regulation_target(UniProtKB:Q9NP62
GO:1901985	positive regulation of protein acetylation	has_regulation_target(UniProtKB:Q9NP62)
GO:1901985	positive regulation of protein acetylation	has_regulation_target(UniProtKB:Q9NP62)
GO:1903373	positive regulation of endoplasmic reticulum tubular network organization	has_regulation_target(UniProtKB:Q9NP72)
GO:1903373	positive regulation of endoplasmic reticulum tubular network organization	has_regulation_target(UniProtKB:Q9NP72)
GO:0010628	positive regulation of gene expression	has_regulation_target(UniProtKB:Q9NR61)
GO:0010629	negative regulation of gene expression	has_regulation_target(UniProtKB:Q9NSE2
GO:0032487	regulation of Rap protein signal transduction	has_regulation_target(UniProtKB:Q9NYB0
GO:2001022	positive regulation of response to DNA damage stimulus	has_regulation_target(UniProtKB:Q9NYF8
GO:0031334	positive regulation of protein complex assembly	has_regulation_target(UniProtKB:Q9NYV6
GO:0071169	establishment of protein localization to chromatin	has_regulation_target(UniProtKB:Q9NYV6
GO:0031334	positive regulation of protein complex assembly	has_regulation_target(UniProtKB:Q9NZC7)
GO:0042307	positive regulation of protein import into nucleus	has_regulation_target(UniProtKB:Q9NZC7)
GO:0000122	negative regulation of transcription from RNA polymerase II promoter	has_regulation_target(UniProtKB:Q9NZC7)
GO:0060548	negative regulation of cell death	has_regulation_target(UniProtKB:Q9NZJ5
GO:0090074	negative regulation of protein homodimerization activity	has_regulation_target(UniProtKB:Q9NZJ5
GO:0010628	positive regulation of gene expression	has_regulation_target(UniProtKB:Q9NZJ5)
GO:0006469	negative regulation of protein kinase activity	has_regulation_target(UniProtKB:Q9NZJ5)
GO:0010629	negative regulation of gene expression	has_regulation_target(UniProtKB:Q9NZS2
GO:0036472	suppression by virus of host protein-protein interaction	has_regulation_target(UniProtKB:Q9P0J0)
GO:0031333	negative regulation of protein complex assembly	has_regulation_target(UniProtKB:Q9P278
GO:0045944	positive regulation of transcription from RNA polymerase II promoter	has_regulation_target(UniProtKB:Q9P278)
GO:0000122	negative regulation of transcription from RNA polymerase II promoter	has_regulation_target(UniProtKB:Q9P278)
GO:0010628	positive regulation of gene expression	has_regulation_target(UniProtKB:Q9PVG4)
GO:1903261	regulation of serine phosphorylation of STAT3 protein	has_regulation_target(UniProtKB:Q9PVX8)
GO:0045944	positive regulation of transcription from RNA polymerase II promoter	has_regulation_target(UniProtKB:Q9PWB0)
GO:0003700	transcription factor activity, sequence-specific DNA binding	has_regulation_target(UniProtKB:Q9PWB0)
GO:1904426	positive regulation of GTP binding	has_regulation_target(UniProtKB:Q9QUI0)
GO:1900122	positive regulation of receptor binding	has_regulation_target(UniProtKB:Q9QUL6)
GO:0010628	positive regulation of gene expression	has_regulation_target(UniProtKB:Q9QUN7
GO:0006990	positive regulation of transcription from RNA polymerase II promoter involved in unfolded protein response	has_regulation_target(UniProtKB:Q9QUS4)
GO:0031398	positive regulation of protein ubiquitination	has_regulation_target(UniProtKB:Q9QY42)
GO:0010629	negative regulation of gene expression	has_regulation_target(UniProtKB:Q9QYC6)
GO:0006990	positive regulation of transcription from RNA polymerase II promoter involved in unfolded protein response	has_regulation_target(UniProtKB:Q9QYI6)
GO:0050731	positive regulation of peptidyl-tyrosine phosphorylation	has_regulation_target(UniProtKB:Q9QYP1
GO:0010628	positive regulation of gene expression	has_regulation_target(UniProtKB:Q9QZM4)
GO:0036522	negative regulation by symbiont of host protein localization to phagocytic vesicle	has_regulation_target(UniProtKB:Q9R0N3)
GO:0000122	negative regulation of transcription from RNA polymerase II promoter	has_regulation_target(UniProtKB:Q9R0T3)
GO:0010628	positive regulation of gene expression	has_regulation_target(UniProtKB:Q9R0T8)
GO:0045944	positive regulation of transcription from RNA polymerase II promoter	has_regulation_target(UniProtKB:Q9R1E0)
GO:0033138	positive regulation of peptidyl-serine phosphorylation	has_regulation_target(UniProtKB:Q9R1E0)
GO:0045944	positive regulation of transcription from RNA polymerase II promoter	has_regulation_target(UniProtKB:Q9R210
GO:0000122	negative regulation of transcription from RNA polymerase II promoter	has_regulation_target(UniProtKB:Q9R229
GO:0031347	regulation of defense response	has_regulation_target(UniProtKB:Q9S7U9)
GO:0032930	positive regulation of superoxide anion generation	has_regulation_target(UniProtKB:Q9TTK7
GO:0045908	negative regulation of vasodilation	has_regulation_target(UniProtKB:Q9TTK7)
GO:0045908	negative regulation of vasodilation	has_regulation_target(UniProtKB:Q9TTK7)
GO:1901984	negative regulation of protein acetylation	has_regulation_target(UniProtKB:Q9TUB2)
GO:0043066	negative regulation of apoptotic process	has_regulation_target(UniProtKB:Q9TY06
GO:0010629	negative regulation of gene expression	has_regulation_target(UniProtKB:Q9TY06
GO:0032880	regulation of protein localization	has_regulation_target(UniProtKB:Q9U9Y8)
GO:0010628	positive regulation of gene expression	has_regulation_target(UniProtKB:Q9UBP5)
GO:0032091	negative regulation of protein binding	has_regulation_target(UniProtKB:Q9UER7
GO:0046826	negative regulation of protein export from nucleus	has_regulation_target(UniProtKB:Q9UER7)
GO:0032436	positive regulation of proteasomal ubiquitin-dependent protein catabolic process	has_regulation_target(UniProtKB:Q9UGJ6
GO:0090201	negative regulation of release of cytochrome c from mitochondria	has_regulation_target(UniProtKB:Q9UHD4)
GO:0060548	negative regulation of cell death	has_regulation_target(UniProtKB:Q9UHD4)
GO:0045944	positive regulation of transcription from RNA polymerase II promoter	has_regulation_target(UniProtKB:Q9UHG0)
GO:0010800	positive regulation of peptidyl-threonine phosphorylation	has_regulation_target(UniProtKB:Q9UHW9-4)
GO:0010800	positive regulation of peptidyl-threonine phosphorylation	has_regulation_target(UniProtKB:Q9UHW9-4)
GO:0045944	positive regulation of transcription from RNA polymerase II promoter	has_regulation_target(UniProtKB:Q9UI32)
GO:0032092	positive regulation of protein binding	has_regulation_target(UniProtKB:Q9UJU2
GO:0032091	negative regulation of protein binding	has_regulation_target(UniProtKB:Q9UJU2
GO:0032091	negative regulation of protein binding	has_regulation_target(UniProtKB:Q9UKT5)
GO:1905612	positive regulation of mRNA cap binding	has_regulation_target(UniProtKB:Q9UKV8
GO:0010629	negative regulation of gene expression	has_regulation_target(UniProtKB:Q9UL15)
GO:0010628	positive regulation of gene expression	has_regulation_target(UniProtKB:Q9UL17)
GO:0050731	positive regulation of peptidyl-tyrosine phosphorylation	has_regulation_target(UniProtKB:Q9ULZ2)
GO:0010628	positive regulation of gene expression	has_regulation_target(UniProtKB:Q9UNG2
GO:2000008	regulation of protein localization to cell surface	has_regulation_target(UniProtKB:Q9UP52
GO:2000273	positive regulation of receptor activity	has_regulation_target(UniProtKB:Q9UP52)
GO:0031647	regulation of protein stability	has_regulation_target(UniProtKB:Q9UP52)
GO:0031647	regulation of protein stability	has_regulation_target(UniProtKB:Q9UP52)
GO:0032092	positive regulation of protein binding	has_regulation_target(UniProtKB:Q9UP52)
GO:0010800	positive regulation of peptidyl-threonine phosphorylation	has_regulation_target(UniProtKB:Q9UP95)
GO:0010800	positive regulation of peptidyl-threonine phosphorylation	has_regulation_target(UniProtKB:Q9UP95)
GO:0031647	regulation of protein stability	has_regulation_target(UniProtKB:Q9UPR3
GO:0031396	regulation of protein ubiquitination	has_regulation_target(UniProtKB:Q9UPR3
GO:0031397	negative regulation of protein ubiquitination	has_regulation_target(UniProtKB:Q9UPR3)
GO:0031396	regulation of protein ubiquitination	has_regulation_target(UniProtKB:Q9UPR3)
GO:0031647	regulation of protein stability	has_regulation_target(UniProtKB:Q9UPR3)
GO:0045944	positive regulation of transcription from RNA polymerase II promoter	has_regulation_target(UniProtKB:Q9UQF0
GO:0033138	positive regulation of peptidyl-serine phosphorylation	has_regulation_target(UniProtKB:Q9UQL6)
GO:0046827	positive regulation of protein export from nucleus	has_regulation_target(UniProtKB:Q9UQL6)
GO:0036003	positive regulation of transcription from RNA polymerase II promoter in response to stress	has_regulation_target(UniProtKB:Q9UQV4
GO:0010628	positive regulation of gene expression	has_regulation_target(UniProtKB:Q9V3P0
GO:0032880	regulation of protein localization	has_regulation_target(UniProtKB:Q9VRF2)
GO:0044829	positive regulation by host of viral genome replication	has_regulation_target(UniProtKB:Q9WMX2)
GO:0046726	positive regulation by virus of viral protein levels in host cell	has_regulation_target(UniProtKB:Q9WMX2:PRO_0000037551)
GO:0048524	positive regulation of viral process	has_regulation_target(UniProtKB:Q9WMX2:PRO_0000037552)
GO:0044794	positive regulation by host of viral process	has_regulation_target(UniProtKB:Q9WMX2:PRO_0000037552)
GO:0090314	positive regulation of protein targeting to membrane	has_regulation_target(UniProtKB:Q9WMX2:PRO_0000037552)
GO:0045860	positive regulation of protein kinase activity	has_regulation_target(UniProtKB:Q9WV60
GO:0001933	negative regulation of protein phosphorylation	has_regulation_target(UniProtKB:Q9WV60
GO:0033137	negative regulation of peptidyl-serine phosphorylation	has_regulation_target(UniProtKB:Q9WV60)
GO:0051091	positive regulation of sequence-specific DNA binding transcription factor activity	has_regulation_target(UniProtKB:Q9WVH3)
GO:0045944	positive regulation of transcription from RNA polymerase II promoter	has_regulation_target(UniProtKB:Q9WVH4)
GO:1990440	positive regulation of transcription from RNA polymerase II promoter in response to endoplasmic reticulum stress	has_regulation_target(UniProtKB:Q9WVS6
GO:0051443	positive regulation of ubiquitin-protein transferase activity	has_regulation_target(UniProtKB:Q9WVS6)
GO:1903215	negative regulation of protein targeting to mitochondrion	has_regulation_target(UniProtKB:Q9WVS6)
GO:0030295	protein kinase activator activity	has_regulation_target(UniProtKB:Q9XTC6)
GO:0071902	positive regulation of protein serine/threonine kinase activity	has_regulation_target(UniProtKB:Q9XTF3
GO:0000122	negative regulation of transcription from RNA polymerase II promoter	has_regulation_target(UniProtKB:Q9XTS4
GO:0061404	positive regulation of transcription from RNA polymerase II promoter in response to increased salt	has_regulation_target(UniProtKB:Q9XTS4)
GO:0000122	negative regulation of transcription from RNA polymerase II promoter	has_regulation_target(UniProtKB:Q9XTS4)
GO:0010629	negative regulation of gene expression	has_regulation_target(UniProtKB:Q9XTY1
GO:0031647	regulation of protein stability	has_regulation_target(UniProtKB:Q9XVI2
GO:0033365	protein localization to organelle	has_regulation_target(UniProtKB:Q9XVI2)
GO:0043161	proteasome-mediated ubiquitin-dependent protein catabolic process	has_regulation_target(UniProtKB:Q9XVI2)
GO:1904811	positive regulation of dense core granule transport	has_regulation_target(UniProtKB:Q9XX02)
GO:1904811	positive regulation of dense core granule transport	has_regulation_target(UniProtKB:Q9XX02)
GO:1904811	positive regulation of dense core granule transport	has_regulation_target(UniProtKB:Q9XX02)
GO:1904811	positive regulation of dense core granule transport	has_regulation_target(UniProtKB:Q9XX02)
GO:1904811	positive regulation of dense core granule transport	has_regulation_target(UniProtKB:Q9XX02)
GO:1904811	positive regulation of dense core granule transport	has_regulation_target(UniProtKB:Q9XX02)
GO:0032461	positive regulation of protein oligomerization	has_regulation_target(UniProtKB:Q9Y371)
GO:2000811	negative regulation of anoikis	has_regulation_target(UniProtKB:Q9Y3E5)
GO:0045944	positive regulation of transcription from RNA polymerase II promoter	has_regulation_target(UniProtKB:Q9Y5L2)
GO:0051247	positive regulation of protein metabolic process	has_regulation_target(UniProtKB:Q9Y5W3)
GO:0070863	positive regulation of protein exit from endoplasmic reticulum	has_regulation_target(UniProtKB:Q9Y5Y5)
GO:0010800	positive regulation of peptidyl-threonine phosphorylation	has_regulation_target(UniProtKB:Q9Y666)
GO:0010800	positive regulation of peptidyl-threonine phosphorylation	has_regulation_target(UniProtKB:Q9Y666)
GO:1902530	positive regulation of protein linear polyubiquitination	has_regulation_target(UniProtKB:Q9Y6K9)
GO:0045862	positive regulation of proteolysis	has_regulation_target(UniProtKB:Q9Y6W3)
GO:0010629	negative regulation of gene expression	has_regulation_target(UniProtKB:Q9Z206)
GO:0045727	positive regulation of translation	has_regulation_target(UniProtKB:Q9Z2B5)
GO:0031953	negative regulation of protein autophosphorylation	has_regulation_target(UniProtKB:Q9Z2B5)
GO:0033673	negative regulation of kinase activity	has_regulation_target(UniProtKB:Q9Z2B5)
GO:0090277	positive regulation of peptide hormone secretion	has_regulation_target(UniProtKB:R4HZM2)
GO:0010628	positive regulation of gene expression	has_regulation_target(UniProtKB:W6RYS0)
GO:2000484	positive regulation of interleukin-8 secretion	has_regulation_target(UniProtKB:W6RYS0)
GO:1900181	negative regulation of protein localization to nucleus	has_regulation_target(WB:WBGene00000099)
GO:0045944	positive regulation of transcription from RNA polymerase II promoter	has_regulation_target(WB:WBGene00000100)
GO:0000122	negative regulation of transcription from RNA polymerase II promoter	has_regulation_target(WB:WBGene00000247)
GO:0045944	positive regulation of transcription from RNA polymerase II promoter	has_regulation_target(WB:WBGene00000272)
GO:0043547	positive regulation of GTPase activity	has_regulation_target(WB:WBGene00000390)
GO:0045944	positive regulation of transcription from RNA polymerase II promoter	has_regulation_target(WB:WBGene00000417)
GO:0043547	positive regulation of GTPase activity	has_regulation_target(WB:WBGene00000424)
GO:0035022	positive regulation of Rac protein signal transduction	has_regulation_target(WB:WBGene00000424)
GO:0045944	positive regulation of transcription from RNA polymerase II promoter	has_regulation_target(WB:WBGene00000438
GO:0045944	positive regulation of transcription from RNA polymerase II promoter	has_regulation_target(WB:WBGene00000445)
GO:1904081	positive regulation of transcription from RNA polymerase II promoter involved in neuron differentiation	has_regulation_target(WB:WBGene00000446
GO:0045944	positive regulation of transcription from RNA polymerase II promoter	has_regulation_target(WB:WBGene00000457
GO:0045944	positive regulation of transcription from RNA polymerase II promoter	has_regulation_target(WB:WBGene00000493)
GO:0045944	positive regulation of transcription from RNA polymerase II promoter	has_regulation_target(WB:WBGene00000556)
GO:0045944	positive regulation of transcription from RNA polymerase II promoter	has_regulation_target(WB:WBGene00000563
GO:0045944	positive regulation of transcription from RNA polymerase II promoter	has_regulation_target(WB:WBGene00000936
GO:0000122	negative regulation of transcription from RNA polymerase II promoter	has_regulation_target(WB:WBGene00000971)
GO:0045944	positive regulation of transcription from RNA polymerase II promoter	has_regulation_target(WB:WBGene00001006)
GO:0045944	positive regulation of transcription from RNA polymerase II promoter	has_regulation_target(WB:WBGene00001052)
GO:0045944	positive regulation of transcription from RNA polymerase II promoter	has_regulation_target(WB:WBGene00001053)
GO:0000122	negative regulation of transcription from RNA polymerase II promoter	has_regulation_target(WB:WBGene00001159
GO:0045944	positive regulation of transcription from RNA polymerase II promoter	has_regulation_target(WB:WBGene00001170)
GO:0045944	positive regulation of transcription from RNA polymerase II promoter	has_regulation_target(WB:WBGene00001170)
GO:0000122	negative regulation of transcription from RNA polymerase II promoter	has_regulation_target(WB:WBGene00001174)
GO:0045944	positive regulation of transcription from RNA polymerase II promoter	has_regulation_target(WB:WBGene00001179)
GO:0000122	negative regulation of transcription from RNA polymerase II promoter	has_regulation_target(WB:WBGene00001374)
GO:0045944	positive regulation of transcription from RNA polymerase II promoter	has_regulation_target(WB:WBGene00001527
GO:0045944	positive regulation of transcription from RNA polymerase II promoter	has_regulation_target(WB:WBGene00001527
GO:0061408	positive regulation of transcription from RNA polymerase II promoter in response to heat stress	has_regulation_target(WB:WBGene00001527
GO:0045944	positive regulation of transcription from RNA polymerase II promoter	has_regulation_target(WB:WBGene00001535
GO:0045944	positive regulation of transcription from RNA polymerase II promoter	has_regulation_target(WB:WBGene00001535
GO:0045944	positive regulation of transcription from RNA polymerase II promoter	has_regulation_target(WB:WBGene00001535
GO:0045944	positive regulation of transcription from RNA polymerase II promoter	has_regulation_target(WB:WBGene00001543
GO:0045944	positive regulation of transcription from RNA polymerase II promoter	has_regulation_target(WB:WBGene00001543
GO:1902685	positive regulation of receptor localization to synapse	has_regulation_target(WB:WBGene00001612
GO:0017148	negative regulation of translation	has_regulation_target(WB:WBGene00001647)
GO:1900182	positive regulation of protein localization to nucleus	has_regulation_target(WB:WBGene00001748)
GO:1904081	positive regulation of transcription from RNA polymerase II promoter involved in neuron differentiation	has_regulation_target(WB:WBGene00001841
GO:0000122	negative regulation of transcription from RNA polymerase II promoter	has_regulation_target(WB:WBGene00001842)
GO:0042994	cytoplasmic sequestering of transcription factor	has_regulation_target(WB:WBGene00002004)
GO:0006990	positive regulation of transcription from RNA polymerase II promoter involved in unfolded protein response	has_regulation_target(WB:WBGene00002007
GO:0006990	positive regulation of transcription from RNA polymerase II promoter involved in unfolded protein response	has_regulation_target(WB:WBGene00002007
GO:0006990	positive regulation of transcription from RNA polymerase II promoter involved in unfolded protein response	has_regulation_target(WB:WBGene00002008
GO:0006990	positive regulation of transcription from RNA polymerase II promoter involved in unfolded protein response	has_regulation_target(WB:WBGene00002008
GO:0006990	positive regulation of transcription from RNA polymerase II promoter involved in unfolded protein response	has_regulation_target(WB:WBGene00002008
GO:0006990	positive regulation of transcription from RNA polymerase II promoter involved in unfolded protein response	has_regulation_target(WB:WBGene00002008)
GO:0045944	positive regulation of transcription from RNA polymerase II promoter	has_regulation_target(WB:WBGene00002015
GO:0000122	negative regulation of transcription from RNA polymerase II promoter	has_regulation_target(WB:WBGene00002116)
GO:1904081	positive regulation of transcription from RNA polymerase II promoter involved in neuron differentiation	has_regulation_target(WB:WBGene00002181
GO:0000122	negative regulation of transcription from RNA polymerase II promoter	has_regulation_target(WB:WBGene00002285)
GO:0006990	positive regulation of transcription from RNA polymerase II promoter involved in unfolded protein response	has_regulation_target(WB:WBGene00002783)
GO:0010468	regulation of gene expression	has_regulation_target(WB:WBGene00002915)
GO:0000122	negative regulation of transcription from RNA polymerase II promoter	has_regulation_target(WB:WBGene00002980)
GO:0000122	negative regulation of transcription from RNA polymerase II promoter	has_regulation_target(WB:WBGene00003024)
GO:0045944	positive regulation of transcription from RNA polymerase II promoter	has_regulation_target(WB:WBGene00003033)
GO:0045944	positive regulation of transcription from RNA polymerase II promoter	has_regulation_target(WB:WBGene00003091)
GO:1902097	positive regulation of transcription from RNA polymerase II promoter involved in defense response to Gram-negative bacterium	has_regulation_target(WB:WBGene00003091)
GO:0000122	negative regulation of transcription from RNA polymerase II promoter	has_regulation_target(WB:WBGene00003092)
GO:0006357	regulation of transcription from RNA polymerase II promoter	has_regulation_target(WB:WBGene00003102
GO:0000122	negative regulation of transcription from RNA polymerase II promoter	has_regulation_target(WB:WBGene00003167)
GO:0045944	positive regulation of transcription from RNA polymerase II promoter	has_regulation_target(WB:WBGene00003167)
GO:0045944	positive regulation of transcription from RNA polymerase II promoter	has_regulation_target(WB:WBGene00003168)
GO:0035022	positive regulation of Rac protein signal transduction	has_regulation_target(WB:WBGene00003239)
GO:0045944	positive regulation of transcription from RNA polymerase II promoter	has_regulation_target(WB:WBGene00003335)
GO:0045944	positive regulation of transcription from RNA polymerase II promoter	has_regulation_target(WB:WBGene00003473)
GO:0000122	negative regulation of transcription from RNA polymerase II promoter	has_regulation_target(WB:WBGene00003514)
GO:0045944	positive regulation of transcription from RNA polymerase II promoter	has_regulation_target(WB:WBGene00003629
GO:0045944	positive regulation of transcription from RNA polymerase II promoter	has_regulation_target(WB:WBGene00003759
GO:0045944	positive regulation of transcription from RNA polymerase II promoter	has_regulation_target(WB:WBGene00003759
GO:1901244	positive regulation of transcription from RNA polymerase II promoter involved in defense response to fungus	has_regulation_target(WB:WBGene00003767)
GO:0045944	positive regulation of transcription from RNA polymerase II promoter	has_regulation_target(WB:WBGene00003774
GO:0045944	positive regulation of transcription from RNA polymerase II promoter	has_regulation_target(WB:WBGene00003848
GO:0045944	positive regulation of transcription from RNA polymerase II promoter	has_regulation_target(WB:WBGene00003856)
GO:0032436	positive regulation of proteasomal ubiquitin-dependent protein catabolic process	has_regulation_target(WB:WBGene00003864)
GO:0045944	positive regulation of transcription from RNA polymerase II promoter	has_regulation_target(WB:WBGene00003999
GO:1902097	positive regulation of transcription from RNA polymerase II promoter involved in defense response to Gram-negative bacterium	has_regulation_target(WB:WBGene00003999)
GO:0045944	positive regulation of transcription from RNA polymerase II promoter	has_regulation_target(WB:WBGene00004020)
GO:0000122	negative regulation of transcription from RNA polymerase II promoter	has_regulation_target(WB:WBGene00004035
GO:0043547	positive regulation of GTPase activity	has_regulation_target(WB:WBGene00004357)
GO:1900261	positive regulation of RNA-directed 5'-3' RNA polymerase activity	has_regulation_target(WB:WBGene00004508)
GO:1904081	positive regulation of transcription from RNA polymerase II promoter involved in neuron differentiation	has_regulation_target(WB:WBGene00004777
GO:0000122	negative regulation of transcription from RNA polymerase II promoter	has_regulation_target(WB:WBGene00004804)
GO:0000122	negative regulation of transcription from RNA polymerase II promoter	has_regulation_target(WB:WBGene00004931)
GO:0010628	positive regulation of gene expression	has_regulation_target(WB:WBGene00004932)
GO:0045944	positive regulation of transcription from RNA polymerase II promoter	has_regulation_target(WB:WBGene00004981)
GO:1904081	positive regulation of transcription from RNA polymerase II promoter involved in neuron differentiation	has_regulation_target(WB:WBGene00005037
GO:1904081	positive regulation of transcription from RNA polymerase II promoter involved in neuron differentiation	has_regulation_target(WB:WBGene00005037
GO:0045944	positive regulation of transcription from RNA polymerase II promoter	has_regulation_target(WB:WBGene00006525
GO:0045944	positive regulation of transcription from RNA polymerase II promoter	has_regulation_target(WB:WBGene00006525
GO:0045944	positive regulation of transcription from RNA polymerase II promoter	has_regulation_target(WB:WBGene00006525
GO:1903827	regulation of cellular protein localization	has_regulation_target(WB:WBGene00006543
GO:0045944	positive regulation of transcription from RNA polymerase II promoter	has_regulation_target(WB:WBGene00006600
GO:0045944	positive regulation of transcription from RNA polymerase II promoter	has_regulation_target(WB:WBGene00006652
GO:1904081	positive regulation of transcription from RNA polymerase II promoter involved in neuron differentiation	has_regulation_target(WB:WBGene00006654
GO:1904081	positive regulation of transcription from RNA polymerase II promoter involved in neuron differentiation	has_regulation_target(WB:WBGene00006654
GO:1904081	positive regulation of transcription from RNA polymerase II promoter involved in neuron differentiation	has_regulation_target(WB:WBGene00006756
GO:1904081	positive regulation of transcription from RNA polymerase II promoter involved in neuron differentiation	has_regulation_target(WB:WBGene00006762
GO:1904081	positive regulation of transcription from RNA polymerase II promoter involved in neuron differentiation	has_regulation_target(WB:WBGene00006762
GO:1904081	positive regulation of transcription from RNA polymerase II promoter involved in neuron differentiation	has_regulation_target(WB:WBGene00006762
GO:0010468	regulation of gene expression	has_regulation_target(WB:WBGene00006787)
GO:0045944	positive regulation of transcription from RNA polymerase II promoter	has_regulation_target(WB:WBGene00006894
GO:0000122	negative regulation of transcription from RNA polymerase II promoter	has_regulation_target(WB:WBGene00006926)
GO:0000122	negative regulation of transcription from RNA polymerase II promoter	has_regulation_target(WB:WBGene00006962)
GO:0045944	positive regulation of transcription from RNA polymerase II promoter	has_regulation_target(WB:WBGene00007480)
GO:1902474	positive regulation of protein localization to synapse	has_regulation_target(WB:WBGene00007918)
GO:0045944	positive regulation of transcription from RNA polymerase II promoter	has_regulation_target(WB:WBGene00008584)
GO:1902097	positive regulation of transcription from RNA polymerase II promoter involved in defense response to Gram-negative bacterium	has_regulation_target(WB:WBGene00008584)
GO:0042308	negative regulation of protein import into nucleus	has_regulation_target(WB:WBGene00008748
GO:1902097	positive regulation of transcription from RNA polymerase II promoter involved in defense response to Gram-negative bacterium	has_regulation_target(WB:WBGene00009215)
GO:0045944	positive regulation of transcription from RNA polymerase II promoter	has_regulation_target(WB:WBGene00009560)
GO:0036003	positive regulation of transcription from RNA polymerase II promoter in response to stress	has_regulation_target(WB:WBGene00009801)
GO:0061404	positive regulation of transcription from RNA polymerase II promoter in response to increased salt	has_regulation_target(WB:WBGene00009824)
GO:0045944	positive regulation of transcription from RNA polymerase II promoter	has_regulation_target(WB:WBGene00010123)
GO:1902097	positive regulation of transcription from RNA polymerase II promoter involved in defense response to Gram-negative bacterium	has_regulation_target(WB:WBGene00010123)
GO:0097235	positive regulation of fatty acid beta-oxidation by positive regulation of transcription from RNA polymerase II promoter	has_regulation_target(WB:WBGene00015484
GO:0006990	positive regulation of transcription from RNA polymerase II promoter involved in unfolded protein response	has_regulation_target(WB:WBGene00017244
GO:0006990	positive regulation of transcription from RNA polymerase II promoter involved in unfolded protein response	has_regulation_target(WB:WBGene00017244)
GO:1903363	negative regulation of cellular protein catabolic process	has_regulation_target(WB:WBGene00018721
GO:0000122	negative regulation of transcription from RNA polymerase II promoter	has_regulation_target(WB:WBGene00018725)
GO:0000122	negative regulation of transcription from RNA polymerase II promoter	has_regulation_target(WB:WBGene00018725)
GO:0000381	regulation of alternative mRNA splicing, via spliceosome	has_regulation_target(WB:WBGene00019466)
GO:0045944	positive regulation of transcription from RNA polymerase II promoter	has_regulation_target(WB:WBGene00019698
GO:0045944	positive regulation of transcription from RNA polymerase II promoter	has_regulation_target(WB:WBGene00020506)
GO:0000122	negative regulation of transcription from RNA polymerase II promoter	has_regulation_target(WB:WBGene00020719)
GO:0045944	positive regulation of transcription from RNA polymerase II promoter	has_regulation_target(WB:WBGene00021012)
GO:0045944	positive regulation of transcription from RNA polymerase II promoter	has_regulation_target(WB:WBGene00021012)
GO:0045944	positive regulation of transcription from RNA polymerase II promoter	has_regulation_target(WB:WBGene00044568
GO:0007165	signal transduction	has_start_location(CL:0001054
GO:0007165	signal transduction	has_start_location(CL:0001054
GO:0001818	negative regulation of cytokine production	has_start_location(CL:0001054
GO:0001818	negative regulation of cytokine production	has_start_location(CL:0001054
GO:0048018	receptor agonist activity	has_start_location(CL:0001054
GO:0007267	cell-cell signaling	has_start_location(CL:0001054
GO:0007267	cell-cell signaling	has_start_location(CL:0001054
GO:1990869	cellular response to chemokine	has_start_location(UBERON:0002103
GO:0008009	chemokine activity	has_start_location(UBERON:0002103
GO:0014812	muscle cell migration	has_start_location(UBERON:0002103
GO:0030335	positive regulation of cell migration	has_start_location(UBERON:0002103
GO:0007154	cell communication	has_start_location(UBERON:0002103
GO:0048752	semicircular canal morphogenesis	has_start_location(UBERON:0003051)
GO:0034613	cellular protein localization	has_target_end_location(GO:0001741)
GO:0034629	cellular protein complex localization	has_target_end_location(GO:0005770)
GO:1902474	positive regulation of protein localization to synapse	has_target_end_location(GO:0014069)
GO:0007041	lysosomal transport	has_target_end_location(GO:0032010)
GO:0072386	plus-end-directed organelle transport along microtubule	has_target_end_location(GO:0043679)
GO:0061753	substrate localization to autophagosome	has_target_start_location(GO:0005739)
GO:0030968	endoplasmic reticulum unfolded protein response	in_absence_of(WB:WBGene00006959
GO:0008340	determination of adult lifespan	in_presence_of(CHEBI:15927)
GO:0030968	endoplasmic reticulum unfolded protein response	in_presence_of(CHEBI:16236)
GO:0050907	detection of chemical stimulus involved in sensory perception	in_presence_of(CHEBI:16583
GO:0042802	identical protein binding	in_presence_of(CHEBI:18303)
GO:0006990	positive regulation of transcription from RNA polymerase II promoter involved in unfolded protein response	in_presence_of(CHEBI:18320)
GO:0006990	positive regulation of transcription from RNA polymerase II promoter involved in unfolded protein response	in_presence_of(CHEBI:18320)
GO:0030968	endoplasmic reticulum unfolded protein response	in_presence_of(CHEBI:18320)
GO:0005254	chloride channel activity	in_presence_of(CHEBI:18397)
GO:0005254	chloride channel activity	in_presence_of(CHEBI:2679)
GO:0008355	olfactory learning	in_presence_of(CHEBI:28398
GO:0008355	olfactory learning	in_presence_of(CHEBI:28398)
GO:0006990	positive regulation of transcription from RNA polymerase II promoter involved in unfolded protein response	in_presence_of(CHEBI:29699)
GO:0030968	endoplasmic reticulum unfolded protein response	in_presence_of(CHEBI:29699)
GO:0030968	endoplasmic reticulum unfolded protein response	in_presence_of(CHEBI:29699)
GO:0030968	endoplasmic reticulum unfolded protein response	in_presence_of(CHEBI:29699)
GO:0006990	positive regulation of transcription from RNA polymerase II promoter involved in unfolded protein response	in_presence_of(CHEBI:29699)
GO:0006990	positive regulation of transcription from RNA polymerase II promoter involved in unfolded protein response	in_presence_of(CHEBI:29699)
GO:0030968	endoplasmic reticulum unfolded protein response	in_presence_of(CHEBI:29699)
GO:0006990	positive regulation of transcription from RNA polymerase II promoter involved in unfolded protein response	in_presence_of(CHEBI:29699)
GO:0005634	nucleus	in_presence_of(CHEBI:81494)
GO:0008340	determination of adult lifespan	in_presence_of(CHEBI:83766)
GO:0004497	monooxygenase activity	in_presence_of(UniProtKB:P16435)
GO:0061631	ubiquitin conjugating enzyme activity	in_presence_of(UniProtKB:Q21633)
GO:0061631	ubiquitin conjugating enzyme activity	in_presence_of(UniProtKB:Q21633)
GO:0061631	ubiquitin conjugating enzyme activity	in_presence_of(UniProtKB:Q21633)
GO:0009636	response to toxic substance	in_presence_of(UniProtKB:R4I3J1)
GO:0005261	cation channel activity	in_presence_of(WB:WBGene00006812)
GO:0004088	carbamoyl-phosphate synthase (glutamine-hydrolyzing) activity	inhibited_by(CHEBI:15713)
GO:0003922	GMP synthase (glutamine-hydrolyzing) activity	inhibited_by(CHEBI:15713)
GO:0004070	aspartate carbamoyltransferase activity	inhibited_by(CHEBI:15713)
GO:0003938	IMP dehydrogenase activity	inhibited_by(CHEBI:15996)
GO:0004019	adenylosuccinate synthase activity	inhibited_by(CHEBI:16027
GO:0090555	phosphatidylethanolamine-translocating ATPase activity	inhibited_by(CHEBI:16113)
GO:0090554	phosphatidylcholine-translocating ATPase activity	inhibited_by(CHEBI:16113)
GO:0016887	ATPase activity	inhibited_by(CHEBI:16113)
GO:0016887	ATPase activity	inhibited_by(CHEBI:16113)
GO:0016887	ATPase activity	inhibited_by(CHEBI:16113)
GO:0005515	protein binding	inhibited_by(CHEBI:16240)
GO:0051063	CDP reductase activity	inhibited_by(CHEBI:16284)
GO:0003984	acetolactate synthase activity	inhibited_by(CHEBI:16414)
GO:0000982	transcription factor activity, RNA polymerase II core promoter proximal region sequence-specific binding	inhibited_by(CHEBI:16480
GO:0004482	mRNA (guanine-N7-)-methyltransferase activity	inhibited_by(CHEBI:16680)
GO:0004371	glycerone kinase activity	inhibited_by(CHEBI:16761)
GO:0003961	O-acetylhomoserine aminocarboxypropyltransferase activity	inhibited_by(CHEBI:16811)
GO:0004072	aspartate kinase activity	inhibited_by(CHEBI:16857)
GO:0000906	6,7-dimethyl-8-ribityllumazine synthase activity	inhibited_by(CHEBI:17015)
GO:0004794	L-threonine ammonia-lyase activity	inhibited_by(CHEBI:17191)
GO:0003938	IMP dehydrogenase activity	inhibited_by(CHEBI:17345)
GO:0004019	adenylosuccinate synthase activity	inhibited_by(CHEBI:17345)
GO:0000982	transcription factor activity, RNA polymerase II core promoter proximal region sequence-specific binding	inhibited_by(CHEBI:17489
GO:0003938	IMP dehydrogenase activity	inhibited_by(CHEBI:17552)
GO:0016887	ATPase activity	inhibited_by(CHEBI:17761)
GO:0016887	ATPase activity	inhibited_by(CHEBI:17761)
GO:0016887	ATPase activity	inhibited_by(CHEBI:17761)
GO:0017116	single-stranded DNA-dependent ATP-dependent DNA helicase activity	inhibited_by(CHEBI:17996)
GO:0004143	diacylglycerol kinase activity	inhibited_by(CHEBI:18303
GO:0032450	maltose alpha-glucosidase activity	inhibited_by(CHEBI:23414)
GO:0000987	core promoter proximal region sequence-specific DNA binding	inhibited_by(CHEBI:24261
GO:0030284	estrogen receptor activity	inhibited_by(CHEBI:24261
GO:0000987	core promoter proximal region sequence-specific DNA binding	inhibited_by(CHEBI:24261)
GO:0003852	2-isopropylmalate synthase activity	inhibited_by(CHEBI:25017)
GO:0008441	3'(2'),5'-bisphosphate nucleotidase activity	inhibited_by(CHEBI:26710)
GO:0003984	acetolactate synthase activity	inhibited_by(CHEBI:27266)
GO:0034634	glutathione transmembrane transporter activity	inhibited_by(CHEBI:278547)
GO:0001078	transcriptional repressor activity, RNA polymerase II core promoter proximal region sequence-specific binding	inhibited_by(CHEBI:28107)
GO:0030378	serine racemase activity	inhibited_by(CHEBI:28187)
GO:0004674	protein serine/threonine kinase activity	inhibited_by(CHEBI:28304)
GO:0016887	ATPase activity	inhibited_by(CHEBI:28874)
GO:0016887	ATPase activity	inhibited_by(CHEBI:28874)
GO:0016887	ATPase activity	inhibited_by(CHEBI:28874)
GO:0000982	transcription factor activity, RNA polymerase II core promoter proximal region sequence-specific binding	inhibited_by(CHEBI:28939
GO:0008444	CDP-diacylglycerol-glycerol-3-phosphate 3-phosphatidyltransferase activity	inhibited_by(CHEBI:29035)
GO:0046919	pyruvyltransferase activity	inhibited_by(CHEBI:29036)
GO:0004035	alkaline phosphatase activity	inhibited_by(CHEBI:29105)
GO:0046919	pyruvyltransferase activity	inhibited_by(CHEBI:29105)
GO:0052658	inositol-1,4,5-trisphosphate 5-phosphatase activity	inhibited_by(CHEBI:29108)
GO:0004531	deoxyribonuclease II activity	inhibited_by(CHEBI:29699)
GO:0032450	maltose alpha-glucosidase activity	inhibited_by(CHEBI:30808)
GO:0032450	maltose alpha-glucosidase activity	inhibited_by(CHEBI:30812)
GO:0032450	maltose alpha-glucosidase activity	inhibited_by(CHEBI:31823)
GO:0032450	maltose alpha-glucosidase activity	inhibited_by(CHEBI:32130)
GO:0032450	maltose alpha-glucosidase activity	inhibited_by(CHEBI:32588)
GO:0015366	malate:proton symporter activity	inhibited_by(CHEBI:3259)
GO:0015385	sodium:proton antiporter activity	inhibited_by(CHEBI:3259)
GO:0034634	glutathione transmembrane transporter activity	inhibited_by(CHEBI:3259)
GO:0015233	pantothenate transmembrane transporter activity	inhibited_by(CHEBI:3259)
GO:0005358	high-affinity hydrogen:glucose symporter activity	inhibited_by(CHEBI:3259)
GO:0005515	protein binding	inhibited_by(CHEBI:3374)
GO:0098505	G-rich strand telomeric DNA binding	inhibited_by(CHEBI:34653)
GO:0004725	protein tyrosine phosphatase activity	inhibited_by(CHEBI:35607)
GO:0032450	maltose alpha-glucosidase activity	inhibited_by(CHEBI:35696)
GO:0003755	peptidyl-prolyl cis-trans isomerase activity	inhibited_by(CHEBI:4031)
GO:0004520	endodeoxyribonuclease activity	inhibited_by(CHEBI:42191)
GO:0004019	adenylosuccinate synthase activity	inhibited_by(CHEBI:43040)
GO:0042802	identical protein binding	inhibited_by(CHEBI:45951)
GO:0004407	histone deacetylase activity	inhibited_by(CHEBI:46024)
GO:0033550	MAP kinase tyrosine phosphatase activity	inhibited_by(CHEBI:46442)
GO:1901691	proton binding	inhibited_by(CHEBI:46442)
GO:0005524	ATP binding	inhibited_by(CHEBI:47322)
GO:0008441	3'(2'),5'-bisphosphate nucleotidase activity	inhibited_by(CHEBI:48607)
GO:0032450	maltose alpha-glucosidase activity	inhibited_by(CHEBI:48607)
GO:0046919	pyruvyltransferase activity	inhibited_by(CHEBI:48775)
GO:0044750	high-affinity nickel cation transmembrane transporter activity	inhibited_by(CHEBI:48828)
GO:0046919	pyruvyltransferase activity	inhibited_by(CHEBI:48828)
GO:0046919	pyruvyltransferase activity	inhibited_by(CHEBI:49786)
GO:0004725	protein tyrosine phosphatase activity	inhibited_by(CHEBI:49976)
GO:0004674	protein serine/threonine kinase activity	inhibited_by(CHEBI:52289)
GO:0005049	nuclear export signal receptor activity	inhibited_by(CHEBI:52646)
GO:0005358	high-affinity hydrogen:glucose symporter activity	inhibited_by(CHEBI:53090)
GO:0005515	protein binding	inhibited_by(CHEBI:60888)
GO:0048306	calcium-dependent protein binding	inhibited_by(CHEBI:60888)
GO:0004017	adenylate kinase activity	inhibited_by(CHEBI:62041)
GO:0032450	maltose alpha-glucosidase activity	inhibited_by(CHEBI:63041)
GO:0004372	glycine hydroxymethyltransferase activity	inhibited_by(CHEBI:67016)
GO:0032450	maltose alpha-glucosidase activity	inhibited_by(CHEBI:67229)
GO:0004602	glutathione peroxidase activity	inhibited_by(CHEBI:72639)
GO:0004602	glutathione peroxidase activity	inhibited_by(CHEBI:72639)
GO:0016887	ATPase activity	inhibited_by(CHEBI:74986)
GO:0035195	gene silencing by miRNA	negatively_regulates(GO:0000082
GO:1903748	negative regulation of establishment of protein localization to mitochondrion	negatively_regulates(GO:0000266
GO:0003779	actin binding	negatively_regulates(GO:0000266)
GO:0008285	negative regulation of cell proliferation	negatively_regulates(GO:0001525)
GO:0030336	negative regulation of cell migration	negatively_regulates(GO:0001525)
GO:0035195	gene silencing by miRNA	negatively_regulates(GO:0001525)
GO:0035278	miRNA mediated inhibition of translation	negatively_regulates(GO:0004222
GO:0035195	gene silencing by miRNA	negatively_regulates(GO:0004222)
GO:0035278	miRNA mediated inhibition of translation	negatively_regulates(GO:0005249)
GO:0035195	gene silencing by miRNA	negatively_regulates(GO:0006809)
GO:0035195	gene silencing by miRNA	negatively_regulates(GO:0008283)
GO:0035195	gene silencing by miRNA	negatively_regulates(GO:0008283)
GO:0035195	gene silencing by miRNA	negatively_regulates(GO:0008283)
GO:0035195	gene silencing by miRNA	negatively_regulates(GO:0008283)
GO:0035195	gene silencing by miRNA	negatively_regulates(GO:0010659)
GO:0035195	gene silencing by miRNA	negatively_regulates(GO:0010761)
GO:0035195	gene silencing by miRNA	negatively_regulates(GO:0014909)
GO:0035195	gene silencing by miRNA	negatively_regulates(GO:0016477
GO:0035195	gene silencing by miRNA	negatively_regulates(GO:0016477
GO:0035195	gene silencing by miRNA	negatively_regulates(GO:0016477
GO:0035195	gene silencing by miRNA	negatively_regulates(GO:0016477
GO:0035195	gene silencing by miRNA	negatively_regulates(GO:0016477)
GO:0035195	gene silencing by miRNA	negatively_regulates(GO:0016477)
GO:0035195	gene silencing by miRNA	negatively_regulates(GO:0016477)
GO:1905438	non-canonical Wnt signaling pathway involved in midbrain dopaminergic neuron differentiation	negatively_regulates(GO:0019827
GO:0035195	gene silencing by miRNA	negatively_regulates(GO:0043491)
GO:0035195	gene silencing by miRNA	negatively_regulates(GO:0044346)
GO:0035195	gene silencing by miRNA	negatively_regulates(GO:0048144)
GO:0035195	gene silencing by miRNA	negatively_regulates(GO:0048659
GO:2000587	negative regulation of platelet-derived growth factor receptor-beta signaling pathway	negatively_regulates(GO:1904738)
GO:0035195	gene silencing by miRNA	negatively_regulates(GO:1905351
GO:0035195	gene silencing by miRNA	negatively_regulates(GO:1905351)
GO:0030317	flagellated sperm motility	occurs_at(CL:0000019)
GO:0000082	G1/S transition of mitotic cell cycle	occurs_at(CL:0000169)
GO:0019538	protein metabolic process	occurs_at(CL:0000540)
GO:0034629	cellular protein complex localization	occurs_at(GO:0000407
GO:0034629	cellular protein complex localization	occurs_at(GO:0000407)
GO:0045184	establishment of protein localization	occurs_at(GO:0000775
GO:0006338	chromatin remodeling	occurs_at(GO:0000775)
GO:0070829	heterochromatin maintenance	occurs_at(GO:0000775)
GO:0071166	ribonucleoprotein complex localization	occurs_at(GO:0000781
GO:2000198	negative regulation of ribonucleoprotein complex localization	occurs_at(GO:0000781
GO:0003678	DNA helicase activity	occurs_at(GO:0000781
GO:0051880	G-quadruplex DNA binding	occurs_at(GO:0000781
GO:1990955	G-rich single-stranded DNA binding	occurs_at(GO:0000781
GO:0032357	oxidized purine DNA binding	occurs_at(GO:0000781
GO:0004527	exonuclease activity	occurs_at(GO:0000781)
GO:0005515	protein binding	occurs_at(GO:0000781)
GO:0097694	establishment of RNA localization to telomere	occurs_at(GO:0000781)
GO:0004003	ATP-dependent DNA helicase activity	occurs_at(GO:0000781)
GO:0043247	telomere maintenance in response to DNA damage	occurs_at(GO:0000781)
GO:0044877	macromolecular complex binding	occurs_at(GO:0000781)
GO:0006303	double-strand break repair via nonhomologous end joining	occurs_at(GO:0000781)
GO:0090657	telomeric loop disassembly	occurs_at(GO:0000781)
GO:2001033	negative regulation of double-strand break repair via nonhomologous end joining	occurs_at(GO:0000781)
GO:1990599	3' overhang single-stranded DNA endodeoxyribonuclease activity	occurs_at(GO:0000784
GO:0006303	double-strand break repair via nonhomologous end joining	occurs_at(GO:0000784)
GO:0003684	damaged DNA binding	occurs_at(GO:0000788
GO:0045184	establishment of protein localization	occurs_at(GO:0000790
GO:0016926	protein desumoylation	occurs_at(GO:0000793)
GO:0034446	substrate adhesion-dependent cell spreading	occurs_at(GO:0005577)
GO:0090150	establishment of protein localization to membrane	occurs_at(GO:0005635
GO:0005515	protein binding	occurs_at(GO:0005737)
GO:0061736	engulfment of target by autophagosome	occurs_at(GO:0005739)
GO:0034629	cellular protein complex localization	occurs_at(GO:0005764)
GO:0045732	positive regulation of protein catabolic process	occurs_at(GO:0005764)
GO:0017038	protein import	occurs_at(GO:0005765
GO:0004185	serine-type carboxypeptidase activity	occurs_at(GO:0005765
GO:0043335	protein unfolding	occurs_at(GO:0005765
GO:0006508	proteolysis	occurs_at(GO:0005765
GO:0004185	serine-type carboxypeptidase activity	occurs_at(GO:0005765
GO:1904589	regulation of protein import	occurs_at(GO:0005765
GO:0004185	serine-type carboxypeptidase activity	occurs_at(GO:0005765)
GO:0006508	proteolysis	occurs_at(GO:0005765)
GO:0001948	glycoprotein binding	occurs_at(GO:0005765)
GO:0006508	proteolysis	occurs_at(GO:0005765)
GO:0061635	regulation of protein complex stability	occurs_at(GO:0005765)
GO:0005515	protein binding	occurs_at(GO:0005765)
GO:1900103	positive regulation of endoplasmic reticulum unfolded protein response	occurs_at(GO:0005789)
GO:0070588	calcium ion transmembrane transport	occurs_at(GO:0005789)
GO:0044743	intracellular protein transmembrane import	occurs_at(GO:0005789)
GO:0031647	regulation of protein stability	occurs_at(GO:0005813)
GO:0031647	regulation of protein stability	occurs_at(GO:0005813)
GO:0045184	establishment of protein localization	occurs_at(GO:0005814)
GO:0045184	establishment of protein localization	occurs_at(GO:0005814)
GO:0005198	structural molecule activity	occurs_at(GO:0005816)
GO:1903119	protein localization to actin cytoskeleton	occurs_at(GO:0005826)
GO:0007015	actin filament organization	occurs_at(GO:0005826)
GO:0008017	microtubule binding	occurs_at(GO:0005874)
GO:0045184	establishment of protein localization	occurs_at(GO:0005886
GO:0045184	establishment of protein localization	occurs_at(GO:0005886
GO:0045184	establishment of protein localization	occurs_at(GO:0005886
GO:0090090	negative regulation of canonical Wnt signaling pathway	occurs_at(GO:0005886)
GO:0039706	co-receptor binding	occurs_at(GO:0005886)
GO:0005114	type II transforming growth factor beta receptor binding	occurs_at(GO:0005886)
GO:0045332	phospholipid translocation	occurs_at(GO:0005886)
GO:0051260	protein homooligomerization	occurs_at(GO:0005886)
GO:0030183	B cell differentiation	occurs_at(GO:0005886)
GO:0005096	GTPase activator activity	occurs_at(GO:0005886)
GO:0005515	protein binding	occurs_at(GO:0005886)
GO:0030837	negative regulation of actin filament polymerization	occurs_at(GO:0005886)
GO:1905511	positive regulation of myosin II filament assembly	occurs_at(GO:0005886)
GO:0031340	positive regulation of vesicle fusion	occurs_at(GO:0005886)
GO:0031584	activation of phospholipase D activity	occurs_at(GO:0005886)
GO:0005102	receptor binding	occurs_at(GO:0005886)
GO:0090002	establishment of protein localization to plasma membrane	occurs_at(GO:0005913)
GO:1903393	positive regulation of adherens junction organization	occurs_at(GO:0005913)
GO:0090002	establishment of protein localization to plasma membrane	occurs_at(GO:0005913)
GO:0034332	adherens junction organization	occurs_at(GO:0005913)
GO:0006903	vesicle targeting	occurs_at(GO:0005925
GO:0045184	establishment of protein localization	occurs_at(GO:0005925
GO:0045921	positive regulation of exocytosis	occurs_at(GO:0005925
GO:0090091	positive regulation of extracellular matrix disassembly	occurs_at(GO:0005925)
GO:0034453	microtubule anchoring	occurs_at(GO:0005925)
GO:0071786	endoplasmic reticulum tubular network organization	occurs_at(GO:0005938)
GO:0030953	astral microtubule organization	occurs_at(GO:0005938)
GO:0005102	receptor binding	occurs_at(GO:0009986
GO:0005102	receptor binding	occurs_at(GO:0009986)
GO:0005515	protein binding	occurs_at(GO:0009986)
GO:1903527	positive regulation of membrane tubulation	occurs_at(GO:0010008)
GO:0090150	establishment of protein localization to membrane	occurs_at(GO:0010008)
GO:0004143	diacylglycerol kinase activity	occurs_at(GO:0012506)
GO:0042288	MHC class I protein binding	occurs_at(GO:0016020)
GO:0090263	positive regulation of canonical Wnt signaling pathway	occurs_at(GO:0016020)
GO:0047485	protein N-terminus binding	occurs_at(GO:0016020)
GO:0005515	protein binding	occurs_at(GO:0016020)
GO:0005515	protein binding	occurs_at(GO:0016020)
GO:0039706	co-receptor binding	occurs_at(GO:0016020)
GO:0005524	ATP binding	occurs_at(GO:0016281)
GO:0090002	establishment of protein localization to plasma membrane	occurs_at(GO:0016323)
GO:0090002	establishment of protein localization to plasma membrane	occurs_at(GO:0016323)
GO:0090002	establishment of protein localization to plasma membrane	occurs_at(GO:0016324
GO:0090002	establishment of protein localization to plasma membrane	occurs_at(GO:0016324)
GO:0046790	virion binding	occurs_at(GO:0020002)
GO:0034613	cellular protein localization	occurs_at(GO:0030424)
GO:0045184	establishment of protein localization	occurs_at(GO:0030496)
GO:0045184	establishment of protein localization	occurs_at(GO:0030496)
GO:1904670	actin filament polymerization involved in mitotic actomyosin contractile ring assembly	occurs_at(GO:0031097)
GO:0070650	actin filament bundle distribution	occurs_at(GO:0031252
GO:0046579	positive regulation of Ras protein signal transduction	occurs_at(GO:0031252)
GO:0010592	positive regulation of lamellipodium assembly	occurs_at(GO:0031252)
GO:0072594	establishment of protein localization to organelle	occurs_at(GO:0031430
GO:0001786	phosphatidylserine binding	occurs_at(GO:0031902)
GO:0006897	endocytosis	occurs_at(GO:0032153)
GO:0008104	protein localization	occurs_at(GO:0032154)
GO:0070588	calcium ion transmembrane transport	occurs_at(GO:0033017)
GO:0086039	calcium-transporting ATPase activity involved in regulation of cardiac muscle cell membrane potential	occurs_at(GO:0033017)
GO:0085029	extracellular matrix assembly	occurs_at(GO:0033268)
GO:0003682	chromatin binding	occurs_at(GO:0035861
GO:0003682	chromatin binding	occurs_at(GO:0035861)
GO:0006605	protein targeting	occurs_at(GO:0036057)
GO:0006605	protein targeting	occurs_at(GO:0036057)
GO:0045184	establishment of protein localization	occurs_at(GO:0036064)
GO:0034613	cellular protein localization	occurs_at(GO:0042383
GO:0034613	cellular protein localization	occurs_at(GO:0042383
GO:0070886	positive regulation of calcineurin-NFAT signaling cascade	occurs_at(GO:0042383)
GO:0042802	identical protein binding	occurs_at(GO:0042584)
GO:0051020	GTPase binding	occurs_at(GO:0042584)
GO:0031681	G-protein beta-subunit binding	occurs_at(GO:0042584)
GO:0003682	chromatin binding	occurs_at(GO:0043596)
GO:0044802	single-organism membrane organization	occurs_at(GO:0044233)
GO:0090002	establishment of protein localization to plasma membrane	occurs_at(GO:0044853
GO:0072661	protein targeting to plasma membrane	occurs_at(GO:0045121
GO:0051017	actin filament bundle assembly	occurs_at(GO:0045202)
GO:0007015	actin filament organization	occurs_at(GO:0045202)
GO:0007015	actin filament organization	occurs_at(GO:0051286)
GO:0072594	establishment of protein localization to organelle	occurs_at(GO:0055120)
GO:0005515	protein binding	occurs_at(GO:0070187
GO:0070182	DNA polymerase binding	occurs_at(GO:0070187
GO:1904851	positive regulation of establishment of protein localization to telomere	occurs_at(GO:0070187
GO:0070200	establishment of protein localization to telomere	occurs_at(GO:0070187
GO:0072594	establishment of protein localization to organelle	occurs_at(GO:0097431
GO:0072594	establishment of protein localization to organelle	occurs_at(GO:0097431
GO:0047496	vesicle transport along microtubule	occurs_at(GO:0097431)
GO:0051650	establishment of vesicle localization	occurs_at(GO:0097431)
GO:0045184	establishment of protein localization	occurs_at(GO:0097539)
GO:0045184	establishment of protein localization	occurs_at(GO:0097539)
GO:0045184	establishment of protein localization	occurs_at(GO:0097542)
GO:0050808	synapse organization	occurs_at(GO:0098793
GO:0036465	synaptic vesicle recycling	occurs_at(GO:0098793)
GO:0007015	actin filament organization	occurs_at(GO:0098793)
GO:0045184	establishment of protein localization	occurs_at(GO:1903754)
GO:0046580	negative regulation of Ras protein signal transduction	occurs_at(GO:1904269)
GO:0090630	activation of GTPase activity	occurs_at(GO:1904269)
GO:0005515	protein binding	occurs_at(Pfam:PF05001)
GO:0005515	protein binding	occurs_at(SO:0000165
GO:0000977	RNA polymerase II regulatory region sequence-specific DNA binding	occurs_at(SO:0000167
GO:0000977	RNA polymerase II regulatory region sequence-specific DNA binding	occurs_at(SO:0000167
GO:0000977	RNA polymerase II regulatory region sequence-specific DNA binding	occurs_at(SO:0000167
GO:0000977	RNA polymerase II regulatory region sequence-specific DNA binding	occurs_at(SO:0000167
GO:0000977	RNA polymerase II regulatory region sequence-specific DNA binding	occurs_at(SO:0000167
GO:0000977	RNA polymerase II regulatory region sequence-specific DNA binding	occurs_at(SO:0000167
GO:0000977	RNA polymerase II regulatory region sequence-specific DNA binding	occurs_at(SO:0000167
GO:0000977	RNA polymerase II regulatory region sequence-specific DNA binding	occurs_at(SO:0000167
GO:0000977	RNA polymerase II regulatory region sequence-specific DNA binding	occurs_at(SO:0000167
GO:0000977	RNA polymerase II regulatory region sequence-specific DNA binding	occurs_at(SO:0000167
GO:0000977	RNA polymerase II regulatory region sequence-specific DNA binding	occurs_at(SO:0000167
GO:1904798	positive regulation of core promoter binding	occurs_at(SO:0000167
GO:0000977	RNA polymerase II regulatory region sequence-specific DNA binding	occurs_at(SO:0000167
GO:0000977	RNA polymerase II regulatory region sequence-specific DNA binding	occurs_at(SO:0000167
GO:0000977	RNA polymerase II regulatory region sequence-specific DNA binding	occurs_at(SO:0000167
GO:0000977	RNA polymerase II regulatory region sequence-specific DNA binding	occurs_at(SO:0000167
GO:0000977	RNA polymerase II regulatory region sequence-specific DNA binding	occurs_at(SO:0000167
GO:0000977	RNA polymerase II regulatory region sequence-specific DNA binding	occurs_at(SO:0000167
GO:0000977	RNA polymerase II regulatory region sequence-specific DNA binding	occurs_at(SO:0000167
GO:0000977	RNA polymerase II regulatory region sequence-specific DNA binding	occurs_at(SO:0000167
GO:0000977	RNA polymerase II regulatory region sequence-specific DNA binding	occurs_at(SO:0000167
GO:0000977	RNA polymerase II regulatory region sequence-specific DNA binding	occurs_at(SO:0000167
GO:0000977	RNA polymerase II regulatory region sequence-specific DNA binding	occurs_at(SO:0000167
GO:1904798	positive regulation of core promoter binding	occurs_at(SO:0000167
GO:0008013	beta-catenin binding	occurs_at(SO:0000167)
GO:0006355	regulation of transcription, DNA-templated	occurs_at(SO:0000167)
GO:0042800	histone methyltransferase activity (H3-K4 specific)	occurs_at(SO:0000170
GO:1904501	positive regulation of chromatin-mediated maintenance of transcription	occurs_at(SO:0000170
GO:0001103	RNA polymerase II repressing transcription factor binding	occurs_at(SO:0000170
GO:0048096	chromatin-mediated maintenance of transcription	occurs_at(SO:0000170
GO:0005515	protein binding	occurs_at(SO:0000170
GO:0042826	histone deacetylase binding	occurs_at(SO:0000170
GO:0018107	peptidyl-threonine phosphorylation	occurs_at(SO:0000170
GO:0042800	histone methyltransferase activity (H3-K4 specific)	occurs_at(SO:0000170
GO:0042800	histone methyltransferase activity (H3-K4 specific)	occurs_at(SO:0000170
GO:0051568	histone H3-K4 methylation	occurs_at(SO:0000170
GO:1990188	euchromatin binding	occurs_at(SO:0000170)
GO:0005515	protein binding	occurs_at(SO:0000170)
GO:1904798	positive regulation of core promoter binding	occurs_at(SO:0000170)
GO:1904798	positive regulation of core promoter binding	occurs_at(SO:0000170)
GO:1904798	positive regulation of core promoter binding	occurs_at(SO:0000170)
GO:1904798	positive regulation of core promoter binding	occurs_at(SO:0000170)
GO:0000979	RNA polymerase II core promoter sequence-specific DNA binding	occurs_at(SO:0000174)
GO:0004525	ribonuclease III activity	occurs_at(SO:0000209)
GO:0033562	co-transcriptional gene silencing by RNA interference machinery	occurs_at(SO:0000286)
GO:0000978	RNA polymerase II core promoter proximal region sequence-specific DNA binding	occurs_at(SO:0000294)
GO:0032132	O6-alkylguanine-DNA binding	occurs_at(SO:0000305)
GO:0000977	RNA polymerase II regulatory region sequence-specific DNA binding	occurs_at(SO:0000315)
GO:1990883	rRNA cytidine N-acetyltransferase activity	occurs_at(SO:0000407)
GO:0003682	chromatin binding	occurs_at(SO:0000577)
GO:0051880	G-quadruplex DNA binding	occurs_at(SO:0000624)
GO:0003723	RNA binding	occurs_at(SO:0000646)
GO:0001069	regulatory region RNA binding	occurs_at(SO:0000683)
GO:0000175	3'-5'-exoribonuclease activity	occurs_at(SO:0000871)
GO:0003677	DNA binding	occurs_at(SO:0000951)
GO:0000979	RNA polymerase II core promoter sequence-specific DNA binding	occurs_at(SO:0000955
GO:0045944	positive regulation of transcription from RNA polymerase II promoter	occurs_at(SO:0001055)
GO:0035925	mRNA 3'-UTR AU-rich region binding	occurs_at(SO:0001180)
GO:1904595	positive regulation of termination of RNA polymerase II transcription	occurs_at(SO:0001217)
GO:1902983	DNA strand elongation involved in mitotic DNA replication	occurs_at(SO:0001272)
GO:1904595	positive regulation of termination of RNA polymerase II transcription	occurs_at(SO:0001272)
GO:0042162	telomeric DNA binding	occurs_at(SO:0001496)
GO:0051880	G-quadruplex DNA binding	occurs_at(SO:0001637)
GO:1904595	positive regulation of termination of RNA polymerase II transcription	occurs_at(SO:0001637)
GO:0005515	protein binding	occurs_at(SO:0001668
GO:0019237	centromeric DNA binding	occurs_at(SO:0001796)
GO:0019237	centromeric DNA binding	occurs_at(SO:0001798)
GO:1900111	positive regulation of histone H3-K9 dimethylation	occurs_at(SO:0001798)
GO:1900114	positive regulation of histone H3-K9 trimethylation	occurs_at(SO:0001798)
GO:0030702	chromatin silencing at centromere	occurs_at(SO:0001799)
GO:0031048	chromatin silencing by small RNA	occurs_at(SO:0001799)
GO:0044382	CLRC ubiquitin ligase complex localization to heterochromatin	occurs_at(SO:0001799)
GO:0071441	negative regulation of histone H3-K14 acetylation	occurs_at(SO:0001799)
GO:1900114	positive regulation of histone H3-K9 trimethylation	occurs_at(SO:0001799)
GO:0000978	RNA polymerase II core promoter proximal region sequence-specific DNA binding	occurs_at(SO:0001839)
GO:0043565	sequence-specific DNA binding	occurs_at(SO:0001839)
GO:0000978	RNA polymerase II core promoter proximal region sequence-specific DNA binding	occurs_at(SO:0001840)
GO:0000978	RNA polymerase II core promoter proximal region sequence-specific DNA binding	occurs_at(SO:0001842)
GO:1990188	euchromatin binding	occurs_at(SO:0001843)
GO:0000978	RNA polymerase II core promoter proximal region sequence-specific DNA binding	occurs_at(SO:0001843)
GO:0043565	sequence-specific DNA binding	occurs_at(SO:0001843)
GO:0000978	RNA polymerase II core promoter proximal region sequence-specific DNA binding	occurs_at(SO:0001844)
GO:0000978	RNA polymerase II core promoter proximal region sequence-specific DNA binding	occurs_at(SO:0001845)
GO:0000978	RNA polymerase II core promoter proximal region sequence-specific DNA binding	occurs_at(SO:0001846)
GO:0000978	RNA polymerase II core promoter proximal region sequence-specific DNA binding	occurs_at(SO:0001847)
GO:0000978	RNA polymerase II core promoter proximal region sequence-specific DNA binding	occurs_at(SO:0001848)
GO:0000978	RNA polymerase II core promoter proximal region sequence-specific DNA binding	occurs_at(SO:0001849)
GO:0000978	RNA polymerase II core promoter proximal region sequence-specific DNA binding	occurs_at(SO:0001850)
GO:0000978	RNA polymerase II core promoter proximal region sequence-specific DNA binding	occurs_at(SO:0001850)
GO:0043565	sequence-specific DNA binding	occurs_at(SO:0001851)
GO:0000978	RNA polymerase II core promoter proximal region sequence-specific DNA binding	occurs_at(SO:0001851)
GO:0000978	RNA polymerase II core promoter proximal region sequence-specific DNA binding	occurs_at(SO:0001851)
GO:0044374	sequence-specific DNA binding, bending	occurs_at(SO:0001852)
GO:0000978	RNA polymerase II core promoter proximal region sequence-specific DNA binding	occurs_at(SO:0001852)
GO:0000978	RNA polymerase II core promoter proximal region sequence-specific DNA binding	occurs_at(SO:0001855)
GO:0000978	RNA polymerase II core promoter proximal region sequence-specific DNA binding	occurs_at(SO:0001856)
GO:0000978	RNA polymerase II core promoter proximal region sequence-specific DNA binding	occurs_at(SO:0001857)
GO:0000978	RNA polymerase II core promoter proximal region sequence-specific DNA binding	occurs_at(SO:0001858)
GO:0044377	RNA polymerase II core promoter proximal region sequence-specific DNA binding, bending	occurs_at(SO:0001858)
GO:0000982	transcription factor activity, RNA polymerase II core promoter proximal region sequence-specific binding	occurs_at(SO:0001859
GO:0000982	transcription factor activity, RNA polymerase II core promoter proximal region sequence-specific binding	occurs_at(SO:0001859
GO:0000982	transcription factor activity, RNA polymerase II core promoter proximal region sequence-specific binding	occurs_at(SO:0001859
GO:0000982	transcription factor activity, RNA polymerase II core promoter proximal region sequence-specific binding	occurs_at(SO:0001859
GO:0000978	RNA polymerase II core promoter proximal region sequence-specific DNA binding	occurs_at(SO:0001859)
GO:0043565	sequence-specific DNA binding	occurs_at(SO:0001860)
GO:0000978	RNA polymerase II core promoter proximal region sequence-specific DNA binding	occurs_at(SO:0001861)
GO:0035939	microsatellite binding	occurs_at(SO:0001862)
GO:0043047	single-stranded telomeric DNA binding	occurs_at(SO:0001862)
GO:0043047	single-stranded telomeric DNA binding	occurs_at(SO:0001863)
GO:0043110	rDNA spacer replication fork barrier binding	occurs_at(SO:0001864)
GO:0043565	sequence-specific DNA binding	occurs_at(SO:0001864)
GO:0000122	negative regulation of transcription from RNA polymerase II promoter	occurs_at(SO:0001865)
GO:0000978	RNA polymerase II core promoter proximal region sequence-specific DNA binding	occurs_at(SO:0001865)
GO:0045944	positive regulation of transcription from RNA polymerase II promoter	occurs_at(SO:0001871)
GO:0000978	RNA polymerase II core promoter proximal region sequence-specific DNA binding	occurs_at(SO:0001871)
GO:1903643	positive regulation of recombination hotspot binding	occurs_at(SO:0001900)
GO:0003690	double-stranded DNA binding	occurs_at(SO:0001900)
GO:0000978	RNA polymerase II core promoter proximal region sequence-specific DNA binding	occurs_at(SO:0001900)
GO:0010844	recombination hotspot binding	occurs_at(SO:0001900)
GO:0043565	sequence-specific DNA binding	occurs_at(SO:0001900)
GO:0000978	RNA polymerase II core promoter proximal region sequence-specific DNA binding	occurs_at(SO:0001901)
GO:0000175	3'-5'-exoribonuclease activity	occurs_at(SO:0001905)
GO:1902983	DNA strand elongation involved in mitotic DNA replication	occurs_at(SO:0001914)
GO:0097394	telomeric repeat-containing RNA transcription from RNA pol II promoter	occurs_at(SO:0001924)
GO:0097394	telomeric repeat-containing RNA transcription from RNA pol II promoter	occurs_at(SO:0001926)
GO:0016584	nucleosome positioning	occurs_at(SO:0001997)
GO:0003682	chromatin binding	occurs_at(SO:0001997)
GO:0006342	chromatin silencing	occurs_at(SO:0001997)
GO:0043565	sequence-specific DNA binding	occurs_at(SO:0002004)
GO:0000978	RNA polymerase II core promoter proximal region sequence-specific DNA binding	occurs_at(SO:0002006)
GO:1902983	DNA strand elongation involved in mitotic DNA replication	occurs_at(SO:0002021)
GO:0003727	single-stranded RNA binding	occurs_at(SO:0002022)
GO:0005515	protein binding	occurs_at(SO:0100014)
GO:0001965	G-protein alpha-subunit binding	occurs_at(SO:0100014)
GO:0005515	protein binding	occurs_at(SO:0100015)
GO:0018107	peptidyl-threonine phosphorylation	occurs_at(SO:0100017
GO:0018107	peptidyl-threonine phosphorylation	occurs_at(SO:0100017
GO:0004674	protein serine/threonine kinase activity	occurs_at(SO:0100017
GO:0006468	protein phosphorylation	occurs_at(SO:0100021
GO:0010628	positive regulation of gene expression	occurs_in(CL:0000001)
GO:0097067	cellular response to thyroid hormone stimulus	occurs_in(CL:0000002)
GO:2000347	positive regulation of hepatocyte proliferation	occurs_in(CL:0000002)
GO:0000723	telomere maintenance	occurs_in(CL:0000003)
GO:0000723	telomere maintenance	occurs_in(CL:0000003)
GO:0000723	telomere maintenance	occurs_in(CL:0000003)
GO:0016485	protein processing	occurs_in(CL:0000007
GO:0051726	regulation of cell cycle	occurs_in(CL:0000007)
GO:0007067	mitotic nuclear division	occurs_in(CL:0000007)
GO:0007067	mitotic nuclear division	occurs_in(CL:0000007)
GO:0007015	actin filament organization	occurs_in(CL:0000007)
GO:0007100	mitotic centrosome separation	occurs_in(CL:0000007)
GO:0007093	mitotic cell cycle checkpoint	occurs_in(CL:0000007)
GO:0000070	mitotic sister chromatid segregation	occurs_in(CL:0000007)
GO:0007052	mitotic spindle organization	occurs_in(CL:0000007)
GO:0007067	mitotic nuclear division	occurs_in(CL:0000007)
GO:0007229	integrin-mediated signaling pathway	occurs_in(CL:0000007)
GO:0051276	chromosome organization	occurs_in(CL:0000007)
GO:0046921	alpha-(1->6)-fucosyltransferase activity	occurs_in(CL:0000007)
GO:2001266	Roundabout signaling pathway involved in axon guidance	occurs_in(CL:0000008
GO:0051491	positive regulation of filopodium assembly	occurs_in(CL:0000008
GO:0061561	trigeminal ganglion formation	occurs_in(CL:0000008)
GO:0061563	trigeminal ganglion structural organization	occurs_in(CL:0000008)
GO:0061512	protein localization to cilium	occurs_in(CL:0000010
GO:0001932	regulation of protein phosphorylation	occurs_in(CL:0000010
GO:0044782	cilium organization	occurs_in(CL:0000010)
GO:0001932	regulation of protein phosphorylation	occurs_in(CL:0000010)
GO:0045499	chemorepellent activity	occurs_in(CL:0000011)
GO:0007286	spermatid development	occurs_in(CL:0000015)
GO:0042803	protein homodimerization activity	occurs_in(CL:0000015)
GO:0003677	DNA binding	occurs_in(CL:0000015)
GO:0006687	glycosphingolipid metabolic process	occurs_in(CL:0000015)
GO:0006281	DNA repair	occurs_in(CL:0000015)
GO:0007127	meiosis I	occurs_in(CL:0000015)
GO:0007141	male meiosis I	occurs_in(CL:0000015)
GO:0072089	stem cell proliferation	occurs_in(CL:0000016)
GO:0017145	stem cell division	occurs_in(CL:0000016)
GO:0048863	stem cell differentiation	occurs_in(CL:0000016)
GO:0003729	mRNA binding	occurs_in(CL:0000017
GO:0003729	mRNA binding	occurs_in(CL:0000017
GO:0003729	mRNA binding	occurs_in(CL:0000017
GO:0003729	mRNA binding	occurs_in(CL:0000017
GO:0003723	RNA binding	occurs_in(CL:0000017
GO:0003723	RNA binding	occurs_in(CL:0000017
GO:0051321	meiotic cell cycle	occurs_in(CL:0000017)
GO:0007141	male meiosis I	occurs_in(CL:0000017)
GO:0007140	male meiosis	occurs_in(CL:0000017)
GO:0010789	meiotic sister chromatid cohesion involved in meiosis I	occurs_in(CL:0000017)
GO:0070194	synaptonemal complex disassembly	occurs_in(CL:0000017)
GO:0003917	DNA topoisomerase type I activity	occurs_in(CL:0000017)
GO:0007130	synaptonemal complex assembly	occurs_in(CL:0000017)
GO:0051026	chiasma assembly	occurs_in(CL:0000017)
GO:0007286	spermatid development	occurs_in(CL:0000017)
GO:0006915	apoptotic process	occurs_in(CL:0000017)
GO:0051878	lateral element assembly	occurs_in(CL:0000017)
GO:0007140	male meiosis	occurs_in(CL:0000017)
GO:0090220	chromosome localization to nuclear envelope involved in homologous chromosome segregation	occurs_in(CL:0000017)
GO:0051567	histone H3-K9 methylation	occurs_in(CL:0000017)
GO:0000724	double-strand break repair via homologous recombination	occurs_in(CL:0000017)
GO:0051754	meiotic sister chromatid cohesion, centromeric	occurs_in(CL:0000017)
GO:0007129	synapsis	occurs_in(CL:0000017)
GO:0003918	DNA topoisomerase type II (ATP-hydrolyzing) activity	occurs_in(CL:0000017)
GO:0007131	reciprocal meiotic recombination	occurs_in(CL:0000017)
GO:0007099	centriole replication	occurs_in(CL:0000017)
GO:0045141	meiotic telomere clustering	occurs_in(CL:0000017)
GO:0051729	germline cell cycle switching, mitotic to meiotic cell cycle	occurs_in(CL:0000017)
GO:0007130	synaptonemal complex assembly	occurs_in(CL:0000017)
GO:0007141	male meiosis I	occurs_in(CL:0000017)
GO:0019237	centromeric DNA binding	occurs_in(CL:0000017)
GO:0035092	sperm chromatin condensation	occurs_in(CL:0000017)
GO:0048255	mRNA stabilization	occurs_in(CL:0000017)
GO:0006302	double-strand break repair	occurs_in(CL:0000017)
GO:0007129	synapsis	occurs_in(CL:0000017)
GO:0007286	spermatid development	occurs_in(CL:0000017)
GO:0006338	chromatin remodeling	occurs_in(CL:0000017)
GO:0045143	homologous chromosome segregation	occurs_in(CL:0000017)
GO:0070197	meiotic attachment of telomere to nuclear envelope	occurs_in(CL:0000017)
GO:0051026	chiasma assembly	occurs_in(CL:0000017)
GO:0000712	resolution of meiotic recombination intermediates	occurs_in(CL:0000017)
GO:0034502	protein localization to chromosome	occurs_in(CL:0000017)
GO:0005515	protein binding	occurs_in(CL:0000017)
GO:0007130	synaptonemal complex assembly	occurs_in(CL:0000017)
GO:0007060	male meiosis chromosome segregation	occurs_in(CL:0000017)
GO:0070286	axonemal dynein complex assembly	occurs_in(CL:0000017)
GO:0001077	transcriptional activator activity, RNA polymerase II core promoter proximal region sequence-specific binding	occurs_in(CL:0000018
GO:0007286	spermatid development	occurs_in(CL:0000018
GO:0007286	spermatid development	occurs_in(CL:0000018)
GO:0007286	spermatid development	occurs_in(CL:0000018)
GO:0005515	protein binding	occurs_in(CL:0000018)
GO:0007289	spermatid nucleus differentiation	occurs_in(CL:0000018)
GO:0003917	DNA topoisomerase type I activity	occurs_in(CL:0000018)
GO:0005515	protein binding	occurs_in(CL:0000018)
GO:0046470	phosphatidylcholine metabolic process	occurs_in(CL:0000018)
GO:0045332	phospholipid translocation	occurs_in(CL:0000018)
GO:0001675	acrosome assembly	occurs_in(CL:0000018)
GO:0003918	DNA topoisomerase type II (ATP-hydrolyzing) activity	occurs_in(CL:0000018)
GO:1905198	manchette assembly	occurs_in(CL:0000018)
GO:0006997	nucleus organization	occurs_in(CL:0000018)
GO:0007288	sperm axoneme assembly	occurs_in(CL:0000018)
GO:0007290	spermatid nucleus elongation	occurs_in(CL:0000018)
GO:0007288	sperm axoneme assembly	occurs_in(CL:0000018)
GO:0060271	cilium assembly	occurs_in(CL:0000018)
GO:0007286	spermatid development	occurs_in(CL:0000018)
GO:1990953	intramanchette transport	occurs_in(CL:0000018)
GO:0019372	lipoxygenase pathway	occurs_in(CL:0000018)
GO:0006997	nucleus organization	occurs_in(CL:0000018)
GO:0070286	axonemal dynein complex assembly	occurs_in(CL:0000018)
GO:0007291	sperm individualization	occurs_in(CL:0000018)
GO:0044183	protein binding involved in protein folding	occurs_in(CL:0000019
GO:0003756	protein disulfide isomerase activity	occurs_in(CL:0000019
GO:0044183	protein binding involved in protein folding	occurs_in(CL:0000019
GO:0045184	establishment of protein localization	occurs_in(CL:0000019
GO:0045184	establishment of protein localization	occurs_in(CL:0000019
GO:0045184	establishment of protein localization	occurs_in(CL:0000019
GO:0060046	regulation of acrosome reaction	occurs_in(CL:0000019)
GO:0006813	potassium ion transport	occurs_in(CL:0000019)
GO:0004618	phosphoglycerate kinase activity	occurs_in(CL:0000019)
GO:0046982	protein heterodimerization activity	occurs_in(CL:0000019)
GO:0004340	glucokinase activity	occurs_in(CL:0000019)
GO:0004563	beta-N-acetylhexosaminidase activity	occurs_in(CL:0000019)
GO:0042803	protein homodimerization activity	occurs_in(CL:0000019)
GO:0034614	cellular response to reactive oxygen species	occurs_in(CL:0000019)
GO:0006998	nuclear envelope organization	occurs_in(CL:0000019)
GO:0051012	microtubule sliding	occurs_in(CL:0000019)
GO:0044458	motile cilium assembly	occurs_in(CL:0000019)
GO:0004347	glucose-6-phosphate isomerase activity	occurs_in(CL:0000019)
GO:0001675	acrosome assembly	occurs_in(CL:0000019)
GO:0032990	cell part morphogenesis	occurs_in(CL:0000019)
GO:0007286	spermatid development	occurs_in(CL:0000019)
GO:0009826	unidimensional cell growth	occurs_in(CL:0000019)
GO:1905419	sperm flagellum movement involved in flagellated sperm motility	occurs_in(CL:0000019)
GO:0051924	regulation of calcium ion transport	occurs_in(CL:0000019)
GO:0005246	calcium channel regulator activity	occurs_in(CL:0000019)
GO:0060294	cilium movement involved in cell motility	occurs_in(CL:0000019)
GO:0006478	peptidyl-tyrosine sulfation	occurs_in(CL:0000019)
GO:0006096	glycolytic process	occurs_in(CL:0000019)
GO:0007010	cytoskeleton organization	occurs_in(CL:0000019)
GO:0030382	sperm mitochondrion organization	occurs_in(CL:0000019)
GO:0006814	sodium ion transport	occurs_in(CL:0000019)
GO:0051604	protein maturation	occurs_in(CL:0000019)
GO:0004619	phosphoglycerate mutase activity	occurs_in(CL:0000019)
GO:0005267	potassium channel activity	occurs_in(CL:0000019)
GO:0005515	protein binding	occurs_in(CL:0000019)
GO:0070588	calcium ion transmembrane transport	occurs_in(CL:0000019)
GO:0004365	glyceraldehyde-3-phosphate dehydrogenase (NAD+) (phosphorylating) activity	occurs_in(CL:0000019)
GO:0007286	spermatid development	occurs_in(CL:0000019)
GO:0008970	phosphatidylcholine 1-acylhydrolase activity	occurs_in(CL:0000019)
GO:0008476	protein-tyrosine sulfotransferase activity	occurs_in(CL:0000019)
GO:0006478	peptidyl-tyrosine sulfation	occurs_in(CL:0000019)
GO:0061621	canonical glycolysis	occurs_in(CL:0000019)
GO:0008233	peptidase activity	occurs_in(CL:0000019)
GO:0007286	spermatid development	occurs_in(CL:0000019)
GO:0007289	spermatid nucleus differentiation	occurs_in(CL:0000019)
GO:0036159	inner dynein arm assembly	occurs_in(CL:0000019)
GO:0060271	cilium assembly	occurs_in(CL:0000019)
GO:0004672	protein kinase activity	occurs_in(CL:0000019)
GO:0061620	glycolytic process through glucose-6-phosphate	occurs_in(CL:0000019)
GO:0061620	glycolytic process through glucose-6-phosphate	occurs_in(CL:0000019)
GO:0044782	cilium organization	occurs_in(CL:0000019)
GO:0048240	sperm capacitation	occurs_in(CL:0000019)
GO:0097231	cell motility in response to calcium ion	occurs_in(CL:0000019)
GO:0071929	alpha-tubulin acetylation	occurs_in(CL:0000019)
GO:0007288	sperm axoneme assembly	occurs_in(CL:0000019)
GO:0060478	acrosomal vesicle exocytosis	occurs_in(CL:0000019)
GO:0030317	flagellated sperm motility	occurs_in(CL:0000019)
GO:0008476	protein-tyrosine sulfotransferase activity	occurs_in(CL:0000019)
GO:0008233	peptidase activity	occurs_in(CL:0000019)
GO:0007286	spermatid development	occurs_in(CL:0000019)
GO:0003872	6-phosphofructokinase activity	occurs_in(CL:0000019)
GO:0061615	glycolytic process through fructose-6-phosphate	occurs_in(CL:0000019)
GO:0004634	phosphopyruvate hydratase activity	occurs_in(CL:0000019)
GO:0006468	protein phosphorylation	occurs_in(CL:0000019)
GO:0005391	sodium:potassium-exchanging ATPase activity	occurs_in(CL:0000019)
GO:0034236	protein kinase A catalytic subunit binding	occurs_in(CL:0000019)
GO:0034237	protein kinase A regulatory subunit binding	occurs_in(CL:0000019)
GO:0051654	establishment of mitochondrion localization	occurs_in(CL:0000019)
GO:0007340	acrosome reaction	occurs_in(CL:0000019)
GO:0005245	voltage-gated calcium channel activity	occurs_in(CL:0000019)
GO:0060296	regulation of cilium beat frequency involved in ciliary motility	occurs_in(CL:0000019)
GO:0007080	mitotic metaphase plate congression	occurs_in(CL:0000020)
GO:0070507	regulation of microtubule cytoskeleton organization	occurs_in(CL:0000020)
GO:2000833	positive regulation of steroid hormone secretion	occurs_in(CL:0000020)
GO:2000844	negative regulation of testosterone secretion	occurs_in(CL:0000020)
GO:0010032	meiotic chromosome condensation	occurs_in(CL:0000021)
GO:0007127	meiosis I	occurs_in(CL:0000021)
GO:0006378	mRNA polyadenylation	occurs_in(CL:0000023
GO:0006378	mRNA polyadenylation	occurs_in(CL:0000023
GO:0006378	mRNA polyadenylation	occurs_in(CL:0000023
GO:0043565	sequence-specific DNA binding	occurs_in(CL:0000023
GO:0051441	positive regulation of ubiquitin-protein ligase activity involved in meiotic cell cycle	occurs_in(CL:0000023
GO:0071156	regulation of cell cycle arrest	occurs_in(CL:0000023
GO:0034968	histone lysine methylation	occurs_in(CL:0000023)
GO:0035234	ectopic germ cell programmed cell death	occurs_in(CL:0000023)
GO:0051653	spindle localization	occurs_in(CL:0000023)
GO:0042138	meiotic DNA double-strand break formation	occurs_in(CL:0000023)
GO:0010918	positive regulation of mitochondrial membrane potential	occurs_in(CL:0000023)
GO:0048096	chromatin-mediated maintenance of transcription	occurs_in(CL:0000023)
GO:0097192	extrinsic apoptotic signaling pathway in absence of ligand	occurs_in(CL:0000023)
GO:0007144	female meiosis I	occurs_in(CL:0000023)
GO:0010992	ubiquitin homeostasis	occurs_in(CL:0000023)
GO:0007130	synaptonemal complex assembly	occurs_in(CL:0000023)
GO:0045143	homologous chromosome segregation	occurs_in(CL:0000023)
GO:0007010	cytoskeleton organization	occurs_in(CL:0000023)
GO:0051295	establishment of meiotic spindle localization	occurs_in(CL:0000023)
GO:0007005	mitochondrion organization	occurs_in(CL:0000023)
GO:0072320	volume-sensitive chloride channel activity	occurs_in(CL:0000023)
GO:0034237	protein kinase A regulatory subunit binding	occurs_in(CL:0000023)
GO:0003682	chromatin binding	occurs_in(CL:0000023)
GO:0007163	establishment or maintenance of cell polarity	occurs_in(CL:0000023)
GO:0001555	oocyte growth	occurs_in(CL:0000023)
GO:0046785	microtubule polymerization	occurs_in(CL:0000023)
GO:0051225	spindle assembly	occurs_in(CL:0000023)
GO:0010579	positive regulation of adenylate cyclase activity involved in G-protein coupled receptor signaling pathway	occurs_in(CL:0000023)
GO:0061676	importin-alpha family protein binding	occurs_in(CL:0000023)
GO:0006338	chromatin remodeling	occurs_in(CL:0000023)
GO:0007131	reciprocal meiotic recombination	occurs_in(CL:0000023)
GO:0033315	meiotic DNA replication checkpoint	occurs_in(CL:0000023)
GO:0000711	meiotic DNA repair synthesis	occurs_in(CL:0000023)
GO:0051754	meiotic sister chromatid cohesion, centromeric	occurs_in(CL:0000023)
GO:0090306	spindle assembly involved in meiosis	occurs_in(CL:0000023)
GO:0007129	synapsis	occurs_in(CL:0000023)
GO:0007199	G-protein coupled receptor signaling pathway coupled to cGMP nucleotide second messenger	occurs_in(CL:0000023)
GO:0030950	establishment or maintenance of actin cytoskeleton polarity	occurs_in(CL:0000023)
GO:0071933	Arp2/3 complex binding	occurs_in(CL:0000023)
GO:0005515	protein binding	occurs_in(CL:0000023)
GO:0016458	gene silencing	occurs_in(CL:0000023)
GO:0051311	meiotic metaphase plate congression	occurs_in(CL:0000023)
GO:0016482	cytosolic transport	occurs_in(CL:0000023)
GO:0051321	meiotic cell cycle	occurs_in(CL:0000023)
GO:0007066	female meiosis sister chromatid cohesion	occurs_in(CL:0000023)
GO:0051307	meiotic chromosome separation	occurs_in(CL:0000023)
GO:0005102	receptor binding	occurs_in(CL:0000023)
GO:0048815	hermaphrodite genitalia morphogenesis	occurs_in(CL:0000023)
GO:0051647	nucleus localization	occurs_in(CL:0000023)
GO:0042771	intrinsic apoptotic signaling pathway in response to DNA damage by p53 class mediator	occurs_in(CL:0000023)
GO:0007144	female meiosis I	occurs_in(CL:0000023)
GO:0007143	female meiotic division	occurs_in(CL:0000023)
GO:0007056	spindle assembly involved in female meiosis	occurs_in(CL:0000023)
GO:0051383	kinetochore organization	occurs_in(CL:0000023)
GO:0004668	protein-arginine deiminase activity	occurs_in(CL:0000023)
GO:0018101	protein citrullination	occurs_in(CL:0000023)
GO:0051598	meiotic recombination checkpoint	occurs_in(CL:0000023)
GO:0010751	negative regulation of nitric oxide mediated signal transduction	occurs_in(CL:0000023)
GO:0030036	actin cytoskeleton organization	occurs_in(CL:0000023)
GO:0051026	chiasma assembly	occurs_in(CL:0000023)
GO:0000212	meiotic spindle organization	occurs_in(CL:0000023)
GO:0007057	spindle assembly involved in female meiosis I	occurs_in(CL:0000023)
GO:0043046	DNA methylation involved in gamete generation	occurs_in(CL:0000023)
GO:0045143	homologous chromosome segregation	occurs_in(CL:0000023)
GO:2001171	positive regulation of ATP biosynthetic process	occurs_in(CL:0000023)
GO:0080182	histone H3-K4 trimethylation	occurs_in(CL:0000023)
GO:0003684	damaged DNA binding	occurs_in(CL:0000023)
GO:0033206	meiotic cytokinesis	occurs_in(CL:0000023)
GO:0007130	synaptonemal complex assembly	occurs_in(CL:0000023)
GO:0007129	synapsis	occurs_in(CL:0000023)
GO:0097211	cellular response to gonadotropin-releasing hormone	occurs_in(CL:0000023)
GO:0006302	double-strand break repair	occurs_in(CL:0000023)
GO:0016050	vesicle organization	occurs_in(CL:0000023)
GO:0010032	meiotic chromosome condensation	occurs_in(CL:0000023)
GO:0045132	meiotic chromosome segregation	occurs_in(CL:0000023)
GO:0007028	cytoplasm organization	occurs_in(CL:0000023)
GO:0061675	RBL family protein binding	occurs_in(CL:0000023)
GO:0051276	chromosome organization	occurs_in(CL:0000023)
GO:0034605	cellular response to heat	occurs_in(CL:0000025)
GO:0030866	cortical actin cytoskeleton organization	occurs_in(CL:0000025)
GO:0051276	chromosome organization	occurs_in(CL:0000026)
GO:0007265	Ras protein signal transduction	occurs_in(CL:0000029)
GO:0007265	Ras protein signal transduction	occurs_in(CL:0000029)
GO:0007265	Ras protein signal transduction	occurs_in(CL:0000029)
GO:0005515	protein binding	occurs_in(CL:0000030)
GO:0072089	stem cell proliferation	occurs_in(CL:0000031
GO:0071158	positive regulation of cell cycle arrest	occurs_in(CL:0000031
GO:0017145	stem cell division	occurs_in(CL:0000031
GO:0048863	stem cell differentiation	occurs_in(CL:0000031
GO:0045175	basal protein localization	occurs_in(CL:0000031
GO:1903263	positive regulation of serine phosphorylation of STAT3 protein	occurs_in(CL:0000031)
GO:0045503	dynein light chain binding	occurs_in(CL:0000031)
GO:0070491	repressing transcription factor binding	occurs_in(CL:0000031)
GO:0048260	positive regulation of receptor-mediated endocytosis	occurs_in(CL:0000031)
GO:0005515	protein binding	occurs_in(CL:0000031)
GO:0071896	protein localization to adherens junction	occurs_in(CL:0000032
GO:0061561	trigeminal ganglion formation	occurs_in(CL:0000032
GO:2001266	Roundabout signaling pathway involved in axon guidance	occurs_in(CL:0000032
GO:0061563	trigeminal ganglion structural organization	occurs_in(CL:0000032
GO:0051281	positive regulation of release of sequestered calcium ion into cytosol	occurs_in(CL:0000034)
GO:0071364	cellular response to epidermal growth factor stimulus	occurs_in(CL:0000034)
GO:0007173	epidermal growth factor receptor signaling pathway	occurs_in(CL:0000034)
GO:0032526	response to retinoic acid	occurs_in(CL:0000034)
GO:0032526	response to retinoic acid	occurs_in(CL:0000034)
GO:0045930	negative regulation of mitotic cell cycle	occurs_in(CL:0000037
GO:0070585	protein localization to mitochondrion	occurs_in(CL:0000037
GO:0007265	Ras protein signal transduction	occurs_in(CL:0000037)
GO:0007091	metaphase/anaphase transition of mitotic cell cycle	occurs_in(CL:0000037)
GO:0008083	growth factor activity	occurs_in(CL:0000037)
GO:0071478	cellular response to radiation	occurs_in(CL:0000037)
GO:0090152	establishment of protein localization to mitochondrial membrane involved in mitochondrial fission	occurs_in(CL:0000037)
GO:0042273	ribosomal large subunit biogenesis	occurs_in(CL:0000037)
GO:1902231	positive regulation of intrinsic apoptotic signaling pathway in response to DNA damage	occurs_in(CL:0000037)
GO:0043280	positive regulation of cysteine-type endopeptidase activity involved in apoptotic process	occurs_in(CL:0000037)
GO:0005164	tumor necrosis factor receptor binding	occurs_in(CL:0000037)
GO:0006089	lactate metabolic process	occurs_in(CL:0000037)
GO:0042775	mitochondrial ATP synthesis coupled electron transport	occurs_in(CL:0000037)
GO:0050779	RNA destabilization	occurs_in(CL:0000037)
GO:0007091	metaphase/anaphase transition of mitotic cell cycle	occurs_in(CL:0000037)
GO:0045820	negative regulation of glycolytic process	occurs_in(CL:0000037)
GO:0005179	hormone activity	occurs_in(CL:0000037)
GO:0005125	cytokine activity	occurs_in(CL:0000037)
GO:0010917	negative regulation of mitochondrial membrane potential	occurs_in(CL:0000037)
GO:0000462	maturation of SSU-rRNA from tricistronic rRNA transcript (SSU-rRNA, 5.8S rRNA, LSU-rRNA)	occurs_in(CL:0000037)
GO:0000122	negative regulation of transcription from RNA polymerase II promoter	occurs_in(CL:0000038
GO:0000122	negative regulation of transcription from RNA polymerase II promoter	occurs_in(CL:0000038
GO:0006974	cellular response to DNA damage stimulus	occurs_in(CL:0000038)
GO:0019887	protein kinase regulator activity	occurs_in(CL:0000038)
GO:0016458	gene silencing	occurs_in(CL:0000038)
GO:0005515	protein binding	occurs_in(CL:0000047
GO:0034599	cellular response to oxidative stress	occurs_in(CL:0000047
GO:0006611	protein export from nucleus	occurs_in(CL:0000047
GO:1904798	positive regulation of core promoter binding	occurs_in(CL:0000047
GO:1902254	negative regulation of intrinsic apoptotic signaling pathway by p53 class mediator	occurs_in(CL:0000047
GO:0003682	chromatin binding	occurs_in(CL:0000047
GO:0003682	chromatin binding	occurs_in(CL:0000047
GO:0003682	chromatin binding	occurs_in(CL:0000047
GO:0022008	neurogenesis	occurs_in(CL:0000047
GO:0051298	centrosome duplication	occurs_in(CL:0000047
GO:0005515	protein binding	occurs_in(CL:0000047)
GO:0003682	chromatin binding	occurs_in(CL:0000047)
GO:0003682	chromatin binding	occurs_in(CL:0000047)
GO:0003682	chromatin binding	occurs_in(CL:0000047)
GO:0001076	transcription factor activity, RNA polymerase II transcription factor binding	occurs_in(CL:0000047)
GO:0034504	protein localization to nucleus	occurs_in(CL:0000047)
GO:0000132	establishment of mitotic spindle orientation	occurs_in(CL:0000047)
GO:0022008	neurogenesis	occurs_in(CL:0000047)
GO:0007030	Golgi organization	occurs_in(CL:0000048)
GO:0010468	regulation of gene expression	occurs_in(CL:0000049
GO:0032526	response to retinoic acid	occurs_in(CL:0000049)
GO:0006974	cellular response to DNA damage stimulus	occurs_in(CL:0000052)
GO:0072659	protein localization to plasma membrane	occurs_in(CL:0000056
GO:0046326	positive regulation of glucose import	occurs_in(CL:0000056
GO:0003682	chromatin binding	occurs_in(CL:0000056
GO:2000045	regulation of G1/S transition of mitotic cell cycle	occurs_in(CL:0000056
GO:1902253	regulation of intrinsic apoptotic signaling pathway by p53 class mediator	occurs_in(CL:0000056
GO:0003682	chromatin binding	occurs_in(CL:0000056
GO:0001228	transcriptional activator activity, RNA polymerase II transcription regulatory region sequence-specific binding	occurs_in(CL:0000056
GO:0034612	response to tumor necrosis factor	occurs_in(CL:0000056
GO:0001077	transcriptional activator activity, RNA polymerase II core promoter proximal region sequence-specific binding	occurs_in(CL:0000056
GO:0010832	negative regulation of myotube differentiation	occurs_in(CL:0000056
GO:0010389	regulation of G2/M transition of mitotic cell cycle	occurs_in(CL:0000056
GO:0003682	chromatin binding	occurs_in(CL:0000056
GO:0010623	programmed cell death involved in cell development	occurs_in(CL:0000056)
GO:0006915	apoptotic process	occurs_in(CL:0000056)
GO:0003682	chromatin binding	occurs_in(CL:0000056)
GO:0045663	positive regulation of myoblast differentiation	occurs_in(CL:0000056)
GO:0010832	negative regulation of myotube differentiation	occurs_in(CL:0000056)
GO:0007160	cell-matrix adhesion	occurs_in(CL:0000056)
GO:0007160	cell-matrix adhesion	occurs_in(CL:0000056)
GO:0038065	collagen-activated signaling pathway	occurs_in(CL:0000056)
GO:0038065	collagen-activated signaling pathway	occurs_in(CL:0000056)
GO:2001014	regulation of skeletal muscle cell differentiation	occurs_in(CL:0000056)
GO:1902253	regulation of intrinsic apoptotic signaling pathway by p53 class mediator	occurs_in(CL:0000056)
GO:0043066	negative regulation of apoptotic process	occurs_in(CL:0000056)
GO:0046326	positive regulation of glucose import	occurs_in(CL:0000056)
GO:0035556	intracellular signal transduction	occurs_in(CL:0000056)
GO:0071548	response to dexamethasone	occurs_in(CL:0000056)
GO:0006929	substrate-dependent cell migration	occurs_in(CL:0000056)
GO:0035278	miRNA mediated inhibition of translation	occurs_in(CL:0000056)
GO:0035278	miRNA mediated inhibition of translation	occurs_in(CL:0000056)
GO:0035278	miRNA mediated inhibition of translation	occurs_in(CL:0000056)
GO:0005515	protein binding	occurs_in(CL:0000056)
GO:0014835	myoblast differentiation involved in skeletal muscle regeneration	occurs_in(CL:0000056)
GO:0098737	protein insertion into plasma membrane	occurs_in(CL:0000056)
GO:1903231	mRNA binding involved in posttranscriptional gene silencing	occurs_in(CL:0000056)
GO:1903231	mRNA binding involved in posttranscriptional gene silencing	occurs_in(CL:0000056)
GO:1903231	mRNA binding involved in posttranscriptional gene silencing	occurs_in(CL:0000056)
GO:2001256	regulation of store-operated calcium entry	occurs_in(CL:0000056)
GO:0038064	collagen receptor activity	occurs_in(CL:0000056)
GO:0038064	collagen receptor activity	occurs_in(CL:0000056)
GO:0007179	transforming growth factor beta receptor signaling pathway	occurs_in(CL:0000056)
GO:0010870	positive regulation of receptor biosynthetic process	occurs_in(CL:0000056)
GO:0000302	response to reactive oxygen species	occurs_in(CL:0000056)
GO:0007097	nuclear migration	occurs_in(CL:0000056)
GO:0033627	cell adhesion mediated by integrin	occurs_in(CL:0000056)
GO:0033627	cell adhesion mediated by integrin	occurs_in(CL:0000056)
GO:0030336	negative regulation of cell migration	occurs_in(CL:0000056)
GO:0044331	cell-cell adhesion mediated by cadherin	occurs_in(CL:0000056)
GO:0098743	cell aggregation	occurs_in(CL:0000056)
GO:0032868	response to insulin	occurs_in(CL:0000056)
GO:0005518	collagen binding	occurs_in(CL:0000056)
GO:0005518	collagen binding	occurs_in(CL:0000056)
GO:0061630	ubiquitin protein ligase activity	occurs_in(CL:0000057
GO:0006338	chromatin remodeling	occurs_in(CL:0000057
GO:0004175	endopeptidase activity	occurs_in(CL:0000057
GO:1902857	positive regulation of non-motile cilium assembly	occurs_in(CL:0000057
GO:0045184	establishment of protein localization	occurs_in(CL:0000057
GO:0003677	DNA binding	occurs_in(CL:0000057
GO:0006509	membrane protein ectodomain proteolysis	occurs_in(CL:0000057
GO:0031668	cellular response to extracellular stimulus	occurs_in(CL:0000057
GO:0006611	protein export from nucleus	occurs_in(CL:0000057
GO:0090141	positive regulation of mitochondrial fission	occurs_in(CL:0000057
GO:1904491	protein localization to ciliary transition zone	occurs_in(CL:0000057
GO:1904491	protein localization to ciliary transition zone	occurs_in(CL:0000057
GO:0004671	protein C-terminal S-isoprenylcysteine carboxyl O-methyltransferase activity	occurs_in(CL:0000057
GO:0006461	protein complex assembly	occurs_in(CL:0000057
GO:0006509	membrane protein ectodomain proteolysis	occurs_in(CL:0000057
GO:0006509	membrane protein ectodomain proteolysis	occurs_in(CL:0000057
GO:0030163	protein catabolic process	occurs_in(CL:0000057
GO:0034067	protein localization to Golgi apparatus	occurs_in(CL:0000057
GO:0045184	establishment of protein localization	occurs_in(CL:0000057
GO:0004674	protein serine/threonine kinase activity	occurs_in(CL:0000057
GO:0010468	regulation of gene expression	occurs_in(CL:0000057
GO:1903828	negative regulation of cellular protein localization	occurs_in(CL:0000057
GO:0045184	establishment of protein localization	occurs_in(CL:0000057
GO:0072583	clathrin-dependent endocytosis	occurs_in(CL:0000057
GO:0003985	acetyl-CoA C-acetyltransferase activity	occurs_in(CL:0000057
GO:0003985	acetyl-CoA C-acetyltransferase activity	occurs_in(CL:0000057
GO:0000122	negative regulation of transcription from RNA polymerase II promoter	occurs_in(CL:0000057
GO:0009306	protein secretion	occurs_in(CL:0000057
GO:0045184	establishment of protein localization	occurs_in(CL:0000057
GO:0051220	cytoplasmic sequestering of protein	occurs_in(CL:0000057
GO:0006468	protein phosphorylation	occurs_in(CL:0000057
GO:0004311	farnesyltranstransferase activity	occurs_in(CL:0000057
GO:0000122	negative regulation of transcription from RNA polymerase II promoter	occurs_in(CL:0000057
GO:0000122	negative regulation of transcription from RNA polymerase II promoter	occurs_in(CL:0000057
GO:0000122	negative regulation of transcription from RNA polymerase II promoter	occurs_in(CL:0000057
GO:0000122	negative regulation of transcription from RNA polymerase II promoter	occurs_in(CL:0000057
GO:0000122	negative regulation of transcription from RNA polymerase II promoter	occurs_in(CL:0000057
GO:0000122	negative regulation of transcription from RNA polymerase II promoter	occurs_in(CL:0000057
GO:0000122	negative regulation of transcription from RNA polymerase II promoter	occurs_in(CL:0000057
GO:0000122	negative regulation of transcription from RNA polymerase II promoter	occurs_in(CL:0000057
GO:0006511	ubiquitin-dependent protein catabolic process	occurs_in(CL:0000057
GO:0006511	ubiquitin-dependent protein catabolic process	occurs_in(CL:0000057
GO:0006511	ubiquitin-dependent protein catabolic process	occurs_in(CL:0000057
GO:0045184	establishment of protein localization	occurs_in(CL:0000057
GO:0045184	establishment of protein localization	occurs_in(CL:0000057
GO:0018107	peptidyl-threonine phosphorylation	occurs_in(CL:0000057
GO:0006479	protein methylation	occurs_in(CL:0000057
GO:0003985	acetyl-CoA C-acetyltransferase activity	occurs_in(CL:0000057
GO:0006479	protein methylation	occurs_in(CL:0000057
GO:0006479	protein methylation	occurs_in(CL:0000057
GO:0006509	membrane protein ectodomain proteolysis	occurs_in(CL:0000057
GO:0006509	membrane protein ectodomain proteolysis	occurs_in(CL:0000057
GO:0006509	membrane protein ectodomain proteolysis	occurs_in(CL:0000057
GO:0006509	membrane protein ectodomain proteolysis	occurs_in(CL:0000057
GO:0016579	protein deubiquitination	occurs_in(CL:0000057
GO:0004672	protein kinase activity	occurs_in(CL:0000057
GO:0000981	RNA polymerase II transcription factor activity, sequence-specific DNA binding	occurs_in(CL:0000057
GO:0046909	intermembrane transport	occurs_in(CL:0000057)
GO:0031571	mitotic G1 DNA damage checkpoint	occurs_in(CL:0000057)
GO:0032469	endoplasmic reticulum calcium ion homeostasis	occurs_in(CL:0000057)
GO:0003677	DNA binding	occurs_in(CL:0000057)
GO:0007052	mitotic spindle organization	occurs_in(CL:0000057)
GO:0000226	microtubule cytoskeleton organization	occurs_in(CL:0000057)
GO:0042803	protein homodimerization activity	occurs_in(CL:0000057)
GO:0010468	regulation of gene expression	occurs_in(CL:0000057)
GO:0071294	cellular response to zinc ion	occurs_in(CL:0000057)
GO:0035721	intraciliary retrograde transport	occurs_in(CL:0000057)
GO:0048009	insulin-like growth factor receptor signaling pathway	occurs_in(CL:0000057)
GO:0031573	intra-S DNA damage checkpoint	occurs_in(CL:0000057)
GO:0009404	toxin metabolic process	occurs_in(CL:0000057)
GO:0006878	cellular copper ion homeostasis	occurs_in(CL:0000057)
GO:1901026	ripoptosome assembly involved in necroptotic process	occurs_in(CL:0000057)
GO:0030970	retrograde protein transport, ER to cytosol	occurs_in(CL:0000057)
GO:0016175	superoxide-generating NADPH oxidase activity	occurs_in(CL:0000057)
GO:0071786	endoplasmic reticulum tubular network organization	occurs_in(CL:0000057)
GO:0070059	intrinsic apoptotic signaling pathway in response to endoplasmic reticulum stress	occurs_in(CL:0000057)
GO:0000226	microtubule cytoskeleton organization	occurs_in(CL:0000057)
GO:0007040	lysosome organization	occurs_in(CL:0000057)
GO:0043123	positive regulation of I-kappaB kinase/NF-kappaB signaling	occurs_in(CL:0000057)
GO:0006730	one-carbon metabolic process	occurs_in(CL:0000057)
GO:0035999	tetrahydrofolate interconversion	occurs_in(CL:0000057)
GO:0008283	cell proliferation	occurs_in(CL:0000057)
GO:0034605	cellular response to heat	occurs_in(CL:0000057)
GO:0072593	reactive oxygen species metabolic process	occurs_in(CL:0000057)
GO:0000281	mitotic cytokinesis	occurs_in(CL:0000057)
GO:0006289	nucleotide-excision repair	occurs_in(CL:0000057)
GO:0007623	circadian rhythm	occurs_in(CL:0000057)
GO:0008589	regulation of smoothened signaling pathway	occurs_in(CL:0000057)
GO:0007050	cell cycle arrest	occurs_in(CL:0000057)
GO:0097527	necroptotic signaling pathway	occurs_in(CL:0000057)
GO:0006878	cellular copper ion homeostasis	occurs_in(CL:0000057)
GO:0060271	cilium assembly	occurs_in(CL:0000057)
GO:0004672	protein kinase activity	occurs_in(CL:0000057)
GO:0045322	unmethylated CpG binding	occurs_in(CL:0000057)
GO:0047496	vesicle transport along microtubule	occurs_in(CL:0000057)
GO:0007100	mitotic centrosome separation	occurs_in(CL:0000057)
GO:0090230	regulation of centromere complex assembly	occurs_in(CL:0000057)
GO:0006930	substrate-dependent cell migration, cell extension	occurs_in(CL:0000057)
GO:0045880	positive regulation of smoothened signaling pathway	occurs_in(CL:0000057)
GO:0071802	negative regulation of podosome assembly	occurs_in(CL:0000057)
GO:0007252	I-kappaB phosphorylation	occurs_in(CL:0000057)
GO:0002755	MyD88-dependent toll-like receptor signaling pathway	occurs_in(CL:0000057)
GO:0006266	DNA ligation	occurs_in(CL:0000057)
GO:0001736	establishment of planar polarity	occurs_in(CL:0000057)
GO:0000266	mitochondrial fission	occurs_in(CL:0000057)
GO:0006550	isoleucine catabolic process	occurs_in(CL:0000057)
GO:0004489	methylenetetrahydrofolate reductase (NAD(P)H) activity	occurs_in(CL:0000057)
GO:0016558	protein import into peroxisome matrix	occurs_in(CL:0000057)
GO:0004674	protein serine/threonine kinase activity	occurs_in(CL:0000057)
GO:0001817	regulation of cytokine production	occurs_in(CL:0000057)
GO:0006361	transcription initiation from RNA polymerase I promoter	occurs_in(CL:0000057)
GO:0042254	ribosome biogenesis	occurs_in(CL:0000057)
GO:0031848	protection from non-homologous end joining at telomere	occurs_in(CL:0000057)
GO:0051726	regulation of cell cycle	occurs_in(CL:0000057)
GO:0001302	replicative cell aging	occurs_in(CL:0000057)
GO:0006874	cellular calcium ion homeostasis	occurs_in(CL:0000057)
GO:0030330	DNA damage response, signal transduction by p53 class mediator	occurs_in(CL:0000057)
GO:0034644	cellular response to UV	occurs_in(CL:0000057)
GO:0004720	protein-lysine 6-oxidase activity	occurs_in(CL:0000057)
GO:0010826	negative regulation of centrosome duplication	occurs_in(CL:0000057)
GO:0007010	cytoskeleton organization	occurs_in(CL:0000057)
GO:0007015	actin filament organization	occurs_in(CL:0000057)
GO:0004930	G-protein coupled receptor activity	occurs_in(CL:0000057)
GO:0071345	cellular response to cytokine stimulus	occurs_in(CL:0000057)
GO:0071480	cellular response to gamma radiation	occurs_in(CL:0000057)
GO:0006725	cellular aromatic compound metabolic process	occurs_in(CL:0000057)
GO:0097352	autophagosome maturation	occurs_in(CL:0000057)
GO:0031069	hair follicle morphogenesis	occurs_in(CL:0000057)
GO:0033260	nuclear DNA replication	occurs_in(CL:0000057)
GO:0046488	phosphatidylinositol metabolic process	occurs_in(CL:0000057)
GO:0007100	mitotic centrosome separation	occurs_in(CL:0000057)
GO:0010628	positive regulation of gene expression	occurs_in(CL:0000057)
GO:0010628	positive regulation of gene expression	occurs_in(CL:0000057)
GO:0045333	cellular respiration	occurs_in(CL:0000057)
GO:0007028	cytoplasm organization	occurs_in(CL:0000057)
GO:0006915	apoptotic process	occurs_in(CL:0000057)
GO:1902170	cellular response to reactive nitrogen species	occurs_in(CL:0000057)
GO:0000122	negative regulation of transcription from RNA polymerase II promoter	occurs_in(CL:0000057)
GO:0072332	intrinsic apoptotic signaling pathway by p53 class mediator	occurs_in(CL:0000057)
GO:0051276	chromosome organization	occurs_in(CL:0000057)
GO:0006302	double-strand break repair	occurs_in(CL:0000057)
GO:0035556	intracellular signal transduction	occurs_in(CL:0000057)
GO:0032496	response to lipopolysaccharide	occurs_in(CL:0000057)
GO:0004720	protein-lysine 6-oxidase activity	occurs_in(CL:0000057)
GO:0034644	cellular response to UV	occurs_in(CL:0000057)
GO:0034644	cellular response to UV	occurs_in(CL:0000057)
GO:0071732	cellular response to nitric oxide	occurs_in(CL:0000057)
GO:0007220	Notch receptor processing	occurs_in(CL:0000057)
GO:0034205	beta-amyloid formation	occurs_in(CL:0000057)
GO:0000086	G2/M transition of mitotic cell cycle	occurs_in(CL:0000057)
GO:1902857	positive regulation of non-motile cilium assembly	occurs_in(CL:0000057)
GO:0008637	apoptotic mitochondrial changes	occurs_in(CL:0000057)
GO:0097194	execution phase of apoptosis	occurs_in(CL:0000057)
GO:0004674	protein serine/threonine kinase activity	occurs_in(CL:0000057)
GO:1905515	non-motile cilium assembly	occurs_in(CL:0000057)
GO:0014065	phosphatidylinositol 3-kinase signaling	occurs_in(CL:0000057)
GO:0007179	transforming growth factor beta receptor signaling pathway	occurs_in(CL:0000057)
GO:0005375	copper ion transmembrane transporter activity	occurs_in(CL:0000057)
GO:0006878	cellular copper ion homeostasis	occurs_in(CL:0000057)
GO:0042554	superoxide anion generation	occurs_in(CL:0000057)
GO:0016055	Wnt signaling pathway	occurs_in(CL:0000057)
GO:0071550	death-inducing signaling complex assembly	occurs_in(CL:0000057)
GO:0016560	protein import into peroxisome matrix, docking	occurs_in(CL:0000057)
GO:0007165	signal transduction	occurs_in(CL:0000057)
GO:1903298	negative regulation of hypoxia-induced intrinsic apoptotic signaling pathway	occurs_in(CL:0000057)
GO:0051393	alpha-actinin binding	occurs_in(CL:0000057)
GO:0000052	citrulline metabolic process	occurs_in(CL:0000057)
GO:0032680	regulation of tumor necrosis factor production	occurs_in(CL:0000057)
GO:0035195	gene silencing by miRNA	occurs_in(CL:0000057)
GO:0008637	apoptotic mitochondrial changes	occurs_in(CL:0000057)
GO:0008637	apoptotic mitochondrial changes	occurs_in(CL:0000057)
GO:0097300	programmed necrotic cell death	occurs_in(CL:0000057)
GO:0008233	peptidase activity	occurs_in(CL:0000057)
GO:0034097	response to cytokine	occurs_in(CL:0000057)
GO:0042771	intrinsic apoptotic signaling pathway in response to DNA damage by p53 class mediator	occurs_in(CL:0000057)
GO:0097191	extrinsic apoptotic signaling pathway	occurs_in(CL:0000057)
GO:0004622	lysophospholipase activity	occurs_in(CL:0000057)
GO:0071363	cellular response to growth factor stimulus	occurs_in(CL:0000057)
GO:0030036	actin cytoskeleton organization	occurs_in(CL:0000057)
GO:0031668	cellular response to extracellular stimulus	occurs_in(CL:0000057)
GO:0007005	mitochondrion organization	occurs_in(CL:0000057)
GO:0008053	mitochondrial fusion	occurs_in(CL:0000057)
GO:0048478	replication fork protection	occurs_in(CL:0000057)
GO:0010332	response to gamma radiation	occurs_in(CL:0000057)
GO:0051297	centrosome organization	occurs_in(CL:0000057)
GO:0007040	lysosome organization	occurs_in(CL:0000057)
GO:0006997	nucleus organization	occurs_in(CL:0000057)
GO:0008543	fibroblast growth factor receptor signaling pathway	occurs_in(CL:0000057)
GO:0070266	necroptotic process	occurs_in(CL:0000057)
GO:0007050	cell cycle arrest	occurs_in(CL:0000057)
GO:0060003	copper ion export	occurs_in(CL:0000057)
GO:0035870	dITP diphosphatase activity	occurs_in(CL:0000057)
GO:0002756	MyD88-independent toll-like receptor signaling pathway	occurs_in(CL:0000057)
GO:0004523	RNA-DNA hybrid ribonuclease activity	occurs_in(CL:0000057)
GO:0035082	axoneme assembly	occurs_in(CL:0000057)
GO:0035082	axoneme assembly	occurs_in(CL:0000057)
GO:0006695	cholesterol biosynthetic process	occurs_in(CL:0000057)
GO:0007033	vacuole organization	occurs_in(CL:0000057)
GO:0016197	endosomal transport	occurs_in(CL:0000057)
GO:0000045	autophagosome assembly	occurs_in(CL:0000057)
GO:0006193	ITP catabolic process	occurs_in(CL:0000057)
GO:0071763	nuclear membrane organization	occurs_in(CL:0000057)
GO:0006659	phosphatidylserine biosynthetic process	occurs_in(CL:0000057)
GO:0046488	phosphatidylinositol metabolic process	occurs_in(CL:0000057)
GO:0045879	negative regulation of smoothened signaling pathway	occurs_in(CL:0000057)
GO:0051092	positive regulation of NF-kappaB transcription factor activity	occurs_in(CL:0000057)
GO:0031532	actin cytoskeleton reorganization	occurs_in(CL:0000057)
GO:0051496	positive regulation of stress fiber assembly	occurs_in(CL:0000057)
GO:0050431	transforming growth factor beta binding	occurs_in(CL:0000057)
GO:0034145	positive regulation of toll-like receptor 4 signaling pathway	occurs_in(CL:0000057)
GO:0010823	negative regulation of mitochondrion organization	occurs_in(CL:0000057)
GO:0007000	nucleolus organization	occurs_in(CL:0000057)
GO:0034976	response to endoplasmic reticulum stress	occurs_in(CL:0000057)
GO:0016925	protein sumoylation	occurs_in(CL:0000057)
GO:0001105	RNA polymerase II transcription coactivator activity	occurs_in(CL:0000057)
GO:0004197	cysteine-type endopeptidase activity	occurs_in(CL:0000057)
GO:0005125	cytokine activity	occurs_in(CL:0000057)
GO:0008630	intrinsic apoptotic signaling pathway in response to DNA damage	occurs_in(CL:0000057)
GO:0033151	V(D)J recombination	occurs_in(CL:0000057)
GO:0006689	ganglioside catabolic process	occurs_in(CL:0000057)
GO:0051531	NFAT protein import into nucleus	occurs_in(CL:0000057)
GO:0007098	centrosome cycle	occurs_in(CL:0000057)
GO:0007095	mitotic G2 DNA damage checkpoint	occurs_in(CL:0000057)
GO:0030036	actin cytoskeleton organization	occurs_in(CL:0000057)
GO:0004674	protein serine/threonine kinase activity	occurs_in(CL:0000057)
GO:0060830	ciliary receptor clustering involved in smoothened signaling pathway	occurs_in(CL:0000057)
GO:0034446	substrate adhesion-dependent cell spreading	occurs_in(CL:0000057)
GO:0045087	innate immune response	occurs_in(CL:0000057)
GO:0016532	superoxide dismutase copper chaperone activity	occurs_in(CL:0000057)
GO:0032496	response to lipopolysaccharide	occurs_in(CL:0000057)
GO:0007163	establishment or maintenance of cell polarity	occurs_in(CL:0000057)
GO:0008543	fibroblast growth factor receptor signaling pathway	occurs_in(CL:0000057)
GO:0007258	JUN phosphorylation	occurs_in(CL:0000057)
GO:0045104	intermediate filament cytoskeleton organization	occurs_in(CL:0000057)
GO:0032383	regulation of intracellular cholesterol transport	occurs_in(CL:0000057)
GO:0007029	endoplasmic reticulum organization	occurs_in(CL:0000057)
GO:0071763	nuclear membrane organization	occurs_in(CL:0000057)
GO:0033173	calcineurin-NFAT signaling cascade	occurs_in(CL:0000057)
GO:0003882	CDP-diacylglycerol-serine O-phosphatidyltransferase activity	occurs_in(CL:0000057)
GO:0015879	carnitine transport	occurs_in(CL:0000057)
GO:0007094	mitotic spindle assembly checkpoint	occurs_in(CL:0000057)
GO:0043539	protein serine/threonine kinase activator activity	occurs_in(CL:0000057)
GO:0004055	argininosuccinate synthase activity	occurs_in(CL:0000057)
GO:0006531	aspartate metabolic process	occurs_in(CL:0000057)
GO:0035195	gene silencing by miRNA	occurs_in(CL:0000057)
GO:0006974	cellular response to DNA damage stimulus	occurs_in(CL:0000057)
GO:0016567	protein ubiquitination	occurs_in(CL:0000057)
GO:0005515	protein binding	occurs_in(CL:0000057)
GO:0070059	intrinsic apoptotic signaling pathway in response to endoplasmic reticulum stress	occurs_in(CL:0000057)
GO:0004784	superoxide dismutase activity	occurs_in(CL:0000057)
GO:0007249	I-kappaB kinase/NF-kappaB signaling	occurs_in(CL:0000057)
GO:0006977	DNA damage response, signal transduction by p53 class mediator resulting in cell cycle arrest	occurs_in(CL:0000057)
GO:0008083	growth factor activity	occurs_in(CL:0000057)
GO:0036297	interstrand cross-link repair	occurs_in(CL:0000057)
GO:0003994	aconitate hydratase activity	occurs_in(CL:0000057)
GO:0006303	double-strand break repair via nonhomologous end joining	occurs_in(CL:0000057)
GO:0008637	apoptotic mitochondrial changes	occurs_in(CL:0000057)
GO:0043330	response to exogenous dsRNA	occurs_in(CL:0000057)
GO:0060828	regulation of canonical Wnt signaling pathway	occurs_in(CL:0000057)
GO:0050918	positive chemotaxis	occurs_in(CL:0000057)
GO:1905515	non-motile cilium assembly	occurs_in(CL:0000057)
GO:0051542	elastin biosynthetic process	occurs_in(CL:0000057)
GO:0034389	lipid particle organization	occurs_in(CL:0000057)
GO:0042407	cristae formation	occurs_in(CL:0000057)
GO:0071763	nuclear membrane organization	occurs_in(CL:0000057)
GO:0008022	protein C-terminus binding	occurs_in(CL:0000057)
GO:0007229	integrin-mediated signaling pathway	occurs_in(CL:0000057)
GO:0006281	DNA repair	occurs_in(CL:0000057)
GO:0042770	signal transduction in response to DNA damage	occurs_in(CL:0000057)
GO:0000165	MAPK cascade	occurs_in(CL:0000057)
GO:0006983	ER overload response	occurs_in(CL:0000057)
GO:0036250	peroxisome transport along microtubule	occurs_in(CL:0000057)
GO:0071902	positive regulation of protein serine/threonine kinase activity	occurs_in(CL:0000057)
GO:0045597	positive regulation of cell differentiation	occurs_in(CL:0000057)
GO:0046330	positive regulation of JNK cascade	occurs_in(CL:0000057)
GO:0070374	positive regulation of ERK1 and ERK2 cascade	occurs_in(CL:0000057)
GO:0071636	positive regulation of transforming growth factor beta production	occurs_in(CL:0000057)
GO:0009070	serine family amino acid biosynthetic process	occurs_in(CL:0000057)
GO:0009086	methionine biosynthetic process	occurs_in(CL:0000057)
GO:0007189	adenylate cyclase-activating G-protein coupled receptor signaling pathway	occurs_in(CL:0000057)
GO:0035335	peptidyl-tyrosine dephosphorylation	occurs_in(CL:0000057)
GO:0080019	fatty-acyl-CoA reductase (alcohol-forming) activity	occurs_in(CL:0000057)
GO:0000053	argininosuccinate metabolic process	occurs_in(CL:0000057)
GO:0090298	negative regulation of mitochondrial DNA replication	occurs_in(CL:0000057)
GO:0007059	chromosome segregation	occurs_in(CL:0000057)
GO:0097192	extrinsic apoptotic signaling pathway in absence of ligand	occurs_in(CL:0000057)
GO:0032183	SUMO binding	occurs_in(CL:0000057)
GO:0060070	canonical Wnt signaling pathway	occurs_in(CL:0000057)
GO:0007254	JNK cascade	occurs_in(CL:0000057)
GO:0004623	phospholipase A2 activity	occurs_in(CL:0000057)
GO:0003729	mRNA binding	occurs_in(CL:0000057)
GO:0031663	lipopolysaccharide-mediated signaling pathway	occurs_in(CL:0000057)
GO:0030350	iron-responsive element binding	occurs_in(CL:0000057)
GO:0043491	protein kinase B signaling	occurs_in(CL:0000057)
GO:0006281	DNA repair	occurs_in(CL:0000057)
GO:0046456	icosanoid biosynthetic process	occurs_in(CL:0000057)
GO:0050482	arachidonic acid secretion	occurs_in(CL:0000057)
GO:0000165	MAPK cascade	occurs_in(CL:0000057)
GO:0060271	cilium assembly	occurs_in(CL:0000057)
GO:0047498	calcium-dependent phospholipase A2 activity	occurs_in(CL:0000057)
GO:0007224	smoothened signaling pathway	occurs_in(CL:0000057)
GO:0007189	adenylate cyclase-activating G-protein coupled receptor signaling pathway	occurs_in(CL:0000057)
GO:0006701	progesterone biosynthetic process	occurs_in(CL:0000057)
GO:0071447	cellular response to hydroperoxide	occurs_in(CL:0000057)
GO:0006914	autophagy	occurs_in(CL:0000057)
GO:0051018	protein kinase A binding	occurs_in(CL:0000057)
GO:0035863	dITP catabolic process	occurs_in(CL:0000057)
GO:0032456	endocytic recycling	occurs_in(CL:0000057)
GO:1905515	non-motile cilium assembly	occurs_in(CL:0000057)
GO:0060271	cilium assembly	occurs_in(CL:0000057)
GO:0035196	production of miRNAs involved in gene silencing by miRNA	occurs_in(CL:0000057)
GO:0071461	cellular response to redox state	occurs_in(CL:0000057)
GO:0001561	fatty acid alpha-oxidation	occurs_in(CL:0000057)
GO:0060152	microtubule-based peroxisome localization	occurs_in(CL:0000057)
GO:1905515	non-motile cilium assembly	occurs_in(CL:0000057)
GO:0071803	positive regulation of podosome assembly	occurs_in(CL:0000057)
GO:0033173	calcineurin-NFAT signaling cascade	occurs_in(CL:0000057)
GO:0046921	alpha-(1->6)-fucosyltransferase activity	occurs_in(CL:0000057)
GO:0018105	peptidyl-serine phosphorylation	occurs_in(CL:0000057)
GO:0015226	carnitine transmembrane transporter activity	occurs_in(CL:0000057)
GO:0046952	ketone body catabolic process	occurs_in(CL:0000057)
GO:0004871	signal transducer activity	occurs_in(CL:0000057)
GO:0008111	alpha-methylacyl-CoA racemase activity	occurs_in(CL:0000057)
GO:0031665	negative regulation of lipopolysaccharide-mediated signaling pathway	occurs_in(CL:0000057)
GO:0005515	protein binding	occurs_in(CL:0000059
GO:0001934	positive regulation of protein phosphorylation	occurs_in(CL:0000059
GO:0010628	positive regulation of gene expression	occurs_in(CL:0000059
GO:0043547	positive regulation of GTPase activity	occurs_in(CL:0000059
GO:0032956	regulation of actin cytoskeleton organization	occurs_in(CL:0000059
GO:0042476	odontogenesis	occurs_in(CL:0000059)
GO:0030509	BMP signaling pathway	occurs_in(CL:0000059)
GO:0032956	regulation of actin cytoskeleton organization	occurs_in(CL:0000059)
GO:0048468	cell development	occurs_in(CL:0000059)
GO:0048468	cell development	occurs_in(CL:0000059)
GO:0010628	positive regulation of gene expression	occurs_in(CL:0000059)
GO:0000122	negative regulation of transcription from RNA polymerase II promoter	occurs_in(CL:0000062
GO:0001228	transcriptional activator activity, RNA polymerase II transcription regulatory region sequence-specific binding	occurs_in(CL:0000062
GO:0003682	chromatin binding	occurs_in(CL:0000062
GO:0010629	negative regulation of gene expression	occurs_in(CL:0000062
GO:0000122	negative regulation of transcription from RNA polymerase II promoter	occurs_in(CL:0000062
GO:0000122	negative regulation of transcription from RNA polymerase II promoter	occurs_in(CL:0000062
GO:0000122	negative regulation of transcription from RNA polymerase II promoter	occurs_in(CL:0000062
GO:0090398	cellular senescence	occurs_in(CL:0000062
GO:0051897	positive regulation of protein kinase B signaling	occurs_in(CL:0000062)
GO:0035195	gene silencing by miRNA	occurs_in(CL:0000062)
GO:0035195	gene silencing by miRNA	occurs_in(CL:0000062)
GO:0007224	smoothened signaling pathway	occurs_in(CL:0000062)
GO:0005515	protein binding	occurs_in(CL:0000062)
GO:0060070	canonical Wnt signaling pathway	occurs_in(CL:0000062)
GO:0033198	response to ATP	occurs_in(CL:0000062)
GO:1902476	chloride transmembrane transport	occurs_in(CL:0000062)
GO:0035195	gene silencing by miRNA	occurs_in(CL:0000062)
GO:0007189	adenylate cyclase-activating G-protein coupled receptor signaling pathway	occurs_in(CL:0000062)
GO:0046931	pore complex assembly	occurs_in(CL:0000062)
GO:0036378	calcitriol biosynthetic process from calciol	occurs_in(CL:0000062)
GO:0070374	positive regulation of ERK1 and ERK2 cascade	occurs_in(CL:0000062)
GO:0003682	chromatin binding	occurs_in(CL:0000062)
GO:2000308	negative regulation of tumor necrosis factor (ligand) superfamily member 11 production	occurs_in(CL:0000062)
GO:0035195	gene silencing by miRNA	occurs_in(CL:0000062)
GO:0043066	negative regulation of apoptotic process	occurs_in(CL:0000062)
GO:0030502	negative regulation of bone mineralization	occurs_in(CL:0000062)
GO:0032060	bleb assembly	occurs_in(CL:0000062)
GO:0060271	cilium assembly	occurs_in(CL:0000062)
GO:0004498	calcidiol 1-monooxygenase activity	occurs_in(CL:0000062)
GO:0006874	cellular calcium ion homeostasis	occurs_in(CL:0000062)
GO:0030501	positive regulation of bone mineralization	occurs_in(CL:0000062)
GO:0035195	gene silencing by miRNA	occurs_in(CL:0000062)
GO:0035278	miRNA mediated inhibition of translation	occurs_in(CL:0000062)
GO:0061588	calcium activated phospholipid scrambling	occurs_in(CL:0000062)
GO:0035278	miRNA mediated inhibition of translation	occurs_in(CL:0000062)
GO:0090398	cellular senescence	occurs_in(CL:0000062)
GO:0035195	gene silencing by miRNA	occurs_in(CL:0000062)
GO:0042771	intrinsic apoptotic signaling pathway in response to DNA damage by p53 class mediator	occurs_in(CL:0000064)
GO:0060271	cilium assembly	occurs_in(CL:0000064)
GO:0006461	protein complex assembly	occurs_in(CL:0000065
GO:0071539	protein localization to centrosome	occurs_in(CL:0000065
GO:1905515	non-motile cilium assembly	occurs_in(CL:0000065
GO:1905515	non-motile cilium assembly	occurs_in(CL:0000065
GO:0060271	cilium assembly	occurs_in(CL:0000065
GO:1903251	multi-ciliated epithelial cell differentiation	occurs_in(CL:0000065
GO:0001736	establishment of planar polarity	occurs_in(CL:0000065
GO:0003341	cilium movement	occurs_in(CL:0000065)
GO:0003341	cilium movement	occurs_in(CL:0000065)
GO:0045724	positive regulation of cilium assembly	occurs_in(CL:0000065)
GO:0045186	zonula adherens assembly	occurs_in(CL:0000065)
GO:0003351	epithelial cilium movement	occurs_in(CL:0000065)
GO:0060271	cilium assembly	occurs_in(CL:0000065)
GO:0090002	establishment of protein localization to plasma membrane	occurs_in(CL:0000066
GO:0045216	cell-cell junction organization	occurs_in(CL:0000066
GO:0006903	vesicle targeting	occurs_in(CL:0000066
GO:0090091	positive regulation of extracellular matrix disassembly	occurs_in(CL:0000066
GO:0045184	establishment of protein localization	occurs_in(CL:0000066
GO:0000122	negative regulation of transcription from RNA polymerase II promoter	occurs_in(CL:0000066
GO:0000122	negative regulation of transcription from RNA polymerase II promoter	occurs_in(CL:0000066
GO:0000122	negative regulation of transcription from RNA polymerase II promoter	occurs_in(CL:0000066
GO:0050821	protein stabilization	occurs_in(CL:0000066
GO:0034332	adherens junction organization	occurs_in(CL:0000066
GO:0000122	negative regulation of transcription from RNA polymerase II promoter	occurs_in(CL:0000066
GO:0005515	protein binding	occurs_in(CL:0000066
GO:0043547	positive regulation of GTPase activity	occurs_in(CL:0000066
GO:0045921	positive regulation of exocytosis	occurs_in(CL:0000066
GO:0030520	intracellular estrogen receptor signaling pathway	occurs_in(CL:0000066)
GO:0030520	intracellular estrogen receptor signaling pathway	occurs_in(CL:0000066)
GO:0007031	peroxisome organization	occurs_in(CL:0000066)
GO:0045198	establishment of epithelial cell apical/basal polarity	occurs_in(CL:0000066)
GO:0043627	response to estrogen	occurs_in(CL:0000066)
GO:0008017	microtubule binding	occurs_in(CL:0000066)
GO:0007091	metaphase/anaphase transition of mitotic cell cycle	occurs_in(CL:0000066)
GO:0006878	cellular copper ion homeostasis	occurs_in(CL:0000066)
GO:0032500	muramyl dipeptide binding	occurs_in(CL:0000066)
GO:0060070	canonical Wnt signaling pathway	occurs_in(CL:0000066)
GO:0070102	interleukin-6-mediated signaling pathway	occurs_in(CL:0000066)
GO:1900026	positive regulation of substrate adhesion-dependent cell spreading	occurs_in(CL:0000066)
GO:1901223	negative regulation of NIK/NF-kappaB signaling	occurs_in(CL:0000066)
GO:0022607	cellular component assembly	occurs_in(CL:0000066)
GO:0006915	apoptotic process	occurs_in(CL:0000066)
GO:1905515	non-motile cilium assembly	occurs_in(CL:0000066)
GO:0006878	cellular copper ion homeostasis	occurs_in(CL:0000066)
GO:0030899	calcium-dependent ATPase activity	occurs_in(CL:0000066)
GO:0048008	platelet-derived growth factor receptor signaling pathway	occurs_in(CL:0000066)
GO:0008219	cell death	occurs_in(CL:0000066)
GO:0051895	negative regulation of focal adhesion assembly	occurs_in(CL:0000066)
GO:2000049	positive regulation of cell-cell adhesion mediated by cadherin	occurs_in(CL:0000066)
GO:0042056	chemoattractant activity	occurs_in(CL:0000066)
GO:0060561	apoptotic process involved in morphogenesis	occurs_in(CL:0000066)
GO:0060561	apoptotic process involved in morphogenesis	occurs_in(CL:0000066)
GO:0008543	fibroblast growth factor receptor signaling pathway	occurs_in(CL:0000066)
GO:0007040	lysosome organization	occurs_in(CL:0000066)
GO:0007040	lysosome organization	occurs_in(CL:0000066)
GO:0019722	calcium-mediated signaling	occurs_in(CL:0000066)
GO:0060271	cilium assembly	occurs_in(CL:0000066)
GO:0007173	epidermal growth factor receptor signaling pathway	occurs_in(CL:0000066)
GO:0048468	cell development	occurs_in(CL:0000066)
GO:0032438	melanosome organization	occurs_in(CL:0000066)
GO:0032438	melanosome organization	occurs_in(CL:0000066)
GO:0032438	melanosome organization	occurs_in(CL:0000066)
GO:0000281	mitotic cytokinesis	occurs_in(CL:0000066)
GO:0050892	intestinal absorption	occurs_in(CL:0000066)
GO:0046847	filopodium assembly	occurs_in(CL:0000066)
GO:0060071	Wnt signaling pathway, planar cell polarity pathway	occurs_in(CL:0000066)
GO:0060071	Wnt signaling pathway, planar cell polarity pathway	occurs_in(CL:0000066)
GO:0003677	DNA binding	occurs_in(CL:0000066)
GO:0030010	establishment of cell polarity	occurs_in(CL:0000066)
GO:1990134	epithelial cell apoptotic process involved in palatal shelf morphogenesis	occurs_in(CL:0000066)
GO:1990134	epithelial cell apoptotic process involved in palatal shelf morphogenesis	occurs_in(CL:0000066)
GO:0051894	positive regulation of focal adhesion assembly	occurs_in(CL:0000066)
GO:1905515	non-motile cilium assembly	occurs_in(CL:0000066)
GO:0007091	metaphase/anaphase transition of mitotic cell cycle	occurs_in(CL:0000066)
GO:0006833	water transport	occurs_in(CL:0000066)
GO:0035635	entry of bacterium into host cell	occurs_in(CL:0000066)
GO:0008628	hormone-mediated apoptotic signaling pathway	occurs_in(CL:0000066)
GO:0003351	epithelial cilium movement	occurs_in(CL:0000066)
GO:0060271	cilium assembly	occurs_in(CL:0000066)
GO:0060271	cilium assembly	occurs_in(CL:0000066)
GO:0051497	negative regulation of stress fiber assembly	occurs_in(CL:0000066)
GO:0001954	positive regulation of cell-matrix adhesion	occurs_in(CL:0000066)
GO:0051893	regulation of focal adhesion assembly	occurs_in(CL:0000066)
GO:0046426	negative regulation of JAK-STAT cascade	occurs_in(CL:0000066)
GO:0050982	detection of mechanical stimulus	occurs_in(CL:0000066)
GO:0007006	mitochondrial membrane organization	occurs_in(CL:0000066)
GO:0007006	mitochondrial membrane organization	occurs_in(CL:0000066)
GO:0007006	mitochondrial membrane organization	occurs_in(CL:0000066)
GO:0007006	mitochondrial membrane organization	occurs_in(CL:0000066)
GO:0007006	mitochondrial membrane organization	occurs_in(CL:0000066)
GO:0007006	mitochondrial membrane organization	occurs_in(CL:0000066)
GO:0007006	mitochondrial membrane organization	occurs_in(CL:0000066)
GO:0071391	cellular response to estrogen stimulus	occurs_in(CL:0000066)
GO:0007040	lysosome organization	occurs_in(CL:0000066)
GO:0007224	smoothened signaling pathway	occurs_in(CL:0000066)
GO:0072697	protein localization to cell cortex	occurs_in(CL:0000066)
GO:0010811	positive regulation of cell-substrate adhesion	occurs_in(CL:0000066)
GO:0003341	cilium movement	occurs_in(CL:0000067)
GO:0050982	detection of mechanical stimulus	occurs_in(CL:0000067)
GO:0006816	calcium ion transport	occurs_in(CL:0000067)
GO:0060271	cilium assembly	occurs_in(CL:0000067)
GO:0060271	cilium assembly	occurs_in(CL:0000067)
GO:0060271	cilium assembly	occurs_in(CL:0000067)
GO:0060271	cilium assembly	occurs_in(CL:0000067)
GO:0060271	cilium assembly	occurs_in(CL:0000067)
GO:0060271	cilium assembly	occurs_in(CL:0000067)
GO:0007040	lysosome organization	occurs_in(CL:0000067)
GO:0060271	cilium assembly	occurs_in(CL:0000067)
GO:0019871	sodium channel inhibitor activity	occurs_in(CL:0000068)
GO:0007028	cytoplasm organization	occurs_in(CL:0000068)
GO:0050901	leukocyte tethering or rolling	occurs_in(CL:0000069)
GO:1902895	positive regulation of pri-miRNA transcription from RNA polymerase II promoter	occurs_in(CL:0000071
GO:0006919	activation of cysteine-type endopeptidase activity involved in apoptotic process	occurs_in(CL:0000071
GO:0045944	positive regulation of transcription from RNA polymerase II promoter	occurs_in(CL:0000071
GO:0000983	transcription factor activity, RNA polymerase II core promoter sequence-specific	occurs_in(CL:0000071
GO:1902895	positive regulation of pri-miRNA transcription from RNA polymerase II promoter	occurs_in(CL:0000071
GO:0006047	UDP-N-acetylglucosamine metabolic process	occurs_in(CL:0000071)
GO:0005179	hormone activity	occurs_in(CL:0000071)
GO:0070836	caveola assembly	occurs_in(CL:0000071)
GO:0006833	water transport	occurs_in(CL:0000071)
GO:0006833	water transport	occurs_in(CL:0000071)
GO:0003365	establishment of cell polarity involved in ameboidal cell migration	occurs_in(CL:0000071)
GO:0016525	negative regulation of angiogenesis	occurs_in(CL:0000071)
GO:0006816	calcium ion transport	occurs_in(CL:0000071)
GO:0030036	actin cytoskeleton organization	occurs_in(CL:0000071)
GO:0050728	negative regulation of inflammatory response	occurs_in(CL:0000071)
GO:0008083	growth factor activity	occurs_in(CL:0000071)
GO:0005125	cytokine activity	occurs_in(CL:0000071)
GO:1900182	positive regulation of protein localization to nucleus	occurs_in(CL:0000071)
GO:0007015	actin filament organization	occurs_in(CL:0000071)
GO:0048010	vascular endothelial growth factor receptor signaling pathway	occurs_in(CL:0000071)
GO:0048010	vascular endothelial growth factor receptor signaling pathway	occurs_in(CL:0000071)
GO:0048010	vascular endothelial growth factor receptor signaling pathway	occurs_in(CL:0000071)
GO:0001938	positive regulation of endothelial cell proliferation	occurs_in(CL:0000071)
GO:0045019	negative regulation of nitric oxide biosynthetic process	occurs_in(CL:0000071)
GO:0050729	positive regulation of inflammatory response	occurs_in(CL:0000071)
GO:0009100	glycoprotein metabolic process	occurs_in(CL:0000075)
GO:0009100	glycoprotein metabolic process	occurs_in(CL:0000075)
GO:0035088	establishment or maintenance of apical/basal cell polarity	occurs_in(CL:0000075)
GO:0035088	establishment or maintenance of apical/basal cell polarity	occurs_in(CL:0000075)
GO:0030036	actin cytoskeleton organization	occurs_in(CL:0000075)
GO:0000132	establishment of mitotic spindle orientation	occurs_in(CL:0000075)
GO:0000132	establishment of mitotic spindle orientation	occurs_in(CL:0000075)
GO:0035195	gene silencing by miRNA	occurs_in(CL:0000077
GO:0035195	gene silencing by miRNA	occurs_in(CL:0000077
GO:0035195	gene silencing by miRNA	occurs_in(CL:0000077
GO:0035195	gene silencing by miRNA	occurs_in(CL:0000077
GO:0004842	ubiquitin-protein transferase activity	occurs_in(CL:0000082
GO:0006511	ubiquitin-dependent protein catabolic process	occurs_in(CL:0000082
GO:0045197	establishment or maintenance of epithelial cell apical/basal polarity	occurs_in(CL:0000082
GO:0030857	negative regulation of epithelial cell differentiation	occurs_in(CL:0000082
GO:0006513	protein monoubiquitination	occurs_in(CL:0000082
GO:0003682	chromatin binding	occurs_in(CL:0000082
GO:0003682	chromatin binding	occurs_in(CL:0000082
GO:0090090	negative regulation of canonical Wnt signaling pathway	occurs_in(CL:0000082
GO:0001047	core promoter binding	occurs_in(CL:0000082
GO:0010800	positive regulation of peptidyl-threonine phosphorylation	occurs_in(CL:0000082
GO:0010719	negative regulation of epithelial to mesenchymal transition	occurs_in(CL:0000082
GO:0010629	negative regulation of gene expression	occurs_in(CL:0000082
GO:0033138	positive regulation of peptidyl-serine phosphorylation	occurs_in(CL:0000082
GO:0042056	chemoattractant activity	occurs_in(CL:0000082)
GO:0006833	water transport	occurs_in(CL:0000082)
GO:0006833	water transport	occurs_in(CL:0000082)
GO:0006833	water transport	occurs_in(CL:0000082)
GO:0006833	water transport	occurs_in(CL:0000082)
GO:0002230	positive regulation of defense response to virus by host	occurs_in(CL:0000082)
GO:0045071	negative regulation of viral genome replication	occurs_in(CL:0000082)
GO:2000679	positive regulation of transcription regulatory region DNA binding	occurs_in(CL:0000082)
GO:0035088	establishment or maintenance of apical/basal cell polarity	occurs_in(CL:0000082)
GO:0035088	establishment or maintenance of apical/basal cell polarity	occurs_in(CL:0000082)
GO:0045596	negative regulation of cell differentiation	occurs_in(CL:0000082)
GO:0006470	protein dephosphorylation	occurs_in(CL:0000082)
GO:0035458	cellular response to interferon-beta	occurs_in(CL:0000082)
GO:2001054	negative regulation of mesenchymal cell apoptotic process	occurs_in(CL:0000082)
GO:1903900	regulation of viral life cycle	occurs_in(CL:0000082)
GO:0006935	chemotaxis	occurs_in(CL:0000082)
GO:0000132	establishment of mitotic spindle orientation	occurs_in(CL:0000082)
GO:0000132	establishment of mitotic spindle orientation	occurs_in(CL:0000082)
GO:1902072	negative regulation of hypoxia-inducible factor-1alpha signaling pathway	occurs_in(CL:0000083)
GO:0070237	positive regulation of activation-induced cell death of T cells	occurs_in(CL:0000084
GO:0001921	positive regulation of receptor recycling	occurs_in(CL:0000084
GO:0090002	establishment of protein localization to plasma membrane	occurs_in(CL:0000084
GO:0010468	regulation of gene expression	occurs_in(CL:0000084
GO:0072678	T cell migration	occurs_in(CL:0000084
GO:0010468	regulation of gene expression	occurs_in(CL:0000084
GO:0006509	membrane protein ectodomain proteolysis	occurs_in(CL:0000084
GO:0006355	regulation of transcription, DNA-templated	occurs_in(CL:0000084
GO:0043123	positive regulation of I-kappaB kinase/NF-kappaB signaling	occurs_in(CL:0000084
GO:0032743	positive regulation of interleukin-2 production	occurs_in(CL:0000084
GO:1903706	regulation of hemopoiesis	occurs_in(CL:0000084
GO:0042787	protein ubiquitination involved in ubiquitin-dependent protein catabolic process	occurs_in(CL:0000084
GO:2000145	regulation of cell motility	occurs_in(CL:0000084
GO:0032729	positive regulation of interferon-gamma production	occurs_in(CL:0000084
GO:0035195	gene silencing by miRNA	occurs_in(CL:0000084
GO:0010468	regulation of gene expression	occurs_in(CL:0000084
GO:0043622	cortical microtubule organization	occurs_in(CL:0000084
GO:0010628	positive regulation of gene expression	occurs_in(CL:0000084
GO:0032754	positive regulation of interleukin-5 production	occurs_in(CL:0000084
GO:0000122	negative regulation of transcription from RNA polymerase II promoter	occurs_in(CL:0000084
GO:1900041	negative regulation of interleukin-2 secretion	occurs_in(CL:0000084
GO:0010467	gene expression	occurs_in(CL:0000084
GO:0042102	positive regulation of T cell proliferation	occurs_in(CL:0000084
GO:0042130	negative regulation of T cell proliferation	occurs_in(CL:0000084
GO:2001181	positive regulation of interleukin-10 secretion	occurs_in(CL:0000084
GO:0050862	positive regulation of T cell receptor signaling pathway	occurs_in(CL:0000084
GO:0045944	positive regulation of transcription from RNA polymerase II promoter	occurs_in(CL:0000084
GO:0060284	regulation of cell development	occurs_in(CL:0000084
GO:0035195	gene silencing by miRNA	occurs_in(CL:0000084
GO:0035195	gene silencing by miRNA	occurs_in(CL:0000084
GO:0035195	gene silencing by miRNA	occurs_in(CL:0000084
GO:0050663	cytokine secretion	occurs_in(CL:0000084
GO:0010467	gene expression	occurs_in(CL:0000084
GO:0000122	negative regulation of transcription from RNA polymerase II promoter	occurs_in(CL:0000084
GO:0000122	negative regulation of transcription from RNA polymerase II promoter	occurs_in(CL:0000084
GO:0000122	negative regulation of transcription from RNA polymerase II promoter	occurs_in(CL:0000084
GO:0000122	negative regulation of transcription from RNA polymerase II promoter	occurs_in(CL:0000084
GO:0000978	RNA polymerase II core promoter proximal region sequence-specific DNA binding	occurs_in(CL:0000084
GO:1903753	negative regulation of p38MAPK cascade	occurs_in(CL:0000084
GO:0006506	GPI anchor biosynthetic process	occurs_in(CL:0000084)
GO:0006915	apoptotic process	occurs_in(CL:0000084)
GO:0006915	apoptotic process	occurs_in(CL:0000084)
GO:1901224	positive regulation of NIK/NF-kappaB signaling	occurs_in(CL:0000084)
GO:0006468	protein phosphorylation	occurs_in(CL:0000084)
GO:0010468	regulation of gene expression	occurs_in(CL:0000084)
GO:0033198	response to ATP	occurs_in(CL:0000084)
GO:0006470	protein dephosphorylation	occurs_in(CL:0000084)
GO:0042130	negative regulation of T cell proliferation	occurs_in(CL:0000084)
GO:0046329	negative regulation of JNK cascade	occurs_in(CL:0000084)
GO:0006281	DNA repair	occurs_in(CL:0000084)
GO:0007189	adenylate cyclase-activating G-protein coupled receptor signaling pathway	occurs_in(CL:0000084)
GO:0004888	transmembrane signaling receptor activity	occurs_in(CL:0000084)
GO:0042107	cytokine metabolic process	occurs_in(CL:0000084)
GO:0019886	antigen processing and presentation of exogenous peptide antigen via MHC class II	occurs_in(CL:0000084)
GO:0006816	calcium ion transport	occurs_in(CL:0000084)
GO:0046931	pore complex assembly	occurs_in(CL:0000084)
GO:0001921	positive regulation of receptor recycling	occurs_in(CL:0000084)
GO:0006198	cAMP catabolic process	occurs_in(CL:0000084)
GO:0043123	positive regulation of I-kappaB kinase/NF-kappaB signaling	occurs_in(CL:0000084)
GO:0002360	T cell lineage commitment	occurs_in(CL:0000084)
GO:0007569	cell aging	occurs_in(CL:0000084)
GO:0010332	response to gamma radiation	occurs_in(CL:0000084)
GO:0016049	cell growth	occurs_in(CL:0000084)
GO:0016049	cell growth	occurs_in(CL:0000084)
GO:0007259	JAK-STAT cascade	occurs_in(CL:0000084)
GO:0007167	enzyme linked receptor protein signaling pathway	occurs_in(CL:0000084)
GO:0050665	hydrogen peroxide biosynthetic process	occurs_in(CL:0000084)
GO:0045944	positive regulation of transcription from RNA polymerase II promoter	occurs_in(CL:0000084)
GO:0006650	glycerophospholipid metabolic process	occurs_in(CL:0000084)
GO:0019899	enzyme binding	occurs_in(CL:0000084)
GO:0045502	dynein binding	occurs_in(CL:0000084)
GO:0010737	protein kinase A signaling	occurs_in(CL:0000084)
GO:0034629	cellular protein complex localization	occurs_in(CL:0000084)
GO:0051660	establishment of centrosome localization	occurs_in(CL:0000084)
GO:0071320	cellular response to cAMP	occurs_in(CL:0000084)
GO:1903077	negative regulation of protein localization to plasma membrane	occurs_in(CL:0000084)
GO:0071376	cellular response to corticotropin-releasing hormone stimulus	occurs_in(CL:0000084)
GO:0043066	negative regulation of apoptotic process	occurs_in(CL:0000084)
GO:1903231	mRNA binding involved in posttranscriptional gene silencing	occurs_in(CL:0000084)
GO:0005125	cytokine activity	occurs_in(CL:0000084)
GO:0034097	response to cytokine	occurs_in(CL:0000084)
GO:0035556	intracellular signal transduction	occurs_in(CL:0000084)
GO:0070498	interleukin-1-mediated signaling pathway	occurs_in(CL:0000084)
GO:0032947	protein complex scaffold	occurs_in(CL:0000084)
GO:0007005	mitochondrion organization	occurs_in(CL:0000084)
GO:0007186	G-protein coupled receptor signaling pathway	occurs_in(CL:0000084)
GO:0097527	necroptotic signaling pathway	occurs_in(CL:0000084)
GO:1903231	mRNA binding involved in posttranscriptional gene silencing	occurs_in(CL:0000084)
GO:0004582	dolichyl-phosphate beta-D-mannosyltransferase activity	occurs_in(CL:0000084)
GO:0005134	interleukin-2 receptor binding	occurs_in(CL:0000084)
GO:0007015	actin filament organization	occurs_in(CL:0000084)
GO:0007166	cell surface receptor signaling pathway	occurs_in(CL:0000084)
GO:0004871	signal transducer activity	occurs_in(CL:0000084)
GO:0000122	negative regulation of transcription from RNA polymerase II promoter	occurs_in(CL:0000084)
GO:0002224	toll-like receptor signaling pathway	occurs_in(CL:0000084)
GO:0019894	kinesin binding	occurs_in(CL:0000084)
GO:1903078	positive regulation of protein localization to plasma membrane	occurs_in(CL:0000084)
GO:0017137	Rab GTPase binding	occurs_in(CL:0000084)
GO:0051603	proteolysis involved in cellular protein catabolic process	occurs_in(CL:0000084)
GO:1903231	mRNA binding involved in posttranscriptional gene silencing	occurs_in(CL:0000084)
GO:1903231	mRNA binding involved in posttranscriptional gene silencing	occurs_in(CL:0000084)
GO:0008017	microtubule binding	occurs_in(CL:0000084)
GO:0004911	interleukin-2 receptor activity	occurs_in(CL:0000084)
GO:0006924	activation-induced cell death of T cells	occurs_in(CL:0000084)
GO:0010332	response to gamma radiation	occurs_in(CL:0000084)
GO:0002360	T cell lineage commitment	occurs_in(CL:0000084)
GO:0004713	protein tyrosine kinase activity	occurs_in(CL:0000084)
GO:0018108	peptidyl-tyrosine phosphorylation	occurs_in(CL:0000084)
GO:0046777	protein autophosphorylation	occurs_in(CL:0000084)
GO:0071353	cellular response to interleukin-4	occurs_in(CL:0000084)
GO:0004871	signal transducer activity	occurs_in(CL:0000084)
GO:0050852	T cell receptor signaling pathway	occurs_in(CL:0000084)
GO:0001818	negative regulation of cytokine production	occurs_in(CL:0000084)
GO:0038061	NIK/NF-kappaB signaling	occurs_in(CL:0000084)
GO:0007050	cell cycle arrest	occurs_in(CL:0000084)
GO:0070970	interleukin-2 secretion	occurs_in(CL:0000084)
GO:0000209	protein polyubiquitination	occurs_in(CL:0000084)
GO:0006649	phospholipid transfer to membrane	occurs_in(CL:0000084)
GO:0097191	extrinsic apoptotic signaling pathway	occurs_in(CL:0000084)
GO:0007416	synapse assembly	occurs_in(CL:0000084)
GO:0042270	protection from natural killer cell mediated cytotoxicity	occurs_in(CL:0000084)
GO:0008360	regulation of cell shape	occurs_in(CL:0000084)
GO:1903076	regulation of protein localization to plasma membrane	occurs_in(CL:0000084)
GO:0019348	dolichol metabolic process	occurs_in(CL:0000084)
GO:0002360	T cell lineage commitment	occurs_in(CL:0000084)
GO:0002360	T cell lineage commitment	occurs_in(CL:0000084)
GO:0002360	T cell lineage commitment	occurs_in(CL:0000084)
GO:0008637	apoptotic mitochondrial changes	occurs_in(CL:0000084)
GO:0030262	apoptotic nuclear changes	occurs_in(CL:0000084)
GO:0097190	apoptotic signaling pathway	occurs_in(CL:0000084)
GO:0007166	cell surface receptor signaling pathway	occurs_in(CL:0000084)
GO:0042743	hydrogen peroxide metabolic process	occurs_in(CL:0000084)
GO:0033198	response to ATP	occurs_in(CL:0000084)
GO:0005515	protein binding	occurs_in(CL:0000084)
GO:1900025	negative regulation of substrate adhesion-dependent cell spreading	occurs_in(CL:0000084)
GO:0004115	3',5'-cyclic-AMP phosphodiesterase activity	occurs_in(CL:0000084)
GO:0001818	negative regulation of cytokine production	occurs_in(CL:0000084)
GO:0002765	immune response-inhibiting signal transduction	occurs_in(CL:0000084)
GO:0071407	cellular response to organic cyclic compound	occurs_in(CL:0000084)
GO:0006816	calcium ion transport	occurs_in(CL:0000084)
GO:0005515	protein binding	occurs_in(CL:0000084)
GO:2000145	regulation of cell motility	occurs_in(CL:0000084)
GO:0019221	cytokine-mediated signaling pathway	occurs_in(CL:0000084)
GO:0035556	intracellular signal transduction	occurs_in(CL:0000084)
GO:0033153	T cell receptor V(D)J recombination	occurs_in(CL:0000084)
GO:0006874	cellular calcium ion homeostasis	occurs_in(CL:0000084)
GO:0006935	chemotaxis	occurs_in(CL:0000084)
GO:0012501	programmed cell death	occurs_in(CL:0000084)
GO:0046931	pore complex assembly	occurs_in(CL:0000084)
GO:0045185	maintenance of protein location	occurs_in(CL:0000084)
GO:1902041	regulation of extrinsic apoptotic signaling pathway via death domain receptors	occurs_in(CL:0000084)
GO:0006355	regulation of transcription, DNA-templated	occurs_in(CL:0000084)
GO:0032703	negative regulation of interleukin-2 production	occurs_in(CL:0000084)
GO:0042289	MHC class II protein binding	occurs_in(CL:0000084)
GO:0031579	membrane raft organization	occurs_in(CL:0000084)
GO:0051534	negative regulation of NFAT protein import into nucleus	occurs_in(CL:0000084)
GO:0070373	negative regulation of ERK1 and ERK2 cascade	occurs_in(CL:0000084)
GO:0033153	T cell receptor V(D)J recombination	occurs_in(CL:0000084)
GO:0033173	calcineurin-NFAT signaling cascade	occurs_in(CL:0000084)
GO:0019899	enzyme binding	occurs_in(CL:0000084)
GO:0030246	carbohydrate binding	occurs_in(CL:0000084)
GO:0030953	astral microtubule organization	occurs_in(CL:0000084)
GO:0000122	negative regulation of transcription from RNA polymerase II promoter	occurs_in(CL:0000091
GO:0000122	negative regulation of transcription from RNA polymerase II promoter	occurs_in(CL:0000091
GO:0000122	negative regulation of transcription from RNA polymerase II promoter	occurs_in(CL:0000091
GO:0000122	negative regulation of transcription from RNA polymerase II promoter	occurs_in(CL:0000091
GO:0045944	positive regulation of transcription from RNA polymerase II promoter	occurs_in(CL:0000091
GO:0045944	positive regulation of transcription from RNA polymerase II promoter	occurs_in(CL:0000091
GO:0007040	lysosome organization	occurs_in(CL:0000091)
GO:0000226	microtubule cytoskeleton organization	occurs_in(CL:0000091)
GO:0035195	gene silencing by miRNA	occurs_in(CL:0000091)
GO:0050732	negative regulation of peptidyl-tyrosine phosphorylation	occurs_in(CL:0000092
GO:0010468	regulation of gene expression	occurs_in(CL:0000092
GO:0050731	positive regulation of peptidyl-tyrosine phosphorylation	occurs_in(CL:0000092
GO:1902533	positive regulation of intracellular signal transduction	occurs_in(CL:0000092
GO:0042288	MHC class I protein binding	occurs_in(CL:0000092)
GO:0035556	intracellular signal transduction	occurs_in(CL:0000092)
GO:0009306	protein secretion	occurs_in(CL:0000092)
GO:0051480	regulation of cytosolic calcium ion concentration	occurs_in(CL:0000092)
GO:0042288	MHC class I protein binding	occurs_in(CL:0000092)
GO:0004963	follicle-stimulating hormone receptor activity	occurs_in(CL:0000092)
GO:0005096	GTPase activator activity	occurs_in(CL:0000092)
GO:0003993	acid phosphatase activity	occurs_in(CL:0000092)
GO:0004725	protein tyrosine phosphatase activity	occurs_in(CL:0000092)
GO:0005515	protein binding	occurs_in(CL:0000092)
GO:0045453	bone resorption	occurs_in(CL:0000092)
GO:0071615	oxidative deethylation	occurs_in(CL:0000094
GO:0006911	phagocytosis, engulfment	occurs_in(CL:0000094)
GO:1903428	positive regulation of reactive oxygen species biosynthetic process	occurs_in(CL:0000094)
GO:0002679	respiratory burst involved in defense response	occurs_in(CL:0000094)
GO:0033691	sialic acid binding	occurs_in(CL:0000094)
GO:0034394	protein localization to cell surface	occurs_in(CL:0000094)
GO:0031714	C5a anaphylatoxin chemotactic receptor binding	occurs_in(CL:0000094)
GO:0003677	DNA binding	occurs_in(CL:0000094)
GO:0045730	respiratory burst	occurs_in(CL:0000094)
GO:0071624	positive regulation of granulocyte chemotaxis	occurs_in(CL:0000094)
GO:0001856	complement component C5a binding	occurs_in(CL:0000094)
GO:0051281	positive regulation of release of sequestered calcium ion into cytosol	occurs_in(CL:0000096)
GO:2000778	positive regulation of interleukin-6 secretion	occurs_in(CL:0000097
GO:2001269	positive regulation of cysteine-type endopeptidase activity involved in apoptotic signaling pathway	occurs_in(CL:0000097
GO:0008083	growth factor activity	occurs_in(CL:0000097)
GO:0007166	cell surface receptor signaling pathway	occurs_in(CL:0000097)
GO:0005096	GTPase activator activity	occurs_in(CL:0000097)
GO:0002552	serotonin secretion by mast cell	occurs_in(CL:0000097)
GO:0032252	secretory granule localization	occurs_in(CL:0000097)
GO:0002020	protease binding	occurs_in(CL:0000097)
GO:0019221	cytokine-mediated signaling pathway	occurs_in(CL:0000097)
GO:0000187	activation of MAPK activity	occurs_in(CL:0000097)
GO:0019767	IgE receptor activity	occurs_in(CL:0000097)
GO:0071277	cellular response to calcium ion	occurs_in(CL:0000097)
GO:0047496	vesicle transport along microtubule	occurs_in(CL:0000097)
GO:0005515	protein binding	occurs_in(CL:0000097)
GO:0019863	IgE binding	occurs_in(CL:0000097)
GO:0004672	protein kinase activity	occurs_in(CL:0000097)
GO:0001609	G-protein coupled adenosine receptor activity	occurs_in(CL:0000097)
GO:0001609	G-protein coupled adenosine receptor activity	occurs_in(CL:0000097)
GO:0001973	adenosine receptor signaling pathway	occurs_in(CL:0000097)
GO:0005125	cytokine activity	occurs_in(CL:0000097)
GO:0035556	intracellular signal transduction	occurs_in(CL:0000097)
GO:0002431	Fc receptor mediated stimulatory signaling pathway	occurs_in(CL:0000097)
GO:0005173	stem cell factor receptor binding	occurs_in(CL:0000097)
GO:0002553	histamine secretion by mast cell	occurs_in(CL:0000097)
GO:0042288	MHC class I protein binding	occurs_in(CL:0000097)
GO:0032516	positive regulation of phosphoprotein phosphatase activity	occurs_in(CL:0000097)
GO:0005125	cytokine activity	occurs_in(CL:0000097)
GO:0097192	extrinsic apoptotic signaling pathway in absence of ligand	occurs_in(CL:0000097)
GO:0006887	exocytosis	occurs_in(CL:0000097)
GO:0071639	positive regulation of monocyte chemotactic protein-1 production	occurs_in(CL:0000097)
GO:0033364	mast cell secretory granule organization	occurs_in(CL:0000097)
GO:0048468	cell development	occurs_in(CL:0000097)
GO:0001820	serotonin secretion	occurs_in(CL:0000097)
GO:0007265	Ras protein signal transduction	occurs_in(CL:0000097)
GO:0070374	positive regulation of ERK1 and ERK2 cascade	occurs_in(CL:0000097)
GO:0090238	positive regulation of arachidonic acid secretion	occurs_in(CL:0000097)
GO:0008233	peptidase activity	occurs_in(CL:0000097)
GO:0019370	leukotriene biosynthetic process	occurs_in(CL:0000097)
GO:0046777	protein autophosphorylation	occurs_in(CL:0000097)
GO:2000484	positive regulation of interleukin-8 secretion	occurs_in(CL:0000097)
GO:0021775	smoothened signaling pathway involved in ventral spinal cord interneuron specification	occurs_in(CL:0000099)
GO:0007040	lysosome organization	occurs_in(CL:0000099)
GO:0021775	smoothened signaling pathway involved in ventral spinal cord interneuron specification	occurs_in(CL:0000099)
GO:0015277	kainate selective glutamate receptor activity	occurs_in(CL:0000099)
GO:0051402	neuron apoptotic process	occurs_in(CL:0000099)
GO:0060385	axonogenesis involved in innervation	occurs_in(CL:0000100
GO:0060052	neurofilament cytoskeleton organization	occurs_in(CL:0000100)
GO:0008045	motor neuron axon guidance	occurs_in(CL:0000100)
GO:0008331	high voltage-gated calcium channel activity	occurs_in(CL:0000100)
GO:0008331	high voltage-gated calcium channel activity	occurs_in(CL:0000100)
GO:0008331	high voltage-gated calcium channel activity	occurs_in(CL:0000100)
GO:0060052	neurofilament cytoskeleton organization	occurs_in(CL:0000100)
GO:0045109	intermediate filament organization	occurs_in(CL:0000100)
GO:0008045	motor neuron axon guidance	occurs_in(CL:0000100)
GO:0008045	motor neuron axon guidance	occurs_in(CL:0000100)
GO:0008045	motor neuron axon guidance	occurs_in(CL:0000100)
GO:0008045	motor neuron axon guidance	occurs_in(CL:0000100)
GO:0008045	motor neuron axon guidance	occurs_in(CL:0000100)
GO:0008045	motor neuron axon guidance	occurs_in(CL:0000100)
GO:0008045	motor neuron axon guidance	occurs_in(CL:0000100)
GO:0008045	motor neuron axon guidance	occurs_in(CL:0000100)
GO:0008045	motor neuron axon guidance	occurs_in(CL:0000100)
GO:0008045	motor neuron axon guidance	occurs_in(CL:0000100)
GO:0008045	motor neuron axon guidance	occurs_in(CL:0000100)
GO:0044257	cellular protein catabolic process	occurs_in(CL:0000100)
GO:0021952	central nervous system projection neuron axonogenesis	occurs_in(CL:0000100)
GO:0070374	positive regulation of ERK1 and ERK2 cascade	occurs_in(CL:0000100)
GO:0007040	lysosome organization	occurs_in(CL:0000100)
GO:0048488	synaptic vesicle endocytosis	occurs_in(CL:0000100)
GO:0008045	motor neuron axon guidance	occurs_in(CL:0000100)
GO:0008045	motor neuron axon guidance	occurs_in(CL:0000100)
GO:0008045	motor neuron axon guidance	occurs_in(CL:0000100)
GO:0008045	motor neuron axon guidance	occurs_in(CL:0000100)
GO:0008045	motor neuron axon guidance	occurs_in(CL:0000100)
GO:0008045	motor neuron axon guidance	occurs_in(CL:0000100)
GO:0051402	neuron apoptotic process	occurs_in(CL:0000100)
GO:0043113	receptor clustering	occurs_in(CL:0000100)
GO:0048791	calcium ion-regulated exocytosis of neurotransmitter	occurs_in(CL:0000100)
GO:0001934	positive regulation of protein phosphorylation	occurs_in(CL:0000100)
GO:1901215	negative regulation of neuron death	occurs_in(CL:0000100)
GO:0008045	motor neuron axon guidance	occurs_in(CL:0000100)
GO:0048677	axon extension involved in regeneration	occurs_in(CL:0000100)
GO:0007409	axonogenesis	occurs_in(CL:0000100)
GO:0007409	axonogenesis	occurs_in(CL:0000100)
GO:0007409	axonogenesis	occurs_in(CL:0000100)
GO:0044267	cellular protein metabolic process	occurs_in(CL:0000100)
GO:0021776	smoothened signaling pathway involved in spinal cord motor neuron cell fate specification	occurs_in(CL:0000100)
GO:0016358	dendrite development	occurs_in(CL:0000100)
GO:0048669	collateral sprouting in absence of injury	occurs_in(CL:0000100)
GO:0048489	synaptic vesicle transport	occurs_in(CL:0000100)
GO:0016358	dendrite development	occurs_in(CL:0000100)
GO:0021776	smoothened signaling pathway involved in spinal cord motor neuron cell fate specification	occurs_in(CL:0000100)
GO:0005515	protein binding	occurs_in(CL:0000101)
GO:0031175	neuron projection development	occurs_in(CL:0000101)
GO:0007409	axonogenesis	occurs_in(CL:0000101)
GO:0019896	axonal transport of mitochondrion	occurs_in(CL:0000101)
GO:0048675	axon extension	occurs_in(CL:0000101)
GO:0007040	lysosome organization	occurs_in(CL:0000101)
GO:0007412	axon target recognition	occurs_in(CL:0000101)
GO:0007412	axon target recognition	occurs_in(CL:0000101)
GO:0007409	axonogenesis	occurs_in(CL:0000101)
GO:0014068	positive regulation of phosphatidylinositol 3-kinase signaling	occurs_in(CL:0000101)
GO:0031023	microtubule organizing center organization	occurs_in(CL:0000103
GO:0005248	voltage-gated sodium channel activity	occurs_in(CL:0000103)
GO:0019228	neuronal action potential	occurs_in(CL:0000103)
GO:0006814	sodium ion transport	occurs_in(CL:0000103)
GO:0051402	neuron apoptotic process	occurs_in(CL:0000107)
GO:1905606	regulation of presynapse assembly	occurs_in(CL:0000108
GO:0060416	response to growth hormone	occurs_in(CL:0000108
GO:0004102	choline O-acetyltransferase activity	occurs_in(CL:0000108
GO:0048488	synaptic vesicle endocytosis	occurs_in(CL:0000108)
GO:1905606	regulation of presynapse assembly	occurs_in(CL:0000108)
GO:0060052	neurofilament cytoskeleton organization	occurs_in(CL:0000111)
GO:0060052	neurofilament cytoskeleton organization	occurs_in(CL:0000111)
GO:1900006	positive regulation of dendrite development	occurs_in(CL:0000111)
GO:0048936	peripheral nervous system neuron axonogenesis	occurs_in(CL:0000111)
GO:0048936	peripheral nervous system neuron axonogenesis	occurs_in(CL:0000111)
GO:0016358	dendrite development	occurs_in(CL:0000111)
GO:0060052	neurofilament cytoskeleton organization	occurs_in(CL:0000111)
GO:0033365	protein localization to organelle	occurs_in(CL:0000113
GO:0033668	negative regulation by symbiont of host apoptotic process	occurs_in(CL:0000113
GO:0071346	cellular response to interferon-gamma	occurs_in(CL:0000113
GO:0003677	DNA binding	occurs_in(CL:0000113
GO:0003677	DNA binding	occurs_in(CL:0000113
GO:0010628	positive regulation of gene expression	occurs_in(CL:0000113
GO:0003677	DNA binding	occurs_in(CL:0000113
GO:0010628	positive regulation of gene expression	occurs_in(CL:0000113
GO:0009617	response to bacterium	occurs_in(CL:0000113)
GO:0006874	cellular calcium ion homeostasis	occurs_in(CL:0000114)
GO:0034111	negative regulation of homotypic cell-cell adhesion	occurs_in(CL:0000115
GO:0060355	positive regulation of cell adhesion molecule production	occurs_in(CL:0000115
GO:0030949	positive regulation of vascular endothelial growth factor receptor signaling pathway	occurs_in(CL:0000115
GO:0045893	positive regulation of transcription, DNA-templated	occurs_in(CL:0000115
GO:0035195	gene silencing by miRNA	occurs_in(CL:0000115
GO:0035195	gene silencing by miRNA	occurs_in(CL:0000115
GO:0060355	positive regulation of cell adhesion molecule production	occurs_in(CL:0000115
GO:0090002	establishment of protein localization to plasma membrane	occurs_in(CL:0000115
GO:0045785	positive regulation of cell adhesion	occurs_in(CL:0000115
GO:0051481	negative regulation of cytosolic calcium ion concentration	occurs_in(CL:0000115
GO:0001934	positive regulation of protein phosphorylation	occurs_in(CL:0000115
GO:0050821	protein stabilization	occurs_in(CL:0000115
GO:0045019	negative regulation of nitric oxide biosynthetic process	occurs_in(CL:0000115
GO:0034405	response to fluid shear stress	occurs_in(CL:0000115
GO:0032728	positive regulation of interferon-beta production	occurs_in(CL:0000115
GO:0045944	positive regulation of transcription from RNA polymerase II promoter	occurs_in(CL:0000115
GO:0001078	transcriptional repressor activity, RNA polymerase II core promoter proximal region sequence-specific binding	occurs_in(CL:0000115
GO:0016337	single organismal cell-cell adhesion	occurs_in(CL:0000115
GO:0001819	positive regulation of cytokine production	occurs_in(CL:0000115
GO:0035195	gene silencing by miRNA	occurs_in(CL:0000115
GO:0045944	positive regulation of transcription from RNA polymerase II promoter	occurs_in(CL:0000115
GO:0045944	positive regulation of transcription from RNA polymerase II promoter	occurs_in(CL:0000115
GO:0045944	positive regulation of transcription from RNA polymerase II promoter	occurs_in(CL:0000115
GO:0045944	positive regulation of transcription from RNA polymerase II promoter	occurs_in(CL:0000115
GO:0045944	positive regulation of transcription from RNA polymerase II promoter	occurs_in(CL:0000115
GO:0035195	gene silencing by miRNA	occurs_in(CL:0000115
GO:0035195	gene silencing by miRNA	occurs_in(CL:0000115
GO:0001934	positive regulation of protein phosphorylation	occurs_in(CL:0000115
GO:0010628	positive regulation of gene expression	occurs_in(CL:0000115
GO:0032148	activation of protein kinase B activity	occurs_in(CL:0000115
GO:0045429	positive regulation of nitric oxide biosynthetic process	occurs_in(CL:0000115
GO:0030295	protein kinase activator activity	occurs_in(CL:0000115
GO:0007204	positive regulation of cytosolic calcium ion concentration	occurs_in(CL:0000115
GO:0046777	protein autophosphorylation	occurs_in(CL:0000115)
GO:2000121	regulation of removal of superoxide radicals	occurs_in(CL:0000115)
GO:0071394	cellular response to testosterone stimulus	occurs_in(CL:0000115)
GO:1903141	negative regulation of establishment of endothelial barrier	occurs_in(CL:0000115)
GO:1903141	negative regulation of establishment of endothelial barrier	occurs_in(CL:0000115)
GO:0019430	removal of superoxide radicals	occurs_in(CL:0000115)
GO:0001569	branching involved in blood vessel morphogenesis	occurs_in(CL:0000115)
GO:0035767	endothelial cell chemotaxis	occurs_in(CL:0000115)
GO:0034260	negative regulation of GTPase activity	occurs_in(CL:0000115)
GO:0007040	lysosome organization	occurs_in(CL:0000115)
GO:0071360	cellular response to exogenous dsRNA	occurs_in(CL:0000115)
GO:0006729	tetrahydrobiopterin biosynthetic process	occurs_in(CL:0000115)
GO:0005102	receptor binding	occurs_in(CL:0000115)
GO:0002042	cell migration involved in sprouting angiogenesis	occurs_in(CL:0000115)
GO:0042060	wound healing	occurs_in(CL:0000115)
GO:0032930	positive regulation of superoxide anion generation	occurs_in(CL:0000115)
GO:0045908	negative regulation of vasodilation	occurs_in(CL:0000115)
GO:1903231	mRNA binding involved in posttranscriptional gene silencing	occurs_in(CL:0000115)
GO:1903231	mRNA binding involved in posttranscriptional gene silencing	occurs_in(CL:0000115)
GO:0007265	Ras protein signal transduction	occurs_in(CL:0000115)
GO:0005515	protein binding	occurs_in(CL:0000115)
GO:0050840	extracellular matrix binding	occurs_in(CL:0000115)
GO:0001664	G-protein coupled receptor binding	occurs_in(CL:0000115)
GO:0001664	G-protein coupled receptor binding	occurs_in(CL:0000115)
GO:0000122	negative regulation of transcription from RNA polymerase II promoter	occurs_in(CL:0000115)
GO:0050665	hydrogen peroxide biosynthetic process	occurs_in(CL:0000115)
GO:0005198	structural molecule activity	occurs_in(CL:0000115)
GO:1902042	negative regulation of extrinsic apoptotic signaling pathway via death domain receptors	occurs_in(CL:0000115)
GO:1902946	protein localization to early endosome	occurs_in(CL:0000115)
GO:0070374	positive regulation of ERK1 and ERK2 cascade	occurs_in(CL:0000115)
GO:0090277	positive regulation of peptide hormone secretion	occurs_in(CL:0000115)
GO:2001237	negative regulation of extrinsic apoptotic signaling pathway	occurs_in(CL:0000115)
GO:0019901	protein kinase binding	occurs_in(CL:0000115)
GO:0005102	receptor binding	occurs_in(CL:0000115)
GO:0034138	toll-like receptor 3 signaling pathway	occurs_in(CL:0000115)
GO:0048010	vascular endothelial growth factor receptor signaling pathway	occurs_in(CL:0000115)
GO:0002042	cell migration involved in sprouting angiogenesis	occurs_in(CL:0000115)
GO:1903142	positive regulation of establishment of endothelial barrier	occurs_in(CL:0000115)
GO:1903142	positive regulation of establishment of endothelial barrier	occurs_in(CL:0000115)
GO:0050714	positive regulation of protein secretion	occurs_in(CL:0000115)
GO:0070374	positive regulation of ERK1 and ERK2 cascade	occurs_in(CL:0000115)
GO:0007179	transforming growth factor beta receptor signaling pathway	occurs_in(CL:0000115)
GO:0033227	dsRNA transport	occurs_in(CL:0000115)
GO:0034141	positive regulation of toll-like receptor 3 signaling pathway	occurs_in(CL:0000115)
GO:0005178	integrin binding	occurs_in(CL:0000115)
GO:0005178	integrin binding	occurs_in(CL:0000115)
GO:0051000	positive regulation of nitric-oxide synthase activity	occurs_in(CL:0000115)
GO:0007160	cell-matrix adhesion	occurs_in(CL:0000115)
GO:0004517	nitric-oxide synthase activity	occurs_in(CL:0000115)
GO:0032930	positive regulation of superoxide anion generation	occurs_in(CL:0000115)
GO:0007026	negative regulation of microtubule depolymerization	occurs_in(CL:0000117
GO:0072386	plus-end-directed organelle transport along microtubule	occurs_in(CL:0000117
GO:0044267	cellular protein metabolic process	occurs_in(CL:0000117
GO:0044267	cellular protein metabolic process	occurs_in(CL:0000117
GO:0044267	cellular protein metabolic process	occurs_in(CL:0000117
GO:0044267	cellular protein metabolic process	occurs_in(CL:0000117
GO:0044267	cellular protein metabolic process	occurs_in(CL:0000117
GO:0044267	cellular protein metabolic process	occurs_in(CL:0000117
GO:0044267	cellular protein metabolic process	occurs_in(CL:0000117
GO:0044267	cellular protein metabolic process	occurs_in(CL:0000117
GO:0044267	cellular protein metabolic process	occurs_in(CL:0000117
GO:0044267	cellular protein metabolic process	occurs_in(CL:0000117
GO:0044267	cellular protein metabolic process	occurs_in(CL:0000117
GO:0044267	cellular protein metabolic process	occurs_in(CL:0000117
GO:0044267	cellular protein metabolic process	occurs_in(CL:0000117
GO:0044267	cellular protein metabolic process	occurs_in(CL:0000117
GO:0044267	cellular protein metabolic process	occurs_in(CL:0000117
GO:0044267	cellular protein metabolic process	occurs_in(CL:0000117
GO:0044267	cellular protein metabolic process	occurs_in(CL:0000117
GO:0044267	cellular protein metabolic process	occurs_in(CL:0000117
GO:0044267	cellular protein metabolic process	occurs_in(CL:0000117
GO:0042391	regulation of membrane potential	occurs_in(CL:0000117
GO:1901381	positive regulation of potassium ion transmembrane transport	occurs_in(CL:0000117
GO:0018108	peptidyl-tyrosine phosphorylation	occurs_in(CL:0000117
GO:0018108	peptidyl-tyrosine phosphorylation	occurs_in(CL:0000117
GO:0003682	chromatin binding	occurs_in(CL:0000117
GO:0003714	transcription corepressor activity	occurs_in(CL:0000117
GO:0000122	negative regulation of transcription from RNA polymerase II promoter	occurs_in(CL:0000117
GO:0007409	axonogenesis	occurs_in(CL:0000117)
GO:0007269	neurotransmitter secretion	occurs_in(CL:0000117)
GO:0008474	palmitoyl-(protein) hydrolase activity	occurs_in(CL:0000117)
GO:0008474	palmitoyl-(protein) hydrolase activity	occurs_in(CL:0000117)
GO:0008474	palmitoyl-(protein) hydrolase activity	occurs_in(CL:0000117)
GO:0016358	dendrite development	occurs_in(CL:0000117)
GO:0008654	phospholipid biosynthetic process	occurs_in(CL:0000117)
GO:0051402	neuron apoptotic process	occurs_in(CL:0000117)
GO:0019915	lipid storage	occurs_in(CL:0000117)
GO:0019915	lipid storage	occurs_in(CL:0000117)
GO:0019915	lipid storage	occurs_in(CL:0000117)
GO:0019915	lipid storage	occurs_in(CL:0000117)
GO:0019915	lipid storage	occurs_in(CL:0000117)
GO:0019915	lipid storage	occurs_in(CL:0000117)
GO:0019915	lipid storage	occurs_in(CL:0000117)
GO:0019915	lipid storage	occurs_in(CL:0000117)
GO:0019915	lipid storage	occurs_in(CL:0000117)
GO:0019915	lipid storage	occurs_in(CL:0000117)
GO:0019915	lipid storage	occurs_in(CL:0000117)
GO:0019915	lipid storage	occurs_in(CL:0000117)
GO:0019915	lipid storage	occurs_in(CL:0000117)
GO:0019915	lipid storage	occurs_in(CL:0000117)
GO:0019915	lipid storage	occurs_in(CL:0000117)
GO:0019915	lipid storage	occurs_in(CL:0000117)
GO:0015277	kainate selective glutamate receptor activity	occurs_in(CL:0000117)
GO:0006874	cellular calcium ion homeostasis	occurs_in(CL:0000117)
GO:0016079	synaptic vesicle exocytosis	occurs_in(CL:0000117)
GO:0000226	microtubule cytoskeleton organization	occurs_in(CL:0000117)
GO:0014051	gamma-aminobutyric acid secretion	occurs_in(CL:0000117)
GO:0016358	dendrite development	occurs_in(CL:0000117)
GO:0019915	lipid storage	occurs_in(CL:0000117)
GO:0000226	microtubule cytoskeleton organization	occurs_in(CL:0000117)
GO:0097193	intrinsic apoptotic signaling pathway	occurs_in(CL:0000117)
GO:0006874	cellular calcium ion homeostasis	occurs_in(CL:0000117)
GO:0031122	cytoplasmic microtubule organization	occurs_in(CL:0000117)
GO:0048675	axon extension	occurs_in(CL:0000117)
GO:0007040	lysosome organization	occurs_in(CL:0000117)
GO:0007409	axonogenesis	occurs_in(CL:0000117)
GO:0008088	axo-dendritic transport	occurs_in(CL:0000117)
GO:0060052	neurofilament cytoskeleton organization	occurs_in(CL:0000117)
GO:0006878	cellular copper ion homeostasis	occurs_in(CL:0000117)
GO:0051563	smooth endoplasmic reticulum calcium ion homeostasis	occurs_in(CL:0000117)
GO:0009313	oligosaccharide catabolic process	occurs_in(CL:0000117)
GO:0019915	lipid storage	occurs_in(CL:0000117)
GO:0000226	microtubule cytoskeleton organization	occurs_in(CL:0000117)
GO:0051645	Golgi localization	occurs_in(CL:0000117)
GO:0016188	synaptic vesicle maturation	occurs_in(CL:0000117)
GO:0006878	cellular copper ion homeostasis	occurs_in(CL:0000117)
GO:2000369	regulation of clathrin-dependent endocytosis	occurs_in(CL:0000117)
GO:0051583	dopamine uptake involved in synaptic transmission	occurs_in(CL:0000117)
GO:0051259	protein oligomerization	occurs_in(CL:0000117)
GO:0048813	dendrite morphogenesis	occurs_in(CL:0000117)
GO:0005245	voltage-gated calcium channel activity	occurs_in(CL:0000117)
GO:0000226	microtubule cytoskeleton organization	occurs_in(CL:0000117)
GO:0031175	neuron projection development	occurs_in(CL:0000117)
GO:0007040	lysosome organization	occurs_in(CL:0000117)
GO:0007269	neurotransmitter secretion	occurs_in(CL:0000117)
GO:0005003	ephrin receptor activity	occurs_in(CL:0000117)
GO:0007040	lysosome organization	occurs_in(CL:0000117)
GO:0021955	central nervous system neuron axonogenesis	occurs_in(CL:0000117)
GO:0006811	ion transport	occurs_in(CL:0000117)
GO:0007409	axonogenesis	occurs_in(CL:0000117)
GO:0051938	L-glutamate import	occurs_in(CL:0000117)
GO:0006281	DNA repair	occurs_in(CL:0000117)
GO:0016358	dendrite development	occurs_in(CL:0000117)
GO:0016358	dendrite development	occurs_in(CL:0000117)
GO:0060996	dendritic spine development	occurs_in(CL:0000117)
GO:0034976	response to endoplasmic reticulum stress	occurs_in(CL:0000117)
GO:0007163	establishment or maintenance of cell polarity	occurs_in(CL:0000117)
GO:0016358	dendrite development	occurs_in(CL:0000117)
GO:0016188	synaptic vesicle maturation	occurs_in(CL:0000117)
GO:0007269	neurotransmitter secretion	occurs_in(CL:0000117)
GO:0007269	neurotransmitter secretion	occurs_in(CL:0000117)
GO:0007040	lysosome organization	occurs_in(CL:0000117)
GO:0007040	lysosome organization	occurs_in(CL:0000117)
GO:0007040	lysosome organization	occurs_in(CL:0000117)
GO:0007040	lysosome organization	occurs_in(CL:0000117)
GO:0007040	lysosome organization	occurs_in(CL:0000117)
GO:0007040	lysosome organization	occurs_in(CL:0000117)
GO:0071361	cellular response to ethanol	occurs_in(CL:0000117)
GO:0071361	cellular response to ethanol	occurs_in(CL:0000117)
GO:0048675	axon extension	occurs_in(CL:0000117)
GO:0016322	neuron remodeling	occurs_in(CL:0000117)
GO:0006689	ganglioside catabolic process	occurs_in(CL:0000117)
GO:0006689	ganglioside catabolic process	occurs_in(CL:0000117)
GO:0006689	ganglioside catabolic process	occurs_in(CL:0000117)
GO:0006689	ganglioside catabolic process	occurs_in(CL:0000117)
GO:0006689	ganglioside catabolic process	occurs_in(CL:0000117)
GO:0019915	lipid storage	occurs_in(CL:0000117)
GO:0019915	lipid storage	occurs_in(CL:0000117)
GO:0019915	lipid storage	occurs_in(CL:0000117)
GO:0019915	lipid storage	occurs_in(CL:0000117)
GO:0019915	lipid storage	occurs_in(CL:0000117)
GO:0007040	lysosome organization	occurs_in(CL:0000117)
GO:0007040	lysosome organization	occurs_in(CL:0000117)
GO:0007040	lysosome organization	occurs_in(CL:0000117)
GO:0007040	lysosome organization	occurs_in(CL:0000117)
GO:0007040	lysosome organization	occurs_in(CL:0000117)
GO:0007040	lysosome organization	occurs_in(CL:0000117)
GO:0007040	lysosome organization	occurs_in(CL:0000117)
GO:0007040	lysosome organization	occurs_in(CL:0000117)
GO:0007040	lysosome organization	occurs_in(CL:0000117)
GO:0007040	lysosome organization	occurs_in(CL:0000117)
GO:0007040	lysosome organization	occurs_in(CL:0000117)
GO:0007040	lysosome organization	occurs_in(CL:0000117)
GO:0007040	lysosome organization	occurs_in(CL:0000117)
GO:0007040	lysosome organization	occurs_in(CL:0000117)
GO:0007040	lysosome organization	occurs_in(CL:0000117)
GO:0007040	lysosome organization	occurs_in(CL:0000117)
GO:0007040	lysosome organization	occurs_in(CL:0000117)
GO:0007040	lysosome organization	occurs_in(CL:0000117)
GO:0007040	lysosome organization	occurs_in(CL:0000117)
GO:0007040	lysosome organization	occurs_in(CL:0000117)
GO:0007040	lysosome organization	occurs_in(CL:0000117)
GO:0007040	lysosome organization	occurs_in(CL:0000117)
GO:0007040	lysosome organization	occurs_in(CL:0000117)
GO:0007040	lysosome organization	occurs_in(CL:0000117)
GO:0007040	lysosome organization	occurs_in(CL:0000117)
GO:0048812	neuron projection morphogenesis	occurs_in(CL:0000117)
GO:0007409	axonogenesis	occurs_in(CL:0000117)
GO:0016358	dendrite development	occurs_in(CL:0000117)
GO:0048488	synaptic vesicle endocytosis	occurs_in(CL:0000117)
GO:0034220	ion transmembrane transport	occurs_in(CL:0000117)
GO:0035090	maintenance of apical/basal cell polarity	occurs_in(CL:0000117)
GO:0034389	lipid particle organization	occurs_in(CL:0000117)
GO:0016197	endosomal transport	occurs_in(CL:0000117)
GO:0007029	endoplasmic reticulum organization	occurs_in(CL:0000117)
GO:0007412	axon target recognition	occurs_in(CL:0000117)
GO:0007409	axonogenesis	occurs_in(CL:0000117)
GO:0006874	cellular calcium ion homeostasis	occurs_in(CL:0000117)
GO:1902510	regulation of apoptotic DNA fragmentation	occurs_in(CL:0000117)
GO:0007409	axonogenesis	occurs_in(CL:0000117)
GO:0007409	axonogenesis	occurs_in(CL:0000117)
GO:0007409	axonogenesis	occurs_in(CL:0000117)
GO:0071285	cellular response to lithium ion	occurs_in(CL:0000117)
GO:0009987	cellular process	occurs_in(CL:0000117)
GO:0016081	synaptic vesicle docking	occurs_in(CL:0000117)
GO:0015277	kainate selective glutamate receptor activity	occurs_in(CL:0000117)
GO:0070588	calcium ion transmembrane transport	occurs_in(CL:0000117)
GO:0022839	ion gated channel activity	occurs_in(CL:0000117)
GO:0021955	central nervous system neuron axonogenesis	occurs_in(CL:0000117)
GO:0005515	protein binding	occurs_in(CL:0000117)
GO:0042493	response to drug	occurs_in(CL:0000117)
GO:0047497	mitochondrion transport along microtubule	occurs_in(CL:0000117)
GO:0006689	ganglioside catabolic process	occurs_in(CL:0000117)
GO:0006689	ganglioside catabolic process	occurs_in(CL:0000117)
GO:0015277	kainate selective glutamate receptor activity	occurs_in(CL:0000117)
GO:0016358	dendrite development	occurs_in(CL:0000117)
GO:0007409	axonogenesis	occurs_in(CL:0000117)
GO:0048791	calcium ion-regulated exocytosis of neurotransmitter	occurs_in(CL:0000117)
GO:0030010	establishment of cell polarity	occurs_in(CL:0000117)
GO:0030010	establishment of cell polarity	occurs_in(CL:0000117)
GO:0008277	regulation of G-protein coupled receptor protein signaling pathway	occurs_in(CL:0000117)
GO:0007005	mitochondrion organization	occurs_in(CL:0000117)
GO:0030010	establishment of cell polarity	occurs_in(CL:0000117)
GO:0030010	establishment of cell polarity	occurs_in(CL:0000117)
GO:0001881	receptor recycling	occurs_in(CL:0000117)
GO:0007186	G-protein coupled receptor signaling pathway	occurs_in(CL:0000117)
GO:0007005	mitochondrion organization	occurs_in(CL:0000117)
GO:0051402	neuron apoptotic process	occurs_in(CL:0000117)
GO:0004035	alkaline phosphatase activity	occurs_in(CL:0000117)
GO:0007166	cell surface receptor signaling pathway	occurs_in(CL:0000117)
GO:0000226	microtubule cytoskeleton organization	occurs_in(CL:0000117)
GO:0048813	dendrite morphogenesis	occurs_in(CL:0000117)
GO:0007409	axonogenesis	occurs_in(CL:0000117)
GO:0034220	ion transmembrane transport	occurs_in(CL:0000117)
GO:0016082	synaptic vesicle priming	occurs_in(CL:0000117)
GO:0002931	response to ischemia	occurs_in(CL:0000117)
GO:0008083	growth factor activity	occurs_in(CL:0000117)
GO:0007005	mitochondrion organization	occurs_in(CL:0000117)
GO:0007040	lysosome organization	occurs_in(CL:0000117)
GO:0007040	lysosome organization	occurs_in(CL:0000117)
GO:0007040	lysosome organization	occurs_in(CL:0000117)
GO:0007040	lysosome organization	occurs_in(CL:0000117)
GO:0007040	lysosome organization	occurs_in(CL:0000117)
GO:0019226	transmission of nerve impulse	occurs_in(CL:0000117)
GO:0034605	cellular response to heat	occurs_in(CL:0000117)
GO:0048489	synaptic vesicle transport	occurs_in(CL:0000117)
GO:0006874	cellular calcium ion homeostasis	occurs_in(CL:0000117)
GO:0016199	axon midline choice point recognition	occurs_in(CL:0000117)
GO:0061162	establishment of monopolar cell polarity	occurs_in(CL:0000117)
GO:0035494	SNARE complex disassembly	occurs_in(CL:0000117)
GO:0007040	lysosome organization	occurs_in(CL:0000117)
GO:0030010	establishment of cell polarity	occurs_in(CL:0000117)
GO:0045471	response to ethanol	occurs_in(CL:0000117)
GO:0000187	activation of MAPK activity	occurs_in(CL:0000117)
GO:0048013	ephrin receptor signaling pathway	occurs_in(CL:0000117)
GO:0016197	endosomal transport	occurs_in(CL:0000117)
GO:0005245	voltage-gated calcium channel activity	occurs_in(CL:0000117)
GO:0060080	inhibitory postsynaptic potential	occurs_in(CL:0000117)
GO:0022848	acetylcholine-gated cation-selective channel activity	occurs_in(CL:0000117)
GO:0022848	acetylcholine-gated cation-selective channel activity	occurs_in(CL:0000117)
GO:0022848	acetylcholine-gated cation-selective channel activity	occurs_in(CL:0000117)
GO:0022848	acetylcholine-gated cation-selective channel activity	occurs_in(CL:0000117)
GO:0022848	acetylcholine-gated cation-selective channel activity	occurs_in(CL:0000117)
GO:0022848	acetylcholine-gated cation-selective channel activity	occurs_in(CL:0000117)
GO:0022848	acetylcholine-gated cation-selective channel activity	occurs_in(CL:0000117)
GO:0022848	acetylcholine-gated cation-selective channel activity	occurs_in(CL:0000117)
GO:0022848	acetylcholine-gated cation-selective channel activity	occurs_in(CL:0000117)
GO:0022848	acetylcholine-gated cation-selective channel activity	occurs_in(CL:0000117)
GO:0022848	acetylcholine-gated cation-selective channel activity	occurs_in(CL:0000117)
GO:0048488	synaptic vesicle endocytosis	occurs_in(CL:0000117)
GO:0021952	central nervous system projection neuron axonogenesis	occurs_in(CL:0000117)
GO:0098930	axonal transport	occurs_in(CL:0000117)
GO:0016485	protein processing	occurs_in(CL:0000120
GO:0005245	voltage-gated calcium channel activity	occurs_in(CL:0000120)
GO:0008331	high voltage-gated calcium channel activity	occurs_in(CL:0000120)
GO:0005245	voltage-gated calcium channel activity	occurs_in(CL:0000120)
GO:0021938	smoothened signaling pathway involved in regulation of cerebellar granule cell precursor cell proliferation	occurs_in(CL:0000120)
GO:0021938	smoothened signaling pathway involved in regulation of cerebellar granule cell precursor cell proliferation	occurs_in(CL:0000120)
GO:0061024	membrane organization	occurs_in(CL:0000120)
GO:0007409	axonogenesis	occurs_in(CL:0000120)
GO:0006508	proteolysis	occurs_in(CL:0000120)
GO:0006689	ganglioside catabolic process	occurs_in(CL:0000120)
GO:0016197	endosomal transport	occurs_in(CL:0000120)
GO:0008233	peptidase activity	occurs_in(CL:0000120)
GO:0004972	NMDA glutamate receptor activity	occurs_in(CL:0000120)
GO:0004972	NMDA glutamate receptor activity	occurs_in(CL:0000120)
GO:0010043	response to zinc ion	occurs_in(CL:0000120)
GO:0007265	Ras protein signal transduction	occurs_in(CL:0000120)
GO:0006874	cellular calcium ion homeostasis	occurs_in(CL:0000120)
GO:0021938	smoothened signaling pathway involved in regulation of cerebellar granule cell precursor cell proliferation	occurs_in(CL:0000120)
GO:0033198	response to ATP	occurs_in(CL:0000120)
GO:0004972	NMDA glutamate receptor activity	occurs_in(CL:0000120)
GO:0035235	ionotropic glutamate receptor signaling pathway	occurs_in(CL:0000120)
GO:0051592	response to calcium ion	occurs_in(CL:0000120)
GO:0031175	neuron projection development	occurs_in(CL:0000120)
GO:0004972	NMDA glutamate receptor activity	occurs_in(CL:0000120)
GO:0007040	lysosome organization	occurs_in(CL:0000120)
GO:1900453	negative regulation of long term synaptic depression	occurs_in(CL:0000121
GO:0031175	neuron projection development	occurs_in(CL:0000121)
GO:0005245	voltage-gated calcium channel activity	occurs_in(CL:0000121)
GO:0019915	lipid storage	occurs_in(CL:0000121)
GO:0048468	cell development	occurs_in(CL:0000121)
GO:0007005	mitochondrion organization	occurs_in(CL:0000121)
GO:0005313	L-glutamate transmembrane transporter activity	occurs_in(CL:0000121)
GO:0009313	oligosaccharide catabolic process	occurs_in(CL:0000121)
GO:0019915	lipid storage	occurs_in(CL:0000121)
GO:0005245	voltage-gated calcium channel activity	occurs_in(CL:0000121)
GO:0006816	calcium ion transport	occurs_in(CL:0000121)
GO:0006878	cellular copper ion homeostasis	occurs_in(CL:0000121)
GO:0045162	clustering of voltage-gated sodium channels	occurs_in(CL:0000121)
GO:0048812	neuron projection morphogenesis	occurs_in(CL:0000121)
GO:0021955	central nervous system neuron axonogenesis	occurs_in(CL:0000121)
GO:0021955	central nervous system neuron axonogenesis	occurs_in(CL:0000121)
GO:0016049	cell growth	occurs_in(CL:0000121)
GO:0048813	dendrite morphogenesis	occurs_in(CL:0000121)
GO:0048813	dendrite morphogenesis	occurs_in(CL:0000121)
GO:0030968	endoplasmic reticulum unfolded protein response	occurs_in(CL:0000121)
GO:0008331	high voltage-gated calcium channel activity	occurs_in(CL:0000121)
GO:0008331	high voltage-gated calcium channel activity	occurs_in(CL:0000121)
GO:0051899	membrane depolarization	occurs_in(CL:0000121)
GO:0048812	neuron projection morphogenesis	occurs_in(CL:0000121)
GO:0030644	cellular chloride ion homeostasis	occurs_in(CL:0000121)
GO:0043066	negative regulation of apoptotic process	occurs_in(CL:0000121)
GO:0007416	synapse assembly	occurs_in(CL:0000121)
GO:0007005	mitochondrion organization	occurs_in(CL:0000121)
GO:0061024	membrane organization	occurs_in(CL:0000121)
GO:0006814	sodium ion transport	occurs_in(CL:0000121)
GO:0019228	neuronal action potential	occurs_in(CL:0000121)
GO:0005515	protein binding	occurs_in(CL:0000121)
GO:0015813	L-glutamate transport	occurs_in(CL:0000121)
GO:0048813	dendrite morphogenesis	occurs_in(CL:0000121)
GO:0016236	macroautophagy	occurs_in(CL:0000121)
GO:0006511	ubiquitin-dependent protein catabolic process	occurs_in(CL:0000121)
GO:0010629	negative regulation of gene expression	occurs_in(CL:0000122
GO:0010628	positive regulation of gene expression	occurs_in(CL:0000122
GO:0035278	miRNA mediated inhibition of translation	occurs_in(CL:0000122)
GO:0035195	gene silencing by miRNA	occurs_in(CL:0000122)
GO:0032966	negative regulation of collagen biosynthetic process	occurs_in(CL:0000122)
GO:0035278	miRNA mediated inhibition of translation	occurs_in(CL:0000122)
GO:0035195	gene silencing by miRNA	occurs_in(CL:0000122)
GO:0055078	sodium ion homeostasis	occurs_in(CL:0000125)
GO:1990440	positive regulation of transcription from RNA polymerase II promoter in response to endoplasmic reticulum stress	occurs_in(CL:0000125)
GO:1902236	negative regulation of endoplasmic reticulum stress-induced intrinsic apoptotic signaling pathway	occurs_in(CL:0000125)
GO:0005515	protein binding	occurs_in(CL:0000125)
GO:0005272	sodium channel activity	occurs_in(CL:0000125)
GO:0005096	GTPase activator activity	occurs_in(CL:0000127
GO:0032760	positive regulation of tumor necrosis factor production	occurs_in(CL:0000127
GO:0010507	negative regulation of autophagy	occurs_in(CL:0000127
GO:0034138	toll-like receptor 3 signaling pathway	occurs_in(CL:0000127
GO:1990927	calcium ion regulated lysosome exocytosis	occurs_in(CL:0000127
GO:0043652	engulfment of apoptotic cell	occurs_in(CL:0000127
GO:0001778	plasma membrane repair	occurs_in(CL:0000127
GO:0001778	plasma membrane repair	occurs_in(CL:0000127
GO:0060049	regulation of protein glycosylation	occurs_in(CL:0000127
GO:0043085	positive regulation of catalytic activity	occurs_in(CL:0000127
GO:0010628	positive regulation of gene expression	occurs_in(CL:0000127
GO:0032496	response to lipopolysaccharide	occurs_in(CL:0000127
GO:0045109	intermediate filament organization	occurs_in(CL:0000127)
GO:0006809	nitric oxide biosynthetic process	occurs_in(CL:0000127)
GO:0033198	response to ATP	occurs_in(CL:0000127)
GO:0046889	positive regulation of lipid biosynthetic process	occurs_in(CL:0000127)
GO:0051055	negative regulation of lipid biosynthetic process	occurs_in(CL:0000127)
GO:0003924	GTPase activity	occurs_in(CL:0000127)
GO:0043132	NAD transport	occurs_in(CL:0000127)
GO:0010875	positive regulation of cholesterol efflux	occurs_in(CL:0000127)
GO:0005242	inward rectifier potassium channel activity	occurs_in(CL:0000127)
GO:0072584	caveolin-mediated endocytosis	occurs_in(CL:0000127)
GO:0005515	protein binding	occurs_in(CL:0000127)
GO:0017038	protein import	occurs_in(CL:0000127)
GO:0006166	purine ribonucleoside salvage	occurs_in(CL:0000127)
GO:0046100	hypoxanthine metabolic process	occurs_in(CL:0000127)
GO:0045109	intermediate filament organization	occurs_in(CL:0000127)
GO:1902023	L-arginine transport	occurs_in(CL:0000127)
GO:0007265	Ras protein signal transduction	occurs_in(CL:0000127)
GO:0006878	cellular copper ion homeostasis	occurs_in(CL:0000127)
GO:0060075	regulation of resting membrane potential	occurs_in(CL:0000127)
GO:0006900	membrane budding	occurs_in(CL:0000127)
GO:0010942	positive regulation of cell death	occurs_in(CL:0000127)
GO:0051019	mitogen-activated protein kinase binding	occurs_in(CL:0000127)
GO:0032403	protein complex binding	occurs_in(CL:0000127)
GO:0009611	response to wounding	occurs_in(CL:0000127)
GO:0005243	gap junction channel activity	occurs_in(CL:0000127)
GO:0030036	actin cytoskeleton organization	occurs_in(CL:0000127)
GO:0004462	lactoylglutathione lyase activity	occurs_in(CL:0000127)
GO:0060075	regulation of resting membrane potential	occurs_in(CL:0000127)
GO:1902995	positive regulation of phospholipid efflux	occurs_in(CL:0000127)
GO:0090370	negative regulation of cholesterol efflux	occurs_in(CL:0000127)
GO:0045892	negative regulation of transcription, DNA-templated	occurs_in(CL:0000127)
GO:0006178	guanine salvage	occurs_in(CL:0000127)
GO:0061459	L-arginine transmembrane transporter activity	occurs_in(CL:0000127)
GO:0004416	hydroxyacylglutathione hydrolase activity	occurs_in(CL:0000127)
GO:0071805	potassium ion transmembrane transport	occurs_in(CL:0000127)
GO:1902999	negative regulation of phospholipid efflux	occurs_in(CL:0000127)
GO:0004422	hypoxanthine phosphoribosyltransferase activity	occurs_in(CL:0000127)
GO:0006168	adenine salvage	occurs_in(CL:0000127)
GO:0007015	actin filament organization	occurs_in(CL:0000127)
GO:0019243	methylglyoxal catabolic process to D-lactate via S-lactoyl-glutathione	occurs_in(CL:0000127)
GO:0006882	cellular zinc ion homeostasis	occurs_in(CL:0000127)
GO:0034599	cellular response to oxidative stress	occurs_in(CL:0000127)
GO:1904925	positive regulation of mitophagy in response to mitochondrial depolarization	occurs_in(CL:0000127)
GO:1900221	regulation of beta-amyloid clearance	occurs_in(CL:0000127)
GO:0051935	glutamate reuptake	occurs_in(CL:0000127)
GO:0017038	protein import	occurs_in(CL:0000127)
GO:1900221	regulation of beta-amyloid clearance	occurs_in(CL:0000127)
GO:0010918	positive regulation of mitochondrial membrane potential	occurs_in(CL:0000127)
GO:0010468	regulation of gene expression	occurs_in(CL:0000128
GO:0010468	regulation of gene expression	occurs_in(CL:0000128
GO:0000226	microtubule cytoskeleton organization	occurs_in(CL:0000128)
GO:0060075	regulation of resting membrane potential	occurs_in(CL:0000128)
GO:0010907	positive regulation of glucose metabolic process	occurs_in(CL:0000128)
GO:0030032	lamellipodium assembly	occurs_in(CL:0000128)
GO:1900142	negative regulation of oligodendrocyte apoptotic process	occurs_in(CL:0000128)
GO:0007015	actin filament organization	occurs_in(CL:0000128)
GO:0008134	transcription factor binding	occurs_in(CL:0000128)
GO:0048468	cell development	occurs_in(CL:0000128)
GO:0048468	cell development	occurs_in(CL:0000128)
GO:0048468	cell development	occurs_in(CL:0000128)
GO:0043066	negative regulation of apoptotic process	occurs_in(CL:0000128)
GO:0017038	protein import	occurs_in(CL:0000129
GO:1900221	regulation of beta-amyloid clearance	occurs_in(CL:0000129
GO:0034138	toll-like receptor 3 signaling pathway	occurs_in(CL:0000129)
GO:0050435	beta-amyloid metabolic process	occurs_in(CL:0000129)
GO:0007040	lysosome organization	occurs_in(CL:0000129)
GO:0007040	lysosome organization	occurs_in(CL:0000129)
GO:0034138	toll-like receptor 3 signaling pathway	occurs_in(CL:0000129)
GO:0042493	response to drug	occurs_in(CL:0000129)
GO:0042554	superoxide anion generation	occurs_in(CL:0000129)
GO:0008144	drug binding	occurs_in(CL:0000129)
GO:0060101	negative regulation of phagocytosis, engulfment	occurs_in(CL:0000129)
GO:0002437	inflammatory response to antigenic stimulus	occurs_in(CL:0000129)
GO:0032496	response to lipopolysaccharide	occurs_in(CL:0000129)
GO:0007040	lysosome organization	occurs_in(CL:0000129)
GO:0007040	lysosome organization	occurs_in(CL:0000129)
GO:0032496	response to lipopolysaccharide	occurs_in(CL:0000129)
GO:0006047	UDP-N-acetylglucosamine metabolic process	occurs_in(CL:0000131)
GO:0006047	UDP-N-acetylglucosamine metabolic process	occurs_in(CL:0000131)
GO:0006878	cellular copper ion homeostasis	occurs_in(CL:0000131)
GO:0035088	establishment or maintenance of apical/basal cell polarity	occurs_in(CL:0000131)
GO:0045198	establishment of epithelial cell apical/basal polarity	occurs_in(CL:0000131)
GO:0045766	positive regulation of angiogenesis	occurs_in(CL:0000132)
GO:0060271	cilium assembly	occurs_in(CL:0000133
GO:0060271	cilium assembly	occurs_in(CL:0000133)
GO:0010628	positive regulation of gene expression	occurs_in(CL:0000134
GO:0001077	transcriptional activator activity, RNA polymerase II core promoter proximal region sequence-specific binding	occurs_in(CL:0000134
GO:0051895	negative regulation of focal adhesion assembly	occurs_in(CL:0000134
GO:0035195	gene silencing by miRNA	occurs_in(CL:0000134
GO:0035195	gene silencing by miRNA	occurs_in(CL:0000134
GO:0003682	chromatin binding	occurs_in(CL:0000134
GO:0043565	sequence-specific DNA binding	occurs_in(CL:0000134
GO:0000122	negative regulation of transcription from RNA polymerase II promoter	occurs_in(CL:0000134
GO:0010629	negative regulation of gene expression	occurs_in(CL:0000134
GO:0051220	cytoplasmic sequestering of protein	occurs_in(CL:0000134
GO:0010628	positive regulation of gene expression	occurs_in(CL:0000134
GO:0010628	positive regulation of gene expression	occurs_in(CL:0000134
GO:0010629	negative regulation of gene expression	occurs_in(CL:0000134
GO:0010628	positive regulation of gene expression	occurs_in(CL:0000134
GO:0010628	positive regulation of gene expression	occurs_in(CL:0000134
GO:0010628	positive regulation of gene expression	occurs_in(CL:0000134
GO:0010628	positive regulation of gene expression	occurs_in(CL:0000134
GO:0060070	canonical Wnt signaling pathway	occurs_in(CL:0000134)
GO:0007050	cell cycle arrest	occurs_in(CL:0000134)
GO:0061037	negative regulation of cartilage development	occurs_in(CL:0000134)
GO:0035195	gene silencing by miRNA	occurs_in(CL:0000134)
GO:0035195	gene silencing by miRNA	occurs_in(CL:0000134)
GO:1901203	positive regulation of extracellular matrix assembly	occurs_in(CL:0000134)
GO:1990782	protein tyrosine kinase binding	occurs_in(CL:0000134)
GO:0043408	regulation of MAPK cascade	occurs_in(CL:0000134)
GO:0097190	apoptotic signaling pathway	occurs_in(CL:0000134)
GO:0070555	response to interleukin-1	occurs_in(CL:0000134)
GO:1905208	negative regulation of cardiocyte differentiation	occurs_in(CL:0000134)
GO:0038091	positive regulation of cell proliferation by VEGF-activated platelet derived growth factor receptor signaling pathway	occurs_in(CL:0000134)
GO:0051895	negative regulation of focal adhesion assembly	occurs_in(CL:0000134)
GO:0060783	mesenchymal smoothened signaling pathway involved in prostate gland development	occurs_in(CL:0000134)
GO:0030010	establishment of cell polarity	occurs_in(CL:0000134)
GO:1904932	negative regulation of cartilage condensation	occurs_in(CL:0000134)
GO:0070374	positive regulation of ERK1 and ERK2 cascade	occurs_in(CL:0000134)
GO:0070374	positive regulation of ERK1 and ERK2 cascade	occurs_in(CL:0000134)
GO:1905209	positive regulation of cardiocyte differentiation	occurs_in(CL:0000134)
GO:0060271	cilium assembly	occurs_in(CL:0000134)
GO:0004222	metalloendopeptidase activity	occurs_in(CL:0000134)
GO:0050650	chondroitin sulfate proteoglycan biosynthetic process	occurs_in(CL:0000134)
GO:0060271	cilium assembly	occurs_in(CL:0000134)
GO:0060271	cilium assembly	occurs_in(CL:0000134)
GO:0010628	positive regulation of gene expression	occurs_in(CL:0000134)
GO:0004222	metalloendopeptidase activity	occurs_in(CL:0000134)
GO:1990314	cellular response to insulin-like growth factor stimulus	occurs_in(CL:0000134)
GO:1903231	mRNA binding involved in posttranscriptional gene silencing	occurs_in(CL:0000134)
GO:1903231	mRNA binding involved in posttranscriptional gene silencing	occurs_in(CL:0000134)
GO:0008543	fibroblast growth factor receptor signaling pathway	occurs_in(CL:0000134)
GO:0071346	cellular response to interferon-gamma	occurs_in(CL:0000134)
GO:1905283	negative regulation of epidermal growth factor receptor signaling pathway involved in heart process	occurs_in(CL:0000134)
GO:2000773	negative regulation of cellular senescence	occurs_in(CL:0000134)
GO:0007224	smoothened signaling pathway	occurs_in(CL:0000134)
GO:0006954	inflammatory response	occurs_in(CL:0000134)
GO:2000774	positive regulation of cellular senescence	occurs_in(CL:0000134)
GO:0005178	integrin binding	occurs_in(CL:0000134)
GO:0001933	negative regulation of protein phosphorylation	occurs_in(CL:0000134)
GO:0005262	calcium channel activity	occurs_in(CL:0000136
GO:0010628	positive regulation of gene expression	occurs_in(CL:0000136
GO:0070374	positive regulation of ERK1 and ERK2 cascade	occurs_in(CL:0000136
GO:0010739	positive regulation of protein kinase A signaling	occurs_in(CL:0000136
GO:0035195	gene silencing by miRNA	occurs_in(CL:0000136
GO:0010628	positive regulation of gene expression	occurs_in(CL:0000136
GO:0001228	transcriptional activator activity, RNA polymerase II transcription regulatory region sequence-specific binding	occurs_in(CL:0000136
GO:0033138	positive regulation of peptidyl-serine phosphorylation	occurs_in(CL:0000136
GO:0070374	positive regulation of ERK1 and ERK2 cascade	occurs_in(CL:0000136
GO:0010629	negative regulation of gene expression	occurs_in(CL:0000136
GO:0000122	negative regulation of transcription from RNA polymerase II promoter	occurs_in(CL:0000136
GO:2000340	positive regulation of chemokine (C-X-C motif) ligand 1 production	occurs_in(CL:0000136
GO:0003677	DNA binding	occurs_in(CL:0000136
GO:0010629	negative regulation of gene expression	occurs_in(CL:0000136
GO:0045892	negative regulation of transcription, DNA-templated	occurs_in(CL:0000136
GO:0071477	cellular hypotonic salinity response	occurs_in(CL:0000136
GO:0071642	positive regulation of macrophage inflammatory protein 1 alpha production	occurs_in(CL:0000136
GO:0010468	regulation of gene expression	occurs_in(CL:0000136
GO:0000122	negative regulation of transcription from RNA polymerase II promoter	occurs_in(CL:0000136
GO:0004175	endopeptidase activity	occurs_in(CL:0000136)
GO:0032496	response to lipopolysaccharide	occurs_in(CL:0000136)
GO:0032869	cellular response to insulin stimulus	occurs_in(CL:0000136)
GO:0050995	negative regulation of lipid catabolic process	occurs_in(CL:0000136)
GO:0045723	positive regulation of fatty acid biosynthetic process	occurs_in(CL:0000136)
GO:0043548	phosphatidylinositol 3-kinase binding	occurs_in(CL:0000136)
GO:0071320	cellular response to cAMP	occurs_in(CL:0000136)
GO:0046330	positive regulation of JNK cascade	occurs_in(CL:0000136)
GO:0004190	aspartic-type endopeptidase activity	occurs_in(CL:0000136)
GO:0032869	cellular response to insulin stimulus	occurs_in(CL:0000136)
GO:0044381	glucose import in response to insulin stimulus	occurs_in(CL:0000136)
GO:0031532	actin cytoskeleton reorganization	occurs_in(CL:0000136)
GO:0034389	lipid particle organization	occurs_in(CL:0000136)
GO:0010628	positive regulation of gene expression	occurs_in(CL:0000136)
GO:0010906	regulation of glucose metabolic process	occurs_in(CL:0000136)
GO:0071651	positive regulation of chemokine (C-C motif) ligand 5 production	occurs_in(CL:0000136)
GO:0050996	positive regulation of lipid catabolic process	occurs_in(CL:0000136)
GO:0031999	negative regulation of fatty acid beta-oxidation	occurs_in(CL:0000136)
GO:2000778	positive regulation of interleukin-6 secretion	occurs_in(CL:0000136)
GO:0004069	L-aspartate:2-oxoglutarate aminotransferase activity	occurs_in(CL:0000136)
GO:0006114	glycerol biosynthetic process	occurs_in(CL:0000136)
GO:0071310	cellular response to organic substance	occurs_in(CL:0000136)
GO:0048468	cell development	occurs_in(CL:0000136)
GO:0031529	ruffle organization	occurs_in(CL:0000136)
GO:0016042	lipid catabolic process	occurs_in(CL:0000136)
GO:0044242	cellular lipid catabolic process	occurs_in(CL:0000136)
GO:0071639	positive regulation of monocyte chemotactic protein-1 production	occurs_in(CL:0000136)
GO:1903759	signal transduction involved in regulation of aerobic respiration	occurs_in(CL:0000136)
GO:0007040	lysosome organization	occurs_in(CL:0000137)
GO:0007040	lysosome organization	occurs_in(CL:0000137)
GO:0007030	Golgi organization	occurs_in(CL:0000138
GO:0016239	positive regulation of macroautophagy	occurs_in(CL:0000138
GO:0045794	negative regulation of cell volume	occurs_in(CL:0000138
GO:0032308	positive regulation of prostaglandin secretion	occurs_in(CL:0000138
GO:0032331	negative regulation of chondrocyte differentiation	occurs_in(CL:0000138
GO:0010468	regulation of gene expression	occurs_in(CL:0000138
GO:0000122	negative regulation of transcription from RNA polymerase II promoter	occurs_in(CL:0000138
GO:0051726	regulation of cell cycle	occurs_in(CL:0000138)
GO:0007040	lysosome organization	occurs_in(CL:0000138)
GO:1905515	non-motile cilium assembly	occurs_in(CL:0000138)
GO:0005262	calcium channel activity	occurs_in(CL:0000138)
GO:0071476	cellular hypotonic response	occurs_in(CL:0000138)
GO:1990035	calcium ion import into cell	occurs_in(CL:0000138)
GO:1900026	positive regulation of substrate adhesion-dependent cell spreading	occurs_in(CL:0000138)
GO:0030513	positive regulation of BMP signaling pathway	occurs_in(CL:0000138)
GO:0007040	lysosome organization	occurs_in(CL:0000138)
GO:0060070	canonical Wnt signaling pathway	occurs_in(CL:0000138)
GO:0000165	MAPK cascade	occurs_in(CL:0000138)
GO:0032496	response to lipopolysaccharide	occurs_in(CL:0000138)
GO:0008543	fibroblast growth factor receptor signaling pathway	occurs_in(CL:0000138)
GO:0071773	cellular response to BMP stimulus	occurs_in(CL:0000138)
GO:0008284	positive regulation of cell proliferation	occurs_in(CL:0000138)
GO:0061572	actin filament bundle organization	occurs_in(CL:0000138)
GO:0032091	negative regulation of protein binding	occurs_in(CL:0000138)
GO:0070588	calcium ion transmembrane transport	occurs_in(CL:0000138)
GO:0000082	G1/S transition of mitotic cell cycle	occurs_in(CL:0000138)
GO:0007040	lysosome organization	occurs_in(CL:0000138)
GO:0071300	cellular response to retinoic acid	occurs_in(CL:0000138)
GO:0007040	lysosome organization	occurs_in(CL:0000138)
GO:0005007	fibroblast growth factor-activated receptor activity	occurs_in(CL:0000138)
GO:0071560	cellular response to transforming growth factor beta stimulus	occurs_in(CL:0000138)
GO:0040037	negative regulation of fibroblast growth factor receptor signaling pathway	occurs_in(CL:0000138)
GO:0048468	cell development	occurs_in(CL:0000148)
GO:0048753	pigment granule organization	occurs_in(CL:0000148)
GO:0043473	pigmentation	occurs_in(CL:0000148)
GO:0008630	intrinsic apoptotic signaling pathway in response to DNA damage	occurs_in(CL:0000148)
GO:0032793	positive regulation of CREB transcription factor activity	occurs_in(CL:0000148)
GO:0032438	melanosome organization	occurs_in(CL:0000148)
GO:0032438	melanosome organization	occurs_in(CL:0000148)
GO:0032438	melanosome organization	occurs_in(CL:0000148)
GO:0035372	protein localization to microtubule	occurs_in(CL:0000148)
GO:0070374	positive regulation of ERK1 and ERK2 cascade	occurs_in(CL:0000148)
GO:0044336	canonical Wnt signaling pathway involved in negative regulation of apoptotic process	occurs_in(CL:0000148)
GO:1903861	positive regulation of dendrite extension	occurs_in(CL:0000148)
GO:0048468	cell development	occurs_in(CL:0000148)
GO:0048193	Golgi vesicle transport	occurs_in(CL:0000148)
GO:0003682	chromatin binding	occurs_in(CL:0000150
GO:0003682	chromatin binding	occurs_in(CL:0000150
GO:0003682	chromatin binding	occurs_in(CL:0000150
GO:0003682	chromatin binding	occurs_in(CL:0000150
GO:0003682	chromatin binding	occurs_in(CL:0000150
GO:0003682	chromatin binding	occurs_in(CL:0000150
GO:0003682	chromatin binding	occurs_in(CL:0000150
GO:0003682	chromatin binding	occurs_in(CL:0000150
GO:0003682	chromatin binding	occurs_in(CL:0000150
GO:0003682	chromatin binding	occurs_in(CL:0000150
GO:0003682	chromatin binding	occurs_in(CL:0000150
GO:0003682	chromatin binding	occurs_in(CL:0000150
GO:0003682	chromatin binding	occurs_in(CL:0000150
GO:0003682	chromatin binding	occurs_in(CL:0000150
GO:0016055	Wnt signaling pathway	occurs_in(CL:0000150)
GO:0006825	copper ion transport	occurs_in(CL:0000150)
GO:0005515	protein binding	occurs_in(CL:0000150)
GO:0003831	beta-N-acetylglucosaminylglycopeptide beta-1,4-galactosyltransferase activity	occurs_in(CL:0000150)
GO:0070254	mucus secretion	occurs_in(CL:0000158)
GO:0000122	negative regulation of transcription from RNA polymerase II promoter	occurs_in(CL:0000160
GO:0000122	negative regulation of transcription from RNA polymerase II promoter	occurs_in(CL:0000160
GO:0002067	glandular epithelial cell differentiation	occurs_in(CL:0000160)
GO:0061024	membrane organization	occurs_in(CL:0000162
GO:0070374	positive regulation of ERK1 and ERK2 cascade	occurs_in(CL:0000165
GO:0051897	positive regulation of protein kinase B signaling	occurs_in(CL:0000165
GO:0048666	neuron development	occurs_in(CL:0000165)
GO:0043524	negative regulation of neuron apoptotic process	occurs_in(CL:0000165)
GO:2001224	positive regulation of neuron migration	occurs_in(CL:0000165)
GO:1903305	regulation of regulated secretory pathway	occurs_in(CL:0000165)
GO:2001237	negative regulation of extrinsic apoptotic signaling pathway	occurs_in(CL:0000165)
GO:0038084	vascular endothelial growth factor signaling pathway	occurs_in(CL:0000165)
GO:0033604	negative regulation of catecholamine secretion	occurs_in(CL:0000166
GO:0031584	activation of phospholipase D activity	occurs_in(CL:0000166
GO:0017156	calcium ion regulated exocytosis	occurs_in(CL:0000166)
GO:0006904	vesicle docking involved in exocytosis	occurs_in(CL:0000166)
GO:0048468	cell development	occurs_in(CL:0000166)
GO:0006809	nitric oxide biosynthetic process	occurs_in(CL:0000166)
GO:0008331	high voltage-gated calcium channel activity	occurs_in(CL:0000166)
GO:0048242	epinephrine secretion	occurs_in(CL:0000166)
GO:0001666	response to hypoxia	occurs_in(CL:0000166)
GO:0006904	vesicle docking involved in exocytosis	occurs_in(CL:0000169
GO:0035774	positive regulation of insulin secretion involved in cellular response to glucose stimulus	occurs_in(CL:0000169
GO:0045921	positive regulation of exocytosis	occurs_in(CL:0000169
GO:1902161	positive regulation of cyclic nucleotide-gated ion channel activity	occurs_in(CL:0000169
GO:1902161	positive regulation of cyclic nucleotide-gated ion channel activity	occurs_in(CL:0000169
GO:0006739	NADP metabolic process	occurs_in(CL:0000169)
GO:1904691	negative regulation of type B pancreatic cell proliferation	occurs_in(CL:0000169)
GO:0043066	negative regulation of apoptotic process	occurs_in(CL:0000169)
GO:0005515	protein binding	occurs_in(CL:0000169)
GO:0006468	protein phosphorylation	occurs_in(CL:0000169)
GO:0030073	insulin secretion	occurs_in(CL:0000169)
GO:0035774	positive regulation of insulin secretion involved in cellular response to glucose stimulus	occurs_in(CL:0000169)
GO:0050796	regulation of insulin secretion	occurs_in(CL:0000169)
GO:0006470	protein dephosphorylation	occurs_in(CL:0000169)
GO:0048468	cell development	occurs_in(CL:0000169)
GO:0070588	calcium ion transmembrane transport	occurs_in(CL:0000169)
GO:1990145	maintenance of translational fidelity	occurs_in(CL:0000169)
GO:0043066	negative regulation of apoptotic process	occurs_in(CL:0000169)
GO:0017156	calcium ion regulated exocytosis	occurs_in(CL:0000169)
GO:0048487	beta-tubulin binding	occurs_in(CL:0000169)
GO:1905552	positive regulation of protein localization to endoplasmic reticulum	occurs_in(CL:0000169)
GO:0045921	positive regulation of exocytosis	occurs_in(CL:0000169)
GO:0005245	voltage-gated calcium channel activity	occurs_in(CL:0000169)
GO:1902476	chloride transmembrane transport	occurs_in(CL:0000169)
GO:0031369	translation initiation factor binding	occurs_in(CL:0000169)
GO:0017156	calcium ion regulated exocytosis	occurs_in(CL:0000169)
GO:0035598	N6-threonylcarbomyladenosine methylthiotransferase activity	occurs_in(CL:0000169)
GO:0005254	chloride channel activity	occurs_in(CL:0000169)
GO:0030073	insulin secretion	occurs_in(CL:0000169)
GO:0010907	positive regulation of glucose metabolic process	occurs_in(CL:0000169)
GO:0033192	calmodulin-dependent protein phosphatase activity	occurs_in(CL:0000169)
GO:0004473	malate dehydrogenase (decarboxylating) (NADP+) activity	occurs_in(CL:0000169)
GO:0005245	voltage-gated calcium channel activity	occurs_in(CL:0000169)
GO:1990502	dense core granule maturation	occurs_in(CL:0000169)
GO:0035600	tRNA methylthiolation	occurs_in(CL:0000169)
GO:1905552	positive regulation of protein localization to endoplasmic reticulum	occurs_in(CL:0000169)
GO:0005515	protein binding	occurs_in(CL:0000169)
GO:0005515	protein binding	occurs_in(CL:0000169)
GO:0000149	SNARE binding	occurs_in(CL:0000169)
GO:0048468	cell development	occurs_in(CL:0000171)
GO:0005245	voltage-gated calcium channel activity	occurs_in(CL:0000173)
GO:0070588	calcium ion transmembrane transport	occurs_in(CL:0000173)
GO:0008211	glucocorticoid metabolic process	occurs_in(CL:0000174)
GO:0008211	glucocorticoid metabolic process	occurs_in(CL:0000174)
GO:0044255	cellular lipid metabolic process	occurs_in(CL:0000174)
GO:0044255	cellular lipid metabolic process	occurs_in(CL:0000174)
GO:2000833	positive regulation of steroid hormone secretion	occurs_in(CL:0000178
GO:2000844	negative regulation of testosterone secretion	occurs_in(CL:0000178
GO:0003714	transcription corepressor activity	occurs_in(CL:0000178)
GO:0000122	negative regulation of transcription from RNA polymerase II promoter	occurs_in(CL:0000178)
GO:2001237	negative regulation of extrinsic apoptotic signaling pathway	occurs_in(CL:0000178)
GO:0004321	fatty-acyl-CoA synthase activity	occurs_in(CL:0000178)
GO:0005515	protein binding	occurs_in(CL:0000178)
GO:0008211	glucocorticoid metabolic process	occurs_in(CL:0000178)
GO:0044255	cellular lipid metabolic process	occurs_in(CL:0000178)
GO:0006637	acyl-CoA metabolic process	occurs_in(CL:0000178)
GO:0043970	histone H3-K9 acetylation	occurs_in(CL:0000182
GO:0000122	negative regulation of transcription from RNA polymerase II promoter	occurs_in(CL:0000182
GO:0000122	negative regulation of transcription from RNA polymerase II promoter	occurs_in(CL:0000182
GO:0043086	negative regulation of catalytic activity	occurs_in(CL:0000182
GO:0006470	protein dephosphorylation	occurs_in(CL:0000182
GO:0007031	peroxisome organization	occurs_in(CL:0000182)
GO:0007029	endoplasmic reticulum organization	occurs_in(CL:0000182)
GO:0070059	intrinsic apoptotic signaling pathway in response to endoplasmic reticulum stress	occurs_in(CL:0000182)
GO:0019216	regulation of lipid metabolic process	occurs_in(CL:0000182)
GO:0008283	cell proliferation	occurs_in(CL:0000182)
GO:0006879	cellular iron ion homeostasis	occurs_in(CL:0000182)
GO:0045944	positive regulation of transcription from RNA polymerase II promoter	occurs_in(CL:0000182)
GO:0045944	positive regulation of transcription from RNA polymerase II promoter	occurs_in(CL:0000182)
GO:0006646	phosphatidylethanolamine biosynthetic process	occurs_in(CL:0000182)
GO:0019433	triglyceride catabolic process	occurs_in(CL:0000182)
GO:0007031	peroxisome organization	occurs_in(CL:0000182)
GO:0000070	mitotic sister chromatid segregation	occurs_in(CL:0000182)
GO:0001836	release of cytochrome c from mitochondria	occurs_in(CL:0000182)
GO:0015911	plasma membrane long-chain fatty acid transport	occurs_in(CL:0000182)
GO:0010629	negative regulation of gene expression	occurs_in(CL:0000182)
GO:0071615	oxidative deethylation	occurs_in(CL:0000182)
GO:0042503	tyrosine phosphorylation of Stat3 protein	occurs_in(CL:0000182)
GO:0031877	somatostatin receptor binding	occurs_in(CL:0000182)
GO:0042158	lipoprotein biosynthetic process	occurs_in(CL:0000182)
GO:0006635	fatty acid beta-oxidation	occurs_in(CL:0000182)
GO:0007005	mitochondrion organization	occurs_in(CL:0000182)
GO:0004941	beta2-adrenergic receptor activity	occurs_in(CL:0000182)
GO:0035357	peroxisome proliferator activated receptor signaling pathway	occurs_in(CL:0000182)
GO:0051055	negative regulation of lipid biosynthetic process	occurs_in(CL:0000182)
GO:0051427	hormone receptor binding	occurs_in(CL:0000182)
GO:0042493	response to drug	occurs_in(CL:0000182)
GO:0042493	response to drug	occurs_in(CL:0000182)
GO:0042493	response to drug	occurs_in(CL:0000182)
GO:0055073	cadmium ion homeostasis	occurs_in(CL:0000182)
GO:0060547	negative regulation of necrotic cell death	occurs_in(CL:0000182)
GO:0007179	transforming growth factor beta receptor signaling pathway	occurs_in(CL:0000182)
GO:0034605	cellular response to heat	occurs_in(CL:0000182)
GO:0042562	hormone binding	occurs_in(CL:0000182)
GO:0042953	lipoprotein transport	occurs_in(CL:0000182)
GO:0005515	protein binding	occurs_in(CL:0000182)
GO:0030509	BMP signaling pathway	occurs_in(CL:0000182)
GO:0007030	Golgi organization	occurs_in(CL:0000182)
GO:0006635	fatty acid beta-oxidation	occurs_in(CL:0000182)
GO:0015879	carnitine transport	occurs_in(CL:0000182)
GO:0009408	response to heat	occurs_in(CL:0000182)
GO:1903842	response to arsenite ion	occurs_in(CL:0000182)
GO:0070374	positive regulation of ERK1 and ERK2 cascade	occurs_in(CL:0000182)
GO:0044053	translocation of peptides or proteins into host cell cytoplasm	occurs_in(CL:0000182)
GO:1990239	steroid hormone binding	occurs_in(CL:0000182)
GO:0016226	iron-sulfur cluster assembly	occurs_in(CL:0000182)
GO:0097284	hepatocyte apoptotic process	occurs_in(CL:0000182)
GO:0004366	glycerol-3-phosphate O-acyltransferase activity	occurs_in(CL:0000182)
GO:0046686	response to cadmium ion	occurs_in(CL:0000182)
GO:0045944	positive regulation of transcription from RNA polymerase II promoter	occurs_in(CL:0000182)
GO:0038021	leptin receptor activity	occurs_in(CL:0000182)
GO:0007029	endoplasmic reticulum organization	occurs_in(CL:0000182)
GO:0048468	cell development	occurs_in(CL:0000182)
GO:0042953	lipoprotein transport	occurs_in(CL:0000182)
GO:0097191	extrinsic apoptotic signaling pathway	occurs_in(CL:0000182)
GO:0003677	DNA binding	occurs_in(CL:0000182)
GO:0006641	triglyceride metabolic process	occurs_in(CL:0000182)
GO:0043970	histone H3-K9 acetylation	occurs_in(CL:0000182)
GO:0006644	phospholipid metabolic process	occurs_in(CL:0000182)
GO:0071281	cellular response to iron ion	occurs_in(CL:0000182)
GO:0045944	positive regulation of transcription from RNA polymerase II promoter	occurs_in(CL:0000182)
GO:0045944	positive regulation of transcription from RNA polymerase II promoter	occurs_in(CL:0000182)
GO:0042977	activation of JAK2 kinase activity	occurs_in(CL:0000182)
GO:0006119	oxidative phosphorylation	occurs_in(CL:0000182)
GO:0008233	peptidase activity	occurs_in(CL:0000182)
GO:0006914	autophagy	occurs_in(CL:0000182)
GO:0006996	organelle organization	occurs_in(CL:0000182)
GO:0071939	vitamin A import	occurs_in(CL:0000182)
GO:0004674	protein serine/threonine kinase activity	occurs_in(CL:0000182)
GO:0071902	positive regulation of protein serine/threonine kinase activity	occurs_in(CL:0000182)
GO:0015226	carnitine transmembrane transporter activity	occurs_in(CL:0000182)
GO:0046688	response to copper ion	occurs_in(CL:0000182)
GO:0045944	positive regulation of transcription from RNA polymerase II promoter	occurs_in(CL:0000182)
GO:0007006	mitochondrial membrane organization	occurs_in(CL:0000182)
GO:0007006	mitochondrial membrane organization	occurs_in(CL:0000182)
GO:0007006	mitochondrial membrane organization	occurs_in(CL:0000182)
GO:0007006	mitochondrial membrane organization	occurs_in(CL:0000182)
GO:0007006	mitochondrial membrane organization	occurs_in(CL:0000182)
GO:0007006	mitochondrial membrane organization	occurs_in(CL:0000182)
GO:0007006	mitochondrial membrane organization	occurs_in(CL:0000182)
GO:0048468	cell development	occurs_in(CL:0000182)
GO:0046326	positive regulation of glucose import	occurs_in(CL:0000182)
GO:0031999	negative regulation of fatty acid beta-oxidation	occurs_in(CL:0000182)
GO:0032355	response to estradiol	occurs_in(CL:0000182)
GO:0006879	cellular iron ion homeostasis	occurs_in(CL:0000182)
GO:1990698	palmitoleoyltransferase activity	occurs_in(CL:0000182)
GO:0007188	adenylate cyclase-modulating G-protein coupled receptor signaling pathway	occurs_in(CL:0000186)
GO:0050731	positive regulation of peptidyl-tyrosine phosphorylation	occurs_in(CL:0000187
GO:0050731	positive regulation of peptidyl-tyrosine phosphorylation	occurs_in(CL:0000187
GO:0001941	postsynaptic membrane organization	occurs_in(CL:0000187)
GO:0007409	axonogenesis	occurs_in(CL:0000187)
GO:0048747	muscle fiber development	occurs_in(CL:0000187)
GO:0014839	myoblast migration involved in skeletal muscle regeneration	occurs_in(CL:0000187)
GO:0046777	protein autophosphorylation	occurs_in(CL:0000187)
GO:0040023	establishment of nucleus localization	occurs_in(CL:0000187)
GO:0016264	gap junction assembly	occurs_in(CL:0000187)
GO:0005245	voltage-gated calcium channel activity	occurs_in(CL:0000187)
GO:0010591	regulation of lamellipodium assembly	occurs_in(CL:0000187)
GO:0035994	response to muscle stretch	occurs_in(CL:0000187)
GO:0051924	regulation of calcium ion transport	occurs_in(CL:0000187)
GO:1901841	regulation of high voltage-gated calcium channel activity	occurs_in(CL:0000187)
GO:0090002	establishment of protein localization to plasma membrane	occurs_in(CL:0000188
GO:0000122	negative regulation of transcription from RNA polymerase II promoter	occurs_in(CL:0000188
GO:0006897	endocytosis	occurs_in(CL:0000188
GO:0003682	chromatin binding	occurs_in(CL:0000188
GO:0000981	RNA polymerase II transcription factor activity, sequence-specific DNA binding	occurs_in(CL:0000188
GO:0000981	RNA polymerase II transcription factor activity, sequence-specific DNA binding	occurs_in(CL:0000188
GO:0051092	positive regulation of NF-kappaB transcription factor activity	occurs_in(CL:0000188)
GO:0000146	microfilament motor activity	occurs_in(CL:0000188)
GO:0003009	skeletal muscle contraction	occurs_in(CL:0000188)
GO:0043113	receptor clustering	occurs_in(CL:0000188)
GO:0043113	receptor clustering	occurs_in(CL:0000188)
GO:0043113	receptor clustering	occurs_in(CL:0000188)
GO:0006897	endocytosis	occurs_in(CL:0000188)
GO:0045213	neurotransmitter receptor metabolic process	occurs_in(CL:0000188)
GO:0001778	plasma membrane repair	occurs_in(CL:0000188)
GO:0007009	plasma membrane organization	occurs_in(CL:0000188)
GO:0014883	transition between fast and slow fiber	occurs_in(CL:0000188)
GO:0007005	mitochondrion organization	occurs_in(CL:0000188)
GO:0016887	ATPase activity	occurs_in(CL:0000188)
GO:0051015	actin filament binding	occurs_in(CL:0000188)
GO:0006469	negative regulation of protein kinase activity	occurs_in(CL:0000188)
GO:0007040	lysosome organization	occurs_in(CL:0000188)
GO:0007009	plasma membrane organization	occurs_in(CL:0000188)
GO:0005515	protein binding	occurs_in(CL:0000188)
GO:0005515	protein binding	occurs_in(CL:0000188)
GO:0032027	myosin light chain binding	occurs_in(CL:0000188)
GO:0031579	membrane raft organization	occurs_in(CL:0000188)
GO:0007029	endoplasmic reticulum organization	occurs_in(CL:0000188)
GO:0043113	receptor clustering	occurs_in(CL:0000188)
GO:0030049	muscle filament sliding	occurs_in(CL:0000188)
GO:0031579	membrane raft organization	occurs_in(CL:0000188)
GO:0071340	skeletal muscle acetylcholine-gated channel clustering	occurs_in(CL:0000188)
GO:0043113	receptor clustering	occurs_in(CL:0000188)
GO:0007009	plasma membrane organization	occurs_in(CL:0000188)
GO:0072659	protein localization to plasma membrane	occurs_in(CL:0000188)
GO:0001227	transcriptional repressor activity, RNA polymerase II transcription regulatory region sequence-specific binding	occurs_in(CL:0000189
GO:0048742	regulation of skeletal muscle fiber development	occurs_in(CL:0000189)
GO:0035025	positive regulation of Rho protein signal transduction	occurs_in(CL:0000192
GO:0051481	negative regulation of cytosolic calcium ion concentration	occurs_in(CL:0000192
GO:0045019	negative regulation of nitric oxide biosynthetic process	occurs_in(CL:0000192
GO:0007229	integrin-mediated signaling pathway	occurs_in(CL:0000192
GO:0010628	positive regulation of gene expression	occurs_in(CL:0000192
GO:0010628	positive regulation of gene expression	occurs_in(CL:0000192
GO:0035195	gene silencing by miRNA	occurs_in(CL:0000192
GO:0071320	cellular response to cAMP	occurs_in(CL:0000192
GO:0071872	cellular response to epinephrine stimulus	occurs_in(CL:0000192
GO:0035195	gene silencing by miRNA	occurs_in(CL:0000192
GO:0010628	positive regulation of gene expression	occurs_in(CL:0000192
GO:0045429	positive regulation of nitric oxide biosynthetic process	occurs_in(CL:0000192
GO:0004115	3',5'-cyclic-AMP phosphodiesterase activity	occurs_in(CL:0000192
GO:0007204	positive regulation of cytosolic calcium ion concentration	occurs_in(CL:0000192
GO:0006812	cation transport	occurs_in(CL:0000192)
GO:0097193	intrinsic apoptotic signaling pathway	occurs_in(CL:0000192)
GO:0051899	membrane depolarization	occurs_in(CL:0000192)
GO:0030509	BMP signaling pathway	occurs_in(CL:0000192)
GO:0045893	positive regulation of transcription, DNA-templated	occurs_in(CL:0000192)
GO:0035195	gene silencing by miRNA	occurs_in(CL:0000192)
GO:0001614	purinergic nucleotide receptor activity	occurs_in(CL:0000192)
GO:0005261	cation channel activity	occurs_in(CL:0000192)
GO:0007040	lysosome organization	occurs_in(CL:0000192)
GO:0007040	lysosome organization	occurs_in(CL:0000192)
GO:0007040	lysosome organization	occurs_in(CL:0000192)
GO:0007040	lysosome organization	occurs_in(CL:0000192)
GO:0007040	lysosome organization	occurs_in(CL:0000192)
GO:0007040	lysosome organization	occurs_in(CL:0000192)
GO:0007040	lysosome organization	occurs_in(CL:0000192)
GO:0030838	positive regulation of actin filament polymerization	occurs_in(CL:0000192)
GO:0030509	BMP signaling pathway	occurs_in(CL:0000192)
GO:0008134	transcription factor binding	occurs_in(CL:0000192)
GO:0031716	calcitonin receptor binding	occurs_in(CL:0000192)
GO:0005249	voltage-gated potassium channel activity	occurs_in(CL:0000192)
GO:1900026	positive regulation of substrate adhesion-dependent cell spreading	occurs_in(CL:0000192)
GO:0038027	apolipoprotein A-I-mediated signaling pathway	occurs_in(CL:0000192)
GO:0045987	positive regulation of smooth muscle contraction	occurs_in(CL:0000192)
GO:0015269	calcium-activated potassium channel activity	occurs_in(CL:0000192)
GO:0050919	negative chemotaxis	occurs_in(CL:0000192)
GO:0006811	ion transport	occurs_in(CL:0000192)
GO:0006874	cellular calcium ion homeostasis	occurs_in(CL:0000192)
GO:0001666	response to hypoxia	occurs_in(CL:0000192)
GO:0005515	protein binding	occurs_in(CL:0000192)
GO:0051496	positive regulation of stress fiber assembly	occurs_in(CL:0000192)
GO:0050965	detection of temperature stimulus involved in sensory perception of pain	occurs_in(CL:0000198)
GO:0050910	detection of mechanical stimulus involved in sensory perception of sound	occurs_in(CL:0000202)
GO:0060088	auditory receptor cell stereocilium organization	occurs_in(CL:0000202)
GO:0060088	auditory receptor cell stereocilium organization	occurs_in(CL:0000202)
GO:0051402	neuron apoptotic process	occurs_in(CL:0000202)
GO:0060088	auditory receptor cell stereocilium organization	occurs_in(CL:0000202)
GO:0060088	auditory receptor cell stereocilium organization	occurs_in(CL:0000202)
GO:0060071	Wnt signaling pathway, planar cell polarity pathway	occurs_in(CL:0000202)
GO:0060088	auditory receptor cell stereocilium organization	occurs_in(CL:0000202)
GO:0045198	establishment of epithelial cell apical/basal polarity	occurs_in(CL:0000202)
GO:0001736	establishment of planar polarity	occurs_in(CL:0000202)
GO:0060122	inner ear receptor stereocilium organization	occurs_in(CL:0000202)
GO:0050910	detection of mechanical stimulus involved in sensory perception of sound	occurs_in(CL:0000202)
GO:0090102	cochlea development	occurs_in(CL:0000202)
GO:0060088	auditory receptor cell stereocilium organization	occurs_in(CL:0000202)
GO:0060088	auditory receptor cell stereocilium organization	occurs_in(CL:0000202)
GO:0060071	Wnt signaling pathway, planar cell polarity pathway	occurs_in(CL:0000202)
GO:1905515	non-motile cilium assembly	occurs_in(CL:0000207
GO:0005229	intracellular calcium activated chloride channel activity	occurs_in(CL:0000207)
GO:0005229	intracellular calcium activated chloride channel activity	occurs_in(CL:0000207)
GO:0006821	chloride transport	occurs_in(CL:0000207)
GO:0006821	chloride transport	occurs_in(CL:0000207)
GO:0031883	taste receptor binding	occurs_in(CL:0000209)
GO:0005515	protein binding	occurs_in(CL:0000209)
GO:0035845	photoreceptor cell outer segment organization	occurs_in(CL:0000210)
GO:0061024	membrane organization	occurs_in(CL:0000210)
GO:0071257	cellular response to electrical stimulus	occurs_in(CL:0000210)
GO:0006903	vesicle targeting	occurs_in(CL:0000210)
GO:0060271	cilium assembly	occurs_in(CL:0000210)
GO:0044782	cilium organization	occurs_in(CL:0000210)
GO:0032795	heterotrimeric G-protein binding	occurs_in(CL:0000210)
GO:0008017	microtubule binding	occurs_in(CL:0000210)
GO:0045944	positive regulation of transcription from RNA polymerase II promoter	occurs_in(CL:0000216
GO:0045944	positive regulation of transcription from RNA polymerase II promoter	occurs_in(CL:0000216
GO:0017046	peptide hormone binding	occurs_in(CL:0000216
GO:0006606	protein import into nucleus	occurs_in(CL:0000216
GO:0050766	positive regulation of phagocytosis	occurs_in(CL:0000216
GO:0005131	growth hormone receptor binding	occurs_in(CL:0000216
GO:0044255	cellular lipid metabolic process	occurs_in(CL:0000216)
GO:0050766	positive regulation of phagocytosis	occurs_in(CL:0000216)
GO:0043547	positive regulation of GTPase activity	occurs_in(CL:0000216)
GO:0035938	estradiol secretion	occurs_in(CL:0000216)
GO:0022409	positive regulation of cell-cell adhesion	occurs_in(CL:0000216)
GO:0000038	very long-chain fatty acid metabolic process	occurs_in(CL:0000216)
GO:0060009	Sertoli cell development	occurs_in(CL:0000216)
GO:0001578	microtubule bundle formation	occurs_in(CL:0000216)
GO:0008543	fibroblast growth factor receptor signaling pathway	occurs_in(CL:0000216)
GO:0006909	phagocytosis	occurs_in(CL:0000216)
GO:0022409	positive regulation of cell-cell adhesion	occurs_in(CL:0000216)
GO:0007219	Notch signaling pathway	occurs_in(CL:0000216)
GO:0004963	follicle-stimulating hormone receptor activity	occurs_in(CL:0000216)
GO:0009992	cellular water homeostasis	occurs_in(CL:0000216)
GO:0032528	microvillus organization	occurs_in(CL:0000218)
GO:0005515	protein binding	occurs_in(CL:0000218)
GO:0030030	cell projection organization	occurs_in(CL:0000218)
GO:0000165	MAPK cascade	occurs_in(CL:0000218)
GO:0014065	phosphatidylinositol 3-kinase signaling	occurs_in(CL:0000218)
GO:0007265	Ras protein signal transduction	occurs_in(CL:0000218)
GO:1902263	apoptotic process involved in embryonic digit morphogenesis	occurs_in(CL:0000221)
GO:0000187	activation of MAPK activity	occurs_in(CL:0000221)
GO:0006915	apoptotic process	occurs_in(CL:0000221)
GO:0006915	apoptotic process	occurs_in(CL:0000221)
GO:0000165	MAPK cascade	occurs_in(CL:0000222)
GO:0030032	lamellipodium assembly	occurs_in(CL:0000222)
GO:0030036	actin cytoskeleton organization	occurs_in(CL:0000222)
GO:0030036	actin cytoskeleton organization	occurs_in(CL:0000222)
GO:0007224	smoothened signaling pathway	occurs_in(CL:0000222)
GO:0006907	pinocytosis	occurs_in(CL:0000223
GO:0006907	pinocytosis	occurs_in(CL:0000223
GO:0006907	pinocytosis	occurs_in(CL:0000223
GO:0007163	establishment or maintenance of cell polarity	occurs_in(CL:0000223)
GO:0010628	positive regulation of gene expression	occurs_in(CL:0000223)
GO:0010628	positive regulation of gene expression	occurs_in(CL:0000223)
GO:0048468	cell development	occurs_in(CL:0000227)
GO:0008361	regulation of cell size	occurs_in(CL:0000232
GO:0090002	establishment of protein localization to plasma membrane	occurs_in(CL:0000232
GO:0000122	negative regulation of transcription from RNA polymerase II promoter	occurs_in(CL:0000232
GO:0000122	negative regulation of transcription from RNA polymerase II promoter	occurs_in(CL:0000232
GO:0071244	cellular response to carbon dioxide	occurs_in(CL:0000232
GO:0004743	pyruvate kinase activity	occurs_in(CL:0000232
GO:0004807	triose-phosphate isomerase activity	occurs_in(CL:0000232)
GO:0006874	cellular calcium ion homeostasis	occurs_in(CL:0000232)
GO:0009992	cellular water homeostasis	occurs_in(CL:0000232)
GO:0006833	water transport	occurs_in(CL:0000232)
GO:0043492	ATPase activity, coupled to movement of substances	occurs_in(CL:0000232)
GO:0004396	hexokinase activity	occurs_in(CL:0000232)
GO:0004347	glucose-6-phosphate isomerase activity	occurs_in(CL:0000232)
GO:0003831	beta-N-acetylglucosaminylglycopeptide beta-1,4-galactosyltransferase activity	occurs_in(CL:0000232)
GO:0017121	phospholipid scrambling	occurs_in(CL:0000232)
GO:2000377	regulation of reactive oxygen species metabolic process	occurs_in(CL:0000232)
GO:0005515	protein binding	occurs_in(CL:0000232)
GO:0055085	transmembrane transport	occurs_in(CL:0000232)
GO:0003876	AMP deaminase activity	occurs_in(CL:0000232)
GO:0009101	glycoprotein biosynthetic process	occurs_in(CL:0000232)
GO:0004362	glutathione-disulfide reductase activity	occurs_in(CL:0000232)
GO:0004462	lactoylglutathione lyase activity	occurs_in(CL:0000232)
GO:0019835	cytolysis	occurs_in(CL:0000232)
GO:2001258	negative regulation of cation channel activity	occurs_in(CL:0000232)
GO:0030308	negative regulation of cell growth	occurs_in(CL:0000232)
GO:0051726	regulation of cell cycle	occurs_in(CL:0000232)
GO:0004457	lactate dehydrogenase activity	occurs_in(CL:0000232)
GO:0010961	cellular magnesium ion homeostasis	occurs_in(CL:0000232)
GO:0006188	IMP biosynthetic process	occurs_in(CL:0000232)
GO:0004347	glucose-6-phosphate isomerase activity	occurs_in(CL:0000232)
GO:0006096	glycolytic process	occurs_in(CL:0000232)
GO:0019661	glucose catabolic process to lactate via pyruvate	occurs_in(CL:0000232)
GO:0007016	cytoskeletal anchoring at plasma membrane	occurs_in(CL:0000232)
GO:0007009	plasma membrane organization	occurs_in(CL:0000232)
GO:0006782	protoporphyrinogen IX biosynthetic process	occurs_in(CL:0000232)
GO:0046070	dGTP metabolic process	occurs_in(CL:0000232)
GO:0022857	transmembrane transporter activity	occurs_in(CL:0000232)
GO:0030260	entry into host cell	occurs_in(CL:0000232)
GO:0046789	host cell surface receptor binding	occurs_in(CL:0000232)
GO:0019825	oxygen binding	occurs_in(CL:0000232)
GO:0071474	cellular hyperosmotic response	occurs_in(CL:0000232)
GO:0006779	porphyrin-containing compound biosynthetic process	occurs_in(CL:0000232)
GO:0006826	iron ion transport	occurs_in(CL:0000232)
GO:0008361	regulation of cell size	occurs_in(CL:0000232)
GO:0004138	deoxyguanosine kinase activity	occurs_in(CL:0000232)
GO:0042803	protein homodimerization activity	occurs_in(CL:0000232)
GO:0017128	phospholipid scramblase activity	occurs_in(CL:0000232)
GO:0010523	negative regulation of calcium ion transport into cytosol	occurs_in(CL:0000232)
GO:0035335	peptidyl-tyrosine dephosphorylation	occurs_in(CL:0000233
GO:0005540	hyaluronic acid binding	occurs_in(CL:0000233)
GO:1900026	positive regulation of substrate adhesion-dependent cell spreading	occurs_in(CL:0000233)
GO:0017121	phospholipid scrambling	occurs_in(CL:0000233)
GO:0005178	integrin binding	occurs_in(CL:0000233)
GO:0032940	secretion by cell	occurs_in(CL:0000233)
GO:0043149	stress fiber assembly	occurs_in(CL:0000233)
GO:0006884	cell volume homeostasis	occurs_in(CL:0000233)
GO:0004415	hyalurononglucosaminidase activity	occurs_in(CL:0000233)
GO:0034446	substrate adhesion-dependent cell spreading	occurs_in(CL:0000233)
GO:0006874	cellular calcium ion homeostasis	occurs_in(CL:0000233)
GO:0017022	myosin binding	occurs_in(CL:0000233)
GO:0043491	protein kinase B signaling	occurs_in(CL:0000233)
GO:0002554	serotonin secretion by platelet	occurs_in(CL:0000233)
GO:0005515	protein binding	occurs_in(CL:0000233)
GO:0001954	positive regulation of cell-matrix adhesion	occurs_in(CL:0000233)
GO:0017166	vinculin binding	occurs_in(CL:0000233)
GO:0007189	adenylate cyclase-activating G-protein coupled receptor signaling pathway	occurs_in(CL:0000233)
GO:0007016	cytoskeletal anchoring at plasma membrane	occurs_in(CL:0000233)
GO:0006493	protein O-linked glycosylation	occurs_in(CL:0000233)
GO:0017128	phospholipid scramblase activity	occurs_in(CL:0000233)
GO:0003779	actin binding	occurs_in(CL:0000233)
GO:0019901	protein kinase binding	occurs_in(CL:0000233)
GO:0030214	hyaluronan catabolic process	occurs_in(CL:0000233)
GO:0010628	positive regulation of gene expression	occurs_in(CL:0000234)
GO:0050766	positive regulation of phagocytosis	occurs_in(CL:0000234)
GO:1903592	positive regulation of lysozyme activity	occurs_in(CL:0000234)
GO:1901671	positive regulation of superoxide dismutase activity	occurs_in(CL:0000234)
GO:0032930	positive regulation of superoxide anion generation	occurs_in(CL:0000234)
GO:0032930	positive regulation of superoxide anion generation	occurs_in(CL:0000234)
GO:1903827	regulation of cellular protein localization	occurs_in(CL:0000235
GO:1903428	positive regulation of reactive oxygen species biosynthetic process	occurs_in(CL:0000235
GO:1902894	negative regulation of pri-miRNA transcription from RNA polymerase II promoter	occurs_in(CL:0000235
GO:0035666	TRIF-dependent toll-like receptor signaling pathway	occurs_in(CL:0000235
GO:0001819	positive regulation of cytokine production	occurs_in(CL:0000235
GO:0050729	positive regulation of inflammatory response	occurs_in(CL:0000235
GO:1902894	negative regulation of pri-miRNA transcription from RNA polymerase II promoter	occurs_in(CL:0000235
GO:0090073	positive regulation of protein homodimerization activity	occurs_in(CL:0000235
GO:0032369	negative regulation of lipid transport	occurs_in(CL:0000235
GO:0050728	negative regulation of inflammatory response	occurs_in(CL:0000235
GO:0004713	protein tyrosine kinase activity	occurs_in(CL:0000235
GO:1904417	positive regulation of xenophagy	occurs_in(CL:0000235
GO:0032270	positive regulation of cellular protein metabolic process	occurs_in(CL:0000235
GO:0045089	positive regulation of innate immune response	occurs_in(CL:0000235
GO:0090197	positive regulation of chemokine secretion	occurs_in(CL:0000235
GO:0042523	positive regulation of tyrosine phosphorylation of Stat5 protein	occurs_in(CL:0000235
GO:0090026	positive regulation of monocyte chemotaxis	occurs_in(CL:0000235
GO:0060267	positive regulation of respiratory burst	occurs_in(CL:0000235
GO:0010628	positive regulation of gene expression	occurs_in(CL:0000235
GO:0032370	positive regulation of lipid transport	occurs_in(CL:0000235
GO:0005102	receptor binding	occurs_in(CL:0000235
GO:0000122	negative regulation of transcription from RNA polymerase II promoter	occurs_in(CL:0000235
GO:1903827	regulation of cellular protein localization	occurs_in(CL:0000235
GO:0032722	positive regulation of chemokine production	occurs_in(CL:0000235
GO:1900426	positive regulation of defense response to bacterium	occurs_in(CL:0000235
GO:0042632	cholesterol homeostasis	occurs_in(CL:0000235
GO:0010535	positive regulation of activation of JAK2 kinase activity	occurs_in(CL:0000235
GO:0051091	positive regulation of sequence-specific DNA binding transcription factor activity	occurs_in(CL:0000235
GO:0060267	positive regulation of respiratory burst	occurs_in(CL:0000235
GO:0090026	positive regulation of monocyte chemotaxis	occurs_in(CL:0000235
GO:0010508	positive regulation of autophagy	occurs_in(CL:0000235
GO:0031714	C5a anaphylatoxin chemotactic receptor binding	occurs_in(CL:0000235
GO:0003796	lysozyme activity	occurs_in(CL:0000235
GO:0004672	protein kinase activity	occurs_in(CL:0000235
GO:1900226	negative regulation of NLRP3 inflammasome complex assembly	occurs_in(CL:0000235
GO:0032496	response to lipopolysaccharide	occurs_in(CL:0000235
GO:0010628	positive regulation of gene expression	occurs_in(CL:0000235
GO:0010628	positive regulation of gene expression	occurs_in(CL:0000235
GO:0003700	transcription factor activity, sequence-specific DNA binding	occurs_in(CL:0000235
GO:0043434	response to peptide hormone	occurs_in(CL:0000235
GO:0045429	positive regulation of nitric oxide biosynthetic process	occurs_in(CL:0000235
GO:0032732	positive regulation of interleukin-1 production	occurs_in(CL:0000235
GO:0043032	positive regulation of macrophage activation	occurs_in(CL:0000235
GO:0010628	positive regulation of gene expression	occurs_in(CL:0000235
GO:0035195	gene silencing by miRNA	occurs_in(CL:0000235
GO:1901224	positive regulation of NIK/NF-kappaB signaling	occurs_in(CL:0000235
GO:0042534	regulation of tumor necrosis factor biosynthetic process	occurs_in(CL:0000235
GO:0001856	complement component C5a binding	occurs_in(CL:0000235
GO:0001078	transcriptional repressor activity, RNA polymerase II core promoter proximal region sequence-specific binding	occurs_in(CL:0000235
GO:0090198	negative regulation of chemokine secretion	occurs_in(CL:0000235
GO:0007040	lysosome organization	occurs_in(CL:0000235)
GO:0019221	cytokine-mediated signaling pathway	occurs_in(CL:0000235)
GO:1904417	positive regulation of xenophagy	occurs_in(CL:0000235)
GO:0042803	protein homodimerization activity	occurs_in(CL:0000235)
GO:0071639	positive regulation of monocyte chemotactic protein-1 production	occurs_in(CL:0000235)
GO:0097190	apoptotic signaling pathway	occurs_in(CL:0000235)
GO:0090042	tubulin deacetylation	occurs_in(CL:0000235)
GO:0050765	negative regulation of phagocytosis	occurs_in(CL:0000235)
GO:0005515	protein binding	occurs_in(CL:0000235)
GO:0002526	acute inflammatory response	occurs_in(CL:0000235)
GO:0050766	positive regulation of phagocytosis	occurs_in(CL:0000235)
GO:0007229	integrin-mediated signaling pathway	occurs_in(CL:0000235)
GO:0033700	phospholipid efflux	occurs_in(CL:0000235)
GO:1903827	regulation of cellular protein localization	occurs_in(CL:0000235)
GO:1905171	positive regulation of protein localization to phagocytic vesicle	occurs_in(CL:0000235)
GO:1905171	positive regulation of protein localization to phagocytic vesicle	occurs_in(CL:0000235)
GO:1903427	negative regulation of reactive oxygen species biosynthetic process	occurs_in(CL:0000235)
GO:0046983	protein dimerization activity	occurs_in(CL:0000235)
GO:1903231	mRNA binding involved in posttranscriptional gene silencing	occurs_in(CL:0000235)
GO:0006909	phagocytosis	occurs_in(CL:0000235)
GO:1902023	L-arginine transport	occurs_in(CL:0000235)
GO:0051209	release of sequestered calcium ion into cytosol	occurs_in(CL:0000235)
GO:0005031	tumor necrosis factor-activated receptor activity	occurs_in(CL:0000235)
GO:0070427	nucleotide-binding oligomerization domain containing 1 signaling pathway	occurs_in(CL:0000235)
GO:0006879	cellular iron ion homeostasis	occurs_in(CL:0000235)
GO:0002756	MyD88-independent toll-like receptor signaling pathway	occurs_in(CL:0000235)
GO:0042742	defense response to bacterium	occurs_in(CL:0000235)
GO:0007259	JAK-STAT cascade	occurs_in(CL:0000235)
GO:0071222	cellular response to lipopolysaccharide	occurs_in(CL:0000235)
GO:0007015	actin filament organization	occurs_in(CL:0000235)
GO:1902615	immune response involved in response to exogenous dsRNA	occurs_in(CL:0000235)
GO:0060267	positive regulation of respiratory burst	occurs_in(CL:0000235)
GO:1905259	negative regulation of nitrosative stress-induced intrinsic apoptotic signaling pathway	occurs_in(CL:0000235)
GO:1900165	negative regulation of interleukin-6 secretion	occurs_in(CL:0000235)
GO:0008228	opsonization	occurs_in(CL:0000235)
GO:0034141	positive regulation of toll-like receptor 3 signaling pathway	occurs_in(CL:0000235)
GO:0090382	phagosome maturation	occurs_in(CL:0000235)
GO:0071360	cellular response to exogenous dsRNA	occurs_in(CL:0000235)
GO:0005515	protein binding	occurs_in(CL:0000235)
GO:0007040	lysosome organization	occurs_in(CL:0000235)
GO:0007040	lysosome organization	occurs_in(CL:0000235)
GO:0007040	lysosome organization	occurs_in(CL:0000235)
GO:0007040	lysosome organization	occurs_in(CL:0000235)
GO:0007040	lysosome organization	occurs_in(CL:0000235)
GO:0007040	lysosome organization	occurs_in(CL:0000235)
GO:0007040	lysosome organization	occurs_in(CL:0000235)
GO:0007040	lysosome organization	occurs_in(CL:0000235)
GO:0007040	lysosome organization	occurs_in(CL:0000235)
GO:0007040	lysosome organization	occurs_in(CL:0000235)
GO:0007040	lysosome organization	occurs_in(CL:0000235)
GO:0007040	lysosome organization	occurs_in(CL:0000235)
GO:0007040	lysosome organization	occurs_in(CL:0000235)
GO:0007040	lysosome organization	occurs_in(CL:0000235)
GO:0007040	lysosome organization	occurs_in(CL:0000235)
GO:0007040	lysosome organization	occurs_in(CL:0000235)
GO:0030036	actin cytoskeleton organization	occurs_in(CL:0000235)
GO:0031663	lipopolysaccharide-mediated signaling pathway	occurs_in(CL:0000235)
GO:0005041	low-density lipoprotein receptor activity	occurs_in(CL:0000235)
GO:0006308	DNA catabolic process	occurs_in(CL:0000235)
GO:0034142	toll-like receptor 4 signaling pathway	occurs_in(CL:0000235)
GO:0070536	protein K63-linked deubiquitination	occurs_in(CL:0000235)
GO:0097191	extrinsic apoptotic signaling pathway	occurs_in(CL:0000235)
GO:0001845	phagolysosome assembly	occurs_in(CL:0000235)
GO:0071347	cellular response to interleukin-1	occurs_in(CL:0000235)
GO:1903263	positive regulation of serine phosphorylation of STAT3 protein	occurs_in(CL:0000235)
GO:0090026	positive regulation of monocyte chemotaxis	occurs_in(CL:0000235)
GO:0004222	metalloendopeptidase activity	occurs_in(CL:0000235)
GO:0032720	negative regulation of tumor necrosis factor production	occurs_in(CL:0000235)
GO:0050711	negative regulation of interleukin-1 secretion	occurs_in(CL:0000235)
GO:0043065	positive regulation of apoptotic process	occurs_in(CL:0000235)
GO:0002679	respiratory burst involved in defense response	occurs_in(CL:0000235)
GO:0006911	phagocytosis, engulfment	occurs_in(CL:0000235)
GO:1904468	negative regulation of tumor necrosis factor secretion	occurs_in(CL:0000235)
GO:0010957	negative regulation of vitamin D biosynthetic process	occurs_in(CL:0000235)
GO:0071222	cellular response to lipopolysaccharide	occurs_in(CL:0000235)
GO:0006909	phagocytosis	occurs_in(CL:0000235)
GO:0044828	negative regulation by host of viral genome replication	occurs_in(CL:0000235)
GO:0006911	phagocytosis, engulfment	occurs_in(CL:0000235)
GO:0006828	manganese ion transport	occurs_in(CL:0000235)
GO:0032495	response to muramyl dipeptide	occurs_in(CL:0000235)
GO:0071224	cellular response to peptidoglycan	occurs_in(CL:0000235)
GO:0097300	programmed necrotic cell death	occurs_in(CL:0000235)
GO:0050832	defense response to fungus	occurs_in(CL:0000235)
GO:0010628	positive regulation of gene expression	occurs_in(CL:0000235)
GO:0044128	positive regulation of growth of symbiont in host	occurs_in(CL:0000235)
GO:2000535	regulation of entry of bacterium into host cell	occurs_in(CL:0000235)
GO:0042517	positive regulation of tyrosine phosphorylation of Stat3 protein	occurs_in(CL:0000235)
GO:0004465	lipoprotein lipase activity	occurs_in(CL:0000235)
GO:0050918	positive chemotaxis	occurs_in(CL:0000235)
GO:1900165	negative regulation of interleukin-6 secretion	occurs_in(CL:0000235)
GO:0032481	positive regulation of type I interferon production	occurs_in(CL:0000235)
GO:0035195	gene silencing by miRNA	occurs_in(CL:0000235)
GO:0051005	negative regulation of lipoprotein lipase activity	occurs_in(CL:0000235)
GO:0070269	pyroptosis	occurs_in(CL:0000235)
GO:0003677	DNA binding	occurs_in(CL:0000235)
GO:0042953	lipoprotein transport	occurs_in(CL:0000235)
GO:0007266	Rho protein signal transduction	occurs_in(CL:0000235)
GO:0043330	response to exogenous dsRNA	occurs_in(CL:0000235)
GO:0034097	response to cytokine	occurs_in(CL:0000235)
GO:0015031	protein transport	occurs_in(CL:0000235)
GO:0032760	positive regulation of tumor necrosis factor production	occurs_in(CL:0000235)
GO:1901224	positive regulation of NIK/NF-kappaB signaling	occurs_in(CL:0000235)
GO:0002741	positive regulation of cytokine secretion involved in immune response	occurs_in(CL:0000235)
GO:0006955	immune response	occurs_in(CL:0000235)
GO:0045794	negative regulation of cell volume	occurs_in(CL:0000235)
GO:0097532	stress response to acid chemical	occurs_in(CL:0000235)
GO:0033344	cholesterol efflux	occurs_in(CL:0000235)
GO:0002755	MyD88-dependent toll-like receptor signaling pathway	occurs_in(CL:0000235)
GO:0032496	response to lipopolysaccharide	occurs_in(CL:0000235)
GO:0042535	positive regulation of tumor necrosis factor biosynthetic process	occurs_in(CL:0000235)
GO:0070431	nucleotide-binding oligomerization domain containing 2 signaling pathway	occurs_in(CL:0000235)
GO:0042803	protein homodimerization activity	occurs_in(CL:0000235)
GO:0045730	respiratory burst	occurs_in(CL:0000235)
GO:0000122	negative regulation of transcription from RNA polymerase II promoter	occurs_in(CL:0000235)
GO:0009306	protein secretion	occurs_in(CL:0000235)
GO:0032496	response to lipopolysaccharide	occurs_in(CL:0000235)
GO:1904417	positive regulation of xenophagy	occurs_in(CL:0000235)
GO:0044130	negative regulation of growth of symbiont in host	occurs_in(CL:0000235)
GO:0042977	activation of JAK2 kinase activity	occurs_in(CL:0000235)
GO:0045089	positive regulation of innate immune response	occurs_in(CL:0000235)
GO:0071354	cellular response to interleukin-6	occurs_in(CL:0000235)
GO:0071346	cellular response to interferon-gamma	occurs_in(CL:0000235)
GO:0039656	modulation by virus of host gene expression	occurs_in(CL:0000235)
GO:0071801	regulation of podosome assembly	occurs_in(CL:0000235)
GO:0071585	detoxification of cadmium ion	occurs_in(CL:0000235)
GO:1905171	positive regulation of protein localization to phagocytic vesicle	occurs_in(CL:0000235)
GO:1905171	positive regulation of protein localization to phagocytic vesicle	occurs_in(CL:0000235)
GO:0034145	positive regulation of toll-like receptor 4 signaling pathway	occurs_in(CL:0000235)
GO:0097193	intrinsic apoptotic signaling pathway	occurs_in(CL:0000235)
GO:0015181	arginine transmembrane transporter activity	occurs_in(CL:0000235)
GO:0007040	lysosome organization	occurs_in(CL:0000235)
GO:0071223	cellular response to lipoteichoic acid	occurs_in(CL:0000235)
GO:0071221	cellular response to bacterial lipopeptide	occurs_in(CL:0000235)
GO:0030036	actin cytoskeleton organization	occurs_in(CL:0000235)
GO:0050766	positive regulation of phagocytosis	occurs_in(CL:0000235)
GO:0008228	opsonization	occurs_in(CL:0000235)
GO:0032755	positive regulation of interleukin-6 production	occurs_in(CL:0000235)
GO:1900227	positive regulation of NLRP3 inflammasome complex assembly	occurs_in(CL:0000235)
GO:0033198	response to ATP	occurs_in(CL:0000235)
GO:0045429	positive regulation of nitric oxide biosynthetic process	occurs_in(CL:0000235)
GO:0042056	chemoattractant activity	occurs_in(CL:0000235)
GO:0010628	positive regulation of gene expression	occurs_in(CL:0000235)
GO:0050829	defense response to Gram-negative bacterium	occurs_in(CL:0000235)
GO:1900424	regulation of defense response to bacterium	occurs_in(CL:0000235)
GO:0060267	positive regulation of respiratory burst	occurs_in(CL:0000235)
GO:1904684	negative regulation of metalloendopeptidase activity	occurs_in(CL:0000235)
GO:0035556	intracellular signal transduction	occurs_in(CL:0000235)
GO:0004713	protein tyrosine kinase activity	occurs_in(CL:0000235)
GO:0007252	I-kappaB phosphorylation	occurs_in(CL:0000235)
GO:0007040	lysosome organization	occurs_in(CL:0000235)
GO:0007040	lysosome organization	occurs_in(CL:0000235)
GO:0007040	lysosome organization	occurs_in(CL:0000235)
GO:0007040	lysosome organization	occurs_in(CL:0000235)
GO:0007040	lysosome organization	occurs_in(CL:0000235)
GO:0007040	lysosome organization	occurs_in(CL:0000235)
GO:0007040	lysosome organization	occurs_in(CL:0000235)
GO:0007040	lysosome organization	occurs_in(CL:0000235)
GO:0007040	lysosome organization	occurs_in(CL:0000235)
GO:0007040	lysosome organization	occurs_in(CL:0000235)
GO:0007040	lysosome organization	occurs_in(CL:0000235)
GO:0007040	lysosome organization	occurs_in(CL:0000235)
GO:0007040	lysosome organization	occurs_in(CL:0000235)
GO:0007040	lysosome organization	occurs_in(CL:0000235)
GO:0007040	lysosome organization	occurs_in(CL:0000235)
GO:0007040	lysosome organization	occurs_in(CL:0000235)
GO:0005384	manganese ion transmembrane transporter activity	occurs_in(CL:0000235)
GO:0030301	cholesterol transport	occurs_in(CL:0000235)
GO:0032635	interleukin-6 production	occurs_in(CL:0000235)
GO:0016236	macroautophagy	occurs_in(CL:0000235)
GO:0070374	positive regulation of ERK1 and ERK2 cascade	occurs_in(CL:0000235)
GO:0010875	positive regulation of cholesterol efflux	occurs_in(CL:0000235)
GO:0072600	establishment of protein localization to Golgi	occurs_in(CL:0000235)
GO:0010629	negative regulation of gene expression	occurs_in(CL:0000235)
GO:1903428	positive regulation of reactive oxygen species biosynthetic process	occurs_in(CL:0000235)
GO:0071803	positive regulation of podosome assembly	occurs_in(CL:0000235)
GO:0032060	bleb assembly	occurs_in(CL:0000235)
GO:1901002	positive regulation of response to salt stress	occurs_in(CL:0000235)
GO:0035278	miRNA mediated inhibition of translation	occurs_in(CL:0000235)
GO:0002322	B cell proliferation involved in immune response	occurs_in(CL:0000236
GO:0016485	protein processing	occurs_in(CL:0000236
GO:0071615	oxidative deethylation	occurs_in(CL:0000236
GO:0004725	protein tyrosine phosphatase activity	occurs_in(CL:0000236
GO:0050869	negative regulation of B cell activation	occurs_in(CL:0000236
GO:0071222	cellular response to lipopolysaccharide	occurs_in(CL:0000236
GO:0006355	regulation of transcription, DNA-templated	occurs_in(CL:0000236
GO:0051534	negative regulation of NFAT protein import into nucleus	occurs_in(CL:0000236
GO:0070373	negative regulation of ERK1 and ERK2 cascade	occurs_in(CL:0000236
GO:0010468	regulation of gene expression	occurs_in(CL:0000236
GO:0010468	regulation of gene expression	occurs_in(CL:0000236
GO:0001783	B cell apoptotic process	occurs_in(CL:0000236)
GO:0050853	B cell receptor signaling pathway	occurs_in(CL:0000236)
GO:0006915	apoptotic process	occurs_in(CL:0000236)
GO:0006915	apoptotic process	occurs_in(CL:0000236)
GO:0004844	uracil DNA N-glycosylase activity	occurs_in(CL:0000236)
GO:0006887	exocytosis	occurs_in(CL:0000236)
GO:0005515	protein binding	occurs_in(CL:0000236)
GO:0051281	positive regulation of release of sequestered calcium ion into cytosol	occurs_in(CL:0000236)
GO:0090118	receptor-mediated endocytosis involved in cholesterol transport	occurs_in(CL:0000236)
GO:0007569	cell aging	occurs_in(CL:0000236)
GO:0010332	response to gamma radiation	occurs_in(CL:0000236)
GO:0018108	peptidyl-tyrosine phosphorylation	occurs_in(CL:0000236)
GO:0000165	MAPK cascade	occurs_in(CL:0000236)
GO:0005385	zinc ion transmembrane transporter activity	occurs_in(CL:0000236)
GO:0031663	lipopolysaccharide-mediated signaling pathway	occurs_in(CL:0000236)
GO:0006355	regulation of transcription, DNA-templated	occurs_in(CL:0000236)
GO:0071376	cellular response to corticotropin-releasing hormone stimulus	occurs_in(CL:0000236)
GO:0071219	cellular response to molecule of bacterial origin	occurs_in(CL:0000236)
GO:0030036	actin cytoskeleton organization	occurs_in(CL:0000236)
GO:1903706	regulation of hemopoiesis	occurs_in(CL:0000236)
GO:0005125	cytokine activity	occurs_in(CL:0000236)
GO:0045190	isotype switching	occurs_in(CL:0000236)
GO:0006909	phagocytosis	occurs_in(CL:0000236)
GO:0031589	cell-substrate adhesion	occurs_in(CL:0000236)
GO:0005125	cytokine activity	occurs_in(CL:0000236)
GO:0004713	protein tyrosine kinase activity	occurs_in(CL:0000236)
GO:0007166	cell surface receptor signaling pathway	occurs_in(CL:0000236)
GO:0046777	protein autophosphorylation	occurs_in(CL:0000236)
GO:0016447	somatic recombination of immunoglobulin gene segments	occurs_in(CL:0000236)
GO:0016447	somatic recombination of immunoglobulin gene segments	occurs_in(CL:0000236)
GO:0005515	protein binding	occurs_in(CL:0000236)
GO:0050851	antigen receptor-mediated signaling pathway	occurs_in(CL:0000236)
GO:0000187	activation of MAPK activity	occurs_in(CL:0000236)
GO:0001783	B cell apoptotic process	occurs_in(CL:0000236)
GO:0005515	protein binding	occurs_in(CL:0000236)
GO:0046330	positive regulation of JNK cascade	occurs_in(CL:0000236)
GO:0016446	somatic hypermutation of immunoglobulin genes	occurs_in(CL:0000236)
GO:0004707	MAP kinase activity	occurs_in(CL:0000236)
GO:0006310	DNA recombination	occurs_in(CL:0000236)
GO:0060284	regulation of cell development	occurs_in(CL:0000236)
GO:0051726	regulation of cell cycle	occurs_in(CL:0000236)
GO:0071976	cell gliding	occurs_in(CL:0000236)
GO:0071222	cellular response to lipopolysaccharide	occurs_in(CL:0000236)
GO:0019915	lipid storage	occurs_in(CL:0000243)
GO:0019915	lipid storage	occurs_in(CL:0000243)
GO:0051259	protein oligomerization	occurs_in(CL:0000243)
GO:0006689	ganglioside catabolic process	occurs_in(CL:0000243)
GO:0009313	oligosaccharide catabolic process	occurs_in(CL:0000243)
GO:0006541	glutamine metabolic process	occurs_in(CL:0000243)
GO:0006536	glutamate metabolic process	occurs_in(CL:0000243)
GO:0031175	neuron projection development	occurs_in(CL:0000243)
GO:0008134	transcription factor binding	occurs_in(CL:0000257)
GO:0042073	intraciliary transport	occurs_in(CL:0000287)
GO:0035089	establishment of apical/basal cell polarity	occurs_in(CL:0000287)
GO:0048468	cell development	occurs_in(CL:0000295)
GO:0007189	adenylate cyclase-activating G-protein coupled receptor signaling pathway	occurs_in(CL:0000295)
GO:0043565	sequence-specific DNA binding	occurs_in(CL:0000306
GO:0048468	cell development	occurs_in(CL:0000306)
GO:0048468	cell development	occurs_in(CL:0000306)
GO:0048468	cell development	occurs_in(CL:0000306)
GO:0010669	epithelial structure maintenance	occurs_in(CL:0000307
GO:0003351	epithelial cilium movement	occurs_in(CL:0000307
GO:0003341	cilium movement	occurs_in(CL:0000307)
GO:0036158	outer dynein arm assembly	occurs_in(CL:0000307)
GO:0045109	intermediate filament organization	occurs_in(CL:0000312
GO:0003682	chromatin binding	occurs_in(CL:0000312
GO:0043565	sequence-specific DNA binding	occurs_in(CL:0000312
GO:0045109	intermediate filament organization	occurs_in(CL:0000312
GO:0045109	intermediate filament organization	occurs_in(CL:0000312
GO:0001228	transcriptional activator activity, RNA polymerase II transcription regulatory region sequence-specific binding	occurs_in(CL:0000312
GO:0002803	positive regulation of antibacterial peptide production	occurs_in(CL:0000312
GO:0005319	lipid transporter activity	occurs_in(CL:0000312
GO:0032940	secretion by cell	occurs_in(CL:0000312
GO:0043565	sequence-specific DNA binding	occurs_in(CL:0000312
GO:0001077	transcriptional activator activity, RNA polymerase II core promoter proximal region sequence-specific binding	occurs_in(CL:0000312
GO:0001077	transcriptional activator activity, RNA polymerase II core promoter proximal region sequence-specific binding	occurs_in(CL:0000312
GO:0008544	epidermis development	occurs_in(CL:0000312
GO:0000122	negative regulation of transcription from RNA polymerase II promoter	occurs_in(CL:0000312
GO:0008233	peptidase activity	occurs_in(CL:0000312
GO:0006869	lipid transport	occurs_in(CL:0000312
GO:0008092	cytoskeletal protein binding	occurs_in(CL:0000312
GO:0001227	transcriptional repressor activity, RNA polymerase II transcription regulatory region sequence-specific binding	occurs_in(CL:0000312
GO:0034040	lipid-transporting ATPase activity	occurs_in(CL:0000312
GO:0010628	positive regulation of gene expression	occurs_in(CL:0000312
GO:0005198	structural molecule activity	occurs_in(CL:0000312
GO:0007160	cell-matrix adhesion	occurs_in(CL:0000312
GO:0045055	regulated exocytosis	occurs_in(CL:0000312
GO:1905515	non-motile cilium assembly	occurs_in(CL:0000312
GO:0060070	canonical Wnt signaling pathway	occurs_in(CL:0000312)
GO:0070830	bicellular tight junction assembly	occurs_in(CL:0000312)
GO:0071493	cellular response to UV-B	occurs_in(CL:0000312)
GO:1903231	mRNA binding involved in posttranscriptional gene silencing	occurs_in(CL:0000312)
GO:1905515	non-motile cilium assembly	occurs_in(CL:0000312)
GO:0030214	hyaluronan catabolic process	occurs_in(CL:0000312)
GO:1900127	positive regulation of hyaluronan biosynthetic process	occurs_in(CL:0000312)
GO:0055069	zinc ion homeostasis	occurs_in(CL:0000312)
GO:0071236	cellular response to antibiotic	occurs_in(CL:0000312)
GO:0005515	protein binding	occurs_in(CL:0000312)
GO:0007219	Notch signaling pathway	occurs_in(CL:0000312)
GO:1903265	positive regulation of tumor necrosis factor-mediated signaling pathway	occurs_in(CL:0000312)
GO:1903886	positive regulation of chemokine (C-C motif) ligand 20 production	occurs_in(CL:0000312)
GO:0010804	negative regulation of tumor necrosis factor-mediated signaling pathway	occurs_in(CL:0000312)
GO:0000902	cell morphogenesis	occurs_in(CL:0000312)
GO:0005515	protein binding	occurs_in(CL:0000312)
GO:0050729	positive regulation of inflammatory response	occurs_in(CL:0000312)
GO:0008544	epidermis development	occurs_in(CL:0000312)
GO:1905515	non-motile cilium assembly	occurs_in(CL:0000312)
GO:0033906	hyaluronoglucuronidase activity	occurs_in(CL:0000312)
GO:0051642	centrosome localization	occurs_in(CL:0000312)
GO:0048468	cell development	occurs_in(CL:0000312)
GO:0031122	cytoplasmic microtubule organization	occurs_in(CL:0000312)
GO:0030036	actin cytoskeleton organization	occurs_in(CL:0000312)
GO:1903883	positive regulation of interleukin-17-mediated signaling pathway	occurs_in(CL:0000312)
GO:0007005	mitochondrion organization	occurs_in(CL:0000312)
GO:0007005	mitochondrion organization	occurs_in(CL:0000312)
GO:0007005	mitochondrion organization	occurs_in(CL:0000312)
GO:0030262	apoptotic nuclear changes	occurs_in(CL:0000312)
GO:0030262	apoptotic nuclear changes	occurs_in(CL:0000312)
GO:0030262	apoptotic nuclear changes	occurs_in(CL:0000312)
GO:0042060	wound healing	occurs_in(CL:0000312)
GO:0045785	positive regulation of cell adhesion	occurs_in(CL:0000312)
GO:0035278	miRNA mediated inhibition of translation	occurs_in(CL:0000312)
GO:0007569	cell aging	occurs_in(CL:0000312)
GO:0071277	cellular response to calcium ion	occurs_in(CL:0000312)
GO:0035329	hippo signaling	occurs_in(CL:0000312)
GO:0005525	GTP binding	occurs_in(CL:0000312)
GO:0005080	protein kinase C binding	occurs_in(CL:0000312)
GO:2000484	positive regulation of interleukin-8 secretion	occurs_in(CL:0000312)
GO:0000122	negative regulation of transcription from RNA polymerase II promoter	occurs_in(CL:0000312)
GO:0071277	cellular response to calcium ion	occurs_in(CL:0000312)
GO:0071277	cellular response to calcium ion	occurs_in(CL:0000312)
GO:0060271	cilium assembly	occurs_in(CL:0000312)
GO:0031573	intra-S DNA damage checkpoint	occurs_in(CL:0000312)
GO:0002159	desmosome assembly	occurs_in(CL:0000312)
GO:0004498	calcidiol 1-monooxygenase activity	occurs_in(CL:0000312)
GO:0036378	calcitriol biosynthetic process from calciol	occurs_in(CL:0000312)
GO:0004415	hyalurononglucosaminidase activity	occurs_in(CL:0000312)
GO:0048469	cell maturation	occurs_in(CL:0000322
GO:0006644	phospholipid metabolic process	occurs_in(CL:0000322)
GO:0007005	mitochondrion organization	occurs_in(CL:0000322)
GO:0005515	protein binding	occurs_in(CL:0000322)
GO:0007033	vacuole organization	occurs_in(CL:0000322)
GO:0009617	response to bacterium	occurs_in(CL:0000328)
GO:0003705	transcription factor activity, RNA polymerase II distal enhancer sequence-specific binding	occurs_in(CL:0000333
GO:0007015	actin filament organization	occurs_in(CL:0000333)
GO:0030335	positive regulation of cell migration	occurs_in(CL:0000333)
GO:0036032	neural crest cell delamination	occurs_in(CL:0000333)
GO:0090527	actin filament reorganization	occurs_in(CL:0000333)
GO:0048041	focal adhesion assembly	occurs_in(CL:0000333)
GO:0001841	neural tube formation	occurs_in(CL:0000333)
GO:0030010	establishment of cell polarity	occurs_in(CL:0000333)
GO:0036032	neural crest cell delamination	occurs_in(CL:0000333)
GO:0006929	substrate-dependent cell migration	occurs_in(CL:0000333)
GO:0006904	vesicle docking involved in exocytosis	occurs_in(CL:0000336)
GO:0005245	voltage-gated calcium channel activity	occurs_in(CL:0000336)
GO:0050432	catecholamine secretion	occurs_in(CL:0000336)
GO:0006887	exocytosis	occurs_in(CL:0000336)
GO:0016050	vesicle organization	occurs_in(CL:0000336)
GO:0090090	negative regulation of canonical Wnt signaling pathway	occurs_in(CL:0000337
GO:0000122	negative regulation of transcription from RNA polymerase II promoter	occurs_in(CL:0000337
GO:2000377	regulation of reactive oxygen species metabolic process	occurs_in(CL:0000337
GO:0051294	establishment of spindle orientation	occurs_in(CL:0000337
GO:0007163	establishment or maintenance of cell polarity	occurs_in(CL:0000337)
GO:0000122	negative regulation of transcription from RNA polymerase II promoter	occurs_in(CL:0000337)
GO:0021874	Wnt signaling pathway involved in forebrain neuroblast division	occurs_in(CL:0000337)
GO:0043297	apical junction assembly	occurs_in(CL:0000337)
GO:2000177	regulation of neural precursor cell proliferation	occurs_in(CL:0000337)
GO:2000377	regulation of reactive oxygen species metabolic process	occurs_in(CL:0000337)
GO:0090090	negative regulation of canonical Wnt signaling pathway	occurs_in(CL:0000337)
GO:0000187	activation of MAPK activity	occurs_in(CL:0000349)
GO:0005542	folic acid binding	occurs_in(CL:0000351
GO:0061714	folic acid receptor activity	occurs_in(CL:0000351
GO:0000122	negative regulation of transcription from RNA polymerase II promoter	occurs_in(CL:0000351
GO:0000122	negative regulation of transcription from RNA polymerase II promoter	occurs_in(CL:0000351
GO:0000122	negative regulation of transcription from RNA polymerase II promoter	occurs_in(CL:0000351
GO:0030154	cell differentiation	occurs_in(CL:0000351)
GO:0060135	maternal process involved in female pregnancy	occurs_in(CL:0000351)
GO:0010821	regulation of mitochondrion organization	occurs_in(CL:0000351)
GO:1902882	regulation of response to oxidative stress	occurs_in(CL:0000351)
GO:0043280	positive regulation of cysteine-type endopeptidase activity involved in apoptotic process	occurs_in(CL:0000351)
GO:0061418	regulation of transcription from RNA polymerase II promoter in response to hypoxia	occurs_in(CL:0000351)
GO:0071500	cellular response to nitrosative stress	occurs_in(CL:0000351)
GO:0015012	heparan sulfate proteoglycan biosynthetic process	occurs_in(CL:0000351)
GO:1901858	regulation of mitochondrial DNA metabolic process	occurs_in(CL:0000351)
GO:0051881	regulation of mitochondrial membrane potential	occurs_in(CL:0000351)
GO:0016476	regulation of embryonic cell shape	occurs_in(CL:0000352
GO:0043565	sequence-specific DNA binding	occurs_in(CL:0000352
GO:1904261	positive regulation of basement membrane assembly involved in embryonic body morphogenesis	occurs_in(CL:0000352
GO:0070507	regulation of microtubule cytoskeleton organization	occurs_in(CL:0000352
GO:0010470	regulation of gastrulation	occurs_in(CL:0000352
GO:0090002	establishment of protein localization to plasma membrane	occurs_in(CL:0000352
GO:0000122	negative regulation of transcription from RNA polymerase II promoter	occurs_in(CL:0000352
GO:0090002	establishment of protein localization to plasma membrane	occurs_in(CL:0000352
GO:0006310	DNA recombination	occurs_in(CL:0000352)
GO:0006606	protein import into nucleus	occurs_in(CL:0000352)
GO:0004671	protein C-terminal S-isoprenylcysteine carboxyl O-methyltransferase activity	occurs_in(CL:0000352)
GO:0006974	cellular response to DNA damage stimulus	occurs_in(CL:0000352)
GO:0007163	establishment or maintenance of cell polarity	occurs_in(CL:0000352)
GO:0010468	regulation of gene expression	occurs_in(CL:0000352)
GO:0044154	histone H3-K14 acetylation	occurs_in(CL:0000352)
GO:0000824	inositol tetrakisphosphate 3-kinase activity	occurs_in(CL:0000352)
GO:0005515	protein binding	occurs_in(CL:0000352)
GO:0043983	histone H4-K12 acetylation	occurs_in(CL:0000352)
GO:0010717	regulation of epithelial to mesenchymal transition	occurs_in(CL:0000352)
GO:0090162	establishment of epithelial cell polarity	occurs_in(CL:0000352)
GO:0006298	mismatch repair	occurs_in(CL:0000352)
GO:0072089	stem cell proliferation	occurs_in(CL:0000352)
GO:0032958	inositol phosphate biosynthetic process	occurs_in(CL:0000352)
GO:0005487	nucleocytoplasmic transporter activity	occurs_in(CL:0000352)
GO:0016571	histone methylation	occurs_in(CL:0000352)
GO:0000720	pyrimidine dimer repair by nucleotide-excision repair	occurs_in(CL:0000352)
GO:0008440	inositol-1,4,5-trisphosphate 3-kinase activity	occurs_in(CL:0000352)
GO:0006406	mRNA export from nucleus	occurs_in(CL:0000352)
GO:0006260	DNA replication	occurs_in(CL:0000352)
GO:0051726	regulation of cell cycle	occurs_in(CL:0000352)
GO:0007059	chromosome segregation	occurs_in(CL:0000352)
GO:0016573	histone acetylation	occurs_in(CL:0000352)
GO:0051297	centrosome organization	occurs_in(CL:0000353)
GO:0090307	mitotic spindle assembly	occurs_in(CL:0000353)
GO:0007059	chromosome segregation	occurs_in(CL:0000353)
GO:0010628	positive regulation of gene expression	occurs_in(CL:0000359
GO:0061044	negative regulation of vascular wound healing	occurs_in(CL:0000359
GO:0034315	regulation of Arp2/3 complex-mediated actin nucleation	occurs_in(CL:0000359
GO:0048662	negative regulation of smooth muscle cell proliferation	occurs_in(CL:0000359
GO:0035195	gene silencing by miRNA	occurs_in(CL:0000359
GO:0035195	gene silencing by miRNA	occurs_in(CL:0000359
GO:0035195	gene silencing by miRNA	occurs_in(CL:0000359
GO:0035195	gene silencing by miRNA	occurs_in(CL:0000359
GO:0035195	gene silencing by miRNA	occurs_in(CL:0000359
GO:0035195	gene silencing by miRNA	occurs_in(CL:0000359
GO:0035195	gene silencing by miRNA	occurs_in(CL:0000359
GO:2000773	negative regulation of cellular senescence	occurs_in(CL:0000359
GO:0034393	positive regulation of smooth muscle cell apoptotic process	occurs_in(CL:0000359
GO:0035195	gene silencing by miRNA	occurs_in(CL:0000359
GO:0008360	regulation of cell shape	occurs_in(CL:0000359
GO:0060394	negative regulation of pathway-restricted SMAD protein phosphorylation	occurs_in(CL:0000359
GO:0060394	negative regulation of pathway-restricted SMAD protein phosphorylation	occurs_in(CL:0000359
GO:0035278	miRNA mediated inhibition of translation	occurs_in(CL:0000359
GO:0035278	miRNA mediated inhibition of translation	occurs_in(CL:0000359
GO:0035278	miRNA mediated inhibition of translation	occurs_in(CL:0000359
GO:1903231	mRNA binding involved in posttranscriptional gene silencing	occurs_in(CL:0000359
GO:0030512	negative regulation of transforming growth factor beta receptor signaling pathway	occurs_in(CL:0000359
GO:0030512	negative regulation of transforming growth factor beta receptor signaling pathway	occurs_in(CL:0000359
GO:0060075	regulation of resting membrane potential	occurs_in(CL:0000359)
GO:0018105	peptidyl-serine phosphorylation	occurs_in(CL:0000359)
GO:0036120	cellular response to platelet-derived growth factor stimulus	occurs_in(CL:0000359)
GO:0048662	negative regulation of smooth muscle cell proliferation	occurs_in(CL:0000359)
GO:1903206	negative regulation of hydrogen peroxide-induced cell death	occurs_in(CL:0000359)
GO:0005515	protein binding	occurs_in(CL:0000359)
GO:1902632	positive regulation of membrane hyperpolarization	occurs_in(CL:0000359)
GO:0035195	gene silencing by miRNA	occurs_in(CL:0000359)
GO:0035195	gene silencing by miRNA	occurs_in(CL:0000359)
GO:0004720	protein-lysine 6-oxidase activity	occurs_in(CL:0000359)
GO:2000393	negative regulation of lamellipodium morphogenesis	occurs_in(CL:0000359)
GO:1902894	negative regulation of pri-miRNA transcription from RNA polymerase II promoter	occurs_in(CL:0000359)
GO:0007050	cell cycle arrest	occurs_in(CL:0000359)
GO:0071346	cellular response to interferon-gamma	occurs_in(CL:0000359)
GO:1900087	positive regulation of G1/S transition of mitotic cell cycle	occurs_in(CL:0000359)
GO:0046329	negative regulation of JNK cascade	occurs_in(CL:0000359)
GO:0003085	negative regulation of systemic arterial blood pressure	occurs_in(CL:0000359)
GO:0036120	cellular response to platelet-derived growth factor stimulus	occurs_in(CL:0000359)
GO:0071672	negative regulation of smooth muscle cell chemotaxis	occurs_in(CL:0000359)
GO:0097191	extrinsic apoptotic signaling pathway	occurs_in(CL:0000359)
GO:1900087	positive regulation of G1/S transition of mitotic cell cycle	occurs_in(CL:0000359)
GO:0035195	gene silencing by miRNA	occurs_in(CL:0000359)
GO:0034392	negative regulation of smooth muscle cell apoptotic process	occurs_in(CL:0000359)
GO:0043508	negative regulation of JUN kinase activity	occurs_in(CL:0000359)
GO:0004697	protein kinase C activity	occurs_in(CL:0000359)
GO:0071673	positive regulation of smooth muscle cell chemotaxis	occurs_in(CL:0000359)
GO:0030036	actin cytoskeleton organization	occurs_in(CL:0000359)
GO:0061044	negative regulation of vascular wound healing	occurs_in(CL:0000359)
GO:0071456	cellular response to hypoxia	occurs_in(CL:0000359)
GO:0036378	calcitriol biosynthetic process from calciol	occurs_in(CL:0000359)
GO:0010629	negative regulation of gene expression	occurs_in(CL:0000359)
GO:0010628	positive regulation of gene expression	occurs_in(CL:0000359)
GO:0034260	negative regulation of GTPase activity	occurs_in(CL:0000359)
GO:0035195	gene silencing by miRNA	occurs_in(CL:0000359)
GO:0035195	gene silencing by miRNA	occurs_in(CL:0000359)
GO:0035195	gene silencing by miRNA	occurs_in(CL:0000359)
GO:0035195	gene silencing by miRNA	occurs_in(CL:0000359)
GO:0035195	gene silencing by miRNA	occurs_in(CL:0000359)
GO:0035195	gene silencing by miRNA	occurs_in(CL:0000359)
GO:0035195	gene silencing by miRNA	occurs_in(CL:0000359)
GO:0035195	gene silencing by miRNA	occurs_in(CL:0000359)
GO:0035195	gene silencing by miRNA	occurs_in(CL:0000359)
GO:0035195	gene silencing by miRNA	occurs_in(CL:0000359)
GO:0035195	gene silencing by miRNA	occurs_in(CL:0000359)
GO:0035195	gene silencing by miRNA	occurs_in(CL:0000359)
GO:0035195	gene silencing by miRNA	occurs_in(CL:0000359)
GO:0035195	gene silencing by miRNA	occurs_in(CL:0000359)
GO:0035195	gene silencing by miRNA	occurs_in(CL:0000359)
GO:0035195	gene silencing by miRNA	occurs_in(CL:0000359)
GO:0035195	gene silencing by miRNA	occurs_in(CL:0000359)
GO:0035195	gene silencing by miRNA	occurs_in(CL:0000359)
GO:0035195	gene silencing by miRNA	occurs_in(CL:0000359)
GO:0035195	gene silencing by miRNA	occurs_in(CL:0000359)
GO:0035195	gene silencing by miRNA	occurs_in(CL:0000359)
GO:0035195	gene silencing by miRNA	occurs_in(CL:0000359)
GO:0035195	gene silencing by miRNA	occurs_in(CL:0000359)
GO:0035195	gene silencing by miRNA	occurs_in(CL:0000359)
GO:0035195	gene silencing by miRNA	occurs_in(CL:0000359)
GO:0035195	gene silencing by miRNA	occurs_in(CL:0000359)
GO:0004498	calcidiol 1-monooxygenase activity	occurs_in(CL:0000359)
GO:1902895	positive regulation of pri-miRNA transcription from RNA polymerase II promoter	occurs_in(CL:0000359)
GO:2001237	negative regulation of extrinsic apoptotic signaling pathway	occurs_in(CL:0000359)
GO:0048661	positive regulation of smooth muscle cell proliferation	occurs_in(CL:0000359)
GO:0051726	regulation of cell cycle	occurs_in(CL:0000362)
GO:0060070	canonical Wnt signaling pathway	occurs_in(CL:0000362)
GO:0034237	protein kinase A regulatory subunit binding	occurs_in(CL:0000365)
GO:0051225	spindle assembly	occurs_in(CL:0000365)
GO:0035195	gene silencing by miRNA	occurs_in(CL:0000384
GO:0035195	gene silencing by miRNA	occurs_in(CL:0000384
GO:0035195	gene silencing by miRNA	occurs_in(CL:0000384
GO:0060290	transdifferentiation	occurs_in(CL:0000388
GO:0060290	transdifferentiation	occurs_in(CL:0000388
GO:0032967	positive regulation of collagen biosynthetic process	occurs_in(CL:0000388)
GO:0034599	cellular response to oxidative stress	occurs_in(CL:0000402)
GO:0003700	transcription factor activity, sequence-specific DNA binding	occurs_in(CL:0000439
GO:0048468	cell development	occurs_in(CL:0000439)
GO:0019827	stem cell population maintenance	occurs_in(CL:0000449
GO:0045944	positive regulation of transcription from RNA polymerase II promoter	occurs_in(CL:0000449
GO:0035563	positive regulation of chromatin binding	occurs_in(CL:0000449
GO:0003682	chromatin binding	occurs_in(CL:0000449
GO:0007189	adenylate cyclase-activating G-protein coupled receptor signaling pathway	occurs_in(CL:0000449)
GO:0005515	protein binding	occurs_in(CL:0000449)
GO:0003682	chromatin binding	occurs_in(CL:0000449)
GO:0098727	maintenance of cell number	occurs_in(CL:0000449)
GO:0004941	beta2-adrenergic receptor activity	occurs_in(CL:0000449)
GO:0031699	beta-3 adrenergic receptor binding	occurs_in(CL:0000449)
GO:0045944	positive regulation of transcription from RNA polymerase II promoter	occurs_in(CL:0000449)
GO:0004940	beta1-adrenergic receptor activity	occurs_in(CL:0000449)
GO:0010890	positive regulation of sequestering of triglyceride	occurs_in(CL:0000449)
GO:0048469	cell maturation	occurs_in(CL:0000451
GO:0003682	chromatin binding	occurs_in(CL:0000451
GO:0003682	chromatin binding	occurs_in(CL:0000451
GO:1904417	positive regulation of xenophagy	occurs_in(CL:0000451
GO:0001786	phosphatidylserine binding	occurs_in(CL:0000451
GO:0000122	negative regulation of transcription from RNA polymerase II promoter	occurs_in(CL:0000451
GO:0002230	positive regulation of defense response to virus by host	occurs_in(CL:0000451
GO:0035567	non-canonical Wnt signaling pathway	occurs_in(CL:0000451)
GO:1904417	positive regulation of xenophagy	occurs_in(CL:0000451)
GO:0002407	dendritic cell chemotaxis	occurs_in(CL:0000451)
GO:0035457	cellular response to interferon-alpha	occurs_in(CL:0000451)
GO:2001183	negative regulation of interleukin-12 secretion	occurs_in(CL:0000451)
GO:0005229	intracellular calcium activated chloride channel activity	occurs_in(CL:0000451)
GO:0036258	multivesicular body assembly	occurs_in(CL:0000451)
GO:0061738	late endosomal microautophagy	occurs_in(CL:0000451)
GO:0002740	negative regulation of cytokine secretion involved in immune response	occurs_in(CL:0000451)
GO:0071345	cellular response to cytokine stimulus	occurs_in(CL:0000451)
GO:0060070	canonical Wnt signaling pathway	occurs_in(CL:0000451)
GO:0006821	chloride transport	occurs_in(CL:0000451)
GO:2001180	negative regulation of interleukin-10 secretion	occurs_in(CL:0000451)
GO:0019882	antigen processing and presentation	occurs_in(CL:0000451)
GO:0042288	MHC class I protein binding	occurs_in(CL:0000451)
GO:1990182	exosomal secretion	occurs_in(CL:0000451)
GO:0002230	positive regulation of defense response to virus by host	occurs_in(CL:0000451)
GO:0051017	actin filament bundle assembly	occurs_in(CL:0000477)
GO:0051276	chromosome organization	occurs_in(CL:0000477)
GO:1902715	positive regulation of interferon-gamma secretion	occurs_in(CL:0000492)
GO:0050852	T cell receptor signaling pathway	occurs_in(CL:0000492)
GO:0050671	positive regulation of lymphocyte proliferation	occurs_in(CL:0000492)
GO:0070673	response to interleukin-18	occurs_in(CL:0000492)
GO:0010468	regulation of gene expression	occurs_in(CL:0000499
GO:0046697	decidualization	occurs_in(CL:0000499)
GO:1903683	positive regulation of epithelial cell-cell adhesion involved in epithelium migration	occurs_in(CL:0000500
GO:1903077	negative regulation of protein localization to plasma membrane	occurs_in(CL:0000500
GO:1903387	positive regulation of homophilic cell adhesion	occurs_in(CL:0000500
GO:2000365	negative regulation of STAT protein import into nucleus	occurs_in(CL:0000500
GO:0010629	negative regulation of gene expression	occurs_in(CL:0000501
GO:0010730	negative regulation of hydrogen peroxide biosynthetic process	occurs_in(CL:0000501)
GO:0005515	protein binding	occurs_in(CL:0000501)
GO:0071456	cellular response to hypoxia	occurs_in(CL:0000501)
GO:0032306	regulation of prostaglandin secretion	occurs_in(CL:0000501)
GO:0032306	regulation of prostaglandin secretion	occurs_in(CL:0000501)
GO:0090276	regulation of peptide hormone secretion	occurs_in(CL:0000501)
GO:2000871	negative regulation of progesterone secretion	occurs_in(CL:0000501)
GO:0033574	response to testosterone	occurs_in(CL:0000501)
GO:0008285	negative regulation of cell proliferation	occurs_in(CL:0000501)
GO:0032570	response to progesterone	occurs_in(CL:0000501)
GO:0043066	negative regulation of apoptotic process	occurs_in(CL:0000501)
GO:0010575	positive regulation of vascular endothelial growth factor production	occurs_in(CL:0000501)
GO:2000183	negative regulation of progesterone biosynthetic process	occurs_in(CL:0000501)
GO:0045786	negative regulation of cell cycle	occurs_in(CL:0000501)
GO:0035195	gene silencing by miRNA	occurs_in(CL:0000501)
GO:0008284	positive regulation of cell proliferation	occurs_in(CL:0000501)
GO:2000839	positive regulation of androstenedione secretion	occurs_in(CL:0000503)
GO:2000184	positive regulation of progesterone biosynthetic process	occurs_in(CL:0000503)
GO:2000872	positive regulation of progesterone secretion	occurs_in(CL:0000503)
GO:1903456	positive regulation of androst-4-ene-3,17-dione biosynthetic process	occurs_in(CL:0000503)
GO:0003682	chromatin binding	occurs_in(CL:0000510
GO:0003682	chromatin binding	occurs_in(CL:0000510
GO:0042803	protein homodimerization activity	occurs_in(CL:0000510)
GO:0030141	secretory granule	occurs_in(CL:0000510)
GO:0046982	protein heterodimerization activity	occurs_in(CL:0000510)
GO:0045214	sarcomere organization	occurs_in(CL:0000513)
GO:0007006	mitochondrial membrane organization	occurs_in(CL:0000513)
GO:0007006	mitochondrial membrane organization	occurs_in(CL:0000513)
GO:0007006	mitochondrial membrane organization	occurs_in(CL:0000513)
GO:0007006	mitochondrial membrane organization	occurs_in(CL:0000513)
GO:0007006	mitochondrial membrane organization	occurs_in(CL:0000513)
GO:0007006	mitochondrial membrane organization	occurs_in(CL:0000513)
GO:0007006	mitochondrial membrane organization	occurs_in(CL:0000513)
GO:0006816	calcium ion transport	occurs_in(CL:0000514)
GO:0006874	cellular calcium ion homeostasis	occurs_in(CL:0000514)
GO:1905515	non-motile cilium assembly	occurs_in(CL:0000515)
GO:0010628	positive regulation of gene expression	occurs_in(CL:0000515)
GO:0048741	skeletal muscle fiber development	occurs_in(CL:0000515)
GO:0060070	canonical Wnt signaling pathway	occurs_in(CL:0000515)
GO:0007519	skeletal muscle tissue development	occurs_in(CL:0000515)
GO:0045445	myoblast differentiation	occurs_in(CL:0000515)
GO:0046777	protein autophosphorylation	occurs_in(CL:0000515)
GO:0048627	myoblast development	occurs_in(CL:0000515)
GO:0071363	cellular response to growth factor stimulus	occurs_in(CL:0000515)
GO:2000288	positive regulation of myoblast proliferation	occurs_in(CL:0000515)
GO:0010629	negative regulation of gene expression	occurs_in(CL:0000515)
GO:0045214	sarcomere organization	occurs_in(CL:0000515)
GO:0046332	SMAD binding	occurs_in(CL:0000515)
GO:0033613	activating transcription factor binding	occurs_in(CL:0000515)
GO:0014866	skeletal myofibril assembly	occurs_in(CL:0000515)
GO:0000302	response to reactive oxygen species	occurs_in(CL:0000515)
GO:0051726	regulation of cell cycle	occurs_in(CL:0000515)
GO:0043066	negative regulation of apoptotic process	occurs_in(CL:0000515)
GO:0005242	inward rectifier potassium channel activity	occurs_in(CL:0000516)
GO:0071805	potassium ion transmembrane transport	occurs_in(CL:0000516)
GO:0035195	gene silencing by miRNA	occurs_in(CL:0000517
GO:0090370	negative regulation of cholesterol efflux	occurs_in(CL:0000517
GO:0010629	negative regulation of gene expression	occurs_in(CL:0000517
GO:0010629	negative regulation of gene expression	occurs_in(CL:0000517
GO:2000188	regulation of cholesterol homeostasis	occurs_in(CL:0000517
GO:0010875	positive regulation of cholesterol efflux	occurs_in(CL:0000517)
GO:2000188	regulation of cholesterol homeostasis	occurs_in(CL:0000517)
GO:0090370	negative regulation of cholesterol efflux	occurs_in(CL:0000517)
GO:0016477	cell migration	occurs_in(CL:0000523
GO:0046677	response to antibiotic	occurs_in(CL:0000525)
GO:0000768	syncytium formation by plasma membrane fusion	occurs_in(CL:0000525)
GO:0071470	cellular response to osmotic stress	occurs_in(CL:0000525)
GO:0071456	cellular response to hypoxia	occurs_in(CL:0000525)
GO:0071464	cellular response to hydrostatic pressure	occurs_in(CL:0000525)
GO:0032438	melanosome organization	occurs_in(CL:0000529)
GO:0048753	pigment granule organization	occurs_in(CL:0000529)
GO:1901800	positive regulation of proteasomal protein catabolic process	occurs_in(CL:0000530
GO:1901800	positive regulation of proteasomal protein catabolic process	occurs_in(CL:0000530
GO:0005515	protein binding	occurs_in(CL:0000530
GO:0031647	regulation of protein stability	occurs_in(CL:0000530
GO:0032436	positive regulation of proteasomal ubiquitin-dependent protein catabolic process	occurs_in(CL:0000530
GO:0021915	neural tube development	occurs_in(CL:0000530)
GO:1903298	negative regulation of hypoxia-induced intrinsic apoptotic signaling pathway	occurs_in(CL:0000530)
GO:0010628	positive regulation of gene expression	occurs_in(CL:0000530)
GO:1990440	positive regulation of transcription from RNA polymerase II promoter in response to endoplasmic reticulum stress	occurs_in(CL:0000530)
GO:0051881	regulation of mitochondrial membrane potential	occurs_in(CL:0000530)
GO:0031643	positive regulation of myelination	occurs_in(CL:0000540
GO:0002091	negative regulation of receptor internalization	occurs_in(CL:0000540
GO:0010468	regulation of gene expression	occurs_in(CL:0000540
GO:0010468	regulation of gene expression	occurs_in(CL:0000540
GO:0010468	regulation of gene expression	occurs_in(CL:0000540
GO:0010996	response to auditory stimulus	occurs_in(CL:0000540
GO:0046959	habituation	occurs_in(CL:0000540
GO:1904980	positive regulation of endosome organization	occurs_in(CL:0000540
GO:0070936	protein K48-linked ubiquitination	occurs_in(CL:0000540
GO:0071205	protein localization to juxtaparanode region of axon	occurs_in(CL:0000540
GO:0002091	negative regulation of receptor internalization	occurs_in(CL:0000540
GO:0034629	cellular protein complex localization	occurs_in(CL:0000540
GO:0045944	positive regulation of transcription from RNA polymerase II promoter	occurs_in(CL:0000540
GO:0061630	ubiquitin protein ligase activity	occurs_in(CL:0000540
GO:2000809	positive regulation of synaptic vesicle clustering	occurs_in(CL:0000540
GO:0072655	establishment of protein localization to mitochondrion	occurs_in(CL:0000540
GO:0007265	Ras protein signal transduction	occurs_in(CL:0000540
GO:0031647	regulation of protein stability	occurs_in(CL:0000540
GO:0002175	protein localization to paranode region of axon	occurs_in(CL:0000540
GO:0071539	protein localization to centrosome	occurs_in(CL:0000540
GO:0016485	protein processing	occurs_in(CL:0000540
GO:0072656	maintenance of protein location in mitochondrion	occurs_in(CL:0000540
GO:0051646	mitochondrion localization	occurs_in(CL:0000540
GO:0004713	protein tyrosine kinase activity	occurs_in(CL:0000540
GO:0097091	synaptic vesicle clustering	occurs_in(CL:0000540
GO:1900243	negative regulation of synaptic vesicle endocytosis	occurs_in(CL:0000540
GO:0010468	regulation of gene expression	occurs_in(CL:0000540
GO:0010468	regulation of gene expression	occurs_in(CL:0000540
GO:0010468	regulation of gene expression	occurs_in(CL:0000540
GO:0010468	regulation of gene expression	occurs_in(CL:0000540
GO:0010468	regulation of gene expression	occurs_in(CL:0000540
GO:0097500	receptor localization to non-motile cilium	occurs_in(CL:0000540
GO:0097500	receptor localization to non-motile cilium	occurs_in(CL:0000540
GO:0008233	peptidase activity	occurs_in(CL:0000540
GO:0008233	peptidase activity	occurs_in(CL:0000540
GO:1990440	positive regulation of transcription from RNA polymerase II promoter in response to endoplasmic reticulum stress	occurs_in(CL:0000540
GO:1990440	positive regulation of transcription from RNA polymerase II promoter in response to endoplasmic reticulum stress	occurs_in(CL:0000540
GO:1905154	negative regulation of membrane invagination	occurs_in(CL:0000540
GO:2001020	regulation of response to DNA damage stimulus	occurs_in(CL:0000540
GO:1902304	positive regulation of potassium ion export	occurs_in(CL:0000540
GO:0005102	receptor binding	occurs_in(CL:0000540
GO:0004190	aspartic-type endopeptidase activity	occurs_in(CL:0000540
GO:0005102	receptor binding	occurs_in(CL:0000540
GO:0051604	protein maturation	occurs_in(CL:0000540
GO:0032496	response to lipopolysaccharide	occurs_in(CL:0000540
GO:1900186	negative regulation of clathrin-dependent endocytosis	occurs_in(CL:0000540
GO:0000060	protein import into nucleus, translocation	occurs_in(CL:0000540
GO:0061743	motor learning	occurs_in(CL:0000540
GO:0046579	positive regulation of Ras protein signal transduction	occurs_in(CL:0000540
GO:0010918	positive regulation of mitochondrial membrane potential	occurs_in(CL:0000540
GO:0007005	mitochondrion organization	occurs_in(CL:0000540
GO:0070120	ciliary neurotrophic factor-mediated signaling pathway	occurs_in(CL:0000540)
GO:0070120	ciliary neurotrophic factor-mediated signaling pathway	occurs_in(CL:0000540)
GO:0008474	palmitoyl-(protein) hydrolase activity	occurs_in(CL:0000540)
GO:0045499	chemorepellent activity	occurs_in(CL:0000540)
GO:0060052	neurofilament cytoskeleton organization	occurs_in(CL:0000540)
GO:0060052	neurofilament cytoskeleton organization	occurs_in(CL:0000540)
GO:0008088	axo-dendritic transport	occurs_in(CL:0000540)
GO:0051402	neuron apoptotic process	occurs_in(CL:0000540)
GO:0007040	lysosome organization	occurs_in(CL:0000540)
GO:0007040	lysosome organization	occurs_in(CL:0000540)
GO:0007040	lysosome organization	occurs_in(CL:0000540)
GO:0004972	NMDA glutamate receptor activity	occurs_in(CL:0000540)
GO:0000979	RNA polymerase II core promoter sequence-specific DNA binding	occurs_in(CL:0000540)
GO:0033198	response to ATP	occurs_in(CL:0000540)
GO:0033198	response to ATP	occurs_in(CL:0000540)
GO:0033198	response to ATP	occurs_in(CL:0000540)
GO:0033198	response to ATP	occurs_in(CL:0000540)
GO:0033198	response to ATP	occurs_in(CL:0000540)
GO:0005245	voltage-gated calcium channel activity	occurs_in(CL:0000540)
GO:0007029	endoplasmic reticulum organization	occurs_in(CL:0000540)
GO:0009612	response to mechanical stimulus	occurs_in(CL:0000540)
GO:0071763	nuclear membrane organization	occurs_in(CL:0000540)
GO:1903955	positive regulation of protein targeting to mitochondrion	occurs_in(CL:0000540)
GO:0071205	protein localization to juxtaparanode region of axon	occurs_in(CL:0000540)
GO:0032507	maintenance of protein location in cell	occurs_in(CL:0000540)
GO:0036091	positive regulation of transcription from RNA polymerase II promoter in response to oxidative stress	occurs_in(CL:0000540)
GO:0043066	negative regulation of apoptotic process	occurs_in(CL:0000540)
GO:0006874	cellular calcium ion homeostasis	occurs_in(CL:0000540)
GO:0045499	chemorepellent activity	occurs_in(CL:0000540)
GO:0031175	neuron projection development	occurs_in(CL:0000540)
GO:0031175	neuron projection development	occurs_in(CL:0000540)
GO:0048812	neuron projection morphogenesis	occurs_in(CL:0000540)
GO:0051560	mitochondrial calcium ion homeostasis	occurs_in(CL:0000540)
GO:0002091	negative regulation of receptor internalization	occurs_in(CL:0000540)
GO:0007042	lysosomal lumen acidification	occurs_in(CL:0000540)
GO:0008090	retrograde axonal transport	occurs_in(CL:0000540)
GO:1902947	regulation of tau-protein kinase activity	occurs_in(CL:0000540)
GO:2000378	negative regulation of reactive oxygen species metabolic process	occurs_in(CL:0000540)
GO:0005515	protein binding	occurs_in(CL:0000540)
GO:0007265	Ras protein signal transduction	occurs_in(CL:0000540)
GO:0046579	positive regulation of Ras protein signal transduction	occurs_in(CL:0000540)
GO:0002175	protein localization to paranode region of axon	occurs_in(CL:0000540)
GO:0035556	intracellular signal transduction	occurs_in(CL:0000540)
GO:0070588	calcium ion transmembrane transport	occurs_in(CL:0000540)
GO:0031102	neuron projection regeneration	occurs_in(CL:0000540)
GO:0051402	neuron apoptotic process	occurs_in(CL:0000540)
GO:0016358	dendrite development	occurs_in(CL:0000540)
GO:0007040	lysosome organization	occurs_in(CL:0000540)
GO:0007409	axonogenesis	occurs_in(CL:0000540)
GO:0048675	axon extension	occurs_in(CL:0000540)
GO:0021955	central nervous system neuron axonogenesis	occurs_in(CL:0000540)
GO:0038023	signaling receptor activity	occurs_in(CL:0000540)
GO:0000226	microtubule cytoskeleton organization	occurs_in(CL:0000540)
GO:0000226	microtubule cytoskeleton organization	occurs_in(CL:0000540)
GO:0071230	cellular response to amino acid stimulus	occurs_in(CL:0000540)
GO:0034220	ion transmembrane transport	occurs_in(CL:0000540)
GO:0005216	ion channel activity	occurs_in(CL:0000540)
GO:0090494	dopamine uptake	occurs_in(CL:0000540)
GO:0001228	transcriptional activator activity, RNA polymerase II transcription regulatory region sequence-specific binding	occurs_in(CL:0000540)
GO:0004146	dihydrofolate reductase activity	occurs_in(CL:0000540)
GO:0009267	cellular response to starvation	occurs_in(CL:0000540)
GO:1902950	regulation of dendritic spine maintenance	occurs_in(CL:0000540)
GO:2000331	regulation of terminal button organization	occurs_in(CL:0000540)
GO:0030308	negative regulation of cell growth	occurs_in(CL:0000540)
GO:0006816	calcium ion transport	occurs_in(CL:0000540)
GO:0007269	neurotransmitter secretion	occurs_in(CL:0000540)
GO:0045499	chemorepellent activity	occurs_in(CL:0000540)
GO:0045499	chemorepellent activity	occurs_in(CL:0000540)
GO:0005515	protein binding	occurs_in(CL:0000540)
GO:0004897	ciliary neurotrophic factor receptor activity	occurs_in(CL:0000540)
GO:0004897	ciliary neurotrophic factor receptor activity	occurs_in(CL:0000540)
GO:0034599	cellular response to oxidative stress	occurs_in(CL:0000540)
GO:0045471	response to ethanol	occurs_in(CL:0000540)
GO:0019915	lipid storage	occurs_in(CL:0000540)
GO:0019915	lipid storage	occurs_in(CL:0000540)
GO:0019915	lipid storage	occurs_in(CL:0000540)
GO:0004972	NMDA glutamate receptor activity	occurs_in(CL:0000540)
GO:0015277	kainate selective glutamate receptor activity	occurs_in(CL:0000540)
GO:0033198	response to ATP	occurs_in(CL:0000540)
GO:0033198	response to ATP	occurs_in(CL:0000540)
GO:0019050	suppression by virus of host apoptotic process	occurs_in(CL:0000540)
GO:0060080	inhibitory postsynaptic potential	occurs_in(CL:0000540)
GO:0060154	cellular process regulating host cell cycle in response to virus	occurs_in(CL:0000540)
GO:0016594	glycine binding	occurs_in(CL:0000540)
GO:0006814	sodium ion transport	occurs_in(CL:0000540)
GO:0006541	glutamine metabolic process	occurs_in(CL:0000540)
GO:0097352	autophagosome maturation	occurs_in(CL:0000540)
GO:0021955	central nervous system neuron axonogenesis	occurs_in(CL:0000540)
GO:1902430	negative regulation of beta-amyloid formation	occurs_in(CL:0000540)
GO:0004348	glucosylceramidase activity	occurs_in(CL:0000540)
GO:1902897	regulation of postsynaptic density protein 95 clustering	occurs_in(CL:0000540)
GO:1903298	negative regulation of hypoxia-induced intrinsic apoptotic signaling pathway	occurs_in(CL:0000540)
GO:0007032	endosome organization	occurs_in(CL:0000540)
GO:0030100	regulation of endocytosis	occurs_in(CL:0000540)
GO:1903052	positive regulation of proteolysis involved in cellular protein catabolic process	occurs_in(CL:0000540)
GO:0060547	negative regulation of necrotic cell death	occurs_in(CL:0000540)
GO:0005262	calcium channel activity	occurs_in(CL:0000540)
GO:0010468	regulation of gene expression	occurs_in(CL:0000540)
GO:1902857	positive regulation of non-motile cilium assembly	occurs_in(CL:0000540)
GO:2001225	regulation of chloride transport	occurs_in(CL:0000540)
GO:0060052	neurofilament cytoskeleton organization	occurs_in(CL:0000540)
GO:0048011	neurotrophin TRK receptor signaling pathway	occurs_in(CL:0000540)
GO:0060080	inhibitory postsynaptic potential	occurs_in(CL:0000540)
GO:0051402	neuron apoptotic process	occurs_in(CL:0000540)
GO:0033198	response to ATP	occurs_in(CL:0000540)
GO:0007040	lysosome organization	occurs_in(CL:0000540)
GO:0015277	kainate selective glutamate receptor activity	occurs_in(CL:0000540)
GO:0042931	enterobactin transporter activity	occurs_in(CL:0000540)
GO:0006536	glutamate metabolic process	occurs_in(CL:0000540)
GO:0007033	vacuole organization	occurs_in(CL:0000540)
GO:0018095	protein polyglutamylation	occurs_in(CL:0000540)
GO:0071763	nuclear membrane organization	occurs_in(CL:0000540)
GO:0071763	nuclear membrane organization	occurs_in(CL:0000540)
GO:1905302	negative regulation of macropinocytosis	occurs_in(CL:0000540)
GO:0042147	retrograde transport, endosome to Golgi	occurs_in(CL:0000540)
GO:0045944	positive regulation of transcription from RNA polymerase II promoter	occurs_in(CL:0000540)
GO:0007005	mitochondrion organization	occurs_in(CL:0000540)
GO:0007016	cytoskeletal anchoring at plasma membrane	occurs_in(CL:0000540)
GO:0008360	regulation of cell shape	occurs_in(CL:0000540)
GO:0030865	cortical cytoskeleton organization	occurs_in(CL:0000540)
GO:0072659	protein localization to plasma membrane	occurs_in(CL:0000540)
GO:0007409	axonogenesis	occurs_in(CL:0000540)
GO:0008088	axo-dendritic transport	occurs_in(CL:0000540)
GO:0008088	axo-dendritic transport	occurs_in(CL:0000540)
GO:0005245	voltage-gated calcium channel activity	occurs_in(CL:0000540)
GO:0006974	cellular response to DNA damage stimulus	occurs_in(CL:0000540)
GO:0006974	cellular response to DNA damage stimulus	occurs_in(CL:0000540)
GO:0019915	lipid storage	occurs_in(CL:0000540)
GO:0019915	lipid storage	occurs_in(CL:0000540)
GO:0019915	lipid storage	occurs_in(CL:0000540)
GO:0019915	lipid storage	occurs_in(CL:0000540)
GO:0019915	lipid storage	occurs_in(CL:0000540)
GO:0019915	lipid storage	occurs_in(CL:0000540)
GO:0019915	lipid storage	occurs_in(CL:0000540)
GO:0019915	lipid storage	occurs_in(CL:0000540)
GO:0019915	lipid storage	occurs_in(CL:0000540)
GO:0019915	lipid storage	occurs_in(CL:0000540)
GO:0019915	lipid storage	occurs_in(CL:0000540)
GO:0019915	lipid storage	occurs_in(CL:0000540)
GO:0007413	axonal fasciculation	occurs_in(CL:0000540)
GO:0048812	neuron projection morphogenesis	occurs_in(CL:0000540)
GO:0016934	extracellular-glycine-gated chloride channel activity	occurs_in(CL:0000540)
GO:0031175	neuron projection development	occurs_in(CL:0000540)
GO:0000226	microtubule cytoskeleton organization	occurs_in(CL:0000540)
GO:0051899	membrane depolarization	occurs_in(CL:0000540)
GO:0033198	response to ATP	occurs_in(CL:0000540)
GO:0006457	protein folding	occurs_in(CL:0000540)
GO:0071763	nuclear membrane organization	occurs_in(CL:0000540)
GO:0004872	receptor activity	occurs_in(CL:0000540)
GO:1902774	late endosome to lysosome transport	occurs_in(CL:0000540)
GO:1902004	positive regulation of beta-amyloid formation	occurs_in(CL:0000540)
GO:0045666	positive regulation of neuron differentiation	occurs_in(CL:0000540)
GO:0000981	RNA polymerase II transcription factor activity, sequence-specific DNA binding	occurs_in(CL:0000540)
GO:0046579	positive regulation of Ras protein signal transduction	occurs_in(CL:0000540)
GO:0003677	DNA binding	occurs_in(CL:0000540)
GO:0031427	response to methotrexate	occurs_in(CL:0000540)
GO:0046655	folic acid metabolic process	occurs_in(CL:0000540)
GO:0070509	calcium ion import	occurs_in(CL:0000540)
GO:0000226	microtubule cytoskeleton organization	occurs_in(CL:0000540)
GO:0045110	intermediate filament bundle assembly	occurs_in(CL:0000540)
GO:0010992	ubiquitin homeostasis	occurs_in(CL:0000540)
GO:0007040	lysosome organization	occurs_in(CL:0000540)
GO:0007040	lysosome organization	occurs_in(CL:0000540)
GO:0007040	lysosome organization	occurs_in(CL:0000540)
GO:0008543	fibroblast growth factor receptor signaling pathway	occurs_in(CL:0000540)
GO:0031175	neuron projection development	occurs_in(CL:0000540)
GO:0007220	Notch receptor processing	occurs_in(CL:0000540)
GO:0016934	extracellular-glycine-gated chloride channel activity	occurs_in(CL:0000540)
GO:1990138	neuron projection extension	occurs_in(CL:0000540)
GO:0008331	high voltage-gated calcium channel activity	occurs_in(CL:0000540)
GO:0006468	protein phosphorylation	occurs_in(CL:0000540)
GO:0060385	axonogenesis involved in innervation	occurs_in(CL:0000540)
GO:0048812	neuron projection morphogenesis	occurs_in(CL:0000540)
GO:0045499	chemorepellent activity	occurs_in(CL:0000540)
GO:0048488	synaptic vesicle endocytosis	occurs_in(CL:0000540)
GO:0034220	ion transmembrane transport	occurs_in(CL:0000540)
GO:0008090	retrograde axonal transport	occurs_in(CL:0000540)
GO:0010977	negative regulation of neuron projection development	occurs_in(CL:0000540)
GO:1902237	positive regulation of endoplasmic reticulum stress-induced intrinsic apoptotic signaling pathway	occurs_in(CL:0000540)
GO:0005200	structural constituent of cytoskeleton	occurs_in(CL:0000540)
GO:1904925	positive regulation of mitophagy in response to mitochondrial depolarization	occurs_in(CL:0000540)
GO:0043653	mitochondrial fragmentation involved in apoptotic process	occurs_in(CL:0000540)
GO:0008366	axon ensheathment	occurs_in(CL:0000540)
GO:0031643	positive regulation of myelination	occurs_in(CL:0000540)
GO:0007409	axonogenesis	occurs_in(CL:0000540)
GO:0007040	lysosome organization	occurs_in(CL:0000540)
GO:0006974	cellular response to DNA damage stimulus	occurs_in(CL:0000540)
GO:0006811	ion transport	occurs_in(CL:0000540)
GO:0006811	ion transport	occurs_in(CL:0000540)
GO:0006812	cation transport	occurs_in(CL:0000540)
GO:0031175	neuron projection development	occurs_in(CL:0000540)
GO:0006998	nuclear envelope organization	occurs_in(CL:0000540)
GO:0071763	nuclear membrane organization	occurs_in(CL:0000540)
GO:0061000	negative regulation of dendritic spine development	occurs_in(CL:0000540)
GO:0032386	regulation of intracellular transport	occurs_in(CL:0000540)
GO:0010976	positive regulation of neuron projection development	occurs_in(CL:0000540)
GO:0006680	glucosylceramide catabolic process	occurs_in(CL:0000540)
GO:2000117	negative regulation of cysteine-type endopeptidase activity	occurs_in(CL:0000540)
GO:0006882	cellular zinc ion homeostasis	occurs_in(CL:0000540)
GO:1900034	regulation of cellular response to heat	occurs_in(CL:0000540)
GO:0034446	substrate adhesion-dependent cell spreading	occurs_in(CL:0000542
GO:0034446	substrate adhesion-dependent cell spreading	occurs_in(CL:0000542
GO:0071222	cellular response to lipopolysaccharide	occurs_in(CL:0000542
GO:0050901	leukocyte tethering or rolling	occurs_in(CL:0000542)
GO:0033198	response to ATP	occurs_in(CL:0000542)
GO:0035457	cellular response to interferon-alpha	occurs_in(CL:0000542)
GO:0007229	integrin-mediated signaling pathway	occurs_in(CL:0000542)
GO:0016446	somatic hypermutation of immunoglobulin genes	occurs_in(CL:0000542)
GO:0045190	isotype switching	occurs_in(CL:0000542)
GO:0019835	cytolysis	occurs_in(CL:0000542)
GO:0033198	response to ATP	occurs_in(CL:0000542)
GO:0012501	programmed cell death	occurs_in(CL:0000542)
GO:0045332	phospholipid translocation	occurs_in(CL:0000542)
GO:0010628	positive regulation of gene expression	occurs_in(CL:0000542)
GO:0007009	plasma membrane organization	occurs_in(CL:0000542)
GO:1900042	positive regulation of interleukin-2 secretion	occurs_in(CL:0000542)
GO:0004496	mevalonate kinase activity	occurs_in(CL:0000542)
GO:0006884	cell volume homeostasis	occurs_in(CL:0000542)
GO:0003682	chromatin binding	occurs_in(CL:0000542)
GO:0071346	cellular response to interferon-gamma	occurs_in(CL:0000542)
GO:0006915	apoptotic process	occurs_in(CL:0000542)
GO:0004883	glucocorticoid receptor activity	occurs_in(CL:0000542)
GO:0004883	glucocorticoid receptor activity	occurs_in(CL:0000542)
GO:0004883	glucocorticoid receptor activity	occurs_in(CL:0000542)
GO:1900041	negative regulation of interleukin-2 secretion	occurs_in(CL:0000542)
GO:0010628	positive regulation of gene expression	occurs_in(CL:0000545
GO:0043565	sequence-specific DNA binding	occurs_in(CL:0000545)
GO:0008593	regulation of Notch signaling pathway	occurs_in(CL:0000545)
GO:0019221	cytokine-mediated signaling pathway	occurs_in(CL:0000545)
GO:0032613	interleukin-10 production	occurs_in(CL:0000545)
GO:0003677	DNA binding	occurs_in(CL:0000545)
GO:2000406	positive regulation of T cell migration	occurs_in(CL:0000546)
GO:0071345	cellular response to cytokine stimulus	occurs_in(CL:0000546)
GO:0005515	protein binding	occurs_in(CL:0000546)
GO:0019899	enzyme binding	occurs_in(CL:0000546)
GO:0035195	gene silencing by miRNA	occurs_in(CL:0000553)
GO:0007229	integrin-mediated signaling pathway	occurs_in(CL:0000556)
GO:0007015	actin filament organization	occurs_in(CL:0000556)
GO:0070889	platelet alpha granule organization	occurs_in(CL:0000556)
GO:0043149	stress fiber assembly	occurs_in(CL:0000556)
GO:0048468	cell development	occurs_in(CL:0000556)
GO:0072673	lamellipodium morphogenesis	occurs_in(CL:0000556)
GO:1990147	talin binding	occurs_in(CL:0000556)
GO:0033277	abortive mitotic cell cycle	occurs_in(CL:0000556)
GO:0005125	cytokine activity	occurs_in(CL:0000557)
GO:0006783	heme biosynthetic process	occurs_in(CL:0000558)
GO:0006826	iron ion transport	occurs_in(CL:0000558)
GO:0070627	ferrous iron import	occurs_in(CL:0000558)
GO:0051276	chromosome organization	occurs_in(CL:0000558)
GO:0045727	positive regulation of translation	occurs_in(CL:0000558)
GO:0048468	cell development	occurs_in(CL:0000561)
GO:0006537	glutamate biosynthetic process	occurs_in(CL:0000561)
GO:0048813	dendrite morphogenesis	occurs_in(CL:0000561)
GO:0048813	dendrite morphogenesis	occurs_in(CL:0000561)
GO:0030261	chromosome condensation	occurs_in(CL:0000562)
GO:0031490	chromatin DNA binding	occurs_in(CL:0000562)
GO:0010628	positive regulation of gene expression	occurs_in(CL:0000569
GO:0043066	negative regulation of apoptotic process	occurs_in(CL:0000569)
GO:1902856	negative regulation of non-motile cilium assembly	occurs_in(CL:0000573)
GO:0048468	cell development	occurs_in(CL:0000573)
GO:0009987	cellular process	occurs_in(CL:0000573)
GO:0045494	photoreceptor cell maintenance	occurs_in(CL:0000573)
GO:0050908	detection of light stimulus involved in visual perception	occurs_in(CL:0000573)
GO:0035845	photoreceptor cell outer segment organization	occurs_in(CL:0000573)
GO:0010628	positive regulation of gene expression	occurs_in(CL:0000575
GO:0010628	positive regulation of gene expression	occurs_in(CL:0000575
GO:0010800	positive regulation of peptidyl-threonine phosphorylation	occurs_in(CL:0000575
GO:0070528	protein kinase C signaling	occurs_in(CL:0000575)
GO:0071356	cellular response to tumor necrosis factor	occurs_in(CL:0000575)
GO:0071474	cellular hyperosmotic response	occurs_in(CL:0000575)
GO:0045860	positive regulation of protein kinase activity	occurs_in(CL:0000575)
GO:0060546	negative regulation of necroptotic process	occurs_in(CL:0000575)
GO:0050680	negative regulation of epithelial cell proliferation	occurs_in(CL:0000575)
GO:0004672	protein kinase activity	occurs_in(CL:0000575)
GO:0010628	positive regulation of gene expression	occurs_in(CL:0000576
GO:0031663	lipopolysaccharide-mediated signaling pathway	occurs_in(CL:0000576
GO:1901222	regulation of NIK/NF-kappaB signaling	occurs_in(CL:0000576
GO:0071356	cellular response to tumor necrosis factor	occurs_in(CL:0000576
GO:0032720	negative regulation of tumor necrosis factor production	occurs_in(CL:0000576
GO:0043508	negative regulation of JUN kinase activity	occurs_in(CL:0000576
GO:0070374	positive regulation of ERK1 and ERK2 cascade	occurs_in(CL:0000576
GO:0070374	positive regulation of ERK1 and ERK2 cascade	occurs_in(CL:0000576
GO:1902715	positive regulation of interferon-gamma secretion	occurs_in(CL:0000576
GO:0090073	positive regulation of protein homodimerization activity	occurs_in(CL:0000576
GO:0010507	negative regulation of autophagy	occurs_in(CL:0000576
GO:0010629	negative regulation of gene expression	occurs_in(CL:0000576
GO:2000483	negative regulation of interleukin-8 secretion	occurs_in(CL:0000576
GO:0032495	response to muramyl dipeptide	occurs_in(CL:0000576
GO:0010628	positive regulation of gene expression	occurs_in(CL:0000576
GO:0016791	phosphatase activity	occurs_in(CL:0000576
GO:0070433	negative regulation of nucleotide-binding oligomerization domain containing 2 signaling pathway	occurs_in(CL:0000576
GO:0032496	response to lipopolysaccharide	occurs_in(CL:0000576
GO:0071225	cellular response to muramyl dipeptide	occurs_in(CL:0000576
GO:2000778	positive regulation of interleukin-6 secretion	occurs_in(CL:0000576)
GO:0051926	negative regulation of calcium ion transport	occurs_in(CL:0000576)
GO:0097110	scaffold protein binding	occurs_in(CL:0000576)
GO:1901222	regulation of NIK/NF-kappaB signaling	occurs_in(CL:0000576)
GO:1900165	negative regulation of interleukin-6 secretion	occurs_in(CL:0000576)
GO:1900165	negative regulation of interleukin-6 secretion	occurs_in(CL:0000576)
GO:0033198	response to ATP	occurs_in(CL:0000576)
GO:0032720	negative regulation of tumor necrosis factor production	occurs_in(CL:0000576)
GO:0050711	negative regulation of interleukin-1 secretion	occurs_in(CL:0000576)
GO:0050713	negative regulation of interleukin-1 beta secretion	occurs_in(CL:0000576)
GO:0071222	cellular response to lipopolysaccharide	occurs_in(CL:0000576)
GO:0034097	response to cytokine	occurs_in(CL:0000576)
GO:0042008	interleukin-18 receptor activity	occurs_in(CL:0000576)
GO:0008360	regulation of cell shape	occurs_in(CL:0000576)
GO:0034097	response to cytokine	occurs_in(CL:0000576)
GO:0031726	CCR1 chemokine receptor binding	occurs_in(CL:0000576)
GO:0090280	positive regulation of calcium ion import	occurs_in(CL:0000576)
GO:2000484	positive regulation of interleukin-8 secretion	occurs_in(CL:0000576)
GO:0007166	cell surface receptor signaling pathway	occurs_in(CL:0000576)
GO:0005102	receptor binding	occurs_in(CL:0000576)
GO:0010628	positive regulation of gene expression	occurs_in(CL:0000576)
GO:0050729	positive regulation of inflammatory response	occurs_in(CL:0000576)
GO:1903753	negative regulation of p38MAPK cascade	occurs_in(CL:0000576)
GO:0008360	regulation of cell shape	occurs_in(CL:0000576)
GO:0005542	folic acid binding	occurs_in(CL:0000576)
GO:0060265	positive regulation of respiratory burst involved in inflammatory response	occurs_in(CL:0000576)
GO:0005229	intracellular calcium activated chloride channel activity	occurs_in(CL:0000578)
GO:0017128	phospholipid scramblase activity	occurs_in(CL:0000578)
GO:0006821	chloride transport	occurs_in(CL:0000578)
GO:0046329	negative regulation of JNK cascade	occurs_in(CL:0000579
GO:0030336	negative regulation of cell migration	occurs_in(CL:0000579)
GO:0005102	receptor binding	occurs_in(CL:0000581
GO:0010468	regulation of gene expression	occurs_in(CL:0000581
GO:0010468	regulation of gene expression	occurs_in(CL:0000581
GO:0010468	regulation of gene expression	occurs_in(CL:0000581
GO:0010468	regulation of gene expression	occurs_in(CL:0000581
GO:0071222	cellular response to lipopolysaccharide	occurs_in(CL:0000581)
GO:0016485	protein processing	occurs_in(CL:0000581)
GO:0005515	protein binding	occurs_in(CL:0000581)
GO:0032495	response to muramyl dipeptide	occurs_in(CL:0000581)
GO:0042493	response to drug	occurs_in(CL:0000581)
GO:0042159	lipoprotein catabolic process	occurs_in(CL:0000581)
GO:0032496	response to lipopolysaccharide	occurs_in(CL:0000581)
GO:0033198	response to ATP	occurs_in(CL:0000581)
GO:0031663	lipopolysaccharide-mediated signaling pathway	occurs_in(CL:0000581)
GO:0046777	protein autophosphorylation	occurs_in(CL:0000581)
GO:0005548	phospholipid transporter activity	occurs_in(CL:0000581)
GO:0033700	phospholipid efflux	occurs_in(CL:0000581)
GO:0032930	positive regulation of superoxide anion generation	occurs_in(CL:0000581)
GO:0043330	response to exogenous dsRNA	occurs_in(CL:0000581)
GO:0003993	acid phosphatase activity	occurs_in(CL:0000581)
GO:0008233	peptidase activity	occurs_in(CL:0000581)
GO:0017127	cholesterol transporter activity	occurs_in(CL:0000581)
GO:0033344	cholesterol efflux	occurs_in(CL:0000581)
GO:0034134	toll-like receptor 2 signaling pathway	occurs_in(CL:0000581)
GO:0030036	actin cytoskeleton organization	occurs_in(CL:0000581)
GO:0034142	toll-like receptor 4 signaling pathway	occurs_in(CL:0000581)
GO:0043032	positive regulation of macrophage activation	occurs_in(CL:0000581)
GO:0051651	maintenance of location in cell	occurs_in(CL:0000581)
GO:0004672	protein kinase activity	occurs_in(CL:0000581)
GO:0071223	cellular response to lipoteichoic acid	occurs_in(CL:0000581)
GO:0043032	positive regulation of macrophage activation	occurs_in(CL:0000583
GO:0050765	negative regulation of phagocytosis	occurs_in(CL:0000583)
GO:0072583	clathrin-dependent endocytosis	occurs_in(CL:0000583)
GO:0048246	macrophage chemotaxis	occurs_in(CL:0000583)
GO:0075512	clathrin-dependent endocytosis of virus by host cell	occurs_in(CL:0000583)
GO:0090004	positive regulation of establishment of protein localization to plasma membrane	occurs_in(CL:0000584
GO:0090004	positive regulation of establishment of protein localization to plasma membrane	occurs_in(CL:0000584
GO:0090004	positive regulation of establishment of protein localization to plasma membrane	occurs_in(CL:0000584
GO:0015909	long-chain fatty acid transport	occurs_in(CL:0000584)
GO:0015909	long-chain fatty acid transport	occurs_in(CL:0000584)
GO:1902896	terminal web assembly	occurs_in(CL:0000584)
GO:0001951	intestinal D-glucose absorption	occurs_in(CL:0000584)
GO:0005515	protein binding	occurs_in(CL:0000584)
GO:0060122	inner ear receptor stereocilium organization	occurs_in(CL:0000589
GO:0045184	establishment of protein localization	occurs_in(CL:0000589
GO:0045184	establishment of protein localization	occurs_in(CL:0000589
GO:0045184	establishment of protein localization	occurs_in(CL:0000589
GO:0001736	establishment of planar polarity	occurs_in(CL:0000589
GO:0090102	cochlea development	occurs_in(CL:0000589
GO:0051661	maintenance of centrosome location	occurs_in(CL:0000589
GO:0060271	cilium assembly	occurs_in(CL:0000589
GO:0001736	establishment of planar polarity	occurs_in(CL:0000589
GO:0045184	establishment of protein localization	occurs_in(CL:0000589
GO:0050910	detection of mechanical stimulus involved in sensory perception of sound	occurs_in(CL:0000589)
GO:0006816	calcium ion transport	occurs_in(CL:0000589)
GO:0006874	cellular calcium ion homeostasis	occurs_in(CL:0000589)
GO:0016079	synaptic vesicle exocytosis	occurs_in(CL:0000589)
GO:0045597	positive regulation of cell differentiation	occurs_in(CL:0000589)
GO:0060088	auditory receptor cell stereocilium organization	occurs_in(CL:0000589)
GO:0060122	inner ear receptor stereocilium organization	occurs_in(CL:0000589)
GO:0007015	actin filament organization	occurs_in(CL:0000589)
GO:0050910	detection of mechanical stimulus involved in sensory perception of sound	occurs_in(CL:0000589)
GO:0005267	potassium channel activity	occurs_in(CL:0000589)
GO:0060088	auditory receptor cell stereocilium organization	occurs_in(CL:0000589)
GO:0033002	muscle cell proliferation	occurs_in(CL:0000594
GO:0090003	regulation of establishment of protein localization to plasma membrane	occurs_in(CL:0000594
GO:0090004	positive regulation of establishment of protein localization to plasma membrane	occurs_in(CL:0000594
GO:0010628	positive regulation of gene expression	occurs_in(CL:0000594
GO:0090004	positive regulation of establishment of protein localization to plasma membrane	occurs_in(CL:0000594
GO:0090004	positive regulation of establishment of protein localization to plasma membrane	occurs_in(CL:0000594
GO:0061098	positive regulation of protein tyrosine kinase activity	occurs_in(CL:0000594
GO:0090004	positive regulation of establishment of protein localization to plasma membrane	occurs_in(CL:0000594
GO:0010629	negative regulation of gene expression	occurs_in(CL:0000594)
GO:1902766	skeletal muscle satellite cell migration	occurs_in(CL:0000594)
GO:1902725	negative regulation of satellite cell differentiation	occurs_in(CL:0000594)
GO:0004713	protein tyrosine kinase activity	occurs_in(CL:0000594)
GO:0010628	positive regulation of gene expression	occurs_in(CL:0000594)
GO:0061098	positive regulation of protein tyrosine kinase activity	occurs_in(CL:0000594)
GO:0005159	insulin-like growth factor receptor binding	occurs_in(CL:0000594)
GO:1902724	positive regulation of skeletal muscle satellite cell proliferation	occurs_in(CL:0000594)
GO:0008283	cell proliferation	occurs_in(CL:0000594)
GO:0006357	regulation of transcription from RNA polymerase II promoter	occurs_in(CL:0000594)
GO:0042802	identical protein binding	occurs_in(CL:0000594)
GO:0090630	activation of GTPase activity	occurs_in(CL:0000594)
GO:0010664	negative regulation of striated muscle cell apoptotic process	occurs_in(CL:0000594)
GO:0043395	heparan sulfate proteoglycan binding	occurs_in(CL:0000594)
GO:0051492	regulation of stress fiber assembly	occurs_in(CL:0000594)
GO:0051155	positive regulation of striated muscle cell differentiation	occurs_in(CL:0000594)
GO:0001934	positive regulation of protein phosphorylation	occurs_in(CL:0000594)
GO:0044319	wound healing, spreading of cells	occurs_in(CL:0000594)
GO:0051260	protein homooligomerization	occurs_in(CL:0000594)
GO:0006154	adenosine catabolic process	occurs_in(CL:0000595)
GO:0004731	purine-nucleoside phosphorylase activity	occurs_in(CL:0000595)
GO:0042278	purine nucleoside metabolic process	occurs_in(CL:0000595)
GO:0045332	phospholipid translocation	occurs_in(CL:0000595)
GO:0004138	deoxyguanosine kinase activity	occurs_in(CL:0000595)
GO:0042278	purine nucleoside metabolic process	occurs_in(CL:0000595)
GO:0046061	dATP catabolic process	occurs_in(CL:0000595)
GO:0004001	adenosine kinase activity	occurs_in(CL:0000595)
GO:0004731	purine-nucleoside phosphorylase activity	occurs_in(CL:0000595)
GO:0042278	purine nucleoside metabolic process	occurs_in(CL:0000595)
GO:0046070	dGTP metabolic process	occurs_in(CL:0000595)
GO:0004731	purine-nucleoside phosphorylase activity	occurs_in(CL:0000595)
GO:0004731	purine-nucleoside phosphorylase activity	occurs_in(CL:0000595)
GO:0042278	purine nucleoside metabolic process	occurs_in(CL:0000595)
GO:0051966	regulation of synaptic transmission, glutamatergic	occurs_in(CL:0000598
GO:0099605	regulation of action potential firing rate	occurs_in(CL:0000598
GO:1903076	regulation of protein localization to plasma membrane	occurs_in(CL:0000598
GO:0090394	negative regulation of excitatory postsynaptic potential	occurs_in(CL:0000598
GO:0004089	carbonate dehydratase activity	occurs_in(CL:0000598)
GO:0032230	positive regulation of synaptic transmission, GABAergic	occurs_in(CL:0000598)
GO:0032849	positive regulation of cellular pH reduction	occurs_in(CL:0000598)
GO:0060080	inhibitory postsynaptic potential	occurs_in(CL:0000598)
GO:0016358	dendrite development	occurs_in(CL:0000598)
GO:0016358	dendrite development	occurs_in(CL:0000598)
GO:0019915	lipid storage	occurs_in(CL:0000598)
GO:0016358	dendrite development	occurs_in(CL:0000598)
GO:0015277	kainate selective glutamate receptor activity	occurs_in(CL:0000598)
GO:0035249	synaptic transmission, glutamatergic	occurs_in(CL:0000598)
GO:0070050	neuron cellular homeostasis	occurs_in(CL:0000598)
GO:0071805	potassium ion transmembrane transport	occurs_in(CL:0000598)
GO:0048813	dendrite morphogenesis	occurs_in(CL:0000598)
GO:0061003	positive regulation of dendritic spine morphogenesis	occurs_in(CL:0000598)
GO:0061003	positive regulation of dendritic spine morphogenesis	occurs_in(CL:0000598)
GO:0060080	inhibitory postsynaptic potential	occurs_in(CL:0000598)
GO:0060080	inhibitory postsynaptic potential	occurs_in(CL:0000598)
GO:0006689	ganglioside catabolic process	occurs_in(CL:0000598)
GO:0014047	glutamate secretion	occurs_in(CL:0000598)
GO:0014051	gamma-aminobutyric acid secretion	occurs_in(CL:0000598)
GO:0005267	potassium channel activity	occurs_in(CL:0000598)
GO:0016358	dendrite development	occurs_in(CL:0000598)
GO:0016358	dendrite development	occurs_in(CL:0000598)
GO:0016358	dendrite development	occurs_in(CL:0000598)
GO:0016358	dendrite development	occurs_in(CL:0000598)
GO:0016358	dendrite development	occurs_in(CL:0000598)
GO:0006874	cellular calcium ion homeostasis	occurs_in(CL:0000598)
GO:0001591	dopamine neurotransmitter receptor activity, coupled via Gi/Go	occurs_in(CL:0000598)
GO:0019915	lipid storage	occurs_in(CL:0000598)
GO:0004972	NMDA glutamate receptor activity	occurs_in(CL:0000598)
GO:0004972	NMDA glutamate receptor activity	occurs_in(CL:0000598)
GO:0019228	neuronal action potential	occurs_in(CL:0000598)
GO:0060999	positive regulation of dendritic spine development	occurs_in(CL:0000598)
GO:0051932	synaptic transmission, GABAergic	occurs_in(CL:0000598)
GO:0060080	inhibitory postsynaptic potential	occurs_in(CL:0000598)
GO:0051899	membrane depolarization	occurs_in(CL:0000598)
GO:0016236	macroautophagy	occurs_in(CL:0000598)
GO:0016236	macroautophagy	occurs_in(CL:0000598)
GO:0061373	mammillary axonal complex development	occurs_in(CL:0000598)
GO:0016358	dendrite development	occurs_in(CL:0000598)
GO:0045184	establishment of protein localization	occurs_in(CL:0000601
GO:0045184	establishment of protein localization	occurs_in(CL:0000601
GO:0045184	establishment of protein localization	occurs_in(CL:0000601
GO:0050910	detection of mechanical stimulus involved in sensory perception of sound	occurs_in(CL:0000601
GO:0060088	auditory receptor cell stereocilium organization	occurs_in(CL:0000601
GO:0060122	inner ear receptor stereocilium organization	occurs_in(CL:0000601
GO:0051017	actin filament bundle assembly	occurs_in(CL:0000601
GO:0045184	establishment of protein localization	occurs_in(CL:0000601
GO:1905515	non-motile cilium assembly	occurs_in(CL:0000601)
GO:0060122	inner ear receptor stereocilium organization	occurs_in(CL:0000601)
GO:0050910	detection of mechanical stimulus involved in sensory perception of sound	occurs_in(CL:0000601)
GO:0008543	fibroblast growth factor receptor signaling pathway	occurs_in(CL:0000601)
GO:0051402	neuron apoptotic process	occurs_in(CL:0000601)
GO:0001736	establishment of planar polarity	occurs_in(CL:0000601)
GO:0060088	auditory receptor cell stereocilium organization	occurs_in(CL:0000601)
GO:0050910	detection of mechanical stimulus involved in sensory perception of sound	occurs_in(CL:0000601)
GO:0090102	cochlea development	occurs_in(CL:0000601)
GO:0060088	auditory receptor cell stereocilium organization	occurs_in(CL:0000601)
GO:0060271	cilium assembly	occurs_in(CL:0000601)
GO:0001736	establishment of planar polarity	occurs_in(CL:0000601)
GO:0007015	actin filament organization	occurs_in(CL:0000601)
GO:0050910	detection of mechanical stimulus involved in sensory perception of sound	occurs_in(CL:0000601)
GO:0060088	auditory receptor cell stereocilium organization	occurs_in(CL:0000601)
GO:0050910	detection of mechanical stimulus involved in sensory perception of sound	occurs_in(CL:0000601)
GO:0060088	auditory receptor cell stereocilium organization	occurs_in(CL:0000601)
GO:1902856	negative regulation of non-motile cilium assembly	occurs_in(CL:0000604
GO:0045494	photoreceptor cell maintenance	occurs_in(CL:0000604
GO:0009416	response to light stimulus	occurs_in(CL:0000604)
GO:0009987	cellular process	occurs_in(CL:0000604)
GO:1902605	heterotrimeric G-protein complex assembly	occurs_in(CL:0000604)
GO:0007602	phototransduction	occurs_in(CL:0000604)
GO:0009416	response to light stimulus	occurs_in(CL:0000604)
GO:0060088	auditory receptor cell stereocilium organization	occurs_in(CL:0000609)
GO:0060088	auditory receptor cell stereocilium organization	occurs_in(CL:0000609)
GO:0060088	auditory receptor cell stereocilium organization	occurs_in(CL:0000609)
GO:0001736	establishment of planar polarity	occurs_in(CL:0000609)
GO:0060122	inner ear receptor stereocilium organization	occurs_in(CL:0000609)
GO:0007015	actin filament organization	occurs_in(CL:0000609)
GO:0015277	kainate selective glutamate receptor activity	occurs_in(CL:0000617)
GO:0060080	inhibitory postsynaptic potential	occurs_in(CL:0000617)
GO:0060080	inhibitory postsynaptic potential	occurs_in(CL:0000617)
GO:0022848	acetylcholine-gated cation-selective channel activity	occurs_in(CL:0000617)
GO:0051899	membrane depolarization	occurs_in(CL:0000617)
GO:0051899	membrane depolarization	occurs_in(CL:0000617)
GO:0005248	voltage-gated sodium channel activity	occurs_in(CL:0000617)
GO:0019228	neuronal action potential	occurs_in(CL:0000617)
GO:0006814	sodium ion transport	occurs_in(CL:0000617)
GO:0036394	amylase secretion	occurs_in(CL:0000622
GO:0097110	scaffold protein binding	occurs_in(CL:0000622
GO:0008179	adenylate cyclase binding	occurs_in(CL:0000622
GO:0005267	potassium channel activity	occurs_in(CL:0000622)
GO:0019722	calcium-mediated signaling	occurs_in(CL:0000622)
GO:0006851	mitochondrial calcium ion transport	occurs_in(CL:0000622)
GO:0060072	large conductance calcium-activated potassium channel activity	occurs_in(CL:0000622)
GO:0015279	store-operated calcium channel activity	occurs_in(CL:0000622)
GO:0015269	calcium-activated potassium channel activity	occurs_in(CL:0000622)
GO:0005247	voltage-gated chloride channel activity	occurs_in(CL:0000622)
GO:0007030	Golgi organization	occurs_in(CL:0000622)
GO:0048312	intracellular distribution of mitochondria	occurs_in(CL:0000622)
GO:0002519	natural killer cell tolerance induction	occurs_in(CL:0000623
GO:0010629	negative regulation of gene expression	occurs_in(CL:0000623
GO:0004888	transmembrane signaling receptor activity	occurs_in(CL:0000623)
GO:0046983	protein dimerization activity	occurs_in(CL:0000623)
GO:0018108	peptidyl-tyrosine phosphorylation	occurs_in(CL:0000623)
GO:0002534	cytokine production involved in inflammatory response	occurs_in(CL:0000623)
GO:0005515	protein binding	occurs_in(CL:0000623)
GO:0043320	natural killer cell degranulation	occurs_in(CL:0000623)
GO:0046330	positive regulation of JNK cascade	occurs_in(CL:0000623)
GO:0045953	negative regulation of natural killer cell mediated cytotoxicity	occurs_in(CL:0000623)
GO:0002223	stimulatory C-type lectin receptor signaling pathway	occurs_in(CL:0000623)
GO:0002769	natural killer cell inhibitory signaling pathway	occurs_in(CL:0000623)
GO:0032720	negative regulation of tumor necrosis factor production	occurs_in(CL:0000623)
GO:0032753	positive regulation of interleukin-4 production	occurs_in(CL:0000623)
GO:0005125	cytokine activity	occurs_in(CL:0000623)
GO:0032729	positive regulation of interferon-gamma production	occurs_in(CL:0000623)
GO:0032725	positive regulation of granulocyte macrophage colony-stimulating factor production	occurs_in(CL:0000623)
GO:0032760	positive regulation of tumor necrosis factor production	occurs_in(CL:0000623)
GO:0070374	positive regulation of ERK1 and ERK2 cascade	occurs_in(CL:0000623)
GO:1902715	positive regulation of interferon-gamma secretion	occurs_in(CL:0000623)
GO:0030107	HLA-A specific inhibitory MHC class I receptor activity	occurs_in(CL:0000623)
GO:0042536	negative regulation of tumor necrosis factor biosynthetic process	occurs_in(CL:0000623)
GO:0045077	negative regulation of interferon-gamma biosynthetic process	occurs_in(CL:0000623)
GO:0000122	negative regulation of transcription from RNA polymerase II promoter	occurs_in(CL:0000624
GO:0000122	negative regulation of transcription from RNA polymerase II promoter	occurs_in(CL:0000624
GO:0003705	transcription factor activity, RNA polymerase II distal enhancer sequence-specific binding	occurs_in(CL:0000624
GO:0003700	transcription factor activity, sequence-specific DNA binding	occurs_in(CL:0000624
GO:0003700	transcription factor activity, sequence-specific DNA binding	occurs_in(CL:0000624
GO:0003700	transcription factor activity, sequence-specific DNA binding	occurs_in(CL:0000624
GO:0003700	transcription factor activity, sequence-specific DNA binding	occurs_in(CL:0000624
GO:0003700	transcription factor activity, sequence-specific DNA binding	occurs_in(CL:0000624
GO:0043565	sequence-specific DNA binding	occurs_in(CL:0000624
GO:0043565	sequence-specific DNA binding	occurs_in(CL:0000624
GO:0043565	sequence-specific DNA binding	occurs_in(CL:0000624
GO:0043565	sequence-specific DNA binding	occurs_in(CL:0000624
GO:0043565	sequence-specific DNA binding	occurs_in(CL:0000624
GO:0014070	response to organic cyclic compound	occurs_in(CL:0000624)
GO:0035556	intracellular signal transduction	occurs_in(CL:0000624)
GO:0004702	signal transducer, downstream of receptor, with serine/threonine kinase activity	occurs_in(CL:0000624)
GO:0001768	establishment of T cell polarity	occurs_in(CL:0000624)
GO:0010628	positive regulation of gene expression	occurs_in(CL:0000625
GO:0031490	chromatin DNA binding	occurs_in(CL:0000625
GO:0010468	regulation of gene expression	occurs_in(CL:0000625
GO:0071663	positive regulation of granzyme B production	occurs_in(CL:0000625)
GO:0050852	T cell receptor signaling pathway	occurs_in(CL:0000625)
GO:1905077	negative regulation of interleukin-17 secretion	occurs_in(CL:0000625)
GO:0097284	hepatocyte apoptotic process	occurs_in(CL:0000632)
GO:0006915	apoptotic process	occurs_in(CL:0000635)
GO:0060075	regulation of resting membrane potential	occurs_in(CL:0000636)
GO:0071805	potassium ion transmembrane transport	occurs_in(CL:0000636)
GO:0051460	negative regulation of corticotropin secretion	occurs_in(CL:0000638
GO:0051460	negative regulation of corticotropin secretion	occurs_in(CL:0000638
GO:0042392	sphingosine-1-phosphate phosphatase activity	occurs_in(CL:0000644)
GO:0005515	protein binding	occurs_in(CL:0000644)
GO:0048468	cell development	occurs_in(CL:0000646)
GO:0032148	activation of protein kinase B activity	occurs_in(CL:0000650
GO:0051897	positive regulation of protein kinase B signaling	occurs_in(CL:0000650
GO:0035195	gene silencing by miRNA	occurs_in(CL:0000650
GO:0018108	peptidyl-tyrosine phosphorylation	occurs_in(CL:0000650)
GO:0015279	store-operated calcium channel activity	occurs_in(CL:0000650)
GO:0009649	entrainment of circadian clock	occurs_in(CL:0000652)
GO:0007603	phototransduction, visible light	occurs_in(CL:0000652)
GO:0007213	G-protein coupled acetylcholine receptor signaling pathway	occurs_in(CL:0000652)
GO:0045944	positive regulation of transcription from RNA polymerase II promoter	occurs_in(CL:0000653)
GO:1900028	negative regulation of ruffle assembly	occurs_in(CL:0000653)
GO:0000981	RNA polymerase II transcription factor activity, sequence-specific DNA binding	occurs_in(CL:0000653)
GO:0000981	RNA polymerase II transcription factor activity, sequence-specific DNA binding	occurs_in(CL:0000653)
GO:0000981	RNA polymerase II transcription factor activity, sequence-specific DNA binding	occurs_in(CL:0000653)
GO:0048858	cell projection morphogenesis	occurs_in(CL:0000653)
GO:0051492	regulation of stress fiber assembly	occurs_in(CL:0000653)
GO:0040037	negative regulation of fibroblast growth factor receptor signaling pathway	occurs_in(CL:0000653)
GO:0043565	sequence-specific DNA binding	occurs_in(CL:0000653)
GO:0031543	peptidyl-proline dioxygenase activity	occurs_in(CL:0000653)
GO:0071260	cellular response to mechanical stimulus	occurs_in(CL:0000653)
GO:0042805	actinin binding	occurs_in(CL:0000653)
GO:0010575	positive regulation of vascular endothelial growth factor production	occurs_in(CL:0000653)
GO:0005515	protein binding	occurs_in(CL:0000653)
GO:0006612	protein targeting to membrane	occurs_in(CL:0000653)
GO:0007129	synapsis	occurs_in(CL:0000654)
GO:0034613	cellular protein localization	occurs_in(CL:0000654)
GO:0060070	canonical Wnt signaling pathway	occurs_in(CL:0000654)
GO:2000480	negative regulation of cAMP-dependent protein kinase activity	occurs_in(CL:0000654)
GO:0007057	spindle assembly involved in female meiosis I	occurs_in(CL:0000655)
GO:0007147	female meiosis II	occurs_in(CL:0000655)
GO:0007141	male meiosis I	occurs_in(CL:0000656)
GO:0035195	gene silencing by miRNA	occurs_in(CL:0000669
GO:0035195	gene silencing by miRNA	occurs_in(CL:0000669
GO:0044030	regulation of DNA methylation	occurs_in(CL:0000670
GO:0040037	negative regulation of fibroblast growth factor receptor signaling pathway	occurs_in(CL:0000670)
GO:0035234	ectopic germ cell programmed cell death	occurs_in(CL:0000670)
GO:0035234	ectopic germ cell programmed cell death	occurs_in(CL:0000670)
GO:0030036	actin cytoskeleton organization	occurs_in(CL:0000677)
GO:0016055	Wnt signaling pathway	occurs_in(CL:0000678)
GO:0016055	Wnt signaling pathway	occurs_in(CL:0000678)
GO:0071679	commissural neuron axon guidance	occurs_in(CL:0000678)
GO:0030030	cell projection organization	occurs_in(CL:0000678)
GO:0061642	chemoattraction of axon	occurs_in(CL:0000678)
GO:0071679	commissural neuron axon guidance	occurs_in(CL:0000678)
GO:0071679	commissural neuron axon guidance	occurs_in(CL:0000678)
GO:0061643	chemorepulsion of axon	occurs_in(CL:0000678)
GO:0007411	axon guidance	occurs_in(CL:0000679
GO:0050807	regulation of synapse organization	occurs_in(CL:0000679
GO:1902667	regulation of axon guidance	occurs_in(CL:0000679
GO:0031630	regulation of synaptic vesicle fusion to presynaptic membrane	occurs_in(CL:0000679)
GO:0042137	sequestering of neurotransmitter	occurs_in(CL:0000679)
GO:0016188	synaptic vesicle maturation	occurs_in(CL:0000679)
GO:0045665	negative regulation of neuron differentiation	occurs_in(CL:0000679)
GO:0000209	protein polyubiquitination	occurs_in(CL:0000680
GO:0004842	ubiquitin-protein transferase activity	occurs_in(CL:0000680
GO:0051155	positive regulation of striated muscle cell differentiation	occurs_in(CL:0000680)
GO:0051155	positive regulation of striated muscle cell differentiation	occurs_in(CL:0000680)
GO:0007010	cytoskeleton organization	occurs_in(CL:0000681)
GO:0002412	antigen transcytosis by M cells in mucosal-associated lymphoid tissue	occurs_in(CL:0000682)
GO:0010468	regulation of gene expression	occurs_in(CL:0000700
GO:0010468	regulation of gene expression	occurs_in(CL:0000700
GO:0010468	regulation of gene expression	occurs_in(CL:0000700
GO:0010468	regulation of gene expression	occurs_in(CL:0000700
GO:0010468	regulation of gene expression	occurs_in(CL:0000700
GO:0010468	regulation of gene expression	occurs_in(CL:0000700
GO:0010468	regulation of gene expression	occurs_in(CL:0000700
GO:0010468	regulation of gene expression	occurs_in(CL:0000700
GO:0010468	regulation of gene expression	occurs_in(CL:0000700
GO:0010468	regulation of gene expression	occurs_in(CL:0000700
GO:0010468	regulation of gene expression	occurs_in(CL:0000700
GO:0010468	regulation of gene expression	occurs_in(CL:0000700
GO:0005515	protein binding	occurs_in(CL:0000700
GO:0048812	neuron projection morphogenesis	occurs_in(CL:0000700
GO:1901216	positive regulation of neuron death	occurs_in(CL:0000700
GO:0030676	Rac guanyl-nucleotide exchange factor activity	occurs_in(CL:0000700
GO:0007411	axon guidance	occurs_in(CL:0000700
GO:0060070	canonical Wnt signaling pathway	occurs_in(CL:0000700
GO:0001934	positive regulation of protein phosphorylation	occurs_in(CL:0000700
GO:0090630	activation of GTPase activity	occurs_in(CL:0000700
GO:1903214	regulation of protein targeting to mitochondrion	occurs_in(CL:0000700
GO:0043524	negative regulation of neuron apoptotic process	occurs_in(CL:0000700
GO:0014059	regulation of dopamine secretion	occurs_in(CL:0000700
GO:0035567	non-canonical Wnt signaling pathway	occurs_in(CL:0000700
GO:0006879	cellular iron ion homeostasis	occurs_in(CL:0000700
GO:0016567	protein ubiquitination	occurs_in(CL:0000700
GO:2000050	regulation of non-canonical Wnt signaling pathway	occurs_in(CL:0000700
GO:0032463	negative regulation of protein homooligomerization	occurs_in(CL:0000700
GO:0051899	membrane depolarization	occurs_in(CL:0000700)
GO:1904049	negative regulation of spontaneous neurotransmitter secretion	occurs_in(CL:0000700)
GO:0060071	Wnt signaling pathway, planar cell polarity pathway	occurs_in(CL:0000700)
GO:1905279	regulation of retrograde transport, endosome to Golgi	occurs_in(CL:0000700)
GO:0022848	acetylcholine-gated cation-selective channel activity	occurs_in(CL:0000700)
GO:1904715	negative regulation of chaperone-mediated autophagy	occurs_in(CL:0000700)
GO:0034599	cellular response to oxidative stress	occurs_in(CL:0000700)
GO:0010821	regulation of mitochondrion organization	occurs_in(CL:0000700)
GO:0051899	membrane depolarization	occurs_in(CL:0000700)
GO:0051899	membrane depolarization	occurs_in(CL:0000700)
GO:0007409	axonogenesis	occurs_in(CL:0000700)
GO:0031175	neuron projection development	occurs_in(CL:0000700)
GO:0043491	protein kinase B signaling	occurs_in(CL:0000700)
GO:0035567	non-canonical Wnt signaling pathway	occurs_in(CL:0000700)
GO:0001934	positive regulation of protein phosphorylation	occurs_in(CL:0000700)
GO:0001934	positive regulation of protein phosphorylation	occurs_in(CL:0000700)
GO:0001934	positive regulation of protein phosphorylation	occurs_in(CL:0000700)
GO:0035567	non-canonical Wnt signaling pathway	occurs_in(CL:0000700)
GO:0030177	positive regulation of Wnt signaling pathway	occurs_in(CL:0000700)
GO:0048813	dendrite morphogenesis	occurs_in(CL:0000700)
GO:0045944	positive regulation of transcription from RNA polymerase II promoter	occurs_in(CL:0000700)
GO:0032092	positive regulation of protein binding	occurs_in(CL:0000700)
GO:0048812	neuron projection morphogenesis	occurs_in(CL:0000700)
GO:0006468	protein phosphorylation	occurs_in(CL:0000700)
GO:0006879	cellular iron ion homeostasis	occurs_in(CL:0000700)
GO:0042417	dopamine metabolic process	occurs_in(CL:0000700)
GO:0007409	axonogenesis	occurs_in(CL:0000700)
GO:0007409	axonogenesis	occurs_in(CL:0000700)
GO:0051582	positive regulation of neurotransmitter uptake	occurs_in(CL:0000700)
GO:0043547	positive regulation of GTPase activity	occurs_in(CL:0000700)
GO:0045860	positive regulation of protein kinase activity	occurs_in(CL:0000700)
GO:1903599	positive regulation of mitophagy	occurs_in(CL:0000700)
GO:0007413	axonal fasciculation	occurs_in(CL:0000700)
GO:1904938	planar cell polarity pathway involved in axon guidance	occurs_in(CL:0000700)
GO:0060070	canonical Wnt signaling pathway	occurs_in(CL:0000700)
GO:0097102	endothelial tip cell fate specification	occurs_in(CL:0000704)
GO:0090316	positive regulation of intracellular protein transport	occurs_in(CL:0000706
GO:0001934	positive regulation of protein phosphorylation	occurs_in(CL:0000706)
GO:1990035	calcium ion import into cell	occurs_in(CL:0000706)
GO:0007015	actin filament organization	occurs_in(CL:0000706)
GO:0007420	brain development	occurs_in(CL:0000706)
GO:0060429	epithelium development	occurs_in(CL:0000706)
GO:1905515	non-motile cilium assembly	occurs_in(CL:0000710
GO:0035088	establishment or maintenance of apical/basal cell polarity	occurs_in(CL:0000710)
GO:0034332	adherens junction organization	occurs_in(CL:0000710)
GO:0051661	maintenance of centrosome location	occurs_in(CL:0000710)
GO:0045944	positive regulation of transcription from RNA polymerase II promoter	occurs_in(CL:0000723
GO:0045944	positive regulation of transcription from RNA polymerase II promoter	occurs_in(CL:0000723
GO:0003682	chromatin binding	occurs_in(CL:0000723)
GO:0045199	maintenance of epithelial cell apical/basal polarity	occurs_in(CL:0000723)
GO:0015012	heparan sulfate proteoglycan biosynthetic process	occurs_in(CL:0000723)
GO:0030835	negative regulation of actin filament depolymerization	occurs_in(CL:0000737
GO:0035278	miRNA mediated inhibition of translation	occurs_in(CL:0000737)
GO:0010628	positive regulation of gene expression	occurs_in(CL:0000737)
GO:0045727	positive regulation of translation	occurs_in(CL:0000737)
GO:0071345	cellular response to cytokine stimulus	occurs_in(CL:0000738
GO:0046651	lymphocyte proliferation	occurs_in(CL:0000738
GO:0050829	defense response to Gram-negative bacterium	occurs_in(CL:0000738
GO:0071615	oxidative deethylation	occurs_in(CL:0000738
GO:0035457	cellular response to interferon-alpha	occurs_in(CL:0000738
GO:0071222	cellular response to lipopolysaccharide	occurs_in(CL:0000738
GO:0071222	cellular response to lipopolysaccharide	occurs_in(CL:0000738
GO:1904628	cellular response to phorbol 13-acetate 12-myristate	occurs_in(CL:0000738
GO:1904972	negative regulation of viral translation	occurs_in(CL:0000738
GO:0010628	positive regulation of gene expression	occurs_in(CL:0000738
GO:0006663	platelet activating factor biosynthetic process	occurs_in(CL:0000738
GO:0006663	platelet activating factor biosynthetic process	occurs_in(CL:0000738
GO:0010628	positive regulation of gene expression	occurs_in(CL:0000738
GO:0000987	core promoter proximal region sequence-specific DNA binding	occurs_in(CL:0000738
GO:0071217	cellular response to external biotic stimulus	occurs_in(CL:0000738
GO:1990858	cellular response to lectin	occurs_in(CL:0000738
GO:0047179	platelet-activating factor acetyltransferase activity	occurs_in(CL:0000738
GO:0047179	platelet-activating factor acetyltransferase activity	occurs_in(CL:0000738
GO:0045806	negative regulation of endocytosis	occurs_in(CL:0000738
GO:1903901	negative regulation of viral life cycle	occurs_in(CL:0000738
GO:0032930	positive regulation of superoxide anion generation	occurs_in(CL:0000738)
GO:0010628	positive regulation of gene expression	occurs_in(CL:0000738)
GO:0035457	cellular response to interferon-alpha	occurs_in(CL:0000738)
GO:0035195	gene silencing by miRNA	occurs_in(CL:0000738)
GO:0009101	glycoprotein biosynthetic process	occurs_in(CL:0000738)
GO:1903428	positive regulation of reactive oxygen species biosynthetic process	occurs_in(CL:0000738)
GO:0030520	intracellular estrogen receptor signaling pathway	occurs_in(CL:0000738)
GO:0042278	purine nucleoside metabolic process	occurs_in(CL:0000738)
GO:0042262	DNA protection	occurs_in(CL:0000738)
GO:0030284	estrogen receptor activity	occurs_in(CL:0000738)
GO:0004731	purine-nucleoside phosphorylase activity	occurs_in(CL:0000738)
GO:0042278	purine nucleoside metabolic process	occurs_in(CL:0000738)
GO:0010628	positive regulation of gene expression	occurs_in(CL:0000738)
GO:0050766	positive regulation of phagocytosis	occurs_in(CL:0000738)
GO:0050776	regulation of immune response	occurs_in(CL:0000738)
GO:0042056	chemoattractant activity	occurs_in(CL:0000738)
GO:0071346	cellular response to interferon-gamma	occurs_in(CL:0000738)
GO:0002690	positive regulation of leukocyte chemotaxis	occurs_in(CL:0000738)
GO:0060267	positive regulation of respiratory burst	occurs_in(CL:0000738)
GO:0004731	purine-nucleoside phosphorylase activity	occurs_in(CL:0000738)
GO:0071392	cellular response to estradiol stimulus	occurs_in(CL:0000738)
GO:0038190	VEGF-activated neuropilin signaling pathway	occurs_in(CL:0000740
GO:0090259	regulation of retinal ganglion cell axon guidance	occurs_in(CL:0000740
GO:0000122	negative regulation of transcription from RNA polymerase II promoter	occurs_in(CL:0000740
GO:0021882	regulation of transcription from RNA polymerase II promoter involved in forebrain neuron fate commitment	occurs_in(CL:0000740
GO:0048842	positive regulation of axon extension involved in axon guidance	occurs_in(CL:0000740
GO:0071679	commissural neuron axon guidance	occurs_in(CL:0000740
GO:0048670	regulation of collateral sprouting	occurs_in(CL:0000740)
GO:0031290	retinal ganglion cell axon guidance	occurs_in(CL:0000740)
GO:0031290	retinal ganglion cell axon guidance	occurs_in(CL:0000740)
GO:0048671	negative regulation of collateral sprouting	occurs_in(CL:0000740)
GO:0031290	retinal ganglion cell axon guidance	occurs_in(CL:0000740)
GO:0031290	retinal ganglion cell axon guidance	occurs_in(CL:0000740)
GO:0008020	G-protein coupled photoreceptor activity	occurs_in(CL:0000740)
GO:0005021	vascular endothelial growth factor-activated receptor activity	occurs_in(CL:0000740)
GO:0050918	positive chemotaxis	occurs_in(CL:0000740)
GO:0042056	chemoattractant activity	occurs_in(CL:0000740)
GO:0031290	retinal ganglion cell axon guidance	occurs_in(CL:0000740)
GO:0031290	retinal ganglion cell axon guidance	occurs_in(CL:0000740)
GO:0048675	axon extension	occurs_in(CL:0000740)
GO:0006468	protein phosphorylation	occurs_in(CL:0000740)
GO:0016199	axon midline choice point recognition	occurs_in(CL:0000740)
GO:0016199	axon midline choice point recognition	occurs_in(CL:0000740)
GO:0007409	axonogenesis	occurs_in(CL:0000740)
GO:0021952	central nervous system projection neuron axonogenesis	occurs_in(CL:0000740)
GO:0021952	central nervous system projection neuron axonogenesis	occurs_in(CL:0000740)
GO:0045499	chemorepellent activity	occurs_in(CL:0000740)
GO:0016198	axon choice point recognition	occurs_in(CL:0000740)
GO:0016198	axon choice point recognition	occurs_in(CL:0000740)
GO:0031290	retinal ganglion cell axon guidance	occurs_in(CL:0000740)
GO:0031290	retinal ganglion cell axon guidance	occurs_in(CL:0000740)
GO:0048672	positive regulation of collateral sprouting	occurs_in(CL:0000740)
GO:0031290	retinal ganglion cell axon guidance	occurs_in(CL:0000740)
GO:0016056	rhodopsin mediated signaling pathway	occurs_in(CL:0000740)
GO:1902378	VEGF-activated neuropilin signaling pathway involved in axon guidance	occurs_in(CL:0000740)
GO:0007409	axonogenesis	occurs_in(CL:0000740)
GO:0007409	axonogenesis	occurs_in(CL:0000740)
GO:0061000	negative regulation of dendritic spine development	occurs_in(CL:0000740)
GO:0007413	axonal fasciculation	occurs_in(CL:0000740)
GO:0007409	axonogenesis	occurs_in(CL:0000741)
GO:0045944	positive regulation of transcription from RNA polymerase II promoter	occurs_in(CL:0000743
GO:0045944	positive regulation of transcription from RNA polymerase II promoter	occurs_in(CL:0000743)
GO:0001190	transcriptional activator activity, RNA polymerase II transcription factor binding	occurs_in(CL:0000743)
GO:0048468	cell development	occurs_in(CL:0000745)
GO:0048813	dendrite morphogenesis	occurs_in(CL:0000745)
GO:0007409	axonogenesis	occurs_in(CL:0000745)
GO:0007416	synapse assembly	occurs_in(CL:0000745)
GO:0033673	negative regulation of kinase activity	occurs_in(CL:0000746
GO:0006406	mRNA export from nucleus	occurs_in(CL:0000746
GO:1902083	negative regulation of peptidyl-cysteine S-nitrosylation	occurs_in(CL:0000746
GO:0001934	positive regulation of protein phosphorylation	occurs_in(CL:0000746
GO:0010629	negative regulation of gene expression	occurs_in(CL:0000746
GO:1903578	regulation of ATP metabolic process	occurs_in(CL:0000746
GO:0035195	gene silencing by miRNA	occurs_in(CL:0000746
GO:0035195	gene silencing by miRNA	occurs_in(CL:0000746
GO:0010614	negative regulation of cardiac muscle hypertrophy	occurs_in(CL:0000746
GO:0016504	peptidase activator activity	occurs_in(CL:0000746
GO:0045944	positive regulation of transcription from RNA polymerase II promoter	occurs_in(CL:0000746
GO:0015459	potassium channel regulator activity	occurs_in(CL:0000746
GO:1902632	positive regulation of membrane hyperpolarization	occurs_in(CL:0000746
GO:0045944	positive regulation of transcription from RNA polymerase II promoter	occurs_in(CL:0000746
GO:0045944	positive regulation of transcription from RNA polymerase II promoter	occurs_in(CL:0000746
GO:0043154	negative regulation of cysteine-type endopeptidase activity involved in apoptotic process	occurs_in(CL:0000746
GO:0035195	gene silencing by miRNA	occurs_in(CL:0000746
GO:0035195	gene silencing by miRNA	occurs_in(CL:0000746
GO:0035195	gene silencing by miRNA	occurs_in(CL:0000746
GO:0045820	negative regulation of glycolytic process	occurs_in(CL:0000746
GO:0006606	protein import into nucleus	occurs_in(CL:0000746
GO:0032148	activation of protein kinase B activity	occurs_in(CL:0000746
GO:0061734	parkin-mediated mitophagy in response to mitochondrial depolarization	occurs_in(CL:0000746
GO:0045893	positive regulation of transcription, DNA-templated	occurs_in(CL:0000746
GO:0035195	gene silencing by miRNA	occurs_in(CL:0000746
GO:0035195	gene silencing by miRNA	occurs_in(CL:0000746
GO:0035195	gene silencing by miRNA	occurs_in(CL:0000746
GO:0042347	negative regulation of NF-kappaB import into nucleus	occurs_in(CL:0000746
GO:1903427	negative regulation of reactive oxygen species biosynthetic process	occurs_in(CL:0000746
GO:0035278	miRNA mediated inhibition of translation	occurs_in(CL:0000746
GO:0043065	positive regulation of apoptotic process	occurs_in(CL:0000746
GO:1904024	negative regulation of glucose catabolic process to lactate via pyruvate	occurs_in(CL:0000746
GO:0003677	DNA binding	occurs_in(CL:0000746
GO:0039656	modulation by virus of host gene expression	occurs_in(CL:0000746
GO:0039656	modulation by virus of host gene expression	occurs_in(CL:0000746
GO:1901385	regulation of voltage-gated calcium channel activity	occurs_in(CL:0000746
GO:0035195	gene silencing by miRNA	occurs_in(CL:0000746
GO:0035195	gene silencing by miRNA	occurs_in(CL:0000746
GO:0035195	gene silencing by miRNA	occurs_in(CL:0000746
GO:0035195	gene silencing by miRNA	occurs_in(CL:0000746
GO:0035105	sterol regulatory element binding protein import into nucleus	occurs_in(CL:0000746
GO:0045893	positive regulation of transcription, DNA-templated	occurs_in(CL:0000746
GO:0035195	gene silencing by miRNA	occurs_in(CL:0000746
GO:0035195	gene silencing by miRNA	occurs_in(CL:0000746
GO:0035195	gene silencing by miRNA	occurs_in(CL:0000746
GO:0010940	positive regulation of necrotic cell death	occurs_in(CL:0000746
GO:0001191	transcriptional repressor activity, RNA polymerase II transcription factor binding	occurs_in(CL:0000746
GO:1903407	negative regulation of sodium:potassium-exchanging ATPase activity	occurs_in(CL:0000746
GO:0010629	negative regulation of gene expression	occurs_in(CL:0000746
GO:0033292	T-tubule organization	occurs_in(CL:0000746
GO:0010628	positive regulation of gene expression	occurs_in(CL:0000746
GO:1900165	negative regulation of interleukin-6 secretion	occurs_in(CL:0000746
GO:0010629	negative regulation of gene expression	occurs_in(CL:0000746
GO:0010629	negative regulation of gene expression	occurs_in(CL:0000746
GO:0035278	miRNA mediated inhibition of translation	occurs_in(CL:0000746
GO:0035195	gene silencing by miRNA	occurs_in(CL:0000746
GO:0000122	negative regulation of transcription from RNA polymerase II promoter	occurs_in(CL:0000746
GO:0000122	negative regulation of transcription from RNA polymerase II promoter	occurs_in(CL:0000746
GO:0001046	core promoter sequence-specific DNA binding	occurs_in(CL:0000746
GO:1901299	negative regulation of hydrogen peroxide-mediated programmed cell death	occurs_in(CL:0000746
GO:1902514	regulation of calcium ion transmembrane transport via high voltage-gated calcium channel	occurs_in(CL:0000746
GO:0010468	regulation of gene expression	occurs_in(CL:0000746
GO:0051897	positive regulation of protein kinase B signaling	occurs_in(CL:0000746
GO:0038166	angiotensin-activated signaling pathway	occurs_in(CL:0000746
GO:0045944	positive regulation of transcription from RNA polymerase II promoter	occurs_in(CL:0000746
GO:0010629	negative regulation of gene expression	occurs_in(CL:0000746
GO:0050713	negative regulation of interleukin-1 beta secretion	occurs_in(CL:0000746
GO:0010629	negative regulation of gene expression	occurs_in(CL:0000746
GO:0010629	negative regulation of gene expression	occurs_in(CL:0000746
GO:0001934	positive regulation of protein phosphorylation	occurs_in(CL:0000746
GO:0001934	positive regulation of protein phosphorylation	occurs_in(CL:0000746
GO:0035195	gene silencing by miRNA	occurs_in(CL:0000746
GO:0035195	gene silencing by miRNA	occurs_in(CL:0000746
GO:0035195	gene silencing by miRNA	occurs_in(CL:0000746
GO:0055022	negative regulation of cardiac muscle tissue growth	occurs_in(CL:0000746
GO:0005515	protein binding	occurs_in(CL:0000746)
GO:0045214	sarcomere organization	occurs_in(CL:0000746)
GO:0048739	cardiac muscle fiber development	occurs_in(CL:0000746)
GO:0048739	cardiac muscle fiber development	occurs_in(CL:0000746)
GO:0006941	striated muscle contraction	occurs_in(CL:0000746)
GO:0006003	fructose 2,6-bisphosphate metabolic process	occurs_in(CL:0000746)
GO:0001666	response to hypoxia	occurs_in(CL:0000746)
GO:0044325	ion channel binding	occurs_in(CL:0000746)
GO:0010649	regulation of cell communication by electrical coupling	occurs_in(CL:0000746)
GO:0010765	positive regulation of sodium ion transport	occurs_in(CL:0000746)
GO:1903280	negative regulation of calcium:sodium antiporter activity	occurs_in(CL:0000746)
GO:1901385	regulation of voltage-gated calcium channel activity	occurs_in(CL:0000746)
GO:0031698	beta-2 adrenergic receptor binding	occurs_in(CL:0000746)
GO:0055074	calcium ion homeostasis	occurs_in(CL:0000746)
GO:0061099	negative regulation of protein tyrosine kinase activity	occurs_in(CL:0000746)
GO:1901846	positive regulation of cell communication by electrical coupling involved in cardiac conduction	occurs_in(CL:0000746)
GO:0032869	cellular response to insulin stimulus	occurs_in(CL:0000746)
GO:0051896	regulation of protein kinase B signaling	occurs_in(CL:0000746)
GO:0002931	response to ischemia	occurs_in(CL:0000746)
GO:0010821	regulation of mitochondrion organization	occurs_in(CL:0000746)
GO:0044828	negative regulation by host of viral genome replication	occurs_in(CL:0000746)
GO:0035278	miRNA mediated inhibition of translation	occurs_in(CL:0000746)
GO:0043569	negative regulation of insulin-like growth factor receptor signaling pathway	occurs_in(CL:0000746)
GO:1903231	mRNA binding involved in posttranscriptional gene silencing	occurs_in(CL:0000746)
GO:0014808	release of sequestered calcium ion into cytosol by sarcoplasmic reticulum	occurs_in(CL:0000746)
GO:0045214	sarcomere organization	occurs_in(CL:0000746)
GO:0000122	negative regulation of transcription from RNA polymerase II promoter	occurs_in(CL:0000746)
GO:0005515	protein binding	occurs_in(CL:0000746)
GO:0046325	negative regulation of glucose import	occurs_in(CL:0000746)
GO:0072659	protein localization to plasma membrane	occurs_in(CL:0000746)
GO:0010882	regulation of cardiac muscle contraction by calcium ion signaling	occurs_in(CL:0000746)
GO:0071383	cellular response to steroid hormone stimulus	occurs_in(CL:0000746)
GO:1903170	negative regulation of calcium ion transmembrane transport	occurs_in(CL:0000746)
GO:0010880	regulation of release of sequestered calcium ion into cytosol by sarcoplasmic reticulum	occurs_in(CL:0000746)
GO:0071875	adrenergic receptor signaling pathway	occurs_in(CL:0000746)
GO:0006874	cellular calcium ion homeostasis	occurs_in(CL:0000746)
GO:0010628	positive regulation of gene expression	occurs_in(CL:0000746)
GO:0060316	positive regulation of ryanodine-sensitive calcium-release channel activity	occurs_in(CL:0000746)
GO:0010881	regulation of cardiac muscle contraction by regulation of the release of sequestered calcium ion	occurs_in(CL:0000746)
GO:0010613	positive regulation of cardiac muscle hypertrophy	occurs_in(CL:0000746)
GO:0035278	miRNA mediated inhibition of translation	occurs_in(CL:0000746)
GO:0071877	regulation of adrenergic receptor signaling pathway	occurs_in(CL:0000746)
GO:2000480	negative regulation of cAMP-dependent protein kinase activity	occurs_in(CL:0000746)
GO:0006344	maintenance of chromatin silencing	occurs_in(CL:0000746)
GO:0071313	cellular response to caffeine	occurs_in(CL:0000746)
GO:0048468	cell development	occurs_in(CL:0000746)
GO:0055005	ventricular cardiac myofibril assembly	occurs_in(CL:0000746)
GO:0030239	myofibril assembly	occurs_in(CL:0000746)
GO:0086006	voltage-gated sodium channel activity involved in cardiac muscle cell action potential	occurs_in(CL:0000746)
GO:0007005	mitochondrion organization	occurs_in(CL:0000746)
GO:0019899	enzyme binding	occurs_in(CL:0000746)
GO:2000649	regulation of sodium ion transmembrane transporter activity	occurs_in(CL:0000746)
GO:1903416	response to glycoside	occurs_in(CL:0000746)
GO:0060314	regulation of ryanodine-sensitive calcium-release channel activity	occurs_in(CL:0000746)
GO:0071375	cellular response to peptide hormone stimulus	occurs_in(CL:0000746)
GO:0055119	relaxation of cardiac muscle	occurs_in(CL:0000746)
GO:0050998	nitric-oxide synthase binding	occurs_in(CL:0000746)
GO:1903598	positive regulation of gap junction assembly	occurs_in(CL:0000746)
GO:0046716	muscle cell cellular homeostasis	occurs_in(CL:0000746)
GO:0097110	scaffold protein binding	occurs_in(CL:0000746)
GO:0002028	regulation of sodium ion transport	occurs_in(CL:0000746)
GO:0045930	negative regulation of mitotic cell cycle	occurs_in(CL:0000746)
GO:0035195	gene silencing by miRNA	occurs_in(CL:0000746)
GO:0035195	gene silencing by miRNA	occurs_in(CL:0000746)
GO:0010628	positive regulation of gene expression	occurs_in(CL:0000746)
GO:0006879	cellular iron ion homeostasis	occurs_in(CL:0000746)
GO:0005515	protein binding	occurs_in(CL:0000746)
GO:0070836	caveola assembly	occurs_in(CL:0000746)
GO:0006997	nucleus organization	occurs_in(CL:0000746)
GO:0016049	cell growth	occurs_in(CL:0000746)
GO:0007005	mitochondrion organization	occurs_in(CL:0000746)
GO:0055003	cardiac myofibril assembly	occurs_in(CL:0000746)
GO:0004331	fructose-2,6-bisphosphate 2-phosphatase activity	occurs_in(CL:0000746)
GO:0043954	cellular component maintenance	occurs_in(CL:0000746)
GO:0051898	negative regulation of protein kinase B signaling	occurs_in(CL:0000746)
GO:0051208	sequestering of calcium ion	occurs_in(CL:0000746)
GO:2000651	positive regulation of sodium ion transmembrane transporter activity	occurs_in(CL:0000746)
GO:2000651	positive regulation of sodium ion transmembrane transporter activity	occurs_in(CL:0000746)
GO:0002026	regulation of the force of heart contraction	occurs_in(CL:0000746)
GO:0060306	regulation of membrane repolarization	occurs_in(CL:0000746)
GO:0051480	regulation of cytosolic calcium ion concentration	occurs_in(CL:0000746)
GO:0072659	protein localization to plasma membrane	occurs_in(CL:0000746)
GO:1901379	regulation of potassium ion transmembrane transport	occurs_in(CL:0000746)
GO:0004396	hexokinase activity	occurs_in(CL:0000746)
GO:0010460	positive regulation of heart rate	occurs_in(CL:0000746)
GO:0007194	negative regulation of adenylate cyclase activity	occurs_in(CL:0000746)
GO:1904878	negative regulation of calcium ion transmembrane transport via high voltage-gated calcium channel	occurs_in(CL:0000746)
GO:0000281	mitotic cytokinesis	occurs_in(CL:0000746)
GO:0008134	transcription factor binding	occurs_in(CL:0000746)
GO:1900827	positive regulation of membrane depolarization during cardiac muscle cell action potential	occurs_in(CL:0000746)
GO:0010629	negative regulation of gene expression	occurs_in(CL:0000746)
GO:0032091	negative regulation of protein binding	occurs_in(CL:0000746)
GO:1900086	positive regulation of peptidyl-tyrosine autophosphorylation	occurs_in(CL:0000746)
GO:0010751	negative regulation of nitric oxide mediated signal transduction	occurs_in(CL:0000746)
GO:0048738	cardiac muscle tissue development	occurs_in(CL:0000746)
GO:0050821	protein stabilization	occurs_in(CL:0000746)
GO:0051279	regulation of release of sequestered calcium ion into cytosol	occurs_in(CL:0000746)
GO:1901016	regulation of potassium ion transmembrane transporter activity	occurs_in(CL:0000746)
GO:0070374	positive regulation of ERK1 and ERK2 cascade	occurs_in(CL:0000746)
GO:0036376	sodium ion export from cell	occurs_in(CL:0000746)
GO:0086091	regulation of heart rate by cardiac conduction	occurs_in(CL:0000746)
GO:0010628	positive regulation of gene expression	occurs_in(CL:0000746)
GO:1903231	mRNA binding involved in posttranscriptional gene silencing	occurs_in(CL:0000746)
GO:0035195	gene silencing by miRNA	occurs_in(CL:0000746)
GO:0010614	negative regulation of cardiac muscle hypertrophy	occurs_in(CL:0000746)
GO:0035195	gene silencing by miRNA	occurs_in(CL:0000746)
GO:0035195	gene silencing by miRNA	occurs_in(CL:0000746)
GO:0035195	gene silencing by miRNA	occurs_in(CL:0000746)
GO:0035195	gene silencing by miRNA	occurs_in(CL:0000746)
GO:0086094	positive regulation of ryanodine-sensitive calcium-release channel activity by adrenergic receptor signaling pathway involved in positive regulation of cardiac muscle contraction	occurs_in(CL:0000746)
GO:0003300	cardiac muscle hypertrophy	occurs_in(CL:0000746)
GO:2001274	negative regulation of glucose import in response to insulin stimulus	occurs_in(CL:0000746)
GO:0051209	release of sequestered calcium ion into cytosol	occurs_in(CL:0000746)
GO:0072363	regulation of glycolytic process by positive regulation of transcription from RNA polymerase II promoter	occurs_in(CL:0000746)
GO:1990144	intrinsic apoptotic signaling pathway in response to hypoxia	occurs_in(CL:0000746)
GO:0044325	ion channel binding	occurs_in(CL:0000746)
GO:0006874	cellular calcium ion homeostasis	occurs_in(CL:0000746)
GO:0005200	structural constituent of cytoskeleton	occurs_in(CL:0000746)
GO:0045944	positive regulation of transcription from RNA polymerase II promoter	occurs_in(CL:0000746)
GO:0007040	lysosome organization	occurs_in(CL:0000746)
GO:0006941	striated muscle contraction	occurs_in(CL:0000746)
GO:0030239	myofibril assembly	occurs_in(CL:0000746)
GO:0033137	negative regulation of peptidyl-serine phosphorylation	occurs_in(CL:0000746)
GO:0046320	regulation of fatty acid oxidation	occurs_in(CL:0000746)
GO:1990239	steroid hormone binding	occurs_in(CL:0000746)
GO:0032092	positive regulation of protein binding	occurs_in(CL:0000746)
GO:0043409	negative regulation of MAPK cascade	occurs_in(CL:0000746)
GO:0010628	positive regulation of gene expression	occurs_in(CL:0000746)
GO:1903202	negative regulation of oxidative stress-induced cell death	occurs_in(CL:0000746)
GO:0042623	ATPase activity, coupled	occurs_in(CL:0000746)
GO:0006883	cellular sodium ion homeostasis	occurs_in(CL:0000746)
GO:0036309	protein localization to M-band	occurs_in(CL:0000746)
GO:1905205	positive regulation of connective tissue replacement	occurs_in(CL:0000746)
GO:0035195	gene silencing by miRNA	occurs_in(CL:0000746)
GO:0035278	miRNA mediated inhibition of translation	occurs_in(CL:0000746)
GO:0035195	gene silencing by miRNA	occurs_in(CL:0000746)
GO:0030036	actin cytoskeleton organization	occurs_in(CL:0000746)
GO:0061419	positive regulation of transcription from RNA polymerase II promoter in response to hypoxia	occurs_in(CL:0000746)
GO:0008543	fibroblast growth factor receptor signaling pathway	occurs_in(CL:0000746)
GO:0008543	fibroblast growth factor receptor signaling pathway	occurs_in(CL:0000746)
GO:0006874	cellular calcium ion homeostasis	occurs_in(CL:0000746)
GO:0007009	plasma membrane organization	occurs_in(CL:0000746)
GO:0000977	RNA polymerase II regulatory region sequence-specific DNA binding	occurs_in(CL:0000746)
GO:0006914	autophagy	occurs_in(CL:0000746)
GO:0065004	protein-DNA complex assembly	occurs_in(CL:0000746)
GO:1903277	negative regulation of sodium ion export from cell	occurs_in(CL:0000746)
GO:0044325	ion channel binding	occurs_in(CL:0000746)
GO:0051117	ATPase binding	occurs_in(CL:0000746)
GO:2001275	positive regulation of glucose import in response to insulin stimulus	occurs_in(CL:0000746)
GO:0010614	negative regulation of cardiac muscle hypertrophy	occurs_in(CL:0000746)
GO:0017080	sodium channel regulator activity	occurs_in(CL:0000746)
GO:0010628	positive regulation of gene expression	occurs_in(CL:0000746)
GO:0010628	positive regulation of gene expression	occurs_in(CL:0000746)
GO:1903597	negative regulation of gap junction assembly	occurs_in(CL:0000746)
GO:2000170	positive regulation of peptidyl-cysteine S-nitrosylation	occurs_in(CL:0000746)
GO:0043623	cellular protein complex assembly	occurs_in(CL:0000746)
GO:0008283	cell proliferation	occurs_in(CL:0000746)
GO:0006816	calcium ion transport	occurs_in(CL:0000746)
GO:0019901	protein kinase binding	occurs_in(CL:0000746)
GO:0034613	cellular protein localization	occurs_in(CL:0000746)
GO:0072659	protein localization to plasma membrane	occurs_in(CL:0000746)
GO:0038001	paracrine signaling	occurs_in(CL:0000746)
GO:0035195	gene silencing by miRNA	occurs_in(CL:0000746)
GO:0035195	gene silencing by miRNA	occurs_in(CL:0000746)
GO:2000480	negative regulation of cAMP-dependent protein kinase activity	occurs_in(CL:0000746)
GO:0000320	re-entry into mitotic cell cycle	occurs_in(CL:0000746)
GO:0007005	mitochondrion organization	occurs_in(CL:0000746)
GO:0005515	protein binding	occurs_in(CL:0000746)
GO:0048739	cardiac muscle fiber development	occurs_in(CL:0000746)
GO:0051481	negative regulation of cytosolic calcium ion concentration	occurs_in(CL:0000746)
GO:0033292	T-tubule organization	occurs_in(CL:0000746)
GO:0046627	negative regulation of insulin receptor signaling pathway	occurs_in(CL:0000746)
GO:0045838	positive regulation of membrane potential	occurs_in(CL:0000746)
GO:2001259	positive regulation of cation channel activity	occurs_in(CL:0000746)
GO:0010608	posttranscriptional regulation of gene expression	occurs_in(CL:0000746)
GO:0010629	negative regulation of gene expression	occurs_in(CL:0000746)
GO:0061098	positive regulation of protein tyrosine kinase activity	occurs_in(CL:0000746)
GO:0033137	negative regulation of peptidyl-serine phosphorylation	occurs_in(CL:0000746)
GO:0033138	positive regulation of peptidyl-serine phosphorylation	occurs_in(CL:0000746)
GO:1900085	negative regulation of peptidyl-tyrosine autophosphorylation	occurs_in(CL:0000746)
GO:0008104	protein localization	occurs_in(CL:0000746)
GO:2001234	negative regulation of apoptotic signaling pathway	occurs_in(CL:0000746)
GO:0070972	protein localization to endoplasmic reticulum	occurs_in(CL:0000746)
GO:0001228	transcriptional activator activity, RNA polymerase II transcription regulatory region sequence-specific binding	occurs_in(CL:0000746)
GO:0045944	positive regulation of transcription from RNA polymerase II promoter	occurs_in(CL:0000746)
GO:0010629	negative regulation of gene expression	occurs_in(CL:0000746)
GO:0010629	negative regulation of gene expression	occurs_in(CL:0000746)
GO:0010629	negative regulation of gene expression	occurs_in(CL:0000746)
GO:1902109	negative regulation of mitochondrial membrane permeability involved in apoptotic process	occurs_in(CL:0000746)
GO:0035278	miRNA mediated inhibition of translation	occurs_in(CL:0000746)
GO:0035278	miRNA mediated inhibition of translation	occurs_in(CL:0000746)
GO:0043065	positive regulation of apoptotic process	occurs_in(CL:0000746)
GO:1904879	positive regulation of calcium ion transmembrane transport via high voltage-gated calcium channel	occurs_in(CL:0000746)
GO:0010972	negative regulation of G2/M transition of mitotic cell cycle	occurs_in(CL:0000746)
GO:0035195	gene silencing by miRNA	occurs_in(CL:0000746)
GO:0035195	gene silencing by miRNA	occurs_in(CL:0000746)
GO:0071482	cellular response to light stimulus	occurs_in(CL:0000749)
GO:0048813	dendrite morphogenesis	occurs_in(CL:0000749)
GO:0005515	protein binding	occurs_in(CL:0000749)
GO:0007409	axonogenesis	occurs_in(CL:0000749)
GO:0072661	protein targeting to plasma membrane	occurs_in(CL:0000749)
GO:0007603	phototransduction, visible light	occurs_in(CL:0000752)
GO:0048675	axon extension	occurs_in(CL:0000755)
GO:0010468	regulation of gene expression	occurs_in(CL:0000763
GO:0010468	regulation of gene expression	occurs_in(CL:0000763
GO:0010468	regulation of gene expression	occurs_in(CL:0000763
GO:0010468	regulation of gene expression	occurs_in(CL:0000763
GO:0006338	chromatin remodeling	occurs_in(CL:0000763
GO:0042771	intrinsic apoptotic signaling pathway in response to DNA damage by p53 class mediator	occurs_in(CL:0000763)
GO:0034097	response to cytokine	occurs_in(CL:0000763)
GO:0072593	reactive oxygen species metabolic process	occurs_in(CL:0000763)
GO:0005096	GTPase activator activity	occurs_in(CL:0000763)
GO:0007265	Ras protein signal transduction	occurs_in(CL:0000763)
GO:0033028	myeloid cell apoptotic process	occurs_in(CL:0000763)
GO:0060548	negative regulation of cell death	occurs_in(CL:0000764
GO:0003682	chromatin binding	occurs_in(CL:0000764
GO:0003682	chromatin binding	occurs_in(CL:0000764
GO:0070888	E-box binding	occurs_in(CL:0000764
GO:0000979	RNA polymerase II core promoter sequence-specific DNA binding	occurs_in(CL:0000764
GO:0000122	negative regulation of transcription from RNA polymerase II promoter	occurs_in(CL:0000764
GO:0000122	negative regulation of transcription from RNA polymerase II promoter	occurs_in(CL:0000764
GO:0000122	negative regulation of transcription from RNA polymerase II promoter	occurs_in(CL:0000764
GO:0045944	positive regulation of transcription from RNA polymerase II promoter	occurs_in(CL:0000764
GO:1903146	regulation of mitophagy	occurs_in(CL:0000764)
GO:1903706	regulation of hemopoiesis	occurs_in(CL:0000764)
GO:0046985	positive regulation of hemoglobin biosynthetic process	occurs_in(CL:0000764)
GO:0035166	post-embryonic hemopoiesis	occurs_in(CL:0000764)
GO:0000422	mitophagy	occurs_in(CL:0000765
GO:0034760	negative regulation of iron ion transmembrane transport	occurs_in(CL:0000765)
GO:0030036	actin cytoskeleton organization	occurs_in(CL:0000765)
GO:0043491	protein kinase B signaling	occurs_in(CL:0000765)
GO:0071363	cellular response to growth factor stimulus	occurs_in(CL:0000765)
GO:0034755	iron ion transmembrane transport	occurs_in(CL:0000765)
GO:0051608	histamine transport	occurs_in(CL:0000767)
GO:0051615	histamine uptake	occurs_in(CL:0000767)
GO:0050918	positive chemotaxis	occurs_in(CL:0000771)
GO:0004601	peroxidase activity	occurs_in(CL:0000771)
GO:0050918	positive chemotaxis	occurs_in(CL:0000771)
GO:0005515	protein binding	occurs_in(CL:0000771)
GO:0008360	regulation of cell shape	occurs_in(CL:0000771)
GO:0008360	regulation of cell shape	occurs_in(CL:0000771)
GO:0042056	chemoattractant activity	occurs_in(CL:0000771)
GO:0010810	regulation of cell-substrate adhesion	occurs_in(CL:0000775
GO:0043547	positive regulation of GTPase activity	occurs_in(CL:0000775
GO:0010628	positive regulation of gene expression	occurs_in(CL:0000775
GO:0007186	G-protein coupled receptor signaling pathway	occurs_in(CL:0000775)
GO:0006874	cellular calcium ion homeostasis	occurs_in(CL:0000775)
GO:0007229	integrin-mediated signaling pathway	occurs_in(CL:0000775)
GO:0060266	negative regulation of respiratory burst involved in inflammatory response	occurs_in(CL:0000775)
GO:0044650	adhesion of symbiont to host cell	occurs_in(CL:0000775)
GO:0006874	cellular calcium ion homeostasis	occurs_in(CL:0000775)
GO:0060267	positive regulation of respiratory burst	occurs_in(CL:0000775)
GO:0002149	hypochlorous acid biosynthetic process	occurs_in(CL:0000775)
GO:0002679	respiratory burst involved in defense response	occurs_in(CL:0000775)
GO:0042744	hydrogen peroxide catabolic process	occurs_in(CL:0000775)
GO:0043312	neutrophil degranulation	occurs_in(CL:0000775)
GO:0005096	GTPase activator activity	occurs_in(CL:0000775)
GO:0071345	cellular response to cytokine stimulus	occurs_in(CL:0000775)
GO:2000535	regulation of entry of bacterium into host cell	occurs_in(CL:0000775)
GO:0050918	positive chemotaxis	occurs_in(CL:0000775)
GO:0050727	regulation of inflammatory response	occurs_in(CL:0000775)
GO:0034097	response to cytokine	occurs_in(CL:0000775)
GO:0002741	positive regulation of cytokine secretion involved in immune response	occurs_in(CL:0000775)
GO:0006915	apoptotic process	occurs_in(CL:0000775)
GO:0007015	actin filament organization	occurs_in(CL:0000775)
GO:0010756	positive regulation of plasminogen activation	occurs_in(CL:0000775)
GO:0004601	peroxidase activity	occurs_in(CL:0000775)
GO:0072593	reactive oxygen species metabolic process	occurs_in(CL:0000775)
GO:0045730	respiratory burst	occurs_in(CL:0000775)
GO:0007229	integrin-mediated signaling pathway	occurs_in(CL:0000775)
GO:0050766	positive regulation of phagocytosis	occurs_in(CL:0000775)
GO:0042056	chemoattractant activity	occurs_in(CL:0000775)
GO:0035635	entry of bacterium into host cell	occurs_in(CL:0000775)
GO:1900165	negative regulation of interleukin-6 secretion	occurs_in(CL:0000782
GO:0010628	positive regulation of gene expression	occurs_in(CL:0000782
GO:0010628	positive regulation of gene expression	occurs_in(CL:0000782
GO:0010628	positive regulation of gene expression	occurs_in(CL:0000782
GO:0070374	positive regulation of ERK1 and ERK2 cascade	occurs_in(CL:0000782
GO:0010629	negative regulation of gene expression	occurs_in(CL:0000782
GO:0071225	cellular response to muramyl dipeptide	occurs_in(CL:0000782
GO:1903753	negative regulation of p38MAPK cascade	occurs_in(CL:0000782
GO:2000483	negative regulation of interleukin-8 secretion	occurs_in(CL:0000782
GO:0070374	positive regulation of ERK1 and ERK2 cascade	occurs_in(CL:0000782
GO:0010628	positive regulation of gene expression	occurs_in(CL:0000782
GO:0032720	negative regulation of tumor necrosis factor production	occurs_in(CL:0000782
GO:1903078	positive regulation of protein localization to plasma membrane	occurs_in(CL:0000782
GO:0050850	positive regulation of calcium-mediated signaling	occurs_in(CL:0000782)
GO:0097110	scaffold protein binding	occurs_in(CL:0000782)
GO:0031625	ubiquitin protein ligase binding	occurs_in(CL:0000782)
GO:0002768	immune response-regulating cell surface receptor signaling pathway	occurs_in(CL:0000782)
GO:0002588	positive regulation of antigen processing and presentation of peptide antigen via MHC class II	occurs_in(CL:0000782)
GO:0097028	dendritic cell differentiation	occurs_in(CL:0000782)
GO:0004725	protein tyrosine phosphatase activity	occurs_in(CL:0000782)
GO:0034145	positive regulation of toll-like receptor 4 signaling pathway	occurs_in(CL:0000782)
GO:0034157	positive regulation of toll-like receptor 7 signaling pathway	occurs_in(CL:0000782)
GO:0050731	positive regulation of peptidyl-tyrosine phosphorylation	occurs_in(CL:0000782)
GO:1901222	regulation of NIK/NF-kappaB signaling	occurs_in(CL:0000782)
GO:0019903	protein phosphatase binding	occurs_in(CL:0000782)
GO:0071345	cellular response to cytokine stimulus	occurs_in(CL:0000782)
GO:0005102	receptor binding	occurs_in(CL:0000782)
GO:0034165	positive regulation of toll-like receptor 9 signaling pathway	occurs_in(CL:0000782)
GO:0002230	positive regulation of defense response to virus by host	occurs_in(CL:0000784
GO:0006898	receptor-mediated endocytosis	occurs_in(CL:0000784)
GO:0038024	cargo receptor activity	occurs_in(CL:0000784)
GO:1902741	positive regulation of interferon-alpha secretion	occurs_in(CL:0000784)
GO:0045190	isotype switching	occurs_in(CL:0000785)
GO:0002380	immunoglobulin secretion involved in immune response	occurs_in(CL:0000785)
GO:0006303	double-strand break repair via nonhomologous end joining	occurs_in(CL:0000785)
GO:0070669	response to interleukin-2	occurs_in(CL:0000789
GO:0010628	positive regulation of gene expression	occurs_in(CL:0000789
GO:0032689	negative regulation of interferon-gamma production	occurs_in(CL:0000789)
GO:0005515	protein binding	occurs_in(CL:0000789)
GO:0001775	cell activation	occurs_in(CL:0000789)
GO:0001609	G-protein coupled adenosine receptor activity	occurs_in(CL:0000790)
GO:0033198	response to ATP	occurs_in(CL:0000790)
GO:0000165	MAPK cascade	occurs_in(CL:0000790)
GO:0050852	T cell receptor signaling pathway	occurs_in(CL:0000790)
GO:0097190	apoptotic signaling pathway	occurs_in(CL:0000790)
GO:0046070	dGTP metabolic process	occurs_in(CL:0000790)
GO:0007005	mitochondrion organization	occurs_in(CL:0000790)
GO:0006183	GTP biosynthetic process	occurs_in(CL:0000790)
GO:0010332	response to gamma radiation	occurs_in(CL:0000790)
GO:0046070	dGTP metabolic process	occurs_in(CL:0000790)
GO:0001973	adenosine receptor signaling pathway	occurs_in(CL:0000790)
GO:0007189	adenylate cyclase-activating G-protein coupled receptor signaling pathway	occurs_in(CL:0000790)
GO:0046513	ceramide biosynthetic process	occurs_in(CL:0000790)
GO:0004707	MAP kinase activity	occurs_in(CL:0000790)
GO:0001775	cell activation	occurs_in(CL:0000798
GO:0070669	response to interleukin-2	occurs_in(CL:0000798)
GO:0010628	positive regulation of gene expression	occurs_in(CL:0000798)
GO:0019835	cytolysis	occurs_in(CL:0000807)
GO:0033198	response to ATP	occurs_in(CL:0000807)
GO:0097190	apoptotic signaling pathway	occurs_in(CL:0000807)
GO:0097190	apoptotic signaling pathway	occurs_in(CL:0000808)
GO:0050852	T cell receptor signaling pathway	occurs_in(CL:0000809)
GO:0097190	apoptotic signaling pathway	occurs_in(CL:0000809)
GO:0036399	TCR signalosome assembly	occurs_in(CL:0000809)
GO:0036399	TCR signalosome assembly	occurs_in(CL:0000809)
GO:0070233	negative regulation of T cell apoptotic process	occurs_in(CL:0000813)
GO:2000562	negative regulation of CD4-positive, alpha-beta T cell proliferation	occurs_in(CL:0000815
GO:0043382	positive regulation of memory T cell differentiation	occurs_in(CL:0000815)
GO:0043065	positive regulation of apoptotic process	occurs_in(CL:0000815)
GO:0042102	positive regulation of T cell proliferation	occurs_in(CL:0000815)
GO:0045125	bioactive lipid receptor activity	occurs_in(CL:0000815)
GO:0030183	B cell differentiation	occurs_in(CL:0000817
GO:0042493	response to drug	occurs_in(CL:0000817)
GO:0006935	chemotaxis	occurs_in(CL:0000817)
GO:0043565	sequence-specific DNA binding	occurs_in(CL:0000817)
GO:0051209	release of sequestered calcium ion into cytosol	occurs_in(CL:0000817)
GO:0009267	cellular response to starvation	occurs_in(CL:0000817)
GO:0035195	gene silencing by miRNA	occurs_in(CL:0000817)
GO:0032496	response to lipopolysaccharide	occurs_in(CL:0000817)
GO:0043967	histone H4 acetylation	occurs_in(CL:0000817)
GO:0033152	immunoglobulin V(D)J recombination	occurs_in(CL:0000817)
GO:0034097	response to cytokine	occurs_in(CL:0000817)
GO:0097190	apoptotic signaling pathway	occurs_in(CL:0000817)
GO:0010332	response to gamma radiation	occurs_in(CL:0000817)
GO:0043966	histone H3 acetylation	occurs_in(CL:0000817)
GO:0043491	protein kinase B signaling	occurs_in(CL:0000819)
GO:0048468	cell development	occurs_in(CL:0000824)
GO:0016055	Wnt signaling pathway	occurs_in(CL:0000826)
GO:0019221	cytokine-mediated signaling pathway	occurs_in(CL:0000826)
GO:0005125	cytokine activity	occurs_in(CL:0000826)
GO:0008083	growth factor activity	occurs_in(CL:0000826)
GO:0097192	extrinsic apoptotic signaling pathway in absence of ligand	occurs_in(CL:0000826)
GO:0097190	apoptotic signaling pathway	occurs_in(CL:0000826)
GO:0004921	interleukin-11 receptor activity	occurs_in(CL:0000826)
GO:0033152	immunoglobulin V(D)J recombination	occurs_in(CL:0000826)
GO:0008285	negative regulation of cell proliferation	occurs_in(CL:0000836
GO:0097011	cellular response to granulocyte macrophage colony-stimulating factor stimulus	occurs_in(CL:0000836)
GO:0042273	ribosomal large subunit biogenesis	occurs_in(CL:0000837)
GO:0001961	positive regulation of cytokine-mediated signaling pathway	occurs_in(CL:0000837)
GO:0032825	positive regulation of natural killer cell differentiation	occurs_in(CL:0000837)
GO:0032689	negative regulation of interferon-gamma production	occurs_in(CL:0000837)
GO:0005125	cytokine activity	occurs_in(CL:0000839)
GO:1904469	positive regulation of tumor necrosis factor secretion	occurs_in(CL:0000842
GO:0034116	positive regulation of heterotypic cell-cell adhesion	occurs_in(CL:0000842
GO:0090280	positive regulation of calcium ion import	occurs_in(CL:0000842
GO:1902715	positive regulation of interferon-gamma secretion	occurs_in(CL:0000842
GO:0043922	negative regulation by host of viral transcription	occurs_in(CL:0000842)
GO:0033691	sialic acid binding	occurs_in(CL:0000842)
GO:0034394	protein localization to cell surface	occurs_in(CL:0000842)
GO:0050918	positive chemotaxis	occurs_in(CL:0000842)
GO:0071677	positive regulation of mononuclear cell migration	occurs_in(CL:0000842)
GO:0071674	mononuclear cell migration	occurs_in(CL:0000842)
GO:0042056	chemoattractant activity	occurs_in(CL:0000842)
GO:0019221	cytokine-mediated signaling pathway	occurs_in(CL:0000893)
GO:0006816	calcium ion transport	occurs_in(CL:0000893)
GO:0005515	protein binding	occurs_in(CL:0000893)
GO:0097193	intrinsic apoptotic signaling pathway	occurs_in(CL:0000893)
GO:0097192	extrinsic apoptotic signaling pathway in absence of ligand	occurs_in(CL:0000893)
GO:0051059	NF-kappaB binding	occurs_in(CL:0000893)
GO:0008630	intrinsic apoptotic signaling pathway in response to DNA damage	occurs_in(CL:0000893)
GO:0050852	T cell receptor signaling pathway	occurs_in(CL:0000893)
GO:0005515	protein binding	occurs_in(CL:0000893)
GO:0006915	apoptotic process	occurs_in(CL:0000893)
GO:0006915	apoptotic process	occurs_in(CL:0000893)
GO:0005515	protein binding	occurs_in(CL:0000893)
GO:0007223	Wnt signaling pathway, calcium modulating pathway	occurs_in(CL:0000893)
GO:0006874	cellular calcium ion homeostasis	occurs_in(CL:0000893)
GO:0034097	response to cytokine	occurs_in(CL:0000893)
GO:0006175	dATP biosynthetic process	occurs_in(CL:0000893)
GO:0043539	protein serine/threonine kinase activator activity	occurs_in(CL:0000895
GO:0045944	positive regulation of transcription from RNA polymerase II promoter	occurs_in(CL:0000895
GO:2000516	positive regulation of CD4-positive, alpha-beta T cell activation	occurs_in(CL:0000898
GO:2000516	positive regulation of CD4-positive, alpha-beta T cell activation	occurs_in(CL:0000898
GO:2000516	positive regulation of CD4-positive, alpha-beta T cell activation	occurs_in(CL:0000898
GO:2000516	positive regulation of CD4-positive, alpha-beta T cell activation	occurs_in(CL:0000898
GO:2001187	positive regulation of CD8-positive, alpha-beta T cell activation	occurs_in(CL:0000898
GO:2001187	positive regulation of CD8-positive, alpha-beta T cell activation	occurs_in(CL:0000898
GO:2001187	positive regulation of CD8-positive, alpha-beta T cell activation	occurs_in(CL:0000898
GO:2001187	positive regulation of CD8-positive, alpha-beta T cell activation	occurs_in(CL:0000898
GO:0071351	cellular response to interleukin-18	occurs_in(CL:0000899)
GO:1905077	negative regulation of interleukin-17 secretion	occurs_in(CL:0000899)
GO:0071347	cellular response to interleukin-1	occurs_in(CL:0000899)
GO:1905077	negative regulation of interleukin-17 secretion	occurs_in(CL:0000899)
GO:1905077	negative regulation of interleukin-17 secretion	occurs_in(CL:0000899)
GO:0043066	negative regulation of apoptotic process	occurs_in(CL:0000901
GO:0005114	type II transforming growth factor beta receptor binding	occurs_in(CL:0000902
GO:2000679	positive regulation of transcription regulatory region DNA binding	occurs_in(CL:0000902
GO:0010628	positive regulation of gene expression	occurs_in(CL:0000902
GO:0010628	positive regulation of gene expression	occurs_in(CL:0000902
GO:0005102	receptor binding	occurs_in(CL:0000902
GO:0010862	positive regulation of pathway-restricted SMAD protein phosphorylation	occurs_in(CL:0000902)
GO:0045591	positive regulation of regulatory T cell differentiation	occurs_in(CL:0000902)
GO:0005515	protein binding	occurs_in(CL:0000902)
GO:1903911	positive regulation of receptor clustering	occurs_in(CL:0000902)
GO:0050728	negative regulation of inflammatory response	occurs_in(CL:0000902)
GO:1905077	negative regulation of interleukin-17 secretion	occurs_in(CL:0000902)
GO:0016936	galactoside binding	occurs_in(CL:0000902)
GO:2001181	positive regulation of interleukin-10 secretion	occurs_in(CL:0000902)
GO:0000977	RNA polymerase II regulatory region sequence-specific DNA binding	occurs_in(CL:0000902)
GO:0000977	RNA polymerase II regulatory region sequence-specific DNA binding	occurs_in(CL:0000902)
GO:1905077	negative regulation of interleukin-17 secretion	occurs_in(CL:0000902)
GO:0045944	positive regulation of transcription from RNA polymerase II promoter	occurs_in(CL:0000902)
GO:0051533	positive regulation of NFAT protein import into nucleus	occurs_in(CL:0000905
GO:2000563	positive regulation of CD4-positive, alpha-beta T cell proliferation	occurs_in(CL:0000905
GO:1904100	positive regulation of protein O-linked glycosylation	occurs_in(CL:0000909)
GO:0008626	granzyme-mediated apoptotic signaling pathway	occurs_in(CL:0000910)
GO:0043316	cytotoxic T cell degranulation	occurs_in(CL:0000910)
GO:2001256	regulation of store-operated calcium entry	occurs_in(CL:0000911)
GO:0030865	cortical cytoskeleton organization	occurs_in(CL:0000912)
GO:0031270	pseudopodium retraction	occurs_in(CL:0000912)
GO:0002260	lymphocyte homeostasis	occurs_in(CL:0000974)
GO:0001782	B cell homeostasis	occurs_in(CL:0000974)
GO:2000473	positive regulation of hematopoietic stem cell migration	occurs_in(CL:0000988)
GO:0000281	mitotic cytokinesis	occurs_in(CL:0000988)
GO:2000473	positive regulation of hematopoietic stem cell migration	occurs_in(CL:0001021)
GO:0007030	Golgi organization	occurs_in(CL:0001031
GO:0009306	protein secretion	occurs_in(CL:0001031
GO:0009306	protein secretion	occurs_in(CL:0001031)
GO:0007030	Golgi organization	occurs_in(CL:0001031)
GO:0050774	negative regulation of dendrite morphogenesis	occurs_in(CL:0001031)
GO:0035725	sodium ion transmembrane transport	occurs_in(CL:0001031)
GO:0050775	positive regulation of dendrite morphogenesis	occurs_in(CL:0001031)
GO:0003682	chromatin binding	occurs_in(CL:0001031)
GO:0060074	synapse maturation	occurs_in(CL:0001031)
GO:0005248	voltage-gated sodium channel activity	occurs_in(CL:0001031)
GO:0019228	neuronal action potential	occurs_in(CL:0001031)
GO:0010976	positive regulation of neuron projection development	occurs_in(CL:0001031)
GO:0097113	AMPA glutamate receptor clustering	occurs_in(CL:0001033)
GO:2000311	regulation of alpha-amino-3-hydroxy-5-methyl-4-isoxazole propionate selective glutamate receptor activity	occurs_in(CL:0001033)
GO:0034614	cellular response to reactive oxygen species	occurs_in(CL:0001040)
GO:0000422	mitophagy	occurs_in(CL:0001040)
GO:0070241	positive regulation of activated T cell autonomous cell death	occurs_in(CL:0001049)
GO:2001184	positive regulation of interleukin-12 secretion	occurs_in(CL:0001056
GO:0002741	positive regulation of cytokine secretion involved in immune response	occurs_in(CL:0001056
GO:0032682	negative regulation of chemokine production	occurs_in(CL:0001056
GO:0035456	response to interferon-beta	occurs_in(CL:0001056
GO:0098586	cellular response to virus	occurs_in(CL:0001056
GO:0051092	positive regulation of NF-kappaB transcription factor activity	occurs_in(CL:0001056
GO:0070374	positive regulation of ERK1 and ERK2 cascade	occurs_in(CL:0001056
GO:0031625	ubiquitin protein ligase binding	occurs_in(CL:0001056
GO:0031625	ubiquitin protein ligase binding	occurs_in(CL:0001056
GO:0031625	ubiquitin protein ligase binding	occurs_in(CL:0001056
GO:0042346	positive regulation of NF-kappaB import into nucleus	occurs_in(CL:0001056
GO:0010800	positive regulation of peptidyl-threonine phosphorylation	occurs_in(CL:0001056
GO:0098586	cellular response to virus	occurs_in(CL:0001056
GO:0098586	cellular response to virus	occurs_in(CL:0001056
GO:0010628	positive regulation of gene expression	occurs_in(CL:0001056
GO:0019901	protein kinase binding	occurs_in(CL:0001056
GO:0019901	protein kinase binding	occurs_in(CL:0001056
GO:0019901	protein kinase binding	occurs_in(CL:0001056
GO:0033138	positive regulation of peptidyl-serine phosphorylation	occurs_in(CL:0001056
GO:0010628	positive regulation of gene expression	occurs_in(CL:0001056)
GO:0032496	response to lipopolysaccharide	occurs_in(CL:0001056)
GO:0098586	cellular response to virus	occurs_in(CL:0001056)
GO:0035456	response to interferon-beta	occurs_in(CL:0001056)
GO:2001181	positive regulation of interleukin-10 secretion	occurs_in(CL:0001056)
GO:0035458	cellular response to interferon-beta	occurs_in(CL:0001056)
GO:1901532	regulation of hematopoietic progenitor cell differentiation	occurs_in(CL:0001059)
GO:1902035	positive regulation of hematopoietic stem cell proliferation	occurs_in(CL:0001059)
GO:0008543	fibroblast growth factor receptor signaling pathway	occurs_in(CL:0001891)
GO:0033363	secretory granule organization	occurs_in(CL:0002063)
GO:0033363	secretory granule organization	occurs_in(CL:0002063)
GO:0031201	SNARE complex	occurs_in(CL:0002064
GO:0005515	protein binding	occurs_in(CL:0002064
GO:0005515	protein binding	occurs_in(CL:0002064
GO:0070625	zymogen granule exocytosis	occurs_in(CL:0002064
GO:0070625	zymogen granule exocytosis	occurs_in(CL:0002064
GO:0035584	calcium-mediated signaling using intracellular calcium source	occurs_in(CL:0002064)
GO:1902278	positive regulation of pancreatic amylase secretion	occurs_in(CL:0002064)
GO:0008277	regulation of G-protein coupled receptor protein signaling pathway	occurs_in(CL:0002064)
GO:0071281	cellular response to iron ion	occurs_in(CL:0002064)
GO:0006879	cellular iron ion homeostasis	occurs_in(CL:0002064)
GO:0015701	bicarbonate transport	occurs_in(CL:0002079)
GO:0050679	positive regulation of epithelial cell proliferation	occurs_in(CL:0002079)
GO:0006821	chloride transport	occurs_in(CL:0002079)
GO:2000308	negative regulation of tumor necrosis factor (ligand) superfamily member 11 production	occurs_in(CL:0002092
GO:0001780	neutrophil homeostasis	occurs_in(CL:0002092)
GO:2000766	negative regulation of cytoplasmic translation	occurs_in(CL:0002092)
GO:1990715	mRNA CDS binding	occurs_in(CL:0002092)
GO:0000045	autophagosome assembly	occurs_in(CL:0002092)
GO:0007179	transforming growth factor beta receptor signaling pathway	occurs_in(CL:0002092)
GO:0097350	neutrophil clearance	occurs_in(CL:0002092)
GO:0006914	autophagy	occurs_in(CL:0002092)
GO:0010737	protein kinase A signaling	occurs_in(CL:0002097)
GO:0019933	cAMP-mediated signaling	occurs_in(CL:0002097)
GO:0051464	positive regulation of cortisol secretion	occurs_in(CL:0002097)
GO:1902514	regulation of calcium ion transmembrane transport via high voltage-gated calcium channel	occurs_in(CL:0002098)
GO:0010667	negative regulation of cardiac muscle cell apoptotic process	occurs_in(CL:0002129
GO:0051897	positive regulation of protein kinase B signaling	occurs_in(CL:0002129
GO:0016286	small conductance calcium-activated potassium channel activity	occurs_in(CL:0002129
GO:0010667	negative regulation of cardiac muscle cell apoptotic process	occurs_in(CL:0002129
GO:0051897	positive regulation of protein kinase B signaling	occurs_in(CL:0002129
GO:0010628	positive regulation of gene expression	occurs_in(CL:0002129
GO:0071805	potassium ion transmembrane transport	occurs_in(CL:0002129
GO:1903609	negative regulation of inward rectifier potassium channel activity	occurs_in(CL:0002129
GO:0035994	response to muscle stretch	occurs_in(CL:0002129)
GO:0007179	transforming growth factor beta receptor signaling pathway	occurs_in(CL:0002129)
GO:0005025	transforming growth factor beta receptor activity, type I	occurs_in(CL:0002129)
GO:0035556	intracellular signal transduction	occurs_in(CL:0002129)
GO:0032924	activin receptor signaling pathway	occurs_in(CL:0002129)
GO:0072659	protein localization to plasma membrane	occurs_in(CL:0002131
GO:0010628	positive regulation of gene expression	occurs_in(CL:0002131
GO:1900826	negative regulation of membrane depolarization during cardiac muscle cell action potential	occurs_in(CL:0002131
GO:0043395	heparan sulfate proteoglycan binding	occurs_in(CL:0002131
GO:0043395	heparan sulfate proteoglycan binding	occurs_in(CL:0002131
GO:0001934	positive regulation of protein phosphorylation	occurs_in(CL:0002131
GO:0034629	cellular protein complex localization	occurs_in(CL:0002131
GO:0034629	cellular protein complex localization	occurs_in(CL:0002131
GO:0042030	ATPase inhibitor activity	occurs_in(CL:0002131
GO:0050821	protein stabilization	occurs_in(CL:0002131
GO:0033135	regulation of peptidyl-serine phosphorylation	occurs_in(CL:0002131
GO:0035995	detection of muscle stretch	occurs_in(CL:0002131
GO:0072659	protein localization to plasma membrane	occurs_in(CL:0002131
GO:0035278	miRNA mediated inhibition of translation	occurs_in(CL:0002131
GO:0035278	miRNA mediated inhibition of translation	occurs_in(CL:0002131
GO:0006611	protein export from nucleus	occurs_in(CL:0002131
GO:1903407	negative regulation of sodium:potassium-exchanging ATPase activity	occurs_in(CL:0002131
GO:0061098	positive regulation of protein tyrosine kinase activity	occurs_in(CL:0002131
GO:0033135	regulation of peptidyl-serine phosphorylation	occurs_in(CL:0002131
GO:0044325	ion channel binding	occurs_in(CL:0002131
GO:0044325	ion channel binding	occurs_in(CL:0002131
GO:1903281	positive regulation of calcium:sodium antiporter activity	occurs_in(CL:0002131
GO:0072659	protein localization to plasma membrane	occurs_in(CL:0002131
GO:0035278	miRNA mediated inhibition of translation	occurs_in(CL:0002131
GO:0071872	cellular response to epinephrine stimulus	occurs_in(CL:0002131)
GO:0010880	regulation of release of sequestered calcium ion into cytosol by sarcoplasmic reticulum	occurs_in(CL:0002131)
GO:0045429	positive regulation of nitric oxide biosynthetic process	occurs_in(CL:0002131)
GO:1901381	positive regulation of potassium ion transmembrane transport	occurs_in(CL:0002131)
GO:1902261	positive regulation of delayed rectifier potassium channel activity	occurs_in(CL:0002131)
GO:0019855	calcium channel inhibitor activity	occurs_in(CL:0002131)
GO:1901841	regulation of high voltage-gated calcium channel activity	occurs_in(CL:0002131)
GO:2001288	positive regulation of caveolin-mediated endocytosis	occurs_in(CL:0002131)
GO:2000481	positive regulation of cAMP-dependent protein kinase activity	occurs_in(CL:0002131)
GO:0017080	sodium channel regulator activity	occurs_in(CL:0002131)
GO:0050998	nitric-oxide synthase binding	occurs_in(CL:0002131)
GO:0098901	regulation of cardiac muscle cell action potential	occurs_in(CL:0002131)
GO:0060315	negative regulation of ryanodine-sensitive calcium-release channel activity	occurs_in(CL:0002131)
GO:1903609	negative regulation of inward rectifier potassium channel activity	occurs_in(CL:0002131)
GO:0071805	potassium ion transmembrane transport	occurs_in(CL:0002131)
GO:0060314	regulation of ryanodine-sensitive calcium-release channel activity	occurs_in(CL:0002131)
GO:0010750	positive regulation of nitric oxide mediated signal transduction	occurs_in(CL:0002131)
GO:1902514	regulation of calcium ion transmembrane transport via high voltage-gated calcium channel	occurs_in(CL:0002131)
GO:0005515	protein binding	occurs_in(CL:0002131)
GO:0051480	regulation of cytosolic calcium ion concentration	occurs_in(CL:0002131)
GO:0006874	cellular calcium ion homeostasis	occurs_in(CL:0002131)
GO:0051117	ATPase binding	occurs_in(CL:0002131)
GO:0032469	endoplasmic reticulum calcium ion homeostasis	occurs_in(CL:0002131)
GO:0072659	protein localization to plasma membrane	occurs_in(CL:0002131)
GO:0006814	sodium ion transport	occurs_in(CL:0002131)
GO:0098909	regulation of cardiac muscle cell action potential involved in regulation of contraction	occurs_in(CL:0002131)
GO:1901898	negative regulation of relaxation of cardiac muscle	occurs_in(CL:0002131)
GO:1903278	positive regulation of sodium ion export from cell	occurs_in(CL:0002131)
GO:0010881	regulation of cardiac muscle contraction by regulation of the release of sequestered calcium ion	occurs_in(CL:0002131)
GO:0044325	ion channel binding	occurs_in(CL:0002131)
GO:0086004	regulation of cardiac muscle cell contraction	occurs_in(CL:0002131)
GO:0051000	positive regulation of nitric-oxide synthase activity	occurs_in(CL:0002131)
GO:2000649	regulation of sodium ion transmembrane transporter activity	occurs_in(CL:0002131)
GO:0010649	regulation of cell communication by electrical coupling	occurs_in(CL:0002131)
GO:0086064	cell communication by electrical coupling involved in cardiac conduction	occurs_in(CL:0002131)
GO:2000379	positive regulation of reactive oxygen species metabolic process	occurs_in(CL:0002131)
GO:0000981	RNA polymerase II transcription factor activity, sequence-specific DNA binding	occurs_in(CL:0002138
GO:0045944	positive regulation of transcription from RNA polymerase II promoter	occurs_in(CL:0002138
GO:0045944	positive regulation of transcription from RNA polymerase II promoter	occurs_in(CL:0002138
GO:0030010	establishment of cell polarity	occurs_in(CL:0002138)
GO:0071773	cellular response to BMP stimulus	occurs_in(CL:0002138)
GO:0071773	cellular response to BMP stimulus	occurs_in(CL:0002138)
GO:0071615	oxidative deethylation	occurs_in(CL:0002139
GO:0035195	gene silencing by miRNA	occurs_in(CL:0002139
GO:1903661	positive regulation of complement-dependent cytotoxicity	occurs_in(CL:0002139)
GO:0050728	negative regulation of inflammatory response	occurs_in(CL:0002139)
GO:0071638	negative regulation of monocyte chemotactic protein-1 production	occurs_in(CL:0002139)
GO:1903660	negative regulation of complement-dependent cytotoxicity	occurs_in(CL:0002139)
GO:0060055	angiogenesis involved in wound healing	occurs_in(CL:0002139)
GO:0050729	positive regulation of inflammatory response	occurs_in(CL:0002139)
GO:0035195	gene silencing by miRNA	occurs_in(CL:0002139)
GO:0032715	negative regulation of interleukin-6 production	occurs_in(CL:0002139)
GO:0010628	positive regulation of gene expression	occurs_in(CL:0002139)
GO:0060354	negative regulation of cell adhesion molecule production	occurs_in(CL:0002139)
GO:0010628	positive regulation of gene expression	occurs_in(CL:0002139)
GO:0010628	positive regulation of gene expression	occurs_in(CL:0002139)
GO:0050728	negative regulation of inflammatory response	occurs_in(CL:0002139)
GO:0035195	gene silencing by miRNA	occurs_in(CL:0002139)
GO:0035195	gene silencing by miRNA	occurs_in(CL:0002139)
GO:0061044	negative regulation of vascular wound healing	occurs_in(CL:0002139)
GO:0010629	negative regulation of gene expression	occurs_in(CL:0002139)
GO:0035195	gene silencing by miRNA	occurs_in(CL:0002139)
GO:0006308	DNA catabolic process	occurs_in(CL:0002153
GO:0060290	transdifferentiation	occurs_in(CL:0002173)
GO:0006493	protein O-linked glycosylation	occurs_in(CL:0002181)
GO:0043433	negative regulation of sequence-specific DNA binding transcription factor activity	occurs_in(CL:0002187
GO:0003682	chromatin binding	occurs_in(CL:0002187)
GO:0070314	G1 to G0 transition	occurs_in(CL:0002187)
GO:1902309	negative regulation of peptidyl-serine dephosphorylation	occurs_in(CL:0002188
GO:0014066	regulation of phosphatidylinositol 3-kinase signaling	occurs_in(CL:0002188)
GO:0001938	positive regulation of endothelial cell proliferation	occurs_in(CL:0002188)
GO:1903589	positive regulation of blood vessel endothelial cell proliferation involved in sprouting angiogenesis	occurs_in(CL:0002188)
GO:0071456	cellular response to hypoxia	occurs_in(CL:0002224)
GO:0008284	positive regulation of cell proliferation	occurs_in(CL:0002231)
GO:0071799	cellular response to prostaglandin D stimulus	occurs_in(CL:0002231)
GO:0045860	positive regulation of protein kinase activity	occurs_in(CL:0002249
GO:0010628	positive regulation of gene expression	occurs_in(CL:0002249
GO:0010628	positive regulation of gene expression	occurs_in(CL:0002249
GO:0010628	positive regulation of gene expression	occurs_in(CL:0002249
GO:0001934	positive regulation of protein phosphorylation	occurs_in(CL:0002249
GO:0010628	positive regulation of gene expression	occurs_in(CL:0002249
GO:0010628	positive regulation of gene expression	occurs_in(CL:0002249
GO:0001933	negative regulation of protein phosphorylation	occurs_in(CL:0002249
GO:1904798	positive regulation of core promoter binding	occurs_in(CL:0002250
GO:0007067	mitotic nuclear division	occurs_in(CL:0002250)
GO:0045184	establishment of protein localization	occurs_in(CL:0002258
GO:0032487	regulation of Rap protein signal transduction	occurs_in(CL:0002258
GO:0032487	regulation of Rap protein signal transduction	occurs_in(CL:0002258
GO:0010737	protein kinase A signaling	occurs_in(CL:0002258
GO:0045184	establishment of protein localization	occurs_in(CL:0002258
GO:0045184	establishment of protein localization	occurs_in(CL:0002258
GO:0051018	protein kinase A binding	occurs_in(CL:0002258)
GO:0097067	cellular response to thyroid hormone stimulus	occurs_in(CL:0002258)
GO:0010629	negative regulation of gene expression	occurs_in(CL:0002262
GO:0003351	epithelial cilium movement	occurs_in(CL:0002283
GO:0071456	cellular response to hypoxia	occurs_in(CL:0002292)
GO:0043065	positive regulation of apoptotic process	occurs_in(CL:0002306
GO:0016242	negative regulation of macroautophagy	occurs_in(CL:0002306
GO:0016239	positive regulation of macroautophagy	occurs_in(CL:0002306
GO:0035690	cellular response to drug	occurs_in(CL:0002306
GO:0050501	hyaluronan synthase activity	occurs_in(CL:0002306)
GO:0043066	negative regulation of apoptotic process	occurs_in(CL:0002306)
GO:0043154	negative regulation of cysteine-type endopeptidase activity involved in apoptotic process	occurs_in(CL:0002306)
GO:0006507	GPI anchor release	occurs_in(CL:0002306)
GO:0032869	cellular response to insulin stimulus	occurs_in(CL:0002306)
GO:0003096	renal sodium ion transport	occurs_in(CL:0002306)
GO:0030213	hyaluronan biosynthetic process	occurs_in(CL:0002306)
GO:0070059	intrinsic apoptotic signaling pathway in response to endoplasmic reticulum stress	occurs_in(CL:0002306)
GO:0071277	cellular response to calcium ion	occurs_in(CL:0002306)
GO:0010942	positive regulation of cell death	occurs_in(CL:0002306)
GO:0032966	negative regulation of collagen biosynthetic process	occurs_in(CL:0002306)
GO:0019933	cAMP-mediated signaling	occurs_in(CL:0002306)
GO:0045893	positive regulation of transcription, DNA-templated	occurs_in(CL:0002306)
GO:0070374	positive regulation of ERK1 and ERK2 cascade	occurs_in(CL:0002306)
GO:0043027	cysteine-type endopeptidase inhibitor activity involved in apoptotic process	occurs_in(CL:0002306)
GO:0010634	positive regulation of epithelial cell migration	occurs_in(CL:0002306)
GO:0010629	negative regulation of gene expression	occurs_in(CL:0002306)
GO:0071276	cellular response to cadmium ion	occurs_in(CL:0002306)
GO:0072719	cellular response to cisplatin	occurs_in(CL:0002306)
GO:0010940	positive regulation of necrotic cell death	occurs_in(CL:0002306)
GO:0010718	positive regulation of epithelial to mesenchymal transition	occurs_in(CL:0002306)
GO:0060127	prolactin secreting cell differentiation	occurs_in(CL:0002311)
GO:0045794	negative regulation of cell volume	occurs_in(CL:0002319
GO:0007009	plasma membrane organization	occurs_in(CL:0002319)
GO:0008285	negative regulation of cell proliferation	occurs_in(CL:0002319)
GO:0070315	G1 to G0 transition involved in cell differentiation	occurs_in(CL:0002319)
GO:0051879	Hsp90 protein binding	occurs_in(CL:0002320)
GO:0030544	Hsp70 protein binding	occurs_in(CL:0002320)
GO:0005515	protein binding	occurs_in(CL:0002320)
GO:0015088	copper uptake transmembrane transporter activity	occurs_in(CL:0002321)
GO:0015677	copper ion import	occurs_in(CL:0002321)
GO:0019899	enzyme binding	occurs_in(CL:0002321)
GO:0035195	gene silencing by miRNA	occurs_in(CL:0002321)
GO:0005515	protein binding	occurs_in(CL:0002321)
GO:1902204	positive regulation of hepatocyte growth factor receptor signaling pathway	occurs_in(CL:0002321)
GO:0008284	positive regulation of cell proliferation	occurs_in(CL:0002321)
GO:0000122	negative regulation of transcription from RNA polymerase II promoter	occurs_in(CL:0002322
GO:0010468	regulation of gene expression	occurs_in(CL:0002322
GO:0010468	regulation of gene expression	occurs_in(CL:0002322
GO:0010468	regulation of gene expression	occurs_in(CL:0002322
GO:0010468	regulation of gene expression	occurs_in(CL:0002322
GO:0010468	regulation of gene expression	occurs_in(CL:0002322
GO:0010468	regulation of gene expression	occurs_in(CL:0002322
GO:0010468	regulation of gene expression	occurs_in(CL:0002322
GO:0010468	regulation of gene expression	occurs_in(CL:0002322
GO:0010468	regulation of gene expression	occurs_in(CL:0002322
GO:0010468	regulation of gene expression	occurs_in(CL:0002322
GO:0042800	histone methyltransferase activity (H3-K4 specific)	occurs_in(CL:0002322
GO:1990188	euchromatin binding	occurs_in(CL:0002322
GO:1904501	positive regulation of chromatin-mediated maintenance of transcription	occurs_in(CL:0002322
GO:0035195	gene silencing by miRNA	occurs_in(CL:0002322
GO:0035195	gene silencing by miRNA	occurs_in(CL:0002322
GO:0035195	gene silencing by miRNA	occurs_in(CL:0002322
GO:0001047	core promoter binding	occurs_in(CL:0002322
GO:0071158	positive regulation of cell cycle arrest	occurs_in(CL:0002322
GO:1990226	histone methyltransferase binding	occurs_in(CL:0002322
GO:1904798	positive regulation of core promoter binding	occurs_in(CL:0002322
GO:0010628	positive regulation of gene expression	occurs_in(CL:0002322
GO:1903231	mRNA binding involved in posttranscriptional gene silencing	occurs_in(CL:0002322
GO:1903231	mRNA binding involved in posttranscriptional gene silencing	occurs_in(CL:0002322
GO:1903231	mRNA binding involved in posttranscriptional gene silencing	occurs_in(CL:0002322
GO:0006611	protein export from nucleus	occurs_in(CL:0002322
GO:0001047	core promoter binding	occurs_in(CL:0002322
GO:1904798	positive regulation of core promoter binding	occurs_in(CL:0002322
GO:0048096	chromatin-mediated maintenance of transcription	occurs_in(CL:0002322
GO:1990226	histone methyltransferase binding	occurs_in(CL:0002322
GO:0031625	ubiquitin protein ligase binding	occurs_in(CL:0002322
GO:0008013	beta-catenin binding	occurs_in(CL:0002322
GO:0008134	transcription factor binding	occurs_in(CL:0002322
GO:1990188	euchromatin binding	occurs_in(CL:0002322
GO:0003682	chromatin binding	occurs_in(CL:0002322
GO:0003682	chromatin binding	occurs_in(CL:0002322
GO:0003682	chromatin binding	occurs_in(CL:0002322
GO:0003682	chromatin binding	occurs_in(CL:0002322
GO:0000122	negative regulation of transcription from RNA polymerase II promoter	occurs_in(CL:0002322
GO:1904798	positive regulation of core promoter binding	occurs_in(CL:0002322
GO:0001077	transcriptional activator activity, RNA polymerase II core promoter proximal region sequence-specific binding	occurs_in(CL:0002322
GO:2000737	negative regulation of stem cell differentiation	occurs_in(CL:0002322
GO:0042800	histone methyltransferase activity (H3-K4 specific)	occurs_in(CL:0002322
GO:0042800	histone methyltransferase activity (H3-K4 specific)	occurs_in(CL:0002322
GO:0001227	transcriptional repressor activity, RNA polymerase II transcription regulatory region sequence-specific binding	occurs_in(CL:0002322
GO:0051568	histone H3-K4 methylation	occurs_in(CL:0002322
GO:0060070	canonical Wnt signaling pathway	occurs_in(CL:0002322)
GO:0060271	cilium assembly	occurs_in(CL:0002322)
GO:0030509	BMP signaling pathway	occurs_in(CL:0002322)
GO:0043425	bHLH transcription factor binding	occurs_in(CL:0002322)
GO:0043425	bHLH transcription factor binding	occurs_in(CL:0002322)
GO:1903231	mRNA binding involved in posttranscriptional gene silencing	occurs_in(CL:0002322)
GO:0005515	protein binding	occurs_in(CL:0002322)
GO:0031054	pre-miRNA processing	occurs_in(CL:0002322)
GO:0035198	miRNA binding	occurs_in(CL:0002322)
GO:0045892	negative regulation of transcription, DNA-templated	occurs_in(CL:0002322)
GO:0007224	smoothened signaling pathway	occurs_in(CL:0002322)
GO:0008134	transcription factor binding	occurs_in(CL:0002322)
GO:0008134	transcription factor binding	occurs_in(CL:0002322)
GO:0035195	gene silencing by miRNA	occurs_in(CL:0002322)
GO:0010833	telomere maintenance via telomere lengthening	occurs_in(CL:0002322)
GO:0008134	transcription factor binding	occurs_in(CL:0002322)
GO:0045944	positive regulation of transcription from RNA polymerase II promoter	occurs_in(CL:0002322)
GO:0032212	positive regulation of telomere maintenance via telomerase	occurs_in(CL:0002322)
GO:0051973	positive regulation of telomerase activity	occurs_in(CL:0002322)
GO:0000122	negative regulation of transcription from RNA polymerase II promoter	occurs_in(CL:0002322)
GO:0036033	mediator complex binding	occurs_in(CL:0002322)
GO:0046332	SMAD binding	occurs_in(CL:0002322)
GO:0005515	protein binding	occurs_in(CL:0002327
GO:0005515	protein binding	occurs_in(CL:0002327
GO:1901838	positive regulation of transcription of nuclear large rRNA transcript from RNA polymerase I promoter	occurs_in(CL:0002327
GO:0010629	negative regulation of gene expression	occurs_in(CL:0002327
GO:0043149	stress fiber assembly	occurs_in(CL:0002327
GO:0007160	cell-matrix adhesion	occurs_in(CL:0002327
GO:0071902	positive regulation of protein serine/threonine kinase activity	occurs_in(CL:0002327
GO:0000187	activation of MAPK activity	occurs_in(CL:0002327
GO:0045807	positive regulation of endocytosis	occurs_in(CL:0002327
GO:0008283	cell proliferation	occurs_in(CL:0002327
GO:1901838	positive regulation of transcription of nuclear large rRNA transcript from RNA polymerase I promoter	occurs_in(CL:0002327
GO:0060416	response to growth hormone	occurs_in(CL:0002327)
GO:1904515	positive regulation of TORC2 signaling	occurs_in(CL:0002327)
GO:0071310	cellular response to organic substance	occurs_in(CL:0002327)
GO:0004144	diacylglycerol O-acyltransferase activity	occurs_in(CL:0002327)
GO:0007229	integrin-mediated signaling pathway	occurs_in(CL:0002327)
GO:0010628	positive regulation of gene expression	occurs_in(CL:0002327)
GO:0010628	positive regulation of gene expression	occurs_in(CL:0002327)
GO:0010628	positive regulation of gene expression	occurs_in(CL:0002327)
GO:0043149	stress fiber assembly	occurs_in(CL:0002327)
GO:0010634	positive regulation of epithelial cell migration	occurs_in(CL:0002327)
GO:0070371	ERK1 and ERK2 cascade	occurs_in(CL:0002327)
GO:0044381	glucose import in response to insulin stimulus	occurs_in(CL:0002327)
GO:0007179	transforming growth factor beta receptor signaling pathway	occurs_in(CL:0002327)
GO:0005515	protein binding	occurs_in(CL:0002327)
GO:0019903	protein phosphatase binding	occurs_in(CL:0002327)
GO:1900026	positive regulation of substrate adhesion-dependent cell spreading	occurs_in(CL:0002327)
GO:1903691	positive regulation of wound healing, spreading of epidermal cells	occurs_in(CL:0002327)
GO:2000394	positive regulation of lamellipodium morphogenesis	occurs_in(CL:0002327)
GO:0007265	Ras protein signal transduction	occurs_in(CL:0002327)
GO:0009306	protein secretion	occurs_in(CL:0002327)
GO:0036378	calcitriol biosynthetic process from calciol	occurs_in(CL:0002327)
GO:1904263	positive regulation of TORC1 signaling	occurs_in(CL:0002327)
GO:0003723	RNA binding	occurs_in(CL:0002327)
GO:0006606	protein import into nucleus	occurs_in(CL:0002327)
GO:0007160	cell-matrix adhesion	occurs_in(CL:0002327)
GO:0007160	cell-matrix adhesion	occurs_in(CL:0002327)
GO:0007160	cell-matrix adhesion	occurs_in(CL:0002327)
GO:0000082	G1/S transition of mitotic cell cycle	occurs_in(CL:0002327)
GO:2001275	positive regulation of glucose import in response to insulin stimulus	occurs_in(CL:0002327)
GO:0004498	calcidiol 1-monooxygenase activity	occurs_in(CL:0002327)
GO:0045807	positive regulation of endocytosis	occurs_in(CL:0002327)
GO:0005515	protein binding	occurs_in(CL:0002327)
GO:0071709	membrane assembly	occurs_in(CL:0002328
GO:0071347	cellular response to interleukin-1	occurs_in(CL:0002328
GO:0004415	hyalurononglucosaminidase activity	occurs_in(CL:0002328)
GO:0043406	positive regulation of MAP kinase activity	occurs_in(CL:0002328)
GO:0051898	negative regulation of protein kinase B signaling	occurs_in(CL:0002328)
GO:0006954	inflammatory response	occurs_in(CL:0002328)
GO:0000302	response to reactive oxygen species	occurs_in(CL:0002328)
GO:0061099	negative regulation of protein tyrosine kinase activity	occurs_in(CL:0002328)
GO:0030294	receptor signaling protein tyrosine kinase inhibitor activity	occurs_in(CL:0002328)
GO:0030214	hyaluronan catabolic process	occurs_in(CL:0002328)
GO:0009615	response to virus	occurs_in(CL:0002328)
GO:0043407	negative regulation of MAP kinase activity	occurs_in(CL:0002328)
GO:0000281	mitotic cytokinesis	occurs_in(CL:0002328)
GO:0072659	protein localization to plasma membrane	occurs_in(CL:0002328)
GO:0071356	cellular response to tumor necrosis factor	occurs_in(CL:0002328)
GO:0051897	positive regulation of protein kinase B signaling	occurs_in(CL:0002328)
GO:0005540	hyaluronic acid binding	occurs_in(CL:0002328)
GO:0045944	positive regulation of transcription from RNA polymerase II promoter	occurs_in(CL:0002334
GO:1901984	negative regulation of protein acetylation	occurs_in(CL:0002334
GO:0043568	positive regulation of insulin-like growth factor receptor signaling pathway	occurs_in(CL:0002334)
GO:0043565	sequence-specific DNA binding	occurs_in(CL:0002334)
GO:0090042	tubulin deacetylation	occurs_in(CL:0002334)
GO:0045444	fat cell differentiation	occurs_in(CL:0002334)
GO:0097193	intrinsic apoptotic signaling pathway	occurs_in(CL:0002334)
GO:0045598	regulation of fat cell differentiation	occurs_in(CL:0002334)
GO:0071929	alpha-tubulin acetylation	occurs_in(CL:0002334)
GO:0043066	negative regulation of apoptotic process	occurs_in(CL:0002334)
GO:0001077	transcriptional activator activity, RNA polymerase II core promoter proximal region sequence-specific binding	occurs_in(CL:0002334)
GO:0003682	chromatin binding	occurs_in(CL:0002335
GO:0044387	negative regulation of protein kinase activity by regulation of protein phosphorylation	occurs_in(CL:0002335)
GO:0032496	response to lipopolysaccharide	occurs_in(CL:0002343
GO:0002519	natural killer cell tolerance induction	occurs_in(CL:0002343
GO:0032720	negative regulation of tumor necrosis factor production	occurs_in(CL:0002343
GO:0032753	positive regulation of interleukin-4 production	occurs_in(CL:0002343
GO:0010629	negative regulation of gene expression	occurs_in(CL:0002343
GO:0060135	maternal process involved in female pregnancy	occurs_in(CL:0002343)
GO:0051533	positive regulation of NFAT protein import into nucleus	occurs_in(CL:0002350
GO:0016477	cell migration	occurs_in(CL:0002350)
GO:0051533	positive regulation of NFAT protein import into nucleus	occurs_in(CL:0002350)
GO:0050848	regulation of calcium-mediated signaling	occurs_in(CL:0002350)
GO:0000981	RNA polymerase II transcription factor activity, sequence-specific DNA binding	occurs_in(CL:0002355
GO:0033028	myeloid cell apoptotic process	occurs_in(CL:0002357)
GO:0005515	protein binding	occurs_in(CL:0002363)
GO:0045060	negative thymic T cell selection	occurs_in(CL:0002365)
GO:0019883	antigen processing and presentation of endogenous antigen	occurs_in(CL:0002365)
GO:0010628	positive regulation of gene expression	occurs_in(CL:0002367)
GO:0010629	negative regulation of gene expression	occurs_in(CL:0002367)
GO:0035195	gene silencing by miRNA	occurs_in(CL:0002367)
GO:1903202	negative regulation of oxidative stress-induced cell death	occurs_in(CL:0002367)
GO:0035195	gene silencing by miRNA	occurs_in(CL:0002367)
GO:0035195	gene silencing by miRNA	occurs_in(CL:0002367)
GO:0035195	gene silencing by miRNA	occurs_in(CL:0002367)
GO:0035195	gene silencing by miRNA	occurs_in(CL:0002367)
GO:0010629	negative regulation of gene expression	occurs_in(CL:0002367)
GO:0010629	negative regulation of gene expression	occurs_in(CL:0002367)
GO:0010629	negative regulation of gene expression	occurs_in(CL:0002367)
GO:0035195	gene silencing by miRNA	occurs_in(CL:0002367)
GO:0035195	gene silencing by miRNA	occurs_in(CL:0002367)
GO:0010628	positive regulation of gene expression	occurs_in(CL:0002367)
GO:0035195	gene silencing by miRNA	occurs_in(CL:0002367)
GO:0050714	positive regulation of protein secretion	occurs_in(CL:0002368
GO:0003351	epithelial cilium movement	occurs_in(CL:0002368)
GO:0003351	epithelial cilium movement	occurs_in(CL:0002368)
GO:0048015	phosphatidylinositol-mediated signaling	occurs_in(CL:0002368)
GO:0042803	protein homodimerization activity	occurs_in(CL:0002368)
GO:0003351	epithelial cilium movement	occurs_in(CL:0002368)
GO:0036158	outer dynein arm assembly	occurs_in(CL:0002368)
GO:0003351	epithelial cilium movement	occurs_in(CL:0002368)
GO:0046597	negative regulation of viral entry into host cell	occurs_in(CL:0002368)
GO:0044458	motile cilium assembly	occurs_in(CL:0002368)
GO:0003351	epithelial cilium movement	occurs_in(CL:0002368)
GO:0035082	axoneme assembly	occurs_in(CL:0002368)
GO:0045944	positive regulation of transcription from RNA polymerase II promoter	occurs_in(CL:0002372
GO:0045944	positive regulation of transcription from RNA polymerase II promoter	occurs_in(CL:0002372
GO:0046777	protein autophosphorylation	occurs_in(CL:0002372
GO:0045944	positive regulation of transcription from RNA polymerase II promoter	occurs_in(CL:0002372
GO:0050731	positive regulation of peptidyl-tyrosine phosphorylation	occurs_in(CL:0002372
GO:0045944	positive regulation of transcription from RNA polymerase II promoter	occurs_in(CL:0002372
GO:0003682	chromatin binding	occurs_in(CL:0002372
GO:0072659	protein localization to plasma membrane	occurs_in(CL:0002372)
GO:0007015	actin filament organization	occurs_in(CL:0002372)
GO:0046326	positive regulation of glucose import	occurs_in(CL:0002372)
GO:0051647	nucleus localization	occurs_in(CL:0002372)
GO:1901385	regulation of voltage-gated calcium channel activity	occurs_in(CL:0002372)
GO:0006511	ubiquitin-dependent protein catabolic process	occurs_in(CL:0002372)
GO:0043503	skeletal muscle fiber adaptation	occurs_in(CL:0002372)
GO:0050731	positive regulation of peptidyl-tyrosine phosphorylation	occurs_in(CL:0002372)
GO:0050731	positive regulation of peptidyl-tyrosine phosphorylation	occurs_in(CL:0002372)
GO:0050731	positive regulation of peptidyl-tyrosine phosphorylation	occurs_in(CL:0002372)
GO:0070588	calcium ion transmembrane transport	occurs_in(CL:0002372)
GO:0005980	glycogen catabolic process	occurs_in(CL:0002372)
GO:0010628	positive regulation of gene expression	occurs_in(CL:0002372)
GO:0098737	protein insertion into plasma membrane	occurs_in(CL:0002372)
GO:0008184	glycogen phosphorylase activity	occurs_in(CL:0002372)
GO:0034612	response to tumor necrosis factor	occurs_in(CL:0002372)
GO:0005245	voltage-gated calcium channel activity	occurs_in(CL:0002372)
GO:0031122	cytoplasmic microtubule organization	occurs_in(CL:0002372)
GO:0048742	regulation of skeletal muscle fiber development	occurs_in(CL:0002372)
GO:1904395	positive regulation of skeletal muscle acetylcholine-gated channel clustering	occurs_in(CL:0002372)
GO:0005159	insulin-like growth factor receptor binding	occurs_in(CL:0002372)
GO:0035195	gene silencing by miRNA	occurs_in(CL:0002372)
GO:0060122	inner ear receptor stereocilium organization	occurs_in(CL:0002374)
GO:0042472	inner ear morphogenesis	occurs_in(CL:0002374)
GO:0045595	regulation of cell differentiation	occurs_in(CL:0002374)
GO:0061591	calcium activated galactosylceramide scrambling	occurs_in(CL:0002404)
GO:0061589	calcium activated phosphatidylserine scrambling	occurs_in(CL:0002404)
GO:0017128	phospholipid scramblase activity	occurs_in(CL:0002404)
GO:0005229	intracellular calcium activated chloride channel activity	occurs_in(CL:0002404)
GO:0061588	calcium activated phospholipid scrambling	occurs_in(CL:0002404)
GO:0061590	calcium activated phosphatidylcholine scrambling	occurs_in(CL:0002404)
GO:0017128	phospholipid scramblase activity	occurs_in(CL:0002404)
GO:0006821	chloride transport	occurs_in(CL:0002404)
GO:0032689	negative regulation of interferon-gamma production	occurs_in(CL:0002419)
GO:0007091	metaphase/anaphase transition of mitotic cell cycle	occurs_in(CL:0002420)
GO:0048714	positive regulation of oligodendrocyte differentiation	occurs_in(CL:0002453)
GO:0003682	chromatin binding	occurs_in(CL:0002467)
GO:1900182	positive regulation of protein localization to nucleus	occurs_in(CL:0002476
GO:0010628	positive regulation of gene expression	occurs_in(CL:0002476
GO:0010628	positive regulation of gene expression	occurs_in(CL:0002476
GO:0032760	positive regulation of tumor necrosis factor production	occurs_in(CL:0002476
GO:0008233	peptidase activity	occurs_in(CL:0002476
GO:1902523	positive regulation of protein K63-linked ubiquitination	occurs_in(CL:0002476
GO:2000778	positive regulation of interleukin-6 secretion	occurs_in(CL:0002476
GO:2000778	positive regulation of interleukin-6 secretion	occurs_in(CL:0002476
GO:1902523	positive regulation of protein K63-linked ubiquitination	occurs_in(CL:0002476
GO:0006468	protein phosphorylation	occurs_in(CL:0002476)
GO:0006816	calcium ion transport	occurs_in(CL:0002476)
GO:0035549	positive regulation of interferon-beta secretion	occurs_in(CL:0002476)
GO:0003723	RNA binding	occurs_in(CL:0002476)
GO:0033344	cholesterol efflux	occurs_in(CL:0002476)
GO:0033031	positive regulation of neutrophil apoptotic process	occurs_in(CL:0002476)
GO:0034145	positive regulation of toll-like receptor 4 signaling pathway	occurs_in(CL:0002476)
GO:0070269	pyroptosis	occurs_in(CL:0002476)
GO:0045728	respiratory burst after phagocytosis	occurs_in(CL:0002476)
GO:0000122	negative regulation of transcription from RNA polymerase II promoter	occurs_in(CL:0002476)
GO:0034141	positive regulation of toll-like receptor 3 signaling pathway	occurs_in(CL:0002476)
GO:0003682	chromatin binding	occurs_in(CL:0002476)
GO:0034375	high-density lipoprotein particle remodeling	occurs_in(CL:0002476)
GO:0070508	cholesterol import	occurs_in(CL:0002476)
GO:0045787	positive regulation of cell cycle	occurs_in(CL:0002491
GO:0051897	positive regulation of protein kinase B signaling	occurs_in(CL:0002491
GO:1904120	positive regulation of otic vesicle morphogenesis	occurs_in(CL:0002491)
GO:0048839	inner ear development	occurs_in(CL:0002491)
GO:0031346	positive regulation of cell projection organization	occurs_in(CL:0002494
GO:0035195	gene silencing by miRNA	occurs_in(CL:0002494
GO:1902261	positive regulation of delayed rectifier potassium channel activity	occurs_in(CL:0002494)
GO:1901841	regulation of high voltage-gated calcium channel activity	occurs_in(CL:0002494)
GO:1902514	regulation of calcium ion transmembrane transport via high voltage-gated calcium channel	occurs_in(CL:0002494)
GO:1903766	positive regulation of potassium ion export across plasma membrane	occurs_in(CL:0002494)
GO:0031345	negative regulation of cell projection organization	occurs_in(CL:0002494)
GO:0035195	gene silencing by miRNA	occurs_in(CL:0002494)
GO:0070373	negative regulation of ERK1 and ERK2 cascade	occurs_in(CL:0002494)
GO:0070374	positive regulation of ERK1 and ERK2 cascade	occurs_in(CL:0002494)
GO:0051344	negative regulation of cyclic-nucleotide phosphodiesterase activity	occurs_in(CL:0002495
GO:2001137	positive regulation of endocytic recycling	occurs_in(CL:0002495
GO:1902895	positive regulation of pri-miRNA transcription from RNA polymerase II promoter	occurs_in(CL:0002495)
GO:0072659	protein localization to plasma membrane	occurs_in(CL:0002495)
GO:0017080	sodium channel regulator activity	occurs_in(CL:0002495)
GO:0019899	enzyme binding	occurs_in(CL:0002495)
GO:0071345	cellular response to cytokine stimulus	occurs_in(CL:0002495)
GO:0034599	cellular response to oxidative stress	occurs_in(CL:0002495)
GO:0007263	nitric oxide mediated signal transduction	occurs_in(CL:0002495)
GO:0086003	cardiac muscle cell contraction	occurs_in(CL:0002495)
GO:1901841	regulation of high voltage-gated calcium channel activity	occurs_in(CL:0002495)
GO:0071872	cellular response to epinephrine stimulus	occurs_in(CL:0002495)
GO:2000637	positive regulation of gene silencing by miRNA	occurs_in(CL:0002495)
GO:2000377	regulation of reactive oxygen species metabolic process	occurs_in(CL:0002495)
GO:2000170	positive regulation of peptidyl-cysteine S-nitrosylation	occurs_in(CL:0002495)
GO:0010628	positive regulation of gene expression	occurs_in(CL:0002495)
GO:1905031	regulation of membrane repolarization during cardiac muscle cell action potential	occurs_in(CL:0002495)
GO:0070885	negative regulation of calcineurin-NFAT signaling cascade	occurs_in(CL:0002495)
GO:0035995	detection of muscle stretch	occurs_in(CL:0002495)
GO:2000649	regulation of sodium ion transmembrane transporter activity	occurs_in(CL:0002495)
GO:0035195	gene silencing by miRNA	occurs_in(CL:0002495)
GO:0033137	negative regulation of peptidyl-serine phosphorylation	occurs_in(CL:0002495)
GO:0030307	positive regulation of cell growth	occurs_in(CL:0002495)
GO:0070884	regulation of calcineurin-NFAT signaling cascade	occurs_in(CL:0002495)
GO:1902514	regulation of calcium ion transmembrane transport via high voltage-gated calcium channel	occurs_in(CL:0002495)
GO:0071872	cellular response to epinephrine stimulus	occurs_in(CL:0002495)
GO:0030821	negative regulation of cAMP catabolic process	occurs_in(CL:0002495)
GO:0003254	regulation of membrane depolarization	occurs_in(CL:0002495)
GO:0035195	gene silencing by miRNA	occurs_in(CL:0002495)
GO:0030862	positive regulation of polarized epithelial cell differentiation	occurs_in(CL:0002518
GO:0090673	endothelial cell-matrix adhesion	occurs_in(CL:0002518)
GO:0001738	morphogenesis of a polarized epithelium	occurs_in(CL:0002518)
GO:0001886	endothelial cell morphogenesis	occurs_in(CL:0002518)
GO:0008361	regulation of cell size	occurs_in(CL:0002518)
GO:0001525	angiogenesis	occurs_in(CL:0002518)
GO:0043542	endothelial cell migration	occurs_in(CL:0002518)
GO:1902855	regulation of non-motile cilium assembly	occurs_in(CL:0002518)
GO:0017080	sodium channel regulator activity	occurs_in(CL:0002518)
GO:0071222	cellular response to lipopolysaccharide	occurs_in(CL:0002525)
GO:0050714	positive regulation of protein secretion	occurs_in(CL:0002525)
GO:0035690	cellular response to drug	occurs_in(CL:0002525)
GO:0071260	cellular response to mechanical stimulus	occurs_in(CL:0002525)
GO:0002666	positive regulation of T cell tolerance induction	occurs_in(CL:0002528)
GO:0045591	positive regulation of regulatory T cell differentiation	occurs_in(CL:0002528)
GO:0071222	cellular response to lipopolysaccharide	occurs_in(CL:0002536)
GO:0000982	transcription factor activity, RNA polymerase II core promoter proximal region sequence-specific binding	occurs_in(CL:0002539
GO:0060965	negative regulation of gene silencing by miRNA	occurs_in(CL:0002539
GO:0060965	negative regulation of gene silencing by miRNA	occurs_in(CL:0002539
GO:0060965	negative regulation of gene silencing by miRNA	occurs_in(CL:0002539
GO:0035195	gene silencing by miRNA	occurs_in(CL:0002539
GO:0035195	gene silencing by miRNA	occurs_in(CL:0002539
GO:0035195	gene silencing by miRNA	occurs_in(CL:0002539
GO:0014909	smooth muscle cell migration	occurs_in(CL:0002539
GO:0035195	gene silencing by miRNA	occurs_in(CL:0002539
GO:0035195	gene silencing by miRNA	occurs_in(CL:0002539
GO:0030676	Rac guanyl-nucleotide exchange factor activity	occurs_in(CL:0002539
GO:0030676	Rac guanyl-nucleotide exchange factor activity	occurs_in(CL:0002539
GO:0007266	Rho protein signal transduction	occurs_in(CL:0002539
GO:0007266	Rho protein signal transduction	occurs_in(CL:0002539
GO:0048659	smooth muscle cell proliferation	occurs_in(CL:0002539
GO:1903231	mRNA binding involved in posttranscriptional gene silencing	occurs_in(CL:0002539)
GO:1903845	negative regulation of cellular response to transforming growth factor beta stimulus	occurs_in(CL:0002539)
GO:0071560	cellular response to transforming growth factor beta stimulus	occurs_in(CL:0002539)
GO:0071354	cellular response to interleukin-6	occurs_in(CL:0002539)
GO:2000630	positive regulation of miRNA metabolic process	occurs_in(CL:0002539)
GO:2000630	positive regulation of miRNA metabolic process	occurs_in(CL:0002539)
GO:2000630	positive regulation of miRNA metabolic process	occurs_in(CL:0002539)
GO:0000978	RNA polymerase II core promoter proximal region sequence-specific DNA binding	occurs_in(CL:0002539)
GO:0035278	miRNA mediated inhibition of translation	occurs_in(CL:0002539)
GO:0035278	miRNA mediated inhibition of translation	occurs_in(CL:0002539)
GO:2000098	negative regulation of smooth muscle cell-matrix adhesion	occurs_in(CL:0002539)
GO:0071375	cellular response to peptide hormone stimulus	occurs_in(CL:0002539)
GO:0031659	positive regulation of cyclin-dependent protein serine/threonine kinase activity involved in G1/S transition of mitotic cell cycle	occurs_in(CL:0002539)
GO:0035195	gene silencing by miRNA	occurs_in(CL:0002539)
GO:0035278	miRNA mediated inhibition of translation	occurs_in(CL:0002539)
GO:0100057	regulation of phenotypic switching by transcription from RNA polymerase II promoter	occurs_in(CL:0002539)
GO:0035195	gene silencing by miRNA	occurs_in(CL:0002539)
GO:0035195	gene silencing by miRNA	occurs_in(CL:0002539)
GO:0071316	cellular response to nicotine	occurs_in(CL:0002539)
GO:1904827	negative regulation of hydrogen sulfide biosynthetic process	occurs_in(CL:0002539)
GO:0010628	positive regulation of gene expression	occurs_in(CL:0002540
GO:0070374	positive regulation of ERK1 and ERK2 cascade	occurs_in(CL:0002540)
GO:0035195	gene silencing by miRNA	occurs_in(CL:0002540)
GO:1901299	negative regulation of hydrogen peroxide-mediated programmed cell death	occurs_in(CL:0002540)
GO:0010507	negative regulation of autophagy	occurs_in(CL:0002540)
GO:0010629	negative regulation of gene expression	occurs_in(CL:0002540)
GO:0070234	positive regulation of T cell apoptotic process	occurs_in(CL:0002540)
GO:0043154	negative regulation of cysteine-type endopeptidase activity involved in apoptotic process	occurs_in(CL:0002540)
GO:0035195	gene silencing by miRNA	occurs_in(CL:0002543
GO:0035195	gene silencing by miRNA	occurs_in(CL:0002543)
GO:0035195	gene silencing by miRNA	occurs_in(CL:0002543)
GO:0035195	gene silencing by miRNA	occurs_in(CL:0002543)
GO:0035195	gene silencing by miRNA	occurs_in(CL:0002543)
GO:0035195	gene silencing by miRNA	occurs_in(CL:0002543)
GO:1902807	negative regulation of cell cycle G1/S phase transition	occurs_in(CL:0002543)
GO:0010596	negative regulation of endothelial cell migration	occurs_in(CL:0002543)
GO:0010812	negative regulation of cell-substrate adhesion	occurs_in(CL:0002543)
GO:0002040	sprouting angiogenesis	occurs_in(CL:0002543)
GO:0004565	beta-galactosidase activity	occurs_in(CL:0002544
GO:1903770	negative regulation of beta-galactosidase activity	occurs_in(CL:0002544
GO:1904999	positive regulation of leukocyte adhesion to arterial endothelial cell	occurs_in(CL:0002544
GO:0010629	negative regulation of gene expression	occurs_in(CL:0002544
GO:1901984	negative regulation of protein acetylation	occurs_in(CL:0002544
GO:0006809	nitric oxide biosynthetic process	occurs_in(CL:0002544
GO:0035195	gene silencing by miRNA	occurs_in(CL:0002544
GO:0035195	gene silencing by miRNA	occurs_in(CL:0002544
GO:0010628	positive regulation of gene expression	occurs_in(CL:0002544
GO:0044262	cellular carbohydrate metabolic process	occurs_in(CL:0002544
GO:1903038	negative regulation of leukocyte cell-cell adhesion	occurs_in(CL:0002544
GO:0010629	negative regulation of gene expression	occurs_in(CL:0002544
GO:0045429	positive regulation of nitric oxide biosynthetic process	occurs_in(CL:0002544
GO:0010629	negative regulation of gene expression	occurs_in(CL:0002544)
GO:1904684	negative regulation of metalloendopeptidase activity	occurs_in(CL:0002544)
GO:0040037	negative regulation of fibroblast growth factor receptor signaling pathway	occurs_in(CL:0002544)
GO:1900747	negative regulation of vascular endothelial growth factor signaling pathway	occurs_in(CL:0002544)
GO:0003365	establishment of cell polarity involved in ameboidal cell migration	occurs_in(CL:0002544)
GO:2000773	negative regulation of cellular senescence	occurs_in(CL:0002544)
GO:0010575	positive regulation of vascular endothelial growth factor production	occurs_in(CL:0002544)
GO:0050729	positive regulation of inflammatory response	occurs_in(CL:0002544)
GO:0071499	cellular response to laminar fluid shear stress	occurs_in(CL:0002544)
GO:0051000	positive regulation of nitric-oxide synthase activity	occurs_in(CL:0002544)
GO:0001938	positive regulation of endothelial cell proliferation	occurs_in(CL:0002544)
GO:0016567	protein ubiquitination	occurs_in(CL:0002544)
GO:1904685	positive regulation of metalloendopeptidase activity	occurs_in(CL:0002544)
GO:0061418	regulation of transcription from RNA polymerase II promoter in response to hypoxia	occurs_in(CL:0002544)
GO:0010575	positive regulation of vascular endothelial growth factor production	occurs_in(CL:0002544)
GO:0001666	response to hypoxia	occurs_in(CL:0002544)
GO:0051000	positive regulation of nitric-oxide synthase activity	occurs_in(CL:0002544)
GO:0035195	gene silencing by miRNA	occurs_in(CL:0002544)
GO:0043507	positive regulation of JUN kinase activity	occurs_in(CL:0002544)
GO:0045019	negative regulation of nitric oxide biosynthetic process	occurs_in(CL:0002544)
GO:2000774	positive regulation of cellular senescence	occurs_in(CL:0002544)
GO:0035195	gene silencing by miRNA	occurs_in(CL:0002544)
GO:0035195	gene silencing by miRNA	occurs_in(CL:0002544)
GO:1901203	positive regulation of extracellular matrix assembly	occurs_in(CL:0002547
GO:0032967	positive regulation of collagen biosynthetic process	occurs_in(CL:0002547
GO:0060965	negative regulation of gene silencing by miRNA	occurs_in(CL:0002547
GO:0060965	negative regulation of gene silencing by miRNA	occurs_in(CL:0002547
GO:0032966	negative regulation of collagen biosynthetic process	occurs_in(CL:0002547
GO:0010629	negative regulation of gene expression	occurs_in(CL:0002547
GO:0010629	negative regulation of gene expression	occurs_in(CL:0002547
GO:0035195	gene silencing by miRNA	occurs_in(CL:0002547
GO:0035195	gene silencing by miRNA	occurs_in(CL:0002547
GO:0035195	gene silencing by miRNA	occurs_in(CL:0002547
GO:0035195	gene silencing by miRNA	occurs_in(CL:0002547
GO:0010628	positive regulation of gene expression	occurs_in(CL:0002547
GO:0010628	positive regulation of gene expression	occurs_in(CL:0002547
GO:0010716	negative regulation of extracellular matrix disassembly	occurs_in(CL:0002547)
GO:0032967	positive regulation of collagen biosynthetic process	occurs_in(CL:0002547)
GO:1901202	negative regulation of extracellular matrix assembly	occurs_in(CL:0002547)
GO:1903845	negative regulation of cellular response to transforming growth factor beta stimulus	occurs_in(CL:0002547)
GO:0071560	cellular response to transforming growth factor beta stimulus	occurs_in(CL:0002547)
GO:0010628	positive regulation of gene expression	occurs_in(CL:0002547)
GO:0010628	positive regulation of gene expression	occurs_in(CL:0002547)
GO:0010629	negative regulation of gene expression	occurs_in(CL:0002547)
GO:0010629	negative regulation of gene expression	occurs_in(CL:0002547)
GO:0000981	RNA polymerase II transcription factor activity, sequence-specific DNA binding	occurs_in(CL:0002548
GO:0035195	gene silencing by miRNA	occurs_in(CL:0002548
GO:0010629	negative regulation of gene expression	occurs_in(CL:0002548
GO:0010629	negative regulation of gene expression	occurs_in(CL:0002548
GO:0010628	positive regulation of gene expression	occurs_in(CL:0002548
GO:0010628	positive regulation of gene expression	occurs_in(CL:0002548
GO:0010628	positive regulation of gene expression	occurs_in(CL:0002548
GO:0010628	positive regulation of gene expression	occurs_in(CL:0002548
GO:0035195	gene silencing by miRNA	occurs_in(CL:0002548
GO:2000270	negative regulation of fibroblast apoptotic process	occurs_in(CL:0002548
GO:0035195	gene silencing by miRNA	occurs_in(CL:0002548
GO:0010628	positive regulation of gene expression	occurs_in(CL:0002548
GO:0010628	positive regulation of gene expression	occurs_in(CL:0002548
GO:0090281	negative regulation of calcium ion import	occurs_in(CL:0002548
GO:0010629	negative regulation of gene expression	occurs_in(CL:0002548)
GO:0010629	negative regulation of gene expression	occurs_in(CL:0002548)
GO:0010628	positive regulation of gene expression	occurs_in(CL:0002548)
GO:0032963	collagen metabolic process	occurs_in(CL:0002548)
GO:1904465	negative regulation of matrix metallopeptidase secretion	occurs_in(CL:0002548)
GO:0001934	positive regulation of protein phosphorylation	occurs_in(CL:0002548)
GO:0035195	gene silencing by miRNA	occurs_in(CL:0002548)
GO:0010629	negative regulation of gene expression	occurs_in(CL:0002548)
GO:0010628	positive regulation of gene expression	occurs_in(CL:0002548)
GO:0045944	positive regulation of transcription from RNA polymerase II promoter	occurs_in(CL:0002548)
GO:0010629	negative regulation of gene expression	occurs_in(CL:0002548)
GO:0010628	positive regulation of gene expression	occurs_in(CL:0002548)
GO:0010628	positive regulation of gene expression	occurs_in(CL:0002548)
GO:0035278	miRNA mediated inhibition of translation	occurs_in(CL:0002548)
GO:0010629	negative regulation of gene expression	occurs_in(CL:0002548)
GO:0048147	negative regulation of fibroblast proliferation	occurs_in(CL:0002548)
GO:0010629	negative regulation of gene expression	occurs_in(CL:0002548)
GO:0035195	gene silencing by miRNA	occurs_in(CL:0002548)
GO:0035195	gene silencing by miRNA	occurs_in(CL:0002548)
GO:0035195	gene silencing by miRNA	occurs_in(CL:0002548)
GO:1905049	negative regulation of metallopeptidase activity	occurs_in(CL:0002548)
GO:0051896	regulation of protein kinase B signaling	occurs_in(CL:0002548)
GO:2000270	negative regulation of fibroblast apoptotic process	occurs_in(CL:0002548)
GO:0030512	negative regulation of transforming growth factor beta receptor signaling pathway	occurs_in(CL:0002548)
GO:0001933	negative regulation of protein phosphorylation	occurs_in(CL:0002548)
GO:0000122	negative regulation of transcription from RNA polymerase II promoter	occurs_in(CL:0002548)
GO:0010629	negative regulation of gene expression	occurs_in(CL:0002548)
GO:0010629	negative regulation of gene expression	occurs_in(CL:0002548)
GO:2000773	negative regulation of cellular senescence	occurs_in(CL:0002548)
GO:0035278	miRNA mediated inhibition of translation	occurs_in(CL:0002548)
GO:0010628	positive regulation of gene expression	occurs_in(CL:0002548)
GO:0043491	protein kinase B signaling	occurs_in(CL:0002548)
GO:0010628	positive regulation of gene expression	occurs_in(CL:0002548)
GO:0000979	RNA polymerase II core promoter sequence-specific DNA binding	occurs_in(CL:0002548)
GO:0010763	positive regulation of fibroblast migration	occurs_in(CL:0002548)
GO:0010628	positive regulation of gene expression	occurs_in(CL:0002548)
GO:1903543	positive regulation of exosomal secretion	occurs_in(CL:0002548)
GO:1901300	positive regulation of hydrogen peroxide-mediated programmed cell death	occurs_in(CL:0002548)
GO:2000774	positive regulation of cellular senescence	occurs_in(CL:0002548)
GO:1905205	positive regulation of connective tissue replacement	occurs_in(CL:0002548)
GO:0070373	negative regulation of ERK1 and ERK2 cascade	occurs_in(CL:0002548)
GO:0010628	positive regulation of gene expression	occurs_in(CL:0002548)
GO:0010629	negative regulation of gene expression	occurs_in(CL:0002548)
GO:0050709	negative regulation of protein secretion	occurs_in(CL:0002548)
GO:0050709	negative regulation of protein secretion	occurs_in(CL:0002548)
GO:0035195	gene silencing by miRNA	occurs_in(CL:0002548)
GO:0035278	miRNA mediated inhibition of translation	occurs_in(CL:0002548)
GO:0048146	positive regulation of fibroblast proliferation	occurs_in(CL:0002548)
GO:0010628	positive regulation of gene expression	occurs_in(CL:0002548)
GO:0010629	negative regulation of gene expression	occurs_in(CL:0002548)
GO:0070374	positive regulation of ERK1 and ERK2 cascade	occurs_in(CL:0002548)
GO:0032914	positive regulation of transforming growth factor beta1 production	occurs_in(CL:0002548)
GO:0010628	positive regulation of gene expression	occurs_in(CL:0002548)
GO:1903206	negative regulation of hydrogen peroxide-induced cell death	occurs_in(CL:0002548)
GO:0048251	elastic fiber assembly	occurs_in(CL:0002551)
GO:0010712	regulation of collagen metabolic process	occurs_in(CL:0002551)
GO:0005201	extracellular matrix structural constituent	occurs_in(CL:0002552)
GO:2001202	negative regulation of transforming growth factor-beta secretion	occurs_in(CL:0002553)
GO:0035195	gene silencing by miRNA	occurs_in(CL:0002557
GO:0035195	gene silencing by miRNA	occurs_in(CL:0002557
GO:0010629	negative regulation of gene expression	occurs_in(CL:0002557)
GO:0010629	negative regulation of gene expression	occurs_in(CL:0002557)
GO:0035195	gene silencing by miRNA	occurs_in(CL:0002557)
GO:0035195	gene silencing by miRNA	occurs_in(CL:0002557)
GO:0035195	gene silencing by miRNA	occurs_in(CL:0002557)
GO:0045198	establishment of epithelial cell apical/basal polarity	occurs_in(CL:0002563
GO:0017016	Ras GTPase binding	occurs_in(CL:0002563
GO:0072659	protein localization to plasma membrane	occurs_in(CL:0002563
GO:0034260	negative regulation of GTPase activity	occurs_in(CL:0002563
GO:0030674	protein binding, bridging	occurs_in(CL:0002563
GO:0051683	establishment of Golgi localization	occurs_in(CL:0002563
GO:0001934	positive regulation of protein phosphorylation	occurs_in(CL:0002563
GO:0000976	transcription regulatory region sequence-specific DNA binding	occurs_in(CL:0002563
GO:0044387	negative regulation of protein kinase activity by regulation of protein phosphorylation	occurs_in(CL:0002563
GO:0043547	positive regulation of GTPase activity	occurs_in(CL:0002563
GO:0035414	negative regulation of catenin import into nucleus	occurs_in(CL:0002563
GO:0001933	negative regulation of protein phosphorylation	occurs_in(CL:0002563
GO:0008360	regulation of cell shape	occurs_in(CL:0002563
GO:0008361	regulation of cell size	occurs_in(CL:0002563
GO:0001932	regulation of protein phosphorylation	occurs_in(CL:0002563
GO:0040023	establishment of nucleus localization	occurs_in(CL:0002563
GO:0045930	negative regulation of mitotic cell cycle	occurs_in(CL:0002563
GO:0090002	establishment of protein localization to plasma membrane	occurs_in(CL:0002563
GO:0043547	positive regulation of GTPase activity	occurs_in(CL:0002563
GO:0090002	establishment of protein localization to plasma membrane	occurs_in(CL:0002563
GO:0030033	microvillus assembly	occurs_in(CL:0002563)
GO:0071356	cellular response to tumor necrosis factor	occurs_in(CL:0002563)
GO:0032534	regulation of microvillus assembly	occurs_in(CL:0002563)
GO:0060965	negative regulation of gene silencing by miRNA	occurs_in(CL:0002563)
GO:0071474	cellular hyperosmotic response	occurs_in(CL:0002563)
GO:0005515	protein binding	occurs_in(CL:0002563)
GO:0010632	regulation of epithelial cell migration	occurs_in(CL:0002563)
GO:0010633	negative regulation of epithelial cell migration	occurs_in(CL:0002563)
GO:0051893	regulation of focal adhesion assembly	occurs_in(CL:0002563)
GO:1902219	negative regulation of intrinsic apoptotic signaling pathway in response to osmotic stress	occurs_in(CL:0002563)
GO:0060546	negative regulation of necroptotic process	occurs_in(CL:0002563)
GO:1900025	negative regulation of substrate adhesion-dependent cell spreading	occurs_in(CL:0002563)
GO:0030165	PDZ domain binding	occurs_in(CL:0002563)
GO:1903697	negative regulation of microvillus assembly	occurs_in(CL:0002563)
GO:0035278	miRNA mediated inhibition of translation	occurs_in(CL:0002563)
GO:2000134	negative regulation of G1/S transition of mitotic cell cycle	occurs_in(CL:0002563)
GO:1900024	regulation of substrate adhesion-dependent cell spreading	occurs_in(CL:0002563)
GO:0031032	actomyosin structure organization	occurs_in(CL:0002563)
GO:0019904	protein domain specific binding	occurs_in(CL:0002563)
GO:0090559	regulation of membrane permeability	occurs_in(CL:0002563)
GO:0051895	negative regulation of focal adhesion assembly	occurs_in(CL:0002563)
GO:0090336	positive regulation of brown fat cell differentiation	occurs_in(CL:0002570
GO:2000134	negative regulation of G1/S transition of mitotic cell cycle	occurs_in(CL:0002570)
GO:0045944	positive regulation of transcription from RNA polymerase II promoter	occurs_in(CL:0002570)
GO:0070886	positive regulation of calcineurin-NFAT signaling cascade	occurs_in(CL:0002573)
GO:0070584	mitochondrion morphogenesis	occurs_in(CL:0002573)
GO:0070584	mitochondrion morphogenesis	occurs_in(CL:0002573)
GO:0046488	phosphatidylinositol metabolic process	occurs_in(CL:0002573)
GO:0035195	gene silencing by miRNA	occurs_in(CL:0002573)
GO:0031642	negative regulation of myelination	occurs_in(CL:0002573)
GO:0052866	phosphatidylinositol phosphate phosphatase activity	occurs_in(CL:0002573)
GO:0060143	positive regulation of syncytium formation by plasma membrane fusion	occurs_in(CL:0002577)
GO:0034242	negative regulation of syncytium formation by plasma membrane fusion	occurs_in(CL:0002577)
GO:0071456	cellular response to hypoxia	occurs_in(CL:0002583)
GO:0034067	protein localization to Golgi apparatus	occurs_in(CL:0002586
GO:0061512	protein localization to cilium	occurs_in(CL:0002586
GO:0034067	protein localization to Golgi apparatus	occurs_in(CL:0002586
GO:0045494	photoreceptor cell maintenance	occurs_in(CL:0002586)
GO:0008517	folic acid transporter activity	occurs_in(CL:0002586)
GO:1902856	negative regulation of non-motile cilium assembly	occurs_in(CL:0002586)
GO:0050766	positive regulation of phagocytosis	occurs_in(CL:0002586)
GO:0035278	miRNA mediated inhibition of translation	occurs_in(CL:0002586)
GO:0034633	retinol transport	occurs_in(CL:0002586)
GO:0008518	reduced folate carrier activity	occurs_in(CL:0002586)
GO:0015884	folic acid transport	occurs_in(CL:0002586)
GO:1902857	positive regulation of non-motile cilium assembly	occurs_in(CL:0002586)
GO:0035195	gene silencing by miRNA	occurs_in(CL:0002586)
GO:0035195	gene silencing by miRNA	occurs_in(CL:0002586)
GO:1905515	non-motile cilium assembly	occurs_in(CL:0002586)
GO:0035195	gene silencing by miRNA	occurs_in(CL:0002591
GO:0035278	miRNA mediated inhibition of translation	occurs_in(CL:0002591
GO:0000983	transcription factor activity, RNA polymerase II core promoter sequence-specific	occurs_in(CL:0002591
GO:0010629	negative regulation of gene expression	occurs_in(CL:0002591
GO:0010629	negative regulation of gene expression	occurs_in(CL:0002591
GO:0035195	gene silencing by miRNA	occurs_in(CL:0002591
GO:0007189	adenylate cyclase-activating G-protein coupled receptor signaling pathway	occurs_in(CL:0002591
GO:1902895	positive regulation of pri-miRNA transcription from RNA polymerase II promoter	occurs_in(CL:0002591
GO:0030819	positive regulation of cAMP biosynthetic process	occurs_in(CL:0002591)
GO:0043950	positive regulation of cAMP-mediated signaling	occurs_in(CL:0002591)
GO:1902895	positive regulation of pri-miRNA transcription from RNA polymerase II promoter	occurs_in(CL:0002591)
GO:1902895	positive regulation of pri-miRNA transcription from RNA polymerase II promoter	occurs_in(CL:0002591)
GO:0035278	miRNA mediated inhibition of translation	occurs_in(CL:0002591)
GO:0007189	adenylate cyclase-activating G-protein coupled receptor signaling pathway	occurs_in(CL:0002591)
GO:1904707	positive regulation of vascular smooth muscle cell proliferation	occurs_in(CL:0002591)
GO:0035357	peroxisome proliferator activated receptor signaling pathway	occurs_in(CL:0002591)
GO:0048008	platelet-derived growth factor receptor signaling pathway	occurs_in(CL:0002591)
GO:0010642	negative regulation of platelet-derived growth factor receptor signaling pathway	occurs_in(CL:0002591)
GO:0036120	cellular response to platelet-derived growth factor stimulus	occurs_in(CL:0002592)
GO:0071673	positive regulation of smooth muscle cell chemotaxis	occurs_in(CL:0002592)
GO:0009611	response to wounding	occurs_in(CL:0002592)
GO:0097688	glutamate receptor clustering	occurs_in(CL:0002608
GO:0045773	positive regulation of axon extension	occurs_in(CL:0002608
GO:0061669	spontaneous neurotransmitter secretion	occurs_in(CL:0002608
GO:0004674	protein serine/threonine kinase activity	occurs_in(CL:0002608
GO:1901214	regulation of neuron death	occurs_in(CL:0002608
GO:2000463	positive regulation of excitatory postsynaptic potential	occurs_in(CL:0002608
GO:0035024	negative regulation of Rho protein signal transduction	occurs_in(CL:0002608
GO:0006607	NLS-bearing protein import into nucleus	occurs_in(CL:0002608
GO:0097112	gamma-aminobutyric acid receptor clustering	occurs_in(CL:0002608
GO:0097112	gamma-aminobutyric acid receptor clustering	occurs_in(CL:0002608
GO:0090650	cellular response to oxygen-glucose deprivation	occurs_in(CL:0002608
GO:0090650	cellular response to oxygen-glucose deprivation	occurs_in(CL:0002608
GO:0032091	negative regulation of protein binding	occurs_in(CL:0002608
GO:0072660	maintenance of protein location in plasma membrane	occurs_in(CL:0002608
GO:1905355	spine apparatus assembly	occurs_in(CL:0002608
GO:0060081	membrane hyperpolarization	occurs_in(CL:0002608
GO:0060076	excitatory synapse	occurs_in(CL:0002608
GO:0061669	spontaneous neurotransmitter secretion	occurs_in(CL:0002608
GO:0048813	dendrite morphogenesis	occurs_in(CL:0002608)
GO:0007214	gamma-aminobutyric acid signaling pathway	occurs_in(CL:0002608)
GO:2000463	positive regulation of excitatory postsynaptic potential	occurs_in(CL:0002608)
GO:0006974	cellular response to DNA damage stimulus	occurs_in(CL:0002608)
GO:0000422	mitophagy	occurs_in(CL:0002608)
GO:0061669	spontaneous neurotransmitter secretion	occurs_in(CL:0002608)
GO:0005515	protein binding	occurs_in(CL:0002608)
GO:0097062	dendritic spine maintenance	occurs_in(CL:0002608)
GO:0048675	axon extension	occurs_in(CL:0002608)
GO:2000300	regulation of synaptic vesicle exocytosis	occurs_in(CL:0002608)
GO:0007030	Golgi organization	occurs_in(CL:0002608)
GO:0031630	regulation of synaptic vesicle fusion to presynaptic membrane	occurs_in(CL:0002608)
GO:0036465	synaptic vesicle recycling	occurs_in(CL:0002608)
GO:0051966	regulation of synaptic transmission, glutamatergic	occurs_in(CL:0002608)
GO:0098746	fast, calcium ion-dependent exocytosis of neurotransmitter	occurs_in(CL:0002608)
GO:0050770	regulation of axonogenesis	occurs_in(CL:0002608)
GO:0030032	lamellipodium assembly	occurs_in(CL:0002608)
GO:0035024	negative regulation of Rho protein signal transduction	occurs_in(CL:0002608)
GO:0035567	non-canonical Wnt signaling pathway	occurs_in(CL:0002608)
GO:0051968	positive regulation of synaptic transmission, glutamatergic	occurs_in(CL:0002608)
GO:0097113	AMPA glutamate receptor clustering	occurs_in(CL:0002608)
GO:0045880	positive regulation of smoothened signaling pathway	occurs_in(CL:0002608)
GO:0016081	synaptic vesicle docking	occurs_in(CL:0002608)
GO:0031175	neuron projection development	occurs_in(CL:0002608)
GO:0050772	positive regulation of axonogenesis	occurs_in(CL:0002608)
GO:1904891	positive regulation of excitatory synapse assembly	occurs_in(CL:0002608)
GO:0061001	regulation of dendritic spine morphogenesis	occurs_in(CL:0002608)
GO:0098815	modulation of excitatory postsynaptic potential	occurs_in(CL:0002608)
GO:0016082	synaptic vesicle priming	occurs_in(CL:0002608)
GO:0010628	positive regulation of gene expression	occurs_in(CL:0002608)
GO:0097151	positive regulation of inhibitory postsynaptic potential	occurs_in(CL:0002608)
GO:1900243	negative regulation of synaptic vesicle endocytosis	occurs_in(CL:0002608)
GO:0060999	positive regulation of dendritic spine development	occurs_in(CL:0002608)
GO:0030010	establishment of cell polarity	occurs_in(CL:0002608)
GO:0010976	positive regulation of neuron projection development	occurs_in(CL:0002608)
GO:0048814	regulation of dendrite morphogenesis	occurs_in(CL:0002608)
GO:0010807	regulation of synaptic vesicle priming	occurs_in(CL:0002608)
GO:0010977	negative regulation of neuron projection development	occurs_in(CL:0002608)
GO:0016079	synaptic vesicle exocytosis	occurs_in(CL:0002608)
GO:0061670	evoked neurotransmitter secretion	occurs_in(CL:0002608)
GO:1900451	positive regulation of glutamate receptor signaling pathway	occurs_in(CL:0002608)
GO:0032007	negative regulation of TOR signaling	occurs_in(CL:0002608)
GO:0010468	regulation of gene expression	occurs_in(CL:0002608)
GO:0001956	positive regulation of neurotransmitter secretion	occurs_in(CL:0002608)
GO:0048172	regulation of short-term neuronal synaptic plasticity	occurs_in(CL:0002608)
GO:0018964	propylene metabolic process	occurs_in(CL:0002608)
GO:0032229	negative regulation of synaptic transmission, GABAergic	occurs_in(CL:0002608)
GO:0060997	dendritic spine morphogenesis	occurs_in(CL:0002608)
GO:0099553	trans-synaptic signaling by endocannabinoid, modulating synaptic transmission	occurs_in(CL:0002608)
GO:0010975	regulation of neuron projection development	occurs_in(CL:0002608)
GO:1900452	regulation of long term synaptic depression	occurs_in(CL:0002608)
GO:0016242	negative regulation of macroautophagy	occurs_in(CL:0002608)
GO:0048791	calcium ion-regulated exocytosis of neurotransmitter	occurs_in(CL:0002608)
GO:0050808	synapse organization	occurs_in(CL:0002608)
GO:0032228	regulation of synaptic transmission, GABAergic	occurs_in(CL:0002608)
GO:0045944	positive regulation of transcription from RNA polymerase II promoter	occurs_in(CL:0002608)
GO:0061001	regulation of dendritic spine morphogenesis	occurs_in(CL:0002608)
GO:2000331	regulation of terminal button organization	occurs_in(CL:0002608)
GO:0010628	positive regulation of gene expression	occurs_in(CL:0002608)
GO:0007030	Golgi organization	occurs_in(CL:0002609
GO:0097118	neuroligin clustering involved in postsynaptic membrane assembly	occurs_in(CL:0002609
GO:2000809	positive regulation of synaptic vesicle clustering	occurs_in(CL:0002609
GO:0060999	positive regulation of dendritic spine development	occurs_in(CL:0002609)
GO:0060999	positive regulation of dendritic spine development	occurs_in(CL:0002609)
GO:0033135	regulation of peptidyl-serine phosphorylation	occurs_in(CL:0002609)
GO:0008088	axo-dendritic transport	occurs_in(CL:0002609)
GO:0055085	transmembrane transport	occurs_in(CL:0002609)
GO:0048667	cell morphogenesis involved in neuron differentiation	occurs_in(CL:0002609)
GO:0070059	intrinsic apoptotic signaling pathway in response to endoplasmic reticulum stress	occurs_in(CL:0002609)
GO:0031116	positive regulation of microtubule polymerization	occurs_in(CL:0002609)
GO:0032482	Rab protein signal transduction	occurs_in(CL:0002609)
GO:1903052	positive regulation of proteolysis involved in cellular protein catabolic process	occurs_in(CL:0002609)
GO:0045944	positive regulation of transcription from RNA polymerase II promoter	occurs_in(CL:0002609)
GO:0007411	axon guidance	occurs_in(CL:0002609)
GO:0001764	neuron migration	occurs_in(CL:0002609)
GO:2001222	regulation of neuron migration	occurs_in(CL:0002609)
GO:0016243	regulation of autophagosome size	occurs_in(CL:0002609)
GO:0035556	intracellular signal transduction	occurs_in(CL:0002609)
GO:0005515	protein binding	occurs_in(CL:0002609)
GO:1901214	regulation of neuron death	occurs_in(CL:0002609)
GO:0090141	positive regulation of mitochondrial fission	occurs_in(CL:0002609)
GO:0048668	collateral sprouting	occurs_in(CL:0002609)
GO:0015267	channel activity	occurs_in(CL:0002609)
GO:0004348	glucosylceramidase activity	occurs_in(CL:0002609)
GO:0006874	cellular calcium ion homeostasis	occurs_in(CL:0002609)
GO:0048681	negative regulation of axon regeneration	occurs_in(CL:0002609)
GO:1902803	regulation of synaptic vesicle transport	occurs_in(CL:0002609)
GO:0010821	regulation of mitochondrion organization	occurs_in(CL:0002609)
GO:0006680	glucosylceramide catabolic process	occurs_in(CL:0002609)
GO:0090135	actin filament branching	occurs_in(CL:0002609)
GO:0033138	positive regulation of peptidyl-serine phosphorylation	occurs_in(CL:0002609)
GO:2001222	regulation of neuron migration	occurs_in(CL:0002609)
GO:1900006	positive regulation of dendrite development	occurs_in(CL:0002609)
GO:0090650	cellular response to oxygen-glucose deprivation	occurs_in(CL:0002609)
GO:1905037	autophagosome organization	occurs_in(CL:0002609)
GO:0010977	negative regulation of neuron projection development	occurs_in(CL:0002609)
GO:0045028	G-protein coupled purinergic nucleotide receptor activity	occurs_in(CL:0002609)
GO:0090650	cellular response to oxygen-glucose deprivation	occurs_in(CL:0002609)
GO:0045773	positive regulation of axon extension	occurs_in(CL:0002609)
GO:0034599	cellular response to oxidative stress	occurs_in(CL:0002609)
GO:0055069	zinc ion homeostasis	occurs_in(CL:0002609)
GO:0004348	glucosylceramidase activity	occurs_in(CL:0002609)
GO:0007040	lysosome organization	occurs_in(CL:0002609)
GO:0010821	regulation of mitochondrion organization	occurs_in(CL:0002609)
GO:0010738	regulation of protein kinase A signaling	occurs_in(CL:0002609)
GO:0035589	G-protein coupled purinergic nucleotide receptor signaling pathway	occurs_in(CL:0002609)
GO:0097026	dendritic cell dendrite assembly	occurs_in(CL:0002609)
GO:0072384	organelle transport along microtubule	occurs_in(CL:0002609)
GO:0048675	axon extension	occurs_in(CL:0002609)
GO:0051965	positive regulation of synapse assembly	occurs_in(CL:0002609)
GO:0007041	lysosomal transport	occurs_in(CL:0002609)
GO:1903208	negative regulation of hydrogen peroxide-induced neuron death	occurs_in(CL:0002609)
GO:1903861	positive regulation of dendrite extension	occurs_in(CL:0002609)
GO:0071345	cellular response to cytokine stimulus	occurs_in(CL:0002611)
GO:0051966	regulation of synaptic transmission, glutamatergic	occurs_in(CL:0002613)
GO:0060079	excitatory postsynaptic potential	occurs_in(CL:0002613)
GO:0061001	regulation of dendritic spine morphogenesis	occurs_in(CL:0002613)
GO:0030163	protein catabolic process	occurs_in(CL:0002614
GO:1903307	positive regulation of regulated secretory pathway	occurs_in(CL:0002618
GO:1903434	negative regulation of constitutive secretory pathway	occurs_in(CL:0002618
GO:0035195	gene silencing by miRNA	occurs_in(CL:0002618
GO:0000122	negative regulation of transcription from RNA polymerase II promoter	occurs_in(CL:0002618
GO:1903044	protein localization to membrane raft	occurs_in(CL:0002618
GO:0016485	protein processing	occurs_in(CL:0002618
GO:0008284	positive regulation of cell proliferation	occurs_in(CL:0002618
GO:0008285	negative regulation of cell proliferation	occurs_in(CL:0002618
GO:0030335	positive regulation of cell migration	occurs_in(CL:0002618
GO:0004252	serine-type endopeptidase activity	occurs_in(CL:0002618
GO:0035924	cellular response to vascular endothelial growth factor stimulus	occurs_in(CL:0002618
GO:0010628	positive regulation of gene expression	occurs_in(CL:0002618
GO:0004674	protein serine/threonine kinase activity	occurs_in(CL:0002618
GO:1900004	negative regulation of serine-type endopeptidase activity	occurs_in(CL:0002618
GO:0045429	positive regulation of nitric oxide biosynthetic process	occurs_in(CL:0002618
GO:0045785	positive regulation of cell adhesion	occurs_in(CL:0002618
GO:0030336	negative regulation of cell migration	occurs_in(CL:0002618
GO:0033138	positive regulation of peptidyl-serine phosphorylation	occurs_in(CL:0002618
GO:0035195	gene silencing by miRNA	occurs_in(CL:0002618
GO:0033138	positive regulation of peptidyl-serine phosphorylation	occurs_in(CL:0002618
GO:0033138	positive regulation of peptidyl-serine phosphorylation	occurs_in(CL:0002618
GO:0010575	positive regulation of vascular endothelial growth factor production	occurs_in(CL:0002618
GO:1903435	positive regulation of constitutive secretory pathway	occurs_in(CL:0002618
GO:0002687	positive regulation of leukocyte migration	occurs_in(CL:0002618
GO:0010628	positive regulation of gene expression	occurs_in(CL:0002618
GO:0045944	positive regulation of transcription from RNA polymerase II promoter	occurs_in(CL:0002618)
GO:0038033	positive regulation of endothelial cell chemotaxis by VEGF-activated vascular endothelial growth factor receptor signaling pathway	occurs_in(CL:0002618)
GO:0045766	positive regulation of angiogenesis	occurs_in(CL:0002618)
GO:0002042	cell migration involved in sprouting angiogenesis	occurs_in(CL:0002618)
GO:0031954	positive regulation of protein autophosphorylation	occurs_in(CL:0002618)
GO:0090050	positive regulation of cell migration involved in sprouting angiogenesis	occurs_in(CL:0002618)
GO:0044344	cellular response to fibroblast growth factor stimulus	occurs_in(CL:0002618)
GO:0031871	proteinase activated receptor binding	occurs_in(CL:0002618)
GO:0042511	positive regulation of tyrosine phosphorylation of Stat1 protein	occurs_in(CL:0002618)
GO:0001525	angiogenesis	occurs_in(CL:0002618)
GO:0035767	endothelial cell chemotaxis	occurs_in(CL:0002618)
GO:0043536	positive regulation of blood vessel endothelial cell migration	occurs_in(CL:0002618)
GO:2001028	positive regulation of endothelial cell chemotaxis	occurs_in(CL:0002618)
GO:0050731	positive regulation of peptidyl-tyrosine phosphorylation	occurs_in(CL:0002618)
GO:0045766	positive regulation of angiogenesis	occurs_in(CL:0002618)
GO:0018105	peptidyl-serine phosphorylation	occurs_in(CL:0002618)
GO:0010629	negative regulation of gene expression	occurs_in(CL:0002618)
GO:0007043	cell-cell junction assembly	occurs_in(CL:0002618)
GO:0090051	negative regulation of cell migration involved in sprouting angiogenesis	occurs_in(CL:0002618)
GO:2000544	regulation of endothelial cell chemotaxis to fibroblast growth factor	occurs_in(CL:0002618)
GO:1903572	positive regulation of protein kinase D signaling	occurs_in(CL:0002618)
GO:0089700	protein kinase D signaling	occurs_in(CL:0002618)
GO:1902533	positive regulation of intracellular signal transduction	occurs_in(CL:0002618)
GO:0035195	gene silencing by miRNA	occurs_in(CL:0002618)
GO:0016525	negative regulation of angiogenesis	occurs_in(CL:0002618)
GO:0034976	response to endoplasmic reticulum stress	occurs_in(CL:0002618)
GO:0045785	positive regulation of cell adhesion	occurs_in(CL:0002618)
GO:0050766	positive regulation of phagocytosis	occurs_in(CL:0002618)
GO:0035556	intracellular signal transduction	occurs_in(CL:0002618)
GO:0001938	positive regulation of endothelial cell proliferation	occurs_in(CL:0002618)
GO:0005125	cytokine activity	occurs_in(CL:0002618)
GO:0042060	wound healing	occurs_in(CL:0002618)
GO:0032793	positive regulation of CREB transcription factor activity	occurs_in(CL:0002618)
GO:1901727	positive regulation of histone deacetylase activity	occurs_in(CL:0002618)
GO:0070373	negative regulation of ERK1 and ERK2 cascade	occurs_in(CL:0002618)
GO:2000378	negative regulation of reactive oxygen species metabolic process	occurs_in(CL:0002618)
GO:0043066	negative regulation of apoptotic process	occurs_in(CL:0002618)
GO:1902176	negative regulation of oxidative stress-induced intrinsic apoptotic signaling pathway	occurs_in(CL:0002618)
GO:2000352	negative regulation of endothelial cell apoptotic process	occurs_in(CL:0002618)
GO:2000379	positive regulation of reactive oxygen species metabolic process	occurs_in(CL:0002618)
GO:0045747	positive regulation of Notch signaling pathway	occurs_in(CL:0002618)
GO:0015275	stretch-activated, cation-selective, calcium channel activity	occurs_in(CL:0002618)
GO:0010629	negative regulation of gene expression	occurs_in(CL:0002618)
GO:0032270	positive regulation of cellular protein metabolic process	occurs_in(CL:0002618)
GO:0032270	positive regulation of cellular protein metabolic process	occurs_in(CL:0002618)
GO:0033138	positive regulation of peptidyl-serine phosphorylation	occurs_in(CL:0002618)
GO:2000544	regulation of endothelial cell chemotaxis to fibroblast growth factor	occurs_in(CL:0002618)
GO:0008083	growth factor activity	occurs_in(CL:0002618)
GO:0042056	chemoattractant activity	occurs_in(CL:0002618)
GO:0035767	endothelial cell chemotaxis	occurs_in(CL:0002618)
GO:0090037	positive regulation of protein kinase C signaling	occurs_in(CL:0002618)
GO:0071356	cellular response to tumor necrosis factor	occurs_in(CL:0002618)
GO:1903142	positive regulation of establishment of endothelial barrier	occurs_in(CL:0002618)
GO:0007596	blood coagulation	occurs_in(CL:0002618)
GO:0045944	positive regulation of transcription from RNA polymerase II promoter	occurs_in(CL:0002618)
GO:0045944	positive regulation of transcription from RNA polymerase II promoter	occurs_in(CL:0002618)
GO:0001765	membrane raft assembly	occurs_in(CL:0002618)
GO:0043406	positive regulation of MAP kinase activity	occurs_in(CL:0002618)
GO:0010628	positive regulation of gene expression	occurs_in(CL:0002618)
GO:0010628	positive regulation of gene expression	occurs_in(CL:0002618)
GO:0032147	activation of protein kinase activity	occurs_in(CL:0002618)
GO:0005515	protein binding	occurs_in(CL:0002618)
GO:0010628	positive regulation of gene expression	occurs_in(CL:0002618)
GO:0010628	positive regulation of gene expression	occurs_in(CL:0002618)
GO:2000546	positive regulation of endothelial cell chemotaxis to fibroblast growth factor	occurs_in(CL:0002618)
GO:0010628	positive regulation of gene expression	occurs_in(CL:0002618)
GO:0050766	positive regulation of phagocytosis	occurs_in(CL:0002618)
GO:0035924	cellular response to vascular endothelial growth factor stimulus	occurs_in(CL:0002618)
GO:1903672	positive regulation of sprouting angiogenesis	occurs_in(CL:0002618)
GO:0001935	endothelial cell proliferation	occurs_in(CL:0002618)
GO:1903588	negative regulation of blood vessel endothelial cell proliferation involved in sprouting angiogenesis	occurs_in(CL:0002618)
GO:0035195	gene silencing by miRNA	occurs_in(CL:0002618)
GO:0071499	cellular response to laminar fluid shear stress	occurs_in(CL:0002618)
GO:0070374	positive regulation of ERK1 and ERK2 cascade	occurs_in(CL:0002618)
GO:0010628	positive regulation of gene expression	occurs_in(CL:0002618)
GO:0010628	positive regulation of gene expression	occurs_in(CL:0002618)
GO:0010628	positive regulation of gene expression	occurs_in(CL:0002618)
GO:0010629	negative regulation of gene expression	occurs_in(CL:0002618)
GO:0045944	positive regulation of transcription from RNA polymerase II promoter	occurs_in(CL:0002618)
GO:0048010	vascular endothelial growth factor receptor signaling pathway	occurs_in(CL:0002618)
GO:0050918	positive chemotaxis	occurs_in(CL:0002618)
GO:0035470	positive regulation of vascular wound healing	occurs_in(CL:0002618)
GO:0046982	protein heterodimerization activity	occurs_in(CL:0002618)
GO:0045745	positive regulation of G-protein coupled receptor protein signaling pathway	occurs_in(CL:0002618)
GO:1902042	negative regulation of extrinsic apoptotic signaling pathway via death domain receptors	occurs_in(CL:0002618)
GO:0061042	vascular wound healing	occurs_in(CL:0002619)
GO:0070373	negative regulation of ERK1 and ERK2 cascade	occurs_in(CL:0002619)
GO:0007050	cell cycle arrest	occurs_in(CL:0002620
GO:0010875	positive regulation of cholesterol efflux	occurs_in(CL:0002620)
GO:1902995	positive regulation of phospholipid efflux	occurs_in(CL:0002620)
GO:1900127	positive regulation of hyaluronan biosynthetic process	occurs_in(CL:0002620)
GO:0008458	carnitine O-octanoyltransferase activity	occurs_in(CL:0002620)
GO:1900127	positive regulation of hyaluronan biosynthetic process	occurs_in(CL:0002620)
GO:0007000	nucleolus organization	occurs_in(CL:0002620)
GO:0004029	aldehyde dehydrogenase (NAD) activity	occurs_in(CL:0002620)
GO:0004491	methylmalonate-semialdehyde dehydrogenase (acylating) activity	occurs_in(CL:0002620)
GO:0006210	thymine catabolic process	occurs_in(CL:0002620)
GO:0051782	negative regulation of cell division	occurs_in(CL:0002620)
GO:0009235	cobalamin metabolic process	occurs_in(CL:0002620)
GO:0035195	gene silencing by miRNA	occurs_in(CL:0002620)
GO:0004496	mevalonate kinase activity	occurs_in(CL:0002620)
GO:0035195	gene silencing by miRNA	occurs_in(CL:0002620)
GO:1900126	negative regulation of hyaluronan biosynthetic process	occurs_in(CL:0002620)
GO:0036120	cellular response to platelet-derived growth factor stimulus	occurs_in(CL:0002620)
GO:0009086	methionine biosynthetic process	occurs_in(CL:0002620)
GO:0006574	valine catabolic process	occurs_in(CL:0002620)
GO:0045944	positive regulation of transcription from RNA polymerase II promoter	occurs_in(CL:0002622
GO:0030374	ligand-dependent nuclear receptor transcription coactivator activity	occurs_in(CL:0002622)
GO:0071392	cellular response to estradiol stimulus	occurs_in(CL:0002622)
GO:0006909	phagocytosis	occurs_in(CL:0002629)
GO:1902260	negative regulation of delayed rectifier potassium channel activity	occurs_in(CL:0002664
GO:1905032	negative regulation of membrane repolarization during cardiac muscle cell action potential	occurs_in(CL:0002664
GO:0000122	negative regulation of transcription from RNA polymerase II promoter	occurs_in(CL:0002664
GO:1902895	positive regulation of pri-miRNA transcription from RNA polymerase II promoter	occurs_in(CL:0002664)
GO:0010629	negative regulation of gene expression	occurs_in(CL:0002664)
GO:0035195	gene silencing by miRNA	occurs_in(CL:0002664)
GO:1903231	mRNA binding involved in posttranscriptional gene silencing	occurs_in(CL:0002664)
GO:2000726	negative regulation of cardiac muscle cell differentiation	occurs_in(CL:0002664)
GO:0035195	gene silencing by miRNA	occurs_in(CL:0002664)
GO:1902895	positive regulation of pri-miRNA transcription from RNA polymerase II promoter	occurs_in(CL:0002664)
GO:0035195	gene silencing by miRNA	occurs_in(CL:0002664)
GO:0090029	negative regulation of pheromone-dependent signal transduction involved in conjugation with cellular fusion	occurs_in(CL:0002674)
GO:0004180	carboxypeptidase activity	occurs_in(CL:0002674)
GO:0004671	protein C-terminal S-isoprenylcysteine carboxyl O-methyltransferase activity	occurs_in(CL:0002674)
GO:0031138	negative regulation of conjugation with cellular fusion	occurs_in(CL:0002674)
GO:0015421	oligopeptide-transporting ATPase activity	occurs_in(CL:0002674)
GO:0004671	protein C-terminal S-isoprenylcysteine carboxyl O-methyltransferase activity	occurs_in(CL:0002674)
GO:0015421	oligopeptide-transporting ATPase activity	occurs_in(CL:0002674)
GO:0000747	conjugation with cellular fusion	occurs_in(CL:0002674)
GO:0015421	oligopeptide-transporting ATPase activity	occurs_in(CL:0002674)
GO:0004671	protein C-terminal S-isoprenylcysteine carboxyl O-methyltransferase activity	occurs_in(CL:0002674)
GO:0000747	conjugation with cellular fusion	occurs_in(CL:0002675)
GO:0004932	mating-type factor pheromone receptor activity	occurs_in(CL:0002675)
GO:0071444	cellular response to pheromone	occurs_in(CL:0002675)
GO:0005391	sodium:potassium-exchanging ATPase activity	occurs_in(CL:0005006
GO:1903407	negative regulation of sodium:potassium-exchanging ATPase activity	occurs_in(CL:0005006)
GO:1903407	negative regulation of sodium:potassium-exchanging ATPase activity	occurs_in(CL:0005006)
GO:0004517	nitric-oxide synthase activity	occurs_in(CL:0005006)
GO:0004517	nitric-oxide synthase activity	occurs_in(CL:0005006)
GO:0003351	epithelial cilium movement	occurs_in(CL:0005012
GO:0031514	motile cilium	occurs_in(CL:0005012)
GO:1902287	semaphorin-plexin signaling pathway involved in axon guidance	occurs_in(CL:0005023)
GO:1902287	semaphorin-plexin signaling pathway involved in axon guidance	occurs_in(CL:0005023)
GO:0008045	motor neuron axon guidance	occurs_in(CL:0005025)
GO:1902287	semaphorin-plexin signaling pathway involved in axon guidance	occurs_in(CL:0005025)
GO:0045199	maintenance of epithelial cell apical/basal polarity	occurs_in(CL:0007007)
GO:0045198	establishment of epithelial cell apical/basal polarity	occurs_in(CL:0007007)
GO:0030501	positive regulation of bone mineralization	occurs_in(CL:0007010)
GO:0035278	miRNA mediated inhibition of translation	occurs_in(CL:0007010)
GO:0030502	negative regulation of bone mineralization	occurs_in(CL:0007010)
GO:0030182	neuron differentiation	occurs_in(CL:0007011)
GO:0051092	positive regulation of NF-kappaB transcription factor activity	occurs_in(CL:0007011)
GO:0005515	protein binding	occurs_in(CL:0007011)
GO:0035994	response to muscle stretch	occurs_in(CL:0008002)
GO:0060999	positive regulation of dendritic spine development	occurs_in(CL:0008014)
GO:0010628	positive regulation of gene expression	occurs_in(CL:0008019
GO:0051496	positive regulation of stress fiber assembly	occurs_in(CL:0008019
GO:1905515	non-motile cilium assembly	occurs_in(CL:0008019)
GO:1905515	non-motile cilium assembly	occurs_in(CL:0008019)
GO:0048668	collateral sprouting	occurs_in(CL:0009004)
GO:0048671	negative regulation of collateral sprouting	occurs_in(CL:0009004)
GO:0048672	positive regulation of collateral sprouting	occurs_in(CL:0009004)
GO:0048812	neuron projection morphogenesis	occurs_in(CL:0009004)
GO:0060271	cilium assembly	occurs_in(CL:0010001)
GO:0071455	cellular response to hyperoxia	occurs_in(CL:0010003)
GO:0010942	positive regulation of cell death	occurs_in(CL:0010004
GO:0030336	negative regulation of cell migration	occurs_in(CL:0010004
GO:0035195	gene silencing by miRNA	occurs_in(CL:0010004
GO:1905206	positive regulation of hydrogen peroxide-induced cell death	occurs_in(CL:0010004)
GO:0035195	gene silencing by miRNA	occurs_in(CL:0010008)
GO:0032053	ciliary basal body organization	occurs_in(CL:0010009
GO:0045494	photoreceptor cell maintenance	occurs_in(CL:0010009
GO:0051656	establishment of organelle localization	occurs_in(CL:0010009
GO:0005515	protein binding	occurs_in(CL:0010012
GO:0048814	regulation of dendrite morphogenesis	occurs_in(CL:0010012
GO:0048668	collateral sprouting	occurs_in(CL:0010012)
GO:0048668	collateral sprouting	occurs_in(CL:0010012)
GO:0060997	dendritic spine morphogenesis	occurs_in(CL:0010012)
GO:0060997	dendritic spine morphogenesis	occurs_in(CL:0010012)
GO:0046982	protein heterodimerization activity	occurs_in(CL:0010012)
GO:0005515	protein binding	occurs_in(CL:0010012)
GO:1902894	negative regulation of pri-miRNA transcription from RNA polymerase II promoter	occurs_in(CL:0010021
GO:0035195	gene silencing by miRNA	occurs_in(CL:0010021
GO:0010666	positive regulation of cardiac muscle cell apoptotic process	occurs_in(CL:0010021
GO:0060547	negative regulation of necrotic cell death	occurs_in(CL:0010021
GO:0010940	positive regulation of necrotic cell death	occurs_in(CL:0010021
GO:1903206	negative regulation of hydrogen peroxide-induced cell death	occurs_in(CL:0010021
GO:0035195	gene silencing by miRNA	occurs_in(CL:0010021
GO:1905206	positive regulation of hydrogen peroxide-induced cell death	occurs_in(CL:0010021
GO:1901205	negative regulation of adrenergic receptor signaling pathway involved in heart process	occurs_in(CL:0010021
GO:0035195	gene silencing by miRNA	occurs_in(CL:0010021
GO:1902894	negative regulation of pri-miRNA transcription from RNA polymerase II promoter	occurs_in(CL:0010021)
GO:0035195	gene silencing by miRNA	occurs_in(CL:0010021)
GO:0035195	gene silencing by miRNA	occurs_in(CL:0010021)
GO:0010666	positive regulation of cardiac muscle cell apoptotic process	occurs_in(CL:0010021)
GO:0032965	regulation of collagen biosynthetic process	occurs_in(CL:0010021)
GO:0032965	regulation of collagen biosynthetic process	occurs_in(CL:0010021)
GO:0010507	negative regulation of autophagy	occurs_in(CL:0010021)
GO:0033693	neurofilament bundle assembly	occurs_in(CL:0011001
GO:1902513	regulation of organelle transport along microtubule	occurs_in(CL:0011001
GO:0006914	autophagy	occurs_in(CL:0011001)
GO:0038180	nerve growth factor signaling pathway	occurs_in(CL:0011103)
GO:0007193	adenylate cyclase-inhibiting G-protein coupled receptor signaling pathway	occurs_in(CL:0011103)
GO:0007193	adenylate cyclase-inhibiting G-protein coupled receptor signaling pathway	occurs_in(CL:0011103)
GO:0007193	adenylate cyclase-inhibiting G-protein coupled receptor signaling pathway	occurs_in(CL:0011103)
GO:0061502	early endosome to recycling endosome transport	occurs_in(CL:0011103)
GO:0045760	positive regulation of action potential	occurs_in(CL:0011103)
GO:0006537	glutamate biosynthetic process	occurs_in(CL:0011107)
GO:0032088	negative regulation of NF-kappaB transcription factor activity	occurs_in(CL:0011108
GO:0032094	response to food	occurs_in(CL:0011108)
GO:0005102	receptor binding	occurs_in(CL:0011108)
GO:0005515	protein binding	occurs_in(CL:0011108)
GO:0072593	reactive oxygen species metabolic process	occurs_in(CL:0011108)
GO:0051092	positive regulation of NF-kappaB transcription factor activity	occurs_in(CL:0011108)
GO:0032495	response to muramyl dipeptide	occurs_in(CL:0011108)
GO:0032757	positive regulation of interleukin-8 production	occurs_in(CL:0011108)
GO:0030544	Hsp70 protein binding	occurs_in(CL:0011108)
GO:0032757	positive regulation of interleukin-8 production	occurs_in(CL:0011108)
GO:0019228	neuronal action potential	occurs_in(CL:0012001)
GO:0070254	mucus secretion	occurs_in(CL:1000143)
GO:0043491	protein kinase B signaling	occurs_in(CL:1000274)
GO:0070371	ERK1 and ERK2 cascade	occurs_in(CL:1000274)
GO:0042953	lipoprotein transport	occurs_in(CL:1000274)
GO:0072651	interferon-tau production	occurs_in(CL:1000274)
GO:0014065	phosphatidylinositol 3-kinase signaling	occurs_in(CL:1000274)
GO:1990314	cellular response to insulin-like growth factor stimulus	occurs_in(CL:1000274)
GO:0006898	receptor-mediated endocytosis	occurs_in(CL:1000274)
GO:0031929	TOR signaling	occurs_in(CL:1000274)
GO:0014065	phosphatidylinositol 3-kinase signaling	occurs_in(CL:1000274)
GO:0030335	positive regulation of cell migration	occurs_in(CL:1000274)
GO:2001236	regulation of extrinsic apoptotic signaling pathway	occurs_in(CL:1000335)
GO:0070627	ferrous iron import	occurs_in(CL:1000338)
GO:0071222	cellular response to lipopolysaccharide	occurs_in(CL:1000343)
GO:0045944	positive regulation of transcription from RNA polymerase II promoter	occurs_in(CL:1000398
GO:0045944	positive regulation of transcription from RNA polymerase II promoter	occurs_in(CL:1000398
GO:0000122	negative regulation of transcription from RNA polymerase II promoter	occurs_in(CL:1000398)
GO:0000122	negative regulation of transcription from RNA polymerase II promoter	occurs_in(CL:1000398)
GO:0000122	negative regulation of transcription from RNA polymerase II promoter	occurs_in(CL:1000398)
GO:0000122	negative regulation of transcription from RNA polymerase II promoter	occurs_in(CL:1000398)
GO:0048010	vascular endothelial growth factor receptor signaling pathway	occurs_in(CL:1000413
GO:1990264	peptidyl-tyrosine dephosphorylation involved in inactivation of protein kinase activity	occurs_in(CL:1000413
GO:0050731	positive regulation of peptidyl-tyrosine phosphorylation	occurs_in(CL:1000413
GO:0070374	positive regulation of ERK1 and ERK2 cascade	occurs_in(CL:1000413
GO:0038190	VEGF-activated neuropilin signaling pathway	occurs_in(CL:1000413
GO:0030948	negative regulation of vascular endothelial growth factor receptor signaling pathway	occurs_in(CL:1000413
GO:0010629	negative regulation of gene expression	occurs_in(CL:1000413)
GO:0010629	negative regulation of gene expression	occurs_in(CL:1000413)
GO:0010629	negative regulation of gene expression	occurs_in(CL:1000413)
GO:0050728	negative regulation of inflammatory response	occurs_in(CL:1000413)
GO:0010628	positive regulation of gene expression	occurs_in(CL:1000413)
GO:0010629	negative regulation of gene expression	occurs_in(CL:1000413)
GO:0010628	positive regulation of gene expression	occurs_in(CL:1000413)
GO:0070373	negative regulation of ERK1 and ERK2 cascade	occurs_in(CL:1000413)
GO:0010628	positive regulation of gene expression	occurs_in(CL:1000413)
GO:0010628	positive regulation of gene expression	occurs_in(CL:1000413)
GO:0010628	positive regulation of gene expression	occurs_in(CL:1000413)
GO:0006954	inflammatory response	occurs_in(CL:1000413)
GO:0010628	positive regulation of gene expression	occurs_in(CL:1000413)
GO:0006974	cellular response to DNA damage stimulus	occurs_in(CL:1000428)
GO:2000648	positive regulation of stem cell proliferation	occurs_in(CL:1000428)
GO:0086046	membrane depolarization during SA node cell action potential	occurs_in(CL:1000477)
GO:0070588	calcium ion transmembrane transport	occurs_in(CL:1000477)
GO:0086059	voltage-gated calcium channel activity involved SA node cell action potential	occurs_in(CL:1000477)
GO:0086063	voltage-gated sodium channel activity involved in SA node cell action potential	occurs_in(CL:1000477)
GO:0070588	calcium ion transmembrane transport	occurs_in(CL:1000477)
GO:0035278	miRNA mediated inhibition of translation	occurs_in(CL:1000488)
GO:0043066	negative regulation of apoptotic process	occurs_in(CL:1000488)
GO:0035195	gene silencing by miRNA	occurs_in(CL:1000494
GO:0035195	gene silencing by miRNA	occurs_in(CL:1000494
GO:0035195	gene silencing by miRNA	occurs_in(CL:1000497
GO:0071539	protein localization to centrosome	occurs_in(CL:1000497
GO:0035195	gene silencing by miRNA	occurs_in(CL:1000497
GO:0035195	gene silencing by miRNA	occurs_in(CL:1000497
GO:0010718	positive regulation of epithelial to mesenchymal transition	occurs_in(CL:1000497)
GO:0010719	negative regulation of epithelial to mesenchymal transition	occurs_in(CL:1000497)
GO:0034260	negative regulation of GTPase activity	occurs_in(CL:1000504)
GO:0030837	negative regulation of actin filament polymerization	occurs_in(CL:1000504)
GO:0051492	regulation of stress fiber assembly	occurs_in(CL:1000504)
GO:0008284	positive regulation of cell proliferation	occurs_in(CL:1000507)
GO:0043066	negative regulation of apoptotic process	occurs_in(CL:1000507)
GO:0070573	metallodipeptidase activity	occurs_in(CL:1000507)
GO:0060271	cilium assembly	occurs_in(CL:1000546)
GO:1905515	non-motile cilium assembly	occurs_in(CL:1000546)
GO:1902857	positive regulation of non-motile cilium assembly	occurs_in(CL:1000546)
GO:0007163	establishment or maintenance of cell polarity	occurs_in(CL:1000546)
GO:0030814	regulation of cAMP metabolic process	occurs_in(CL:1000546)
GO:0060271	cilium assembly	occurs_in(CL:1000547)
GO:1990573	potassium ion import across plasma membrane	occurs_in(CL:1000616
GO:0005515	protein binding	occurs_in(CL:1000616
GO:0010248	establishment or maintenance of transmembrane electrochemical gradient	occurs_in(CL:1000616
GO:0030955	potassium ion binding	occurs_in(CL:1000616
GO:0036376	sodium ion export from cell	occurs_in(CL:1000616
GO:0005391	sodium:potassium-exchanging ATPase activity	occurs_in(CL:1000616
GO:0005524	ATP binding	occurs_in(CL:1000616
GO:0071407	cellular response to organic cyclic compound	occurs_in(CL:1000742)
GO:0071356	cellular response to tumor necrosis factor	occurs_in(CL:1000742)
GO:0000165	MAPK cascade	occurs_in(CL:1000742)
GO:0031663	lipopolysaccharide-mediated signaling pathway	occurs_in(CL:1000742)
GO:0006954	inflammatory response	occurs_in(CL:1000742)
GO:0044344	cellular response to fibroblast growth factor stimulus	occurs_in(CL:1000742)
GO:0060290	transdifferentiation	occurs_in(CL:1000742)
GO:0071347	cellular response to interleukin-1	occurs_in(CL:1000742)
GO:0043491	protein kinase B signaling	occurs_in(CL:1000742)
GO:0071346	cellular response to interferon-gamma	occurs_in(CL:1000742)
GO:0008283	cell proliferation	occurs_in(CL:1001005)
GO:0035759	mesangial cell-matrix adhesion	occurs_in(CL:1001005)
GO:0071475	cellular hyperosmotic salinity response	occurs_in(CL:1001108)
GO:0070886	positive regulation of calcineurin-NFAT signaling cascade	occurs_in(CL:1001108)
GO:0045944	positive regulation of transcription from RNA polymerase II promoter	occurs_in(CL:1001225
GO:1905515	non-motile cilium assembly	occurs_in(CL:1001225)
GO:2001153	positive regulation of renal water transport	occurs_in(CL:1001225)
GO:0035721	intraciliary retrograde transport	occurs_in(CL:1001225)
GO:0060271	cilium assembly	occurs_in(CL:1001225)
GO:0051642	centrosome localization	occurs_in(CL:1001225)
GO:0061512	protein localization to cilium	occurs_in(CL:1001225)
GO:1902379	chemoattractant activity involved in axon guidance	occurs_in(CL:1001451
GO:0046934	phosphatidylinositol-4,5-bisphosphate 3-kinase activity	occurs_in(CL:1001451)
GO:0034220	ion transmembrane transport	occurs_in(CL:1001451)
GO:1902476	chloride transmembrane transport	occurs_in(CL:1001451)
GO:0034605	cellular response to heat	occurs_in(CL:1001451)
GO:0072383	plus-end-directed vesicle transport along microtubule	occurs_in(CL:1001451)
GO:0005229	intracellular calcium activated chloride channel activity	occurs_in(CL:1001451)
GO:0007200	phospholipase C-activating G-protein coupled receptor signaling pathway	occurs_in(CL:1001451)
GO:0097603	temperature-gated ion channel activity	occurs_in(CL:1001451)
GO:1904456	negative regulation of neuronal action potential	occurs_in(CL:1001474
GO:1904457	positive regulation of neuronal action potential	occurs_in(CL:1001474
GO:0004952	dopamine neurotransmitter receptor activity	occurs_in(CL:1001474
GO:2000481	positive regulation of cAMP-dependent protein kinase activity	occurs_in(CL:1001474
GO:0051966	regulation of synaptic transmission, glutamatergic	occurs_in(CL:1001474
GO:0007191	adenylate cyclase-activating dopamine receptor signaling pathway	occurs_in(CL:1001474
GO:1904782	negative regulation of NMDA glutamate receptor activity	occurs_in(CL:1001474
GO:0060997	dendritic spine morphogenesis	occurs_in(CL:1001474
GO:0010579	positive regulation of adenylate cyclase activity involved in G-protein coupled receptor signaling pathway	occurs_in(CL:1001474
GO:0060168	positive regulation of adenosine receptor signaling pathway	occurs_in(CL:1001474
GO:0051967	negative regulation of synaptic transmission, glutamatergic	occurs_in(CL:1001474
GO:0010628	positive regulation of gene expression	occurs_in(CL:1001474
GO:0019228	neuronal action potential	occurs_in(CL:1001474)
GO:0060997	dendritic spine morphogenesis	occurs_in(CL:1001474)
GO:0090394	negative regulation of excitatory postsynaptic potential	occurs_in(CL:1001474)
GO:0004949	cannabinoid receptor activity	occurs_in(CL:1001474)
GO:1903351	cellular response to dopamine	occurs_in(CL:1001474)
GO:0005186	pheromone activity	occurs_in(CL:1001561)
GO:0070836	caveola assembly	occurs_in(CL:1001567)
GO:0071455	cellular response to hyperoxia	occurs_in(CL:1001567)
GO:0061028	establishment of endothelial barrier	occurs_in(CL:1001568)
GO:0042517	positive regulation of tyrosine phosphorylation of Stat3 protein	occurs_in(CL:1001568)
GO:0045766	positive regulation of angiogenesis	occurs_in(CL:1001568)
GO:0010628	positive regulation of gene expression	occurs_in(CL:1001568)
GO:0097118	neuroligin clustering involved in postsynaptic membrane assembly	occurs_in(CL:1001571
GO:1902474	positive regulation of protein localization to synapse	occurs_in(CL:1001571
GO:0090258	negative regulation of mitochondrial fission	occurs_in(CL:1001571
GO:0060999	positive regulation of dendritic spine development	occurs_in(CL:1001571
GO:0061002	negative regulation of dendritic spine morphogenesis	occurs_in(CL:1001571)
GO:2000310	regulation of N-methyl-D-aspartate selective glutamate receptor activity	occurs_in(CL:1001571)
GO:0097026	dendritic cell dendrite assembly	occurs_in(CL:1001571)
GO:0050806	positive regulation of synaptic transmission	occurs_in(CL:1001571)
GO:2000463	positive regulation of excitatory postsynaptic potential	occurs_in(CL:1001571)
GO:0060999	positive regulation of dendritic spine development	occurs_in(CL:1001571)
GO:0098746	fast, calcium ion-dependent exocytosis of neurotransmitter	occurs_in(CL:1001571)
GO:0071539	protein localization to centrosome	occurs_in(CL:1001601
GO:0071539	protein localization to centrosome	occurs_in(CL:1001601
GO:1903077	negative regulation of protein localization to plasma membrane	occurs_in(CL:1001602
GO:0050731	positive regulation of peptidyl-tyrosine phosphorylation	occurs_in(CL:1001602
GO:2000353	positive regulation of endothelial cell apoptotic process	occurs_in(CL:1001602)
GO:0007179	transforming growth factor beta receptor signaling pathway	occurs_in(CL:1001602)
GO:0009617	response to bacterium	occurs_in(CL:1001603)
GO:0050718	positive regulation of interleukin-1 beta secretion	occurs_in(CL:2000001)
GO:1904469	positive regulation of tumor necrosis factor secretion	occurs_in(CL:2000001)
GO:2000667	positive regulation of interleukin-13 secretion	occurs_in(CL:2000001)
GO:2001181	positive regulation of interleukin-10 secretion	occurs_in(CL:2000001)
GO:0032753	positive regulation of interleukin-4 production	occurs_in(CL:2000001)
GO:0010628	positive regulation of gene expression	occurs_in(CL:2000001)
GO:1902715	positive regulation of interferon-gamma secretion	occurs_in(CL:2000001)
GO:0051459	regulation of corticotropin secretion	occurs_in(CL:2000004)
GO:0060126	somatotropin secreting cell differentiation	occurs_in(CL:2000004)
GO:0060126	somatotropin secreting cell differentiation	occurs_in(CL:2000004)
GO:0060126	somatotropin secreting cell differentiation	occurs_in(CL:2000004)
GO:0060125	negative regulation of growth hormone secretion	occurs_in(CL:2000004)
GO:0071376	cellular response to corticotropin-releasing hormone stimulus	occurs_in(CL:2000004)
GO:0030252	growth hormone secretion	occurs_in(CL:2000004)
GO:0071386	cellular response to corticosterone stimulus	occurs_in(CL:2000004)
GO:0030252	growth hormone secretion	occurs_in(CL:2000004)
GO:0030252	growth hormone secretion	occurs_in(CL:2000004)
GO:1904045	cellular response to aldosterone	occurs_in(CL:2000004)
GO:1900182	positive regulation of protein localization to nucleus	occurs_in(CL:2000008
GO:0007249	I-kappaB kinase/NF-kappaB signaling	occurs_in(CL:2000008
GO:0035509	negative regulation of myosin-light-chain-phosphatase activity	occurs_in(CL:2000008
GO:0032956	regulation of actin cytoskeleton organization	occurs_in(CL:2000008
GO:0030866	cortical actin cytoskeleton organization	occurs_in(CL:2000008
GO:0090002	establishment of protein localization to plasma membrane	occurs_in(CL:2000008
GO:0090002	establishment of protein localization to plasma membrane	occurs_in(CL:2000008
GO:0010628	positive regulation of gene expression	occurs_in(CL:2000008
GO:0090002	establishment of protein localization to plasma membrane	occurs_in(CL:2000008
GO:0045944	positive regulation of transcription from RNA polymerase II promoter	occurs_in(CL:2000008
GO:0090002	establishment of protein localization to plasma membrane	occurs_in(CL:2000008
GO:0035509	negative regulation of myosin-light-chain-phosphatase activity	occurs_in(CL:2000008
GO:1903140	regulation of establishment of endothelial barrier	occurs_in(CL:2000008
GO:0070498	interleukin-1-mediated signaling pathway	occurs_in(CL:2000008
GO:1903347	negative regulation of bicellular tight junction assembly	occurs_in(CL:2000008
GO:0090002	establishment of protein localization to plasma membrane	occurs_in(CL:2000008
GO:0010628	positive regulation of gene expression	occurs_in(CL:2000008
GO:0010628	positive regulation of gene expression	occurs_in(CL:2000008
GO:0010628	positive regulation of gene expression	occurs_in(CL:2000008
GO:1903142	positive regulation of establishment of endothelial barrier	occurs_in(CL:2000008)
GO:0033209	tumor necrosis factor-mediated signaling pathway	occurs_in(CL:2000008)
GO:1905461	positive regulation of vascular associated smooth muscle cell apoptotic process	occurs_in(CL:2000008)
GO:1903140	regulation of establishment of endothelial barrier	occurs_in(CL:2000008)
GO:0016525	negative regulation of angiogenesis	occurs_in(CL:2000008)
GO:0007043	cell-cell junction assembly	occurs_in(CL:2000008)
GO:0030866	cortical actin cytoskeleton organization	occurs_in(CL:2000008)
GO:1903347	negative regulation of bicellular tight junction assembly	occurs_in(CL:2000008)
GO:0090091	positive regulation of extracellular matrix disassembly	occurs_in(CL:2000008)
GO:0035508	positive regulation of myosin-light-chain-phosphatase activity	occurs_in(CL:2000008)
GO:0035195	gene silencing by miRNA	occurs_in(CL:2000008)
GO:0035195	gene silencing by miRNA	occurs_in(CL:2000008)
GO:0035195	gene silencing by miRNA	occurs_in(CL:2000008)
GO:0035195	gene silencing by miRNA	occurs_in(CL:2000016
GO:0043409	negative regulation of MAPK cascade	occurs_in(CL:2000016)
GO:0001933	negative regulation of protein phosphorylation	occurs_in(CL:2000016)
GO:0044533	positive regulation of apoptotic process in other organism	occurs_in(CL:2000016)
GO:0035897	proteolysis in other organism	occurs_in(CL:2000016)
GO:0071639	positive regulation of monocyte chemotactic protein-1 production	occurs_in(CL:2000042
GO:0071638	negative regulation of monocyte chemotactic protein-1 production	occurs_in(CL:2000042
GO:0035195	gene silencing by miRNA	occurs_in(CL:2000042)
GO:0070433	negative regulation of nucleotide-binding oligomerization domain containing 2 signaling pathway	occurs_in(CL:2000042)
GO:2000773	negative regulation of cellular senescence	occurs_in(CL:2000042)
GO:0017015	regulation of transforming growth factor beta receptor signaling pathway	occurs_in(CL:2000042)
GO:0060828	regulation of canonical Wnt signaling pathway	occurs_in(CL:2000042)
GO:0035195	gene silencing by miRNA	occurs_in(CL:2000042)
GO:1905515	non-motile cilium assembly	occurs_in(CL:2000042)
GO:0030100	regulation of endocytosis	occurs_in(CL:2000044)
GO:0030036	actin cytoskeleton organization	occurs_in(CL:2000044)
GO:0006897	endocytosis	occurs_in(CL:2000044)
GO:1901300	positive regulation of hydrogen peroxide-mediated programmed cell death	occurs_in(CL:2000046
GO:0010629	negative regulation of gene expression	occurs_in(CL:2000046
GO:0071456	cellular response to hypoxia	occurs_in(CL:2000046
GO:0035195	gene silencing by miRNA	occurs_in(CL:2000046
GO:0035195	gene silencing by miRNA	occurs_in(CL:2000046
GO:1905204	negative regulation of connective tissue replacement	occurs_in(CL:2000046
GO:0010667	negative regulation of cardiac muscle cell apoptotic process	occurs_in(CL:2000046
GO:0035195	gene silencing by miRNA	occurs_in(CL:2000046
GO:0035195	gene silencing by miRNA	occurs_in(CL:2000046
GO:0010628	positive regulation of gene expression	occurs_in(CL:2000046
GO:0051897	positive regulation of protein kinase B signaling	occurs_in(CL:2000046
GO:0051897	positive regulation of protein kinase B signaling	occurs_in(CL:2000046
GO:0035195	gene silencing by miRNA	occurs_in(CL:2000046
GO:0035195	gene silencing by miRNA	occurs_in(CL:2000046
GO:0035195	gene silencing by miRNA	occurs_in(CL:2000067
GO:0035195	gene silencing by miRNA	occurs_in(CL:2000067
GO:0035195	gene silencing by miRNA	occurs_in(CL:2000067
GO:0071222	cellular response to lipopolysaccharide	occurs_in(CL:2000074)
GO:0042102	positive regulation of T cell proliferation	occurs_in(CL:2000074)
GO:0002903	negative regulation of B cell apoptotic process	occurs_in(CL:2000074)
GO:0032211	negative regulation of telomere maintenance via telomerase	occurs_in(CL:2000079
GO:0035195	gene silencing by miRNA	occurs_in(CL:2000079
GO:2000774	positive regulation of cellular senescence	occurs_in(CL:2000079
GO:0010628	positive regulation of gene expression	occurs_in(CL:2000079
GO:0043065	positive regulation of apoptotic process	occurs_in(CL:2000079
GO:0035195	gene silencing by miRNA	occurs_in(CL:2000079
GO:0010628	positive regulation of gene expression	occurs_in(CL:2000079
GO:0010629	negative regulation of gene expression	occurs_in(CL:2000079
GO:0045944	positive regulation of transcription from RNA polymerase II promoter	occurs_in(CL:2000097
GO:0060070	canonical Wnt signaling pathway	occurs_in(CL:2000097)
GO:0042813	Wnt-activated receptor activity	occurs_in(CL:2000097)
GO:0010821	regulation of mitochondrion organization	occurs_in(CL:2000097)
GO:1990138	neuron projection extension	occurs_in(CL:2000097)
GO:0050808	synapse organization	occurs_in(CL:2000097)
GO:0043524	negative regulation of neuron apoptotic process	occurs_in(CL:2000097)
GO:0031149	sorocarp stalk cell differentiation	occurs_in(DDANAT:0000008)
GO:0044671	sorocarp spore cell differentiation	occurs_in(DDANAT:0000010)
GO:0000070	mitotic sister chromatid segregation	occurs_in(EMAPA:16033
GO:0006261	DNA-dependent DNA replication	occurs_in(EMAPA:16033)
GO:0006468	protein phosphorylation	occurs_in(EMAPA:16036
GO:0006468	protein phosphorylation	occurs_in(EMAPA:16036
GO:0007094	mitotic spindle assembly checkpoint	occurs_in(EMAPA:16036)
GO:0090307	mitotic spindle assembly	occurs_in(EMAPA:16036)
GO:0006366	transcription from RNA polymerase II promoter	occurs_in(EMAPA:16037)
GO:0006383	transcription from RNA polymerase III promoter	occurs_in(EMAPA:16037)
GO:0051568	histone H3-K4 methylation	occurs_in(EMAPA:16037)
GO:0051726	regulation of cell cycle	occurs_in(EMAPA:16039
GO:0008283	cell proliferation	occurs_in(EMAPA:16039
GO:0030216	keratinocyte differentiation	occurs_in(EMAPA:16039
GO:0016485	protein processing	occurs_in(EMAPA:16039
GO:0001755	neural crest cell migration	occurs_in(EMAPA:16039
GO:0001755	neural crest cell migration	occurs_in(EMAPA:16039
GO:0001755	neural crest cell migration	occurs_in(EMAPA:16039
GO:0001755	neural crest cell migration	occurs_in(EMAPA:16039
GO:0010468	regulation of gene expression	occurs_in(EMAPA:16039
GO:0010468	regulation of gene expression	occurs_in(EMAPA:16039
GO:0007067	mitotic nuclear division	occurs_in(EMAPA:16039
GO:0006878	cellular copper ion homeostasis	occurs_in(EMAPA:16039
GO:0007281	germ cell development	occurs_in(EMAPA:16039
GO:0007281	germ cell development	occurs_in(EMAPA:16039
GO:0016477	cell migration	occurs_in(EMAPA:16039
GO:0045665	negative regulation of neuron differentiation	occurs_in(EMAPA:16039
GO:0002062	chondrocyte differentiation	occurs_in(EMAPA:16039
GO:0001755	neural crest cell migration	occurs_in(EMAPA:16039
GO:0001755	neural crest cell migration	occurs_in(EMAPA:16039
GO:0001755	neural crest cell migration	occurs_in(EMAPA:16039
GO:0001755	neural crest cell migration	occurs_in(EMAPA:16039
GO:0001755	neural crest cell migration	occurs_in(EMAPA:16039
GO:0007093	mitotic cell cycle checkpoint	occurs_in(EMAPA:16039
GO:0050872	white fat cell differentiation	occurs_in(EMAPA:16039
GO:0014032	neural crest cell development	occurs_in(EMAPA:16039
GO:0010468	regulation of gene expression	occurs_in(EMAPA:16039
GO:0016485	protein processing	occurs_in(EMAPA:16039
GO:0008637	apoptotic mitochondrial changes	occurs_in(EMAPA:16039
GO:0030154	cell differentiation	occurs_in(EMAPA:16039
GO:0030154	cell differentiation	occurs_in(EMAPA:16039
GO:0010468	regulation of gene expression	occurs_in(EMAPA:16039
GO:0010468	regulation of gene expression	occurs_in(EMAPA:16039
GO:0010468	regulation of gene expression	occurs_in(EMAPA:16039
GO:0004523	RNA-DNA hybrid ribonuclease activity	occurs_in(EMAPA:16039
GO:0061642	chemoattraction of axon	occurs_in(EMAPA:16039
GO:0030182	neuron differentiation	occurs_in(EMAPA:16039
GO:0030036	actin cytoskeleton organization	occurs_in(EMAPA:16039
GO:0008543	fibroblast growth factor receptor signaling pathway	occurs_in(EMAPA:16039
GO:0045444	fat cell differentiation	occurs_in(EMAPA:16039
GO:0061643	chemorepulsion of axon	occurs_in(EMAPA:16039
GO:0032526	response to retinoic acid	occurs_in(EMAPA:16039
GO:0001755	neural crest cell migration	occurs_in(EMAPA:16039
GO:0000122	negative regulation of transcription from RNA polymerase II promoter	occurs_in(EMAPA:16039
GO:0006470	protein dephosphorylation	occurs_in(EMAPA:16039
GO:0006281	DNA repair	occurs_in(EMAPA:16039
GO:0010468	regulation of gene expression	occurs_in(EMAPA:16039
GO:0016926	protein desumoylation	occurs_in(EMAPA:16039
GO:0060152	microtubule-based peroxisome localization	occurs_in(EMAPA:16039
GO:0031076	embryonic camera-type eye development	occurs_in(EMAPA:16039)
GO:0048701	embryonic cranial skeleton morphogenesis	occurs_in(EMAPA:16039)
GO:0006491	N-glycan processing	occurs_in(EMAPA:16039)
GO:0043010	camera-type eye development	occurs_in(EMAPA:16039)
GO:0016188	synaptic vesicle maturation	occurs_in(EMAPA:16039)
GO:0035886	vascular smooth muscle cell differentiation	occurs_in(EMAPA:16039)
GO:0043065	positive regulation of apoptotic process	occurs_in(EMAPA:16039)
GO:0001843	neural tube closure	occurs_in(EMAPA:16039)
GO:0001756	somitogenesis	occurs_in(EMAPA:16039)
GO:1990403	embryonic brain development	occurs_in(EMAPA:16039)
GO:0060070	canonical Wnt signaling pathway	occurs_in(EMAPA:16039)
GO:0007509	mesoderm migration involved in gastrulation	occurs_in(EMAPA:16039)
GO:0050872	white fat cell differentiation	occurs_in(EMAPA:16039)
GO:0007409	axonogenesis	occurs_in(EMAPA:16039)
GO:0031630	regulation of synaptic vesicle fusion to presynaptic membrane	occurs_in(EMAPA:16039)
GO:0055015	ventricular cardiac muscle cell development	occurs_in(EMAPA:16039)
GO:2000504	positive regulation of blood vessel remodeling	occurs_in(EMAPA:16039)
GO:0007368	determination of left/right symmetry	occurs_in(EMAPA:16039)
GO:0012501	programmed cell death	occurs_in(EMAPA:16039)
GO:0030036	actin cytoskeleton organization	occurs_in(EMAPA:16039)
GO:0007389	pattern specification process	occurs_in(EMAPA:16039)
GO:0060947	cardiac vascular smooth muscle cell differentiation	occurs_in(EMAPA:16039)
GO:0042733	embryonic digit morphogenesis	occurs_in(EMAPA:16039)
GO:0060216	definitive hemopoiesis	occurs_in(EMAPA:16039)
GO:0046061	dATP catabolic process	occurs_in(EMAPA:16039)
GO:0042074	cell migration involved in gastrulation	occurs_in(EMAPA:16039)
GO:0030509	BMP signaling pathway	occurs_in(EMAPA:16039)
GO:0030509	BMP signaling pathway	occurs_in(EMAPA:16039)
GO:0001822	kidney development	occurs_in(EMAPA:16039)
GO:0001944	vasculature development	occurs_in(EMAPA:16039)
GO:0001755	neural crest cell migration	occurs_in(EMAPA:16039)
GO:0070986	left/right axis specification	occurs_in(EMAPA:16039)
GO:0060913	cardiac cell fate determination	occurs_in(EMAPA:16039)
GO:0042415	norepinephrine metabolic process	occurs_in(EMAPA:16039)
GO:0001958	endochondral ossification	occurs_in(EMAPA:16039)
GO:0021915	neural tube development	occurs_in(EMAPA:16039)
GO:0048589	developmental growth	occurs_in(EMAPA:16039)
GO:0001833	inner cell mass cell proliferation	occurs_in(EMAPA:16039)
GO:0005515	protein binding	occurs_in(EMAPA:16039)
GO:0005515	protein binding	occurs_in(EMAPA:16039)
GO:0005515	protein binding	occurs_in(EMAPA:16039)
GO:0071679	commissural neuron axon guidance	occurs_in(EMAPA:16039)
GO:0051219	phosphoprotein binding	occurs_in(EMAPA:16039)
GO:0004000	adenosine deaminase activity	occurs_in(EMAPA:16039)
GO:0046103	inosine biosynthetic process	occurs_in(EMAPA:16039)
GO:0035265	organ growth	occurs_in(EMAPA:16039)
GO:0045175	basal protein localization	occurs_in(EMAPA:16039)
GO:0045175	basal protein localization	occurs_in(EMAPA:16039)
GO:0045175	basal protein localization	occurs_in(EMAPA:16039)
GO:0045175	basal protein localization	occurs_in(EMAPA:16039)
GO:0050821	protein stabilization	occurs_in(EMAPA:16039)
GO:0042074	cell migration involved in gastrulation	occurs_in(EMAPA:16039)
GO:0007274	neuromuscular synaptic transmission	occurs_in(EMAPA:16039)
GO:0030900	forebrain development	occurs_in(EMAPA:16039)
GO:1902017	regulation of cilium assembly	occurs_in(EMAPA:16039)
GO:0016199	axon midline choice point recognition	occurs_in(EMAPA:16039)
GO:0046332	SMAD binding	occurs_in(EMAPA:16039)
GO:0046332	SMAD binding	occurs_in(EMAPA:16039)
GO:0046332	SMAD binding	occurs_in(EMAPA:16039)
GO:0060071	Wnt signaling pathway, planar cell polarity pathway	occurs_in(EMAPA:16039)
GO:0005515	protein binding	occurs_in(EMAPA:16039)
GO:0006157	deoxyadenosine catabolic process	occurs_in(EMAPA:16039)
GO:0045176	apical protein localization	occurs_in(EMAPA:16039)
GO:0045176	apical protein localization	occurs_in(EMAPA:16039)
GO:0045176	apical protein localization	occurs_in(EMAPA:16039)
GO:0045176	apical protein localization	occurs_in(EMAPA:16039)
GO:0035050	embryonic heart tube development	occurs_in(EMAPA:16039)
GO:0031589	cell-substrate adhesion	occurs_in(EMAPA:16039)
GO:0060379	cardiac muscle cell myoblast differentiation	occurs_in(EMAPA:16039)
GO:0008234	cysteine-type peptidase activity	occurs_in(EMAPA:16039)
GO:0007265	Ras protein signal transduction	occurs_in(EMAPA:16039)
GO:0008589	regulation of smoothened signaling pathway	occurs_in(EMAPA:16039)
GO:0007224	smoothened signaling pathway	occurs_in(EMAPA:16039)
GO:0030903	notochord development	occurs_in(EMAPA:16039)
GO:0001764	neuron migration	occurs_in(EMAPA:16039)
GO:0048339	paraxial mesoderm development	occurs_in(EMAPA:16039)
GO:0001568	blood vessel development	occurs_in(EMAPA:16039)
GO:0016337	single organismal cell-cell adhesion	occurs_in(EMAPA:16039)
GO:0055003	cardiac myofibril assembly	occurs_in(EMAPA:16039)
GO:0061308	cardiac neural crest cell development involved in heart development	occurs_in(EMAPA:16039)
GO:0006154	adenosine catabolic process	occurs_in(EMAPA:16039)
GO:0009880	embryonic pattern specification	occurs_in(EMAPA:16039)
GO:0071711	basement membrane organization	occurs_in(EMAPA:16039)
GO:0021510	spinal cord development	occurs_in(EMAPA:16039)
GO:0060972	left/right pattern formation	occurs_in(EMAPA:16039)
GO:0030038	contractile actin filament bundle assembly	occurs_in(EMAPA:16039)
GO:0009880	embryonic pattern specification	occurs_in(EMAPA:16039)
GO:0048341	paraxial mesoderm formation	occurs_in(EMAPA:16039)
GO:0030199	collagen fibril organization	occurs_in(EMAPA:16039)
GO:0042493	response to drug	occurs_in(EMAPA:16039)
GO:0042493	response to drug	occurs_in(EMAPA:16039)
GO:0042493	response to drug	occurs_in(EMAPA:16039)
GO:0060322	head development	occurs_in(EMAPA:16039)
GO:0016079	synaptic vesicle exocytosis	occurs_in(EMAPA:16039)
GO:0030278	regulation of ossification	occurs_in(EMAPA:16039)
GO:0070586	cell-cell adhesion involved in gastrulation	occurs_in(EMAPA:16039)
GO:0021532	neural tube patterning	occurs_in(EMAPA:16039)
GO:0060982	coronary artery morphogenesis	occurs_in(EMAPA:16039)
GO:0033278	cell proliferation in midbrain	occurs_in(EMAPA:16039)
GO:0007224	smoothened signaling pathway	occurs_in(EMAPA:16039)
GO:0003402	planar cell polarity pathway involved in axis elongation	occurs_in(EMAPA:16039)
GO:0006264	mitochondrial DNA replication	occurs_in(EMAPA:16039)
GO:0060972	left/right pattern formation	occurs_in(EMAPA:16039)
GO:0060972	left/right pattern formation	occurs_in(EMAPA:16039)
GO:0060271	cilium assembly	occurs_in(EMAPA:16039)
GO:0016055	Wnt signaling pathway	occurs_in(EMAPA:16039)
GO:0035987	endodermal cell differentiation	occurs_in(EMAPA:16039)
GO:0008233	peptidase activity	occurs_in(EMAPA:16039)
GO:0001828	inner cell mass cellular morphogenesis	occurs_in(EMAPA:16039)
GO:0008283	cell proliferation	occurs_in(EMAPA:16039)
GO:0008283	cell proliferation	occurs_in(EMAPA:16039)
GO:0008283	cell proliferation	occurs_in(EMAPA:16040)
GO:0016070	RNA metabolic process	occurs_in(EMAPA:16040)
GO:0009303	rRNA transcription	occurs_in(EMAPA:16040)
GO:0001829	trophectodermal cell differentiation	occurs_in(EMAPA:16040)
GO:0051568	histone H3-K4 methylation	occurs_in(EMAPA:16040)
GO:0045596	negative regulation of cell differentiation	occurs_in(EMAPA:16041
GO:0000824	inositol tetrakisphosphate 3-kinase activity	occurs_in(EMAPA:16041
GO:0045597	positive regulation of cell differentiation	occurs_in(EMAPA:16041
GO:0032958	inositol phosphate biosynthetic process	occurs_in(EMAPA:16041
GO:0001833	inner cell mass cell proliferation	occurs_in(EMAPA:16041
GO:0008440	inositol-1,4,5-trisphosphate 3-kinase activity	occurs_in(EMAPA:16041
GO:0006260	DNA replication	occurs_in(EMAPA:16041
GO:0010332	response to gamma radiation	occurs_in(EMAPA:16041)
GO:0001833	inner cell mass cell proliferation	occurs_in(EMAPA:16041)
GO:0001826	inner cell mass cell differentiation	occurs_in(EMAPA:16041)
GO:0007067	mitotic nuclear division	occurs_in(EMAPA:16042
GO:0030154	cell differentiation	occurs_in(EMAPA:16042
GO:0030099	myeloid cell differentiation	occurs_in(EMAPA:16042
GO:0030099	myeloid cell differentiation	occurs_in(EMAPA:16042
GO:0001829	trophectodermal cell differentiation	occurs_in(EMAPA:16042
GO:0015012	heparan sulfate proteoglycan biosynthetic process	occurs_in(EMAPA:16042
GO:0015012	heparan sulfate proteoglycan biosynthetic process	occurs_in(EMAPA:16042
GO:0001570	vasculogenesis	occurs_in(EMAPA:16042)
GO:0042127	regulation of cell proliferation	occurs_in(EMAPA:16042)
GO:0042127	regulation of cell proliferation	occurs_in(EMAPA:16042)
GO:0060707	trophoblast giant cell differentiation	occurs_in(EMAPA:16042)
GO:0030199	collagen fibril organization	occurs_in(EMAPA:16042)
GO:0042127	regulation of cell proliferation	occurs_in(EMAPA:16042)
GO:0060708	spongiotrophoblast differentiation	occurs_in(EMAPA:16042)
GO:0000768	syncytium formation by plasma membrane fusion	occurs_in(EMAPA:16042)
GO:0097150	neuronal stem cell population maintenance	occurs_in(EMAPA:16042)
GO:0060215	primitive hemopoiesis	occurs_in(EMAPA:16042)
GO:0001568	blood vessel development	occurs_in(EMAPA:16042)
GO:0060706	cell differentiation involved in embryonic placenta development	occurs_in(EMAPA:16042)
GO:0060707	trophoblast giant cell differentiation	occurs_in(EMAPA:16042)
GO:0001829	trophectodermal cell differentiation	occurs_in(EMAPA:16042)
GO:0015909	long-chain fatty acid transport	occurs_in(EMAPA:16042)
GO:0005515	protein binding	occurs_in(EMAPA:16042)
GO:0004074	biliverdin reductase activity	occurs_in(EMAPA:16042)
GO:0030198	extracellular matrix organization	occurs_in(EMAPA:16042)
GO:0042953	lipoprotein transport	occurs_in(EMAPA:16046
GO:0030154	cell differentiation	occurs_in(EMAPA:16046
GO:0030855	epithelial cell differentiation	occurs_in(EMAPA:16046
GO:0030855	epithelial cell differentiation	occurs_in(EMAPA:16046
GO:0001829	trophectodermal cell differentiation	occurs_in(EMAPA:16046
GO:0001829	trophectodermal cell differentiation	occurs_in(EMAPA:16046
GO:0001829	trophectodermal cell differentiation	occurs_in(EMAPA:16046
GO:0001829	trophectodermal cell differentiation	occurs_in(EMAPA:16046
GO:0030154	cell differentiation	occurs_in(EMAPA:16046
GO:0001834	trophectodermal cell proliferation	occurs_in(EMAPA:16046
GO:0006898	receptor-mediated endocytosis	occurs_in(EMAPA:16046
GO:0035019	somatic stem cell population maintenance	occurs_in(EMAPA:16046)
GO:0001831	trophectodermal cellular morphogenesis	occurs_in(EMAPA:16046)
GO:0030154	cell differentiation	occurs_in(EMAPA:16047
GO:0045198	establishment of epithelial cell apical/basal polarity	occurs_in(EMAPA:16050
GO:0016477	cell migration	occurs_in(EMAPA:16050)
GO:0043009	chordate embryonic development	occurs_in(EMAPA:16050)
GO:0060070	canonical Wnt signaling pathway	occurs_in(EMAPA:16050)
GO:0045597	positive regulation of cell differentiation	occurs_in(EMAPA:16051
GO:0030154	cell differentiation	occurs_in(EMAPA:16051
GO:0000904	cell morphogenesis involved in differentiation	occurs_in(EMAPA:16052
GO:0000122	negative regulation of transcription from RNA polymerase II promoter	occurs_in(EMAPA:16052
GO:0007492	endoderm development	occurs_in(EMAPA:16052)
GO:0019827	stem cell population maintenance	occurs_in(EMAPA:16052)
GO:0030198	extracellular matrix organization	occurs_in(EMAPA:16057)
GO:0006907	pinocytosis	occurs_in(EMAPA:16058
GO:0006907	pinocytosis	occurs_in(EMAPA:16058
GO:0006907	pinocytosis	occurs_in(EMAPA:16058
GO:0000904	cell morphogenesis involved in differentiation	occurs_in(EMAPA:16058
GO:0007389	pattern specification process	occurs_in(EMAPA:16058)
GO:0030509	BMP signaling pathway	occurs_in(EMAPA:16058)
GO:0030509	BMP signaling pathway	occurs_in(EMAPA:16058)
GO:0045175	basal protein localization	occurs_in(EMAPA:16058)
GO:0045176	apical protein localization	occurs_in(EMAPA:16058)
GO:0045176	apical protein localization	occurs_in(EMAPA:16058)
GO:0045197	establishment or maintenance of epithelial cell apical/basal polarity	occurs_in(EMAPA:16058)
GO:0048010	vascular endothelial growth factor receptor signaling pathway	occurs_in(EMAPA:16062
GO:0042074	cell migration involved in gastrulation	occurs_in(EMAPA:16062)
GO:0042074	cell migration involved in gastrulation	occurs_in(EMAPA:16062)
GO:0042074	cell migration involved in gastrulation	occurs_in(EMAPA:16062)
GO:0000904	cell morphogenesis involved in differentiation	occurs_in(EMAPA:16063
GO:0008283	cell proliferation	occurs_in(EMAPA:16065
GO:0000187	activation of MAPK activity	occurs_in(EMAPA:16065
GO:0000187	activation of MAPK activity	occurs_in(EMAPA:16065
GO:0001712	ectodermal cell fate commitment	occurs_in(EMAPA:16065)
GO:0008283	cell proliferation	occurs_in(EMAPA:16069
GO:0002085	inhibition of neuroepithelial cell differentiation	occurs_in(EMAPA:16069)
GO:0042074	cell migration involved in gastrulation	occurs_in(EMAPA:16070
GO:0090134	cell migration involved in mesendoderm migration	occurs_in(EMAPA:16070
GO:0090134	cell migration involved in mesendoderm migration	occurs_in(EMAPA:16070
GO:0008078	mesodermal cell migration	occurs_in(EMAPA:16070
GO:0008078	mesodermal cell migration	occurs_in(EMAPA:16070
GO:0030036	actin cytoskeleton organization	occurs_in(EMAPA:16071
GO:0090134	cell migration involved in mesendoderm migration	occurs_in(EMAPA:16071
GO:0090134	cell migration involved in mesendoderm migration	occurs_in(EMAPA:16071
GO:0008078	mesodermal cell migration	occurs_in(EMAPA:16071
GO:0008078	mesodermal cell migration	occurs_in(EMAPA:16071
GO:0008078	mesodermal cell migration	occurs_in(EMAPA:16071
GO:0042074	cell migration involved in gastrulation	occurs_in(EMAPA:16072
GO:0044782	cilium organization	occurs_in(EMAPA:16072)
GO:0048561	establishment of animal organ orientation	occurs_in(EMAPA:16072)
GO:0042074	cell migration involved in gastrulation	occurs_in(EMAPA:16072)
GO:0030036	actin cytoskeleton organization	occurs_in(EMAPA:16073
GO:1905515	non-motile cilium assembly	occurs_in(EMAPA:16073)
GO:0060271	cilium assembly	occurs_in(EMAPA:16075
GO:1905515	non-motile cilium assembly	occurs_in(EMAPA:16075)
GO:2000095	regulation of Wnt signaling pathway, planar cell polarity pathway	occurs_in(EMAPA:16075)
GO:0044458	motile cilium assembly	occurs_in(EMAPA:16075)
GO:0003341	cilium movement	occurs_in(EMAPA:16075)
GO:0060271	cilium assembly	occurs_in(EMAPA:16075)
GO:0000904	cell morphogenesis involved in differentiation	occurs_in(EMAPA:16075)
GO:0035082	axoneme assembly	occurs_in(EMAPA:16075)
GO:0070986	left/right axis specification	occurs_in(EMAPA:16075)
GO:0003682	chromatin binding	occurs_in(EMAPA:16085
GO:0003682	chromatin binding	occurs_in(EMAPA:16085
GO:0060319	primitive erythrocyte differentiation	occurs_in(EMAPA:16085)
GO:0001570	vasculogenesis	occurs_in(EMAPA:16085)
GO:0001568	blood vessel development	occurs_in(EMAPA:16085)
GO:0001568	blood vessel development	occurs_in(EMAPA:16085)
GO:0001569	branching involved in blood vessel morphogenesis	occurs_in(EMAPA:16085)
GO:0001525	angiogenesis	occurs_in(EMAPA:16085)
GO:0001568	blood vessel development	occurs_in(EMAPA:16085)
GO:0030182	neuron differentiation	occurs_in(EMAPA:16092
GO:0042573	retinoic acid metabolic process	occurs_in(EMAPA:16096)
GO:0007389	pattern specification process	occurs_in(EMAPA:16096)
GO:0014031	mesenchymal cell development	occurs_in(EMAPA:16098
GO:0008543	fibroblast growth factor receptor signaling pathway	occurs_in(EMAPA:16098
GO:0000165	MAPK cascade	occurs_in(EMAPA:16098
GO:0070534	protein K63-linked ubiquitination	occurs_in(EMAPA:16098
GO:0043534	blood vessel endothelial cell migration	occurs_in(EMAPA:16104
GO:0001570	vasculogenesis	occurs_in(EMAPA:16104
GO:0016477	cell migration	occurs_in(EMAPA:16104
GO:0016477	cell migration	occurs_in(EMAPA:16104
GO:0016477	cell migration	occurs_in(EMAPA:16104
GO:0016477	cell migration	occurs_in(EMAPA:16104
GO:0016477	cell migration	occurs_in(EMAPA:16104
GO:0042692	muscle cell differentiation	occurs_in(EMAPA:16104
GO:0007015	actin filament organization	occurs_in(EMAPA:16104
GO:0051145	smooth muscle cell differentiation	occurs_in(EMAPA:16104
GO:0055001	muscle cell development	occurs_in(EMAPA:16104
GO:0002042	cell migration involved in sprouting angiogenesis	occurs_in(EMAPA:16104
GO:0001570	vasculogenesis	occurs_in(EMAPA:16104)
GO:0045214	sarcomere organization	occurs_in(EMAPA:16104)
GO:0001568	blood vessel development	occurs_in(EMAPA:16104)
GO:0001569	branching involved in blood vessel morphogenesis	occurs_in(EMAPA:16104)
GO:0001568	blood vessel development	occurs_in(EMAPA:16104)
GO:0030199	collagen fibril organization	occurs_in(EMAPA:16104)
GO:0003197	endocardial cushion development	occurs_in(EMAPA:16104)
GO:0030163	protein catabolic process	occurs_in(EMAPA:16104)
GO:0060854	branching involved in lymph vessel morphogenesis	occurs_in(EMAPA:16104)
GO:0001568	blood vessel development	occurs_in(EMAPA:16104)
GO:0048010	vascular endothelial growth factor receptor signaling pathway	occurs_in(EMAPA:16104)
GO:0001569	branching involved in blood vessel morphogenesis	occurs_in(EMAPA:16104)
GO:0060923	cardiac muscle cell fate commitment	occurs_in(EMAPA:16105
GO:0048739	cardiac muscle fiber development	occurs_in(EMAPA:16105
GO:0048739	cardiac muscle fiber development	occurs_in(EMAPA:16105
GO:0006941	striated muscle contraction	occurs_in(EMAPA:16105
GO:0044325	ion channel binding	occurs_in(EMAPA:16105
GO:0003167	atrioventricular bundle cell differentiation	occurs_in(EMAPA:16105
GO:0045944	positive regulation of transcription from RNA polymerase II promoter	occurs_in(EMAPA:16105
GO:0048468	cell development	occurs_in(EMAPA:16105
GO:0055013	cardiac muscle cell development	occurs_in(EMAPA:16105
GO:0030239	myofibril assembly	occurs_in(EMAPA:16105
GO:0007005	mitochondrion organization	occurs_in(EMAPA:16105
GO:0007368	determination of left/right symmetry	occurs_in(EMAPA:16105
GO:1990841	promoter-specific chromatin binding	occurs_in(EMAPA:16105
GO:0005515	protein binding	occurs_in(EMAPA:16105
GO:0005515	protein binding	occurs_in(EMAPA:16105
GO:0003677	DNA binding	occurs_in(EMAPA:16105
GO:0070836	caveola assembly	occurs_in(EMAPA:16105
GO:0016049	cell growth	occurs_in(EMAPA:16105
GO:0007005	mitochondrion organization	occurs_in(EMAPA:16105
GO:0055003	cardiac myofibril assembly	occurs_in(EMAPA:16105
GO:0018105	peptidyl-serine phosphorylation	occurs_in(EMAPA:16105
GO:0008283	cell proliferation	occurs_in(EMAPA:16105
GO:0060038	cardiac muscle cell proliferation	occurs_in(EMAPA:16105
GO:0072661	protein targeting to plasma membrane	occurs_in(EMAPA:16105
GO:0051209	release of sequestered calcium ion into cytosol	occurs_in(EMAPA:16105
GO:0003682	chromatin binding	occurs_in(EMAPA:16105
GO:0001077	transcriptional activator activity, RNA polymerase II core promoter proximal region sequence-specific binding	occurs_in(EMAPA:16105
GO:0055013	cardiac muscle cell development	occurs_in(EMAPA:16105
GO:0008543	fibroblast growth factor receptor signaling pathway	occurs_in(EMAPA:16105
GO:0045944	positive regulation of transcription from RNA polymerase II promoter	occurs_in(EMAPA:16105
GO:0006874	cellular calcium ion homeostasis	occurs_in(EMAPA:16105
GO:0007009	plasma membrane organization	occurs_in(EMAPA:16105
GO:0048010	vascular endothelial growth factor receptor signaling pathway	occurs_in(EMAPA:16105
GO:0048010	vascular endothelial growth factor receptor signaling pathway	occurs_in(EMAPA:16105
GO:0000122	negative regulation of transcription from RNA polymerase II promoter	occurs_in(EMAPA:16105
GO:0000122	negative regulation of transcription from RNA polymerase II promoter	occurs_in(EMAPA:16105
GO:1902957	negative regulation of mitochondrial electron transport, NADH to ubiquinone	occurs_in(EMAPA:16105
GO:0006914	autophagy	occurs_in(EMAPA:16105
GO:0007006	mitochondrial membrane organization	occurs_in(EMAPA:16105
GO:0007006	mitochondrial membrane organization	occurs_in(EMAPA:16105
GO:0007006	mitochondrial membrane organization	occurs_in(EMAPA:16105
GO:0051481	negative regulation of cytosolic calcium ion concentration	occurs_in(EMAPA:16105
GO:0055007	cardiac muscle cell differentiation	occurs_in(EMAPA:16105
GO:0004862	cAMP-dependent protein kinase inhibitor activity	occurs_in(EMAPA:16105)
GO:0006154	adenosine catabolic process	occurs_in(EMAPA:16105)
GO:0046103	inosine biosynthetic process	occurs_in(EMAPA:16105)
GO:0001570	vasculogenesis	occurs_in(EMAPA:16105)
GO:0004602	glutathione peroxidase activity	occurs_in(EMAPA:16105)
GO:0001947	heart looping	occurs_in(EMAPA:16105)
GO:0061309	cardiac neural crest cell development involved in outflow tract morphogenesis	occurs_in(EMAPA:16105)
GO:0030239	myofibril assembly	occurs_in(EMAPA:16105)
GO:0004016	adenylate cyclase activity	occurs_in(EMAPA:16105)
GO:0006744	ubiquinone biosynthetic process	occurs_in(EMAPA:16105)
GO:0003978	UDP-glucose 4-epimerase activity	occurs_in(EMAPA:16105)
GO:0061623	glycolytic process from galactose	occurs_in(EMAPA:16105)
GO:0061337	cardiac conduction	occurs_in(EMAPA:16105)
GO:0070588	calcium ion transmembrane transport	occurs_in(EMAPA:16105)
GO:0003876	AMP deaminase activity	occurs_in(EMAPA:16105)
GO:0051928	positive regulation of calcium ion transport	occurs_in(EMAPA:16105)
GO:0004602	glutathione peroxidase activity	occurs_in(EMAPA:16105)
GO:0007189	adenylate cyclase-activating G-protein coupled receptor signaling pathway	occurs_in(EMAPA:16105)
GO:0007005	mitochondrion organization	occurs_in(EMAPA:16105)
GO:0035265	organ growth	occurs_in(EMAPA:16105)
GO:0001569	branching involved in blood vessel morphogenesis	occurs_in(EMAPA:16105)
GO:0070986	left/right axis specification	occurs_in(EMAPA:16105)
GO:0016791	phosphatase activity	occurs_in(EMAPA:16105)
GO:0014876	response to injury involved in regulation of muscle adaptation	occurs_in(EMAPA:16105)
GO:0086091	regulation of heart rate by cardiac conduction	occurs_in(EMAPA:16105)
GO:0003876	AMP deaminase activity	occurs_in(EMAPA:16105)
GO:0003876	AMP deaminase activity	occurs_in(EMAPA:16105)
GO:0016226	iron-sulfur cluster assembly	occurs_in(EMAPA:16105)
GO:0002931	response to ischemia	occurs_in(EMAPA:16105)
GO:0004807	triose-phosphate isomerase activity	occurs_in(EMAPA:16105)
GO:0004940	beta1-adrenergic receptor activity	occurs_in(EMAPA:16105)
GO:0033108	mitochondrial respiratory chain complex assembly	occurs_in(EMAPA:16105)
GO:0005980	glycogen catabolic process	occurs_in(EMAPA:16105)
GO:0007040	lysosome organization	occurs_in(EMAPA:16105)
GO:0003197	endocardial cushion development	occurs_in(EMAPA:16105)
GO:0003199	endocardial cushion to mesenchymal transition involved in heart valve formation	occurs_in(EMAPA:16105)
GO:0008108	UDP-glucose:hexose-1-phosphate uridylyltransferase activity	occurs_in(EMAPA:16105)
GO:0006878	cellular copper ion homeostasis	occurs_in(EMAPA:16105)
GO:0002029	desensitization of G-protein coupled receptor protein signaling pathway	occurs_in(EMAPA:16105)
GO:0007040	lysosome organization	occurs_in(EMAPA:16105)
GO:0004335	galactokinase activity	occurs_in(EMAPA:16105)
GO:0033499	galactose catabolic process via UDP-galactose	occurs_in(EMAPA:16105)
GO:0001570	vasculogenesis	occurs_in(EMAPA:16105)
GO:0045214	sarcomere organization	occurs_in(EMAPA:16105)
GO:0005388	calcium-transporting ATPase activity	occurs_in(EMAPA:16105)
GO:0004000	adenosine deaminase activity	occurs_in(EMAPA:16105)
GO:0004784	superoxide dismutase activity	occurs_in(EMAPA:16105)
GO:0038083	peptidyl-tyrosine autophosphorylation	occurs_in(EMAPA:16105)
GO:0042278	purine nucleoside metabolic process	occurs_in(EMAPA:16105)
GO:0004563	beta-N-acetylhexosaminidase activity	occurs_in(EMAPA:16105)
GO:0003278	apoptotic process involved in heart morphogenesis	occurs_in(EMAPA:16105)
GO:0044325	ion channel binding	occurs_in(EMAPA:16105)
GO:0051592	response to calcium ion	occurs_in(EMAPA:16105)
GO:0045596	negative regulation of cell differentiation	occurs_in(EMAPA:16105)
GO:0004937	alpha1-adrenergic receptor activity	occurs_in(EMAPA:16105)
GO:0005245	voltage-gated calcium channel activity	occurs_in(EMAPA:16105)
GO:0060038	cardiac muscle cell proliferation	occurs_in(EMAPA:16105)
GO:0060038	cardiac muscle cell proliferation	occurs_in(EMAPA:16105)
GO:0009437	carnitine metabolic process	occurs_in(EMAPA:16105)
GO:0006188	IMP biosynthetic process	occurs_in(EMAPA:16105)
GO:0006188	IMP biosynthetic process	occurs_in(EMAPA:16105)
GO:0004000	adenosine deaminase activity	occurs_in(EMAPA:16105)
GO:0006154	adenosine catabolic process	occurs_in(EMAPA:16105)
GO:0046103	inosine biosynthetic process	occurs_in(EMAPA:16105)
GO:0004347	glucose-6-phosphate isomerase activity	occurs_in(EMAPA:16105)
GO:0004465	lipoprotein lipase activity	occurs_in(EMAPA:16105)
GO:0004634	phosphopyruvate hydratase activity	occurs_in(EMAPA:16105)
GO:0004363	glutathione synthase activity	occurs_in(EMAPA:16105)
GO:0004937	alpha1-adrenergic receptor activity	occurs_in(EMAPA:16105)
GO:0033499	galactose catabolic process via UDP-galactose	occurs_in(EMAPA:16105)
GO:0007368	determination of left/right symmetry	occurs_in(EMAPA:16105)
GO:0007368	determination of left/right symmetry	occurs_in(EMAPA:16105)
GO:0003988	acetyl-CoA C-acyltransferase activity	occurs_in(EMAPA:16105)
GO:0055003	cardiac myofibril assembly	occurs_in(EMAPA:16105)
GO:0005515	protein binding	occurs_in(EMAPA:16105)
GO:0003779	actin binding	occurs_in(EMAPA:16105)
GO:0005102	receptor binding	occurs_in(EMAPA:16105)
GO:0097009	energy homeostasis	occurs_in(EMAPA:16105)
GO:0004784	superoxide dismutase activity	occurs_in(EMAPA:16105)
GO:0004807	triose-phosphate isomerase activity	occurs_in(EMAPA:16105)
GO:0004731	purine-nucleoside phosphorylase activity	occurs_in(EMAPA:16105)
GO:0060271	cilium assembly	occurs_in(EMAPA:16105)
GO:0048747	muscle fiber development	occurs_in(EMAPA:16105)
GO:0055007	cardiac muscle cell differentiation	occurs_in(EMAPA:16105)
GO:0004743	pyruvate kinase activity	occurs_in(EMAPA:16105)
GO:0004558	alpha-1,4-glucosidase activity	occurs_in(EMAPA:16105)
GO:0060914	heart formation	occurs_in(EMAPA:16105)
GO:0043490	malate-aspartate shuttle	occurs_in(EMAPA:16105)
GO:0006914	autophagy	occurs_in(EMAPA:16105)
GO:0008179	adenylate cyclase binding	occurs_in(EMAPA:16105)
GO:0006874	cellular calcium ion homeostasis	occurs_in(EMAPA:16105)
GO:0006154	adenosine catabolic process	occurs_in(EMAPA:16105)
GO:0046103	inosine biosynthetic process	occurs_in(EMAPA:16105)
GO:0061312	BMP signaling pathway involved in heart development	occurs_in(EMAPA:16105)
GO:0004558	alpha-1,4-glucosidase activity	occurs_in(EMAPA:16105)
GO:0004558	alpha-1,4-glucosidase activity	occurs_in(EMAPA:16105)
GO:0045333	cellular respiration	occurs_in(EMAPA:16105)
GO:0097110	scaffold protein binding	occurs_in(EMAPA:16105)
GO:0006941	striated muscle contraction	occurs_in(EMAPA:16105)
GO:0061623	glycolytic process from galactose	occurs_in(EMAPA:16105)
GO:0007368	determination of left/right symmetry	occurs_in(EMAPA:16105)
GO:0001568	blood vessel development	occurs_in(EMAPA:16105)
GO:0007507	heart development	occurs_in(EMAPA:16105)
GO:0016509	long-chain-3-hydroxyacyl-CoA dehydrogenase activity	occurs_in(EMAPA:16105)
GO:0070986	left/right axis specification	occurs_in(EMAPA:16105)
GO:0016757	transferase activity, transferring glycosyl groups	occurs_in(EMAPA:16105)
GO:0048739	cardiac muscle fiber development	occurs_in(EMAPA:16105)
GO:0006338	chromatin remodeling	occurs_in(EMAPA:16105)
GO:0060384	innervation	occurs_in(EMAPA:16105)
GO:0030507	spectrin binding	occurs_in(EMAPA:16105)
GO:0004000	adenosine deaminase activity	occurs_in(EMAPA:16105)
GO:0004674	protein serine/threonine kinase activity	occurs_in(EMAPA:16105)
GO:0004941	beta2-adrenergic receptor activity	occurs_in(EMAPA:16105)
GO:0004558	alpha-1,4-glucosidase activity	occurs_in(EMAPA:16105)
GO:0005980	glycogen catabolic process	occurs_in(EMAPA:16105)
GO:0070986	left/right axis specification	occurs_in(EMAPA:16105)
GO:0005391	sodium:potassium-exchanging ATPase activity	occurs_in(EMAPA:16105)
GO:0014070	response to organic cyclic compound	occurs_in(EMAPA:16105)
GO:0015844	monoamine transport	occurs_in(EMAPA:16105)
GO:0003260	cardioblast migration	occurs_in(EMAPA:16106)
GO:0030154	cell differentiation	occurs_in(EMAPA:16107
GO:0001570	vasculogenesis	occurs_in(EMAPA:16107)
GO:0030154	cell differentiation	occurs_in(EMAPA:16112
GO:0030198	extracellular matrix organization	occurs_in(EMAPA:16112)
GO:0001077	transcriptional activator activity, RNA polymerase II core promoter proximal region sequence-specific binding	occurs_in(EMAPA:16115
GO:0001077	transcriptional activator activity, RNA polymerase II core promoter proximal region sequence-specific binding	occurs_in(EMAPA:16115
GO:0001077	transcriptional activator activity, RNA polymerase II core promoter proximal region sequence-specific binding	occurs_in(EMAPA:16115
GO:0007281	germ cell development	occurs_in(EMAPA:16116)
GO:0001755	neural crest cell migration	occurs_in(EMAPA:16117
GO:0048863	stem cell differentiation	occurs_in(EMAPA:16117
GO:0007389	pattern specification process	occurs_in(EMAPA:16117)
GO:0048625	myoblast fate commitment	occurs_in(EMAPA:16118
GO:0014032	neural crest cell development	occurs_in(EMAPA:16118
GO:0014032	neural crest cell development	occurs_in(EMAPA:16129
GO:0002687	positive regulation of leukocyte migration	occurs_in(EMAPA:16138
GO:0030593	neutrophil chemotaxis	occurs_in(EMAPA:16138
GO:0051209	release of sequestered calcium ion into cytosol	occurs_in(EMAPA:16138
GO:0006874	cellular calcium ion homeostasis	occurs_in(EMAPA:16138
GO:0030593	neutrophil chemotaxis	occurs_in(EMAPA:16138
GO:0030593	neutrophil chemotaxis	occurs_in(EMAPA:16138
GO:0060375	regulation of mast cell differentiation	occurs_in(EMAPA:16138
GO:0045579	positive regulation of B cell differentiation	occurs_in(EMAPA:16138
GO:0045730	respiratory burst	occurs_in(EMAPA:16138
GO:0002687	positive regulation of leukocyte migration	occurs_in(EMAPA:16138
GO:0002687	positive regulation of leukocyte migration	occurs_in(EMAPA:16138
GO:0006833	water transport	occurs_in(EMAPA:16138)
GO:0002232	leukocyte chemotaxis involved in inflammatory response	occurs_in(EMAPA:16138)
GO:0032496	response to lipopolysaccharide	occurs_in(EMAPA:16138)
GO:0042056	chemoattractant activity	occurs_in(EMAPA:16138)
GO:0006833	water transport	occurs_in(EMAPA:16139)
GO:0030182	neuron differentiation	occurs_in(EMAPA:16140
GO:0042573	retinoic acid metabolic process	occurs_in(EMAPA:16144)
GO:0042573	retinoic acid metabolic process	occurs_in(EMAPA:16144)
GO:0048010	vascular endothelial growth factor receptor signaling pathway	occurs_in(EMAPA:16164
GO:0090179	planar cell polarity pathway involved in neural tube closure	occurs_in(EMAPA:16164)
GO:0045175	basal protein localization	occurs_in(EMAPA:16164)
GO:1905515	non-motile cilium assembly	occurs_in(EMAPA:16164)
GO:0045176	apical protein localization	occurs_in(EMAPA:16164)
GO:0035082	axoneme assembly	occurs_in(EMAPA:16164)
GO:0060271	cilium assembly	occurs_in(EMAPA:16164)
GO:1902857	positive regulation of non-motile cilium assembly	occurs_in(EMAPA:16164)
GO:0030154	cell differentiation	occurs_in(EMAPA:16165)
GO:0060271	cilium assembly	occurs_in(EMAPA:16165)
GO:0014032	neural crest cell development	occurs_in(EMAPA:16169
GO:0001755	neural crest cell migration	occurs_in(EMAPA:16169)
GO:0090244	Wnt signaling pathway involved in somitogenesis	occurs_in(EMAPA:16171)
GO:0021998	neural plate mediolateral regionalization	occurs_in(EMAPA:16172)
GO:0009855	determination of bilateral symmetry	occurs_in(EMAPA:16172)
GO:0060271	cilium assembly	occurs_in(EMAPA:16179)
GO:0035082	axoneme assembly	occurs_in(EMAPA:16179)
GO:0001755	neural crest cell migration	occurs_in(EMAPA:16182
GO:0045499	chemorepellent activity	occurs_in(EMAPA:16182
GO:0001755	neural crest cell migration	occurs_in(EMAPA:16182
GO:0014032	neural crest cell development	occurs_in(EMAPA:16182
GO:0007224	smoothened signaling pathway	occurs_in(EMAPA:16183
GO:0003402	planar cell polarity pathway involved in axis elongation	occurs_in(EMAPA:16183)
GO:0090246	convergent extension involved in somitogenesis	occurs_in(EMAPA:16183)
GO:0060070	canonical Wnt signaling pathway	occurs_in(EMAPA:16183)
GO:0060028	convergent extension involved in axis elongation	occurs_in(EMAPA:16183)
GO:0060028	convergent extension involved in axis elongation	occurs_in(EMAPA:16183)
GO:0051451	myoblast migration	occurs_in(EMAPA:16184
GO:0007389	pattern specification process	occurs_in(EMAPA:16184)
GO:0060070	canonical Wnt signaling pathway	occurs_in(EMAPA:16184)
GO:0045198	establishment of epithelial cell apical/basal polarity	occurs_in(EMAPA:16184)
GO:0060231	mesenchymal to epithelial transition	occurs_in(EMAPA:16184)
GO:0060070	canonical Wnt signaling pathway	occurs_in(EMAPA:16184)
GO:0009855	determination of bilateral symmetry	occurs_in(EMAPA:16184)
GO:0014812	muscle cell migration	occurs_in(EMAPA:16184)
GO:0007281	germ cell development	occurs_in(EMAPA:16190
GO:0045199	maintenance of epithelial cell apical/basal polarity	occurs_in(EMAPA:16191
GO:0045198	establishment of epithelial cell apical/basal polarity	occurs_in(EMAPA:16191
GO:0003402	planar cell polarity pathway involved in axis elongation	occurs_in(EMAPA:16191)
GO:0015833	peptide transport	occurs_in(EMAPA:16191)
GO:0060028	convergent extension involved in axis elongation	occurs_in(EMAPA:16191)
GO:0060028	convergent extension involved in axis elongation	occurs_in(EMAPA:16191)
GO:0060028	convergent extension involved in axis elongation	occurs_in(EMAPA:16191)
GO:0060775	planar cell polarity pathway involved in gastrula mediolateral intercalation	occurs_in(EMAPA:16191)
GO:0060028	convergent extension involved in axis elongation	occurs_in(EMAPA:16191)
GO:0003402	planar cell polarity pathway involved in axis elongation	occurs_in(EMAPA:16191)
GO:0009880	embryonic pattern specification	occurs_in(EMAPA:16191)
GO:0060088	auditory receptor cell stereocilium organization	occurs_in(EMAPA:16193
GO:0060088	auditory receptor cell stereocilium organization	occurs_in(EMAPA:16194
GO:0060088	auditory receptor cell stereocilium organization	occurs_in(EMAPA:16194
GO:0060088	auditory receptor cell stereocilium organization	occurs_in(EMAPA:16194
GO:0060088	auditory receptor cell stereocilium organization	occurs_in(EMAPA:16194
GO:0060113	inner ear receptor cell differentiation	occurs_in(EMAPA:16194
GO:0060113	inner ear receptor cell differentiation	occurs_in(EMAPA:16194
GO:0048667	cell morphogenesis involved in neuron differentiation	occurs_in(EMAPA:16194
GO:0030182	neuron differentiation	occurs_in(EMAPA:16194
GO:0045597	positive regulation of cell differentiation	occurs_in(EMAPA:16194
GO:0045597	positive regulation of cell differentiation	occurs_in(EMAPA:16194
GO:0060122	inner ear receptor stereocilium organization	occurs_in(EMAPA:16194)
GO:0001736	establishment of planar polarity	occurs_in(EMAPA:16194)
GO:0034633	retinol transport	occurs_in(EMAPA:16198
GO:0045665	negative regulation of neuron differentiation	occurs_in(EMAPA:16198
GO:0045665	negative regulation of neuron differentiation	occurs_in(EMAPA:16198
GO:0070307	lens fiber cell development	occurs_in(EMAPA:16198
GO:0030857	negative regulation of epithelial cell differentiation	occurs_in(EMAPA:16198)
GO:0007409	axonogenesis	occurs_in(EMAPA:16198)
GO:0043010	camera-type eye development	occurs_in(EMAPA:16198)
GO:0045494	photoreceptor cell maintenance	occurs_in(EMAPA:16198)
GO:0004000	adenosine deaminase activity	occurs_in(EMAPA:16198)
GO:0006154	adenosine catabolic process	occurs_in(EMAPA:16198)
GO:0046103	inosine biosynthetic process	occurs_in(EMAPA:16198)
GO:1902262	apoptotic process involved in blood vessel morphogenesis	occurs_in(EMAPA:16198)
GO:0000122	negative regulation of transcription from RNA polymerase II promoter	occurs_in(EMAPA:16198)
GO:0060070	canonical Wnt signaling pathway	occurs_in(EMAPA:16198)
GO:1902262	apoptotic process involved in blood vessel morphogenesis	occurs_in(EMAPA:16198)
GO:0000187	activation of MAPK activity	occurs_in(EMAPA:16198)
GO:0001570	vasculogenesis	occurs_in(EMAPA:16201
GO:0042981	regulation of apoptotic process	occurs_in(EMAPA:16201
GO:0001667	ameboidal-type cell migration	occurs_in(EMAPA:16201
GO:0001885	endothelial cell development	occurs_in(EMAPA:16201
GO:0001570	vasculogenesis	occurs_in(EMAPA:16201)
GO:0001568	blood vessel development	occurs_in(EMAPA:16201)
GO:0001568	blood vessel development	occurs_in(EMAPA:16201)
GO:0030198	extracellular matrix organization	occurs_in(EMAPA:16201)
GO:0001569	branching involved in blood vessel morphogenesis	occurs_in(EMAPA:16201)
GO:0001569	branching involved in blood vessel morphogenesis	occurs_in(EMAPA:16204)
GO:0001568	blood vessel development	occurs_in(EMAPA:16204)
GO:0001568	blood vessel development	occurs_in(EMAPA:16204)
GO:0001570	vasculogenesis	occurs_in(EMAPA:16240
GO:0045446	endothelial cell differentiation	occurs_in(EMAPA:16240
GO:0001885	endothelial cell development	occurs_in(EMAPA:16240
GO:0001570	vasculogenesis	occurs_in(EMAPA:16240)
GO:0001568	blood vessel development	occurs_in(EMAPA:16240)
GO:0030198	extracellular matrix organization	occurs_in(EMAPA:16240)
GO:0007368	determination of left/right symmetry	occurs_in(EMAPA:16245)
GO:0033198	response to ATP	occurs_in(EMAPA:16246
GO:0007405	neuroblast proliferation	occurs_in(EMAPA:16247
GO:0045596	negative regulation of cell differentiation	occurs_in(EMAPA:16247
GO:0006878	cellular copper ion homeostasis	occurs_in(EMAPA:16247
GO:0060575	intestinal epithelial cell differentiation	occurs_in(EMAPA:16247
GO:0001755	neural crest cell migration	occurs_in(EMAPA:16247
GO:0008354	germ cell migration	occurs_in(EMAPA:16247
GO:0030199	collagen fibril organization	occurs_in(EMAPA:16247)
GO:0015677	copper ion import	occurs_in(EMAPA:16247)
GO:0030432	peristalsis	occurs_in(EMAPA:16247)
GO:0006878	cellular copper ion homeostasis	occurs_in(EMAPA:16247)
GO:0002159	desmosome assembly	occurs_in(EMAPA:16247)
GO:0005184	neuropeptide hormone activity	occurs_in(EMAPA:16247)
GO:0001711	endodermal cell fate commitment	occurs_in(EMAPA:16250
GO:0035088	establishment or maintenance of apical/basal cell polarity	occurs_in(EMAPA:16255
GO:0060071	Wnt signaling pathway, planar cell polarity pathway	occurs_in(EMAPA:16255
GO:0001667	ameboidal-type cell migration	occurs_in(EMAPA:16255
GO:0001667	ameboidal-type cell migration	occurs_in(EMAPA:16255
GO:0001569	branching involved in blood vessel morphogenesis	occurs_in(EMAPA:16255)
GO:0005515	protein binding	occurs_in(EMAPA:16262)
GO:0002244	hematopoietic progenitor cell differentiation	occurs_in(EMAPA:16268)
GO:0001755	neural crest cell migration	occurs_in(EMAPA:16272
GO:0014032	neural crest cell development	occurs_in(EMAPA:16272
GO:0001755	neural crest cell migration	occurs_in(EMAPA:16272)
GO:0001709	cell fate determination	occurs_in(EMAPA:16272)
GO:0001709	cell fate determination	occurs_in(EMAPA:16272)
GO:0001709	cell fate determination	occurs_in(EMAPA:16272)
GO:0042693	muscle cell fate commitment	occurs_in(EMAPA:16280)
GO:0014032	neural crest cell development	occurs_in(EMAPA:16281
GO:0014032	neural crest cell development	occurs_in(EMAPA:16281)
GO:0030154	cell differentiation	occurs_in(EMAPA:16311
GO:0030218	erythrocyte differentiation	occurs_in(EMAPA:16332
GO:0014070	response to organic cyclic compound	occurs_in(EMAPA:16332
GO:0045332	phospholipid translocation	occurs_in(EMAPA:16332
GO:0004867	serine-type endopeptidase inhibitor activity	occurs_in(EMAPA:16332
GO:0043372	positive regulation of CD4-positive, alpha-beta T cell differentiation	occurs_in(EMAPA:16332
GO:0010332	response to gamma radiation	occurs_in(EMAPA:16332
GO:0045637	regulation of myeloid cell differentiation	occurs_in(EMAPA:16332
GO:0043249	erythrocyte maturation	occurs_in(EMAPA:16332
GO:0006782	protoporphyrinogen IX biosynthetic process	occurs_in(EMAPA:16332
GO:0043353	enucleate erythrocyte differentiation	occurs_in(EMAPA:16332
GO:0043249	erythrocyte maturation	occurs_in(EMAPA:16332
GO:0051276	chromosome organization	occurs_in(EMAPA:16332
GO:0006915	apoptotic process	occurs_in(EMAPA:16332
GO:0006154	adenosine catabolic process	occurs_in(EMAPA:16332)
GO:0042448	progesterone metabolic process	occurs_in(EMAPA:16332)
GO:0001782	B cell homeostasis	occurs_in(EMAPA:16332)
GO:0004619	phosphoglycerate mutase activity	occurs_in(EMAPA:16332)
GO:0003876	AMP deaminase activity	occurs_in(EMAPA:16332)
GO:0004347	glucose-6-phosphate isomerase activity	occurs_in(EMAPA:16332)
GO:0004731	purine-nucleoside phosphorylase activity	occurs_in(EMAPA:16332)
GO:0001776	leukocyte homeostasis	occurs_in(EMAPA:16332)
GO:0034382	chylomicron remnant clearance	occurs_in(EMAPA:16332)
GO:0004807	triose-phosphate isomerase activity	occurs_in(EMAPA:16332)
GO:0001780	neutrophil homeostasis	occurs_in(EMAPA:16332)
GO:0042278	purine nucleoside metabolic process	occurs_in(EMAPA:16332)
GO:0030643	cellular phosphate ion homeostasis	occurs_in(EMAPA:16332)
GO:0004000	adenosine deaminase activity	occurs_in(EMAPA:16332)
GO:0004396	hexokinase activity	occurs_in(EMAPA:16332)
GO:0006148	inosine catabolic process	occurs_in(EMAPA:16332)
GO:0004784	superoxide dismutase activity	occurs_in(EMAPA:16332)
GO:0004347	glucose-6-phosphate isomerase activity	occurs_in(EMAPA:16332)
GO:0006096	glycolytic process	occurs_in(EMAPA:16332)
GO:0043374	CD8-positive, alpha-beta T cell differentiation	occurs_in(EMAPA:16332)
GO:0004743	pyruvate kinase activity	occurs_in(EMAPA:16332)
GO:0004000	adenosine deaminase activity	occurs_in(EMAPA:16332)
GO:0004347	glucose-6-phosphate isomerase activity	occurs_in(EMAPA:16332)
GO:0004345	glucose-6-phosphate dehydrogenase activity	occurs_in(EMAPA:16332)
GO:0004616	phosphogluconate dehydrogenase (decarboxylating) activity	occurs_in(EMAPA:16332)
GO:0006154	adenosine catabolic process	occurs_in(EMAPA:16332)
GO:0006154	adenosine catabolic process	occurs_in(EMAPA:16332)
GO:0052851	ferric-chelate reductase (NADPH) activity	occurs_in(EMAPA:16332)
GO:0043029	T cell homeostasis	occurs_in(EMAPA:16332)
GO:0004000	adenosine deaminase activity	occurs_in(EMAPA:16332)
GO:0030198	extracellular matrix organization	occurs_in(EMAPA:16337)
GO:0030198	extracellular matrix organization	occurs_in(EMAPA:16341)
GO:0001755	neural crest cell migration	occurs_in(EMAPA:16346
GO:0030509	BMP signaling pathway	occurs_in(EMAPA:16346
GO:0030509	BMP signaling pathway	occurs_in(EMAPA:16346
GO:0030509	BMP signaling pathway	occurs_in(EMAPA:16346
GO:0030509	BMP signaling pathway	occurs_in(EMAPA:16346
GO:0030509	BMP signaling pathway	occurs_in(EMAPA:16346
GO:0001755	neural crest cell migration	occurs_in(EMAPA:16346)
GO:0001755	neural crest cell migration	occurs_in(EMAPA:16346)
GO:0051145	smooth muscle cell differentiation	occurs_in(EMAPA:16346)
GO:0042127	regulation of cell proliferation	occurs_in(EMAPA:16346)
GO:0035329	hippo signaling	occurs_in(EMAPA:16346)
GO:0061347	planar cell polarity pathway involved in outflow tract morphogenesis	occurs_in(EMAPA:16346)
GO:0048771	tissue remodeling	occurs_in(EMAPA:16346)
GO:0061324	canonical Wnt signaling pathway involved in positive regulation of cardiac outflow tract cell proliferation	occurs_in(EMAPA:16346)
GO:0061324	canonical Wnt signaling pathway involved in positive regulation of cardiac outflow tract cell proliferation	occurs_in(EMAPA:16346)
GO:0001569	branching involved in blood vessel morphogenesis	occurs_in(EMAPA:16346)
GO:0003253	cardiac neural crest cell migration involved in outflow tract morphogenesis	occurs_in(EMAPA:16346)
GO:0003253	cardiac neural crest cell migration involved in outflow tract morphogenesis	occurs_in(EMAPA:16346)
GO:0030198	extracellular matrix organization	occurs_in(EMAPA:16351)
GO:0055007	cardiac muscle cell differentiation	occurs_in(EMAPA:16353
GO:0035329	hippo signaling	occurs_in(EMAPA:16353)
GO:0055007	cardiac muscle cell differentiation	occurs_in(EMAPA:16353)
GO:0030198	extracellular matrix organization	occurs_in(EMAPA:16353)
GO:0001569	branching involved in blood vessel morphogenesis	occurs_in(EMAPA:16354)
GO:0070365	hepatocyte differentiation	occurs_in(EMAPA:16363
GO:0021884	forebrain neuron development	occurs_in(EMAPA:16364)
GO:0051145	smooth muscle cell differentiation	occurs_in(EMAPA:16370
GO:0055001	muscle cell development	occurs_in(EMAPA:16370
GO:0060709	glycogen cell differentiation involved in embryonic placenta development	occurs_in(EMAPA:16370)
GO:0001568	blood vessel development	occurs_in(EMAPA:16370)
GO:0001570	vasculogenesis	occurs_in(EMAPA:16370)
GO:0001569	branching involved in blood vessel morphogenesis	occurs_in(EMAPA:16370)
GO:0001569	branching involved in blood vessel morphogenesis	occurs_in(EMAPA:16370)
GO:0001568	blood vessel development	occurs_in(EMAPA:16370)
GO:0001974	blood vessel remodeling	occurs_in(EMAPA:16370)
GO:0001569	branching involved in blood vessel morphogenesis	occurs_in(EMAPA:16370)
GO:0001570	vasculogenesis	occurs_in(EMAPA:16371
GO:0007389	pattern specification process	occurs_in(EMAPA:16382)
GO:0042693	muscle cell fate commitment	occurs_in(EMAPA:16386)
GO:0014032	neural crest cell development	occurs_in(EMAPA:16387
GO:0014032	neural crest cell development	occurs_in(EMAPA:16387)
GO:0002053	positive regulation of mesenchymal cell proliferation	occurs_in(EMAPA:16391)
GO:0042693	muscle cell fate commitment	occurs_in(EMAPA:16392)
GO:0014032	neural crest cell development	occurs_in(EMAPA:16393
GO:0014032	neural crest cell development	occurs_in(EMAPA:16393)
GO:0014032	neural crest cell development	occurs_in(EMAPA:16399
GO:0001755	neural crest cell migration	occurs_in(EMAPA:16399)
GO:0042693	muscle cell fate commitment	occurs_in(EMAPA:16403)
GO:0014032	neural crest cell development	occurs_in(EMAPA:16404
GO:0061310	canonical Wnt signaling pathway involved in cardiac neural crest cell differentiation involved in heart development	occurs_in(EMAPA:16404)
GO:0014032	neural crest cell development	occurs_in(EMAPA:16404)
GO:0014902	myotube differentiation	occurs_in(EMAPA:16405
GO:0045597	positive regulation of cell differentiation	occurs_in(EMAPA:16405
GO:0060591	chondroblast differentiation	occurs_in(EMAPA:16405
GO:0051146	striated muscle cell differentiation	occurs_in(EMAPA:16405
GO:0014902	myotube differentiation	occurs_in(EMAPA:16405)
GO:0035721	intraciliary retrograde transport	occurs_in(EMAPA:16405)
GO:1905515	non-motile cilium assembly	occurs_in(EMAPA:16405)
GO:0014902	myotube differentiation	occurs_in(EMAPA:16405)
GO:0001569	branching involved in blood vessel morphogenesis	occurs_in(EMAPA:16405)
GO:0060070	canonical Wnt signaling pathway	occurs_in(EMAPA:16405)
GO:0009880	embryonic pattern specification	occurs_in(EMAPA:16405)
GO:0007413	axonal fasciculation	occurs_in(EMAPA:16405)
GO:0060173	limb development	occurs_in(EMAPA:16405)
GO:0051451	myoblast migration	occurs_in(EMAPA:16405)
GO:0007389	pattern specification process	occurs_in(EMAPA:16405)
GO:0001569	branching involved in blood vessel morphogenesis	occurs_in(EMAPA:16405)
GO:0042733	embryonic digit morphogenesis	occurs_in(EMAPA:16405)
GO:0014904	myotube cell development	occurs_in(EMAPA:16405)
GO:0008589	regulation of smoothened signaling pathway	occurs_in(EMAPA:16405)
GO:0045109	intermediate filament organization	occurs_in(EMAPA:16405)
GO:0060271	cilium assembly	occurs_in(EMAPA:16405)
GO:0009952	anterior/posterior pattern specification	occurs_in(EMAPA:16405)
GO:0014812	muscle cell migration	occurs_in(EMAPA:16405)
GO:0007224	smoothened signaling pathway	occurs_in(EMAPA:16405)
GO:0051155	positive regulation of striated muscle cell differentiation	occurs_in(EMAPA:16405)
GO:0030154	cell differentiation	occurs_in(EMAPA:16406
GO:0045879	negative regulation of smoothened signaling pathway	occurs_in(EMAPA:16406)
GO:0008589	regulation of smoothened signaling pathway	occurs_in(EMAPA:16406)
GO:0009952	anterior/posterior pattern specification	occurs_in(EMAPA:16406)
GO:0010954	positive regulation of protein processing	occurs_in(EMAPA:16406)
GO:0030154	cell differentiation	occurs_in(EMAPA:16408
GO:0003682	chromatin binding	occurs_in(EMAPA:16408
GO:0043565	sequence-specific DNA binding	occurs_in(EMAPA:16408
GO:1905515	non-motile cilium assembly	occurs_in(EMAPA:16408
GO:0060271	cilium assembly	occurs_in(EMAPA:16408
GO:0000165	MAPK cascade	occurs_in(EMAPA:16411
GO:0030198	extracellular matrix organization	occurs_in(EMAPA:16423)
GO:0030198	extracellular matrix organization	occurs_in(EMAPA:16426)
GO:0030198	extracellular matrix organization	occurs_in(EMAPA:16429)
GO:0030198	extracellular matrix organization	occurs_in(EMAPA:16432)
GO:0030198	extracellular matrix organization	occurs_in(EMAPA:16435)
GO:0007405	neuroblast proliferation	occurs_in(EMAPA:16469
GO:0043525	positive regulation of neuron apoptotic process	occurs_in(EMAPA:16469
GO:0043524	negative regulation of neuron apoptotic process	occurs_in(EMAPA:16469
GO:0014037	Schwann cell differentiation	occurs_in(EMAPA:16469
GO:0043065	positive regulation of apoptotic process	occurs_in(EMAPA:16470
GO:0060070	canonical Wnt signaling pathway	occurs_in(EMAPA:16470)
GO:0001843	neural tube closure	occurs_in(EMAPA:16470)
GO:0001944	vasculature development	occurs_in(EMAPA:16470)
GO:0021966	corticospinal neuron axon guidance	occurs_in(EMAPA:16470)
GO:1905515	non-motile cilium assembly	occurs_in(EMAPA:16470)
GO:0042428	serotonin metabolic process	occurs_in(EMAPA:16470)
GO:0034349	glial cell apoptotic process	occurs_in(EMAPA:16470)
GO:0007268	chemical synaptic transmission	occurs_in(EMAPA:16470)
GO:0090179	planar cell polarity pathway involved in neural tube closure	occurs_in(EMAPA:16470)
GO:0051402	neuron apoptotic process	occurs_in(EMAPA:16470)
GO:0007420	brain development	occurs_in(EMAPA:16471)
GO:0008589	regulation of smoothened signaling pathway	occurs_in(EMAPA:16471)
GO:0001568	blood vessel development	occurs_in(EMAPA:16471)
GO:0006020	inositol metabolic process	occurs_in(EMAPA:16471)
GO:0022004	midbrain-hindbrain boundary maturation during brain development	occurs_in(EMAPA:16472)
GO:0021503	neural fold bending	occurs_in(EMAPA:16472)
GO:0035721	intraciliary retrograde transport	occurs_in(EMAPA:16472)
GO:0030182	neuron differentiation	occurs_in(EMAPA:16478
GO:0021533	cell differentiation in hindbrain	occurs_in(EMAPA:16478
GO:0021533	cell differentiation in hindbrain	occurs_in(EMAPA:16478
GO:0045665	negative regulation of neuron differentiation	occurs_in(EMAPA:16478
GO:0048665	neuron fate specification	occurs_in(EMAPA:16478
GO:0045665	negative regulation of neuron differentiation	occurs_in(EMAPA:16478
GO:0022004	midbrain-hindbrain boundary maturation during brain development	occurs_in(EMAPA:16478)
GO:0021503	neural fold bending	occurs_in(EMAPA:16478)
GO:0021953	central nervous system neuron differentiation	occurs_in(EMAPA:16488
GO:0001755	neural crest cell migration	occurs_in(EMAPA:16495
GO:0045665	negative regulation of neuron differentiation	occurs_in(EMAPA:16512
GO:0000904	cell morphogenesis involved in differentiation	occurs_in(EMAPA:16519
GO:0014002	astrocyte development	occurs_in(EMAPA:16519
GO:0060164	regulation of timing of neuron differentiation	occurs_in(EMAPA:16523)
GO:0021522	spinal cord motor neuron differentiation	occurs_in(EMAPA:16525
GO:0021775	smoothened signaling pathway involved in ventral spinal cord interneuron specification	occurs_in(EMAPA:16525
GO:0021514	ventral spinal cord interneuron differentiation	occurs_in(EMAPA:16525
GO:0030182	neuron differentiation	occurs_in(EMAPA:16525
GO:0007409	axonogenesis	occurs_in(EMAPA:16525
GO:0071679	commissural neuron axon guidance	occurs_in(EMAPA:16525
GO:0021527	spinal cord association neuron differentiation	occurs_in(EMAPA:16525
GO:0007409	axonogenesis	occurs_in(EMAPA:16525
GO:0045665	negative regulation of neuron differentiation	occurs_in(EMAPA:16525
GO:0048709	oligodendrocyte differentiation	occurs_in(EMAPA:16525
GO:0001764	neuron migration	occurs_in(EMAPA:16525
GO:0060580	ventral spinal cord interneuron fate determination	occurs_in(EMAPA:16525
GO:0030154	cell differentiation	occurs_in(EMAPA:16525
GO:0021776	smoothened signaling pathway involved in spinal cord motor neuron cell fate specification	occurs_in(EMAPA:16525
GO:0071711	basement membrane organization	occurs_in(EMAPA:16525)
GO:0021914	negative regulation of smoothened signaling pathway involved in ventral spinal cord patterning	occurs_in(EMAPA:16525)
GO:0005515	protein binding	occurs_in(EMAPA:16525)
GO:0048714	positive regulation of oligodendrocyte differentiation	occurs_in(EMAPA:16525)
GO:0001843	neural tube closure	occurs_in(EMAPA:16525)
GO:0021520	spinal cord motor neuron cell fate specification	occurs_in(EMAPA:16525)
GO:0071679	commissural neuron axon guidance	occurs_in(EMAPA:16525)
GO:0021506	anterior neuropore closure	occurs_in(EMAPA:16526)
GO:0021521	ventral spinal cord interneuron specification	occurs_in(EMAPA:16530
GO:0030182	neuron differentiation	occurs_in(EMAPA:16530
GO:0030182	neuron differentiation	occurs_in(EMAPA:16530
GO:0003682	chromatin binding	occurs_in(EMAPA:16530
GO:0045665	negative regulation of neuron differentiation	occurs_in(EMAPA:16530
GO:1905515	non-motile cilium assembly	occurs_in(EMAPA:16530
GO:0048469	cell maturation	occurs_in(EMAPA:16530
GO:0021775	smoothened signaling pathway involved in ventral spinal cord interneuron specification	occurs_in(EMAPA:16530
GO:0030036	actin cytoskeleton organization	occurs_in(EMAPA:16530
GO:0003682	chromatin binding	occurs_in(EMAPA:16530
GO:0048709	oligodendrocyte differentiation	occurs_in(EMAPA:16530
GO:0021522	spinal cord motor neuron differentiation	occurs_in(EMAPA:16530
GO:0021776	smoothened signaling pathway involved in spinal cord motor neuron cell fate specification	occurs_in(EMAPA:16530
GO:0090179	planar cell polarity pathway involved in neural tube closure	occurs_in(EMAPA:16530)
GO:0021915	neural tube development	occurs_in(EMAPA:16530)
GO:0060271	cilium assembly	occurs_in(EMAPA:16530)
GO:1905515	non-motile cilium assembly	occurs_in(EMAPA:16530)
GO:0003682	chromatin binding	occurs_in(EMAPA:16530)
GO:0060831	smoothened signaling pathway involved in dorsal/ventral neural tube patterning	occurs_in(EMAPA:16530)
GO:0021903	rostrocaudal neural tube patterning	occurs_in(EMAPA:16530)
GO:0007411	axon guidance	occurs_in(EMAPA:16530)
GO:0005515	protein binding	occurs_in(EMAPA:16530)
GO:0001841	neural tube formation	occurs_in(EMAPA:16530)
GO:0030509	BMP signaling pathway	occurs_in(EMAPA:16530)
GO:0007224	smoothened signaling pathway	occurs_in(EMAPA:16530)
GO:0003682	chromatin binding	occurs_in(EMAPA:16530)
GO:0007389	pattern specification process	occurs_in(EMAPA:16530)
GO:0021532	neural tube patterning	occurs_in(EMAPA:16530)
GO:0001843	neural tube closure	occurs_in(EMAPA:16530)
GO:1901620	regulation of smoothened signaling pathway involved in dorsal/ventral neural tube patterning	occurs_in(EMAPA:16530)
GO:0022008	neurogenesis	occurs_in(EMAPA:16530)
GO:0030198	extracellular matrix organization	occurs_in(EMAPA:16530)
GO:1901621	negative regulation of smoothened signaling pathway involved in dorsal/ventral neural tube patterning	occurs_in(EMAPA:16530)
GO:0060271	cilium assembly	occurs_in(EMAPA:16530)
GO:0060271	cilium assembly	occurs_in(EMAPA:16530)
GO:0060271	cilium assembly	occurs_in(EMAPA:16530)
GO:0045687	positive regulation of glial cell differentiation	occurs_in(EMAPA:16531
GO:0008045	motor neuron axon guidance	occurs_in(EMAPA:16531
GO:0007405	neuroblast proliferation	occurs_in(EMAPA:16531
GO:0045665	negative regulation of neuron differentiation	occurs_in(EMAPA:16531
GO:0021956	central nervous system interneuron axonogenesis	occurs_in(EMAPA:16531)
GO:0048468	cell development	occurs_in(EMAPA:16531)
GO:0045165	cell fate commitment	occurs_in(EMAPA:16531)
GO:1901621	negative regulation of smoothened signaling pathway involved in dorsal/ventral neural tube patterning	occurs_in(EMAPA:16531)
GO:0021523	somatic motor neuron differentiation	occurs_in(EMAPA:16531)
GO:0045687	positive regulation of glial cell differentiation	occurs_in(EMAPA:16532
GO:0045665	negative regulation of neuron differentiation	occurs_in(EMAPA:16532
GO:0002070	epithelial cell maturation	occurs_in(EMAPA:16532
GO:0008045	motor neuron axon guidance	occurs_in(EMAPA:16532
GO:0007405	neuroblast proliferation	occurs_in(EMAPA:16532
GO:0048665	neuron fate specification	occurs_in(EMAPA:16532
GO:0030154	cell differentiation	occurs_in(EMAPA:16532)
GO:0007389	pattern specification process	occurs_in(EMAPA:16532)
GO:0002070	epithelial cell maturation	occurs_in(EMAPA:16535
GO:0030182	neuron differentiation	occurs_in(EMAPA:16535
GO:0045944	positive regulation of transcription from RNA polymerase II promoter	occurs_in(EMAPA:16535
GO:0007389	pattern specification process	occurs_in(EMAPA:16536)
GO:0009880	embryonic pattern specification	occurs_in(EMAPA:16539)
GO:0006915	apoptotic process	occurs_in(EMAPA:16540)
GO:0003351	epithelial cilium movement	occurs_in(EMAPA:16542)
GO:0007224	smoothened signaling pathway	occurs_in(EMAPA:16542)
GO:0060070	canonical Wnt signaling pathway	occurs_in(EMAPA:16546)
GO:0042127	regulation of cell proliferation	occurs_in(EMAPA:16546)
GO:0060317	cardiac epithelial to mesenchymal transition	occurs_in(EMAPA:16546)
GO:0007521	muscle cell fate determination	occurs_in(EMAPA:16546)
GO:0009880	embryonic pattern specification	occurs_in(EMAPA:16548)
GO:0060070	canonical Wnt signaling pathway	occurs_in(EMAPA:16548)
GO:0030154	cell differentiation	occurs_in(EMAPA:16557
GO:0035234	ectopic germ cell programmed cell death	occurs_in(EMAPA:16578
GO:0043065	positive regulation of apoptotic process	occurs_in(EMAPA:16578
GO:0007389	pattern specification process	occurs_in(EMAPA:16586)
GO:0007389	pattern specification process	occurs_in(EMAPA:16586)
GO:0045665	negative regulation of neuron differentiation	occurs_in(EMAPA:16640
GO:0006915	apoptotic process	occurs_in(EMAPA:16640)
GO:0007389	pattern specification process	occurs_in(EMAPA:16640)
GO:0060164	regulation of timing of neuron differentiation	occurs_in(EMAPA:16652
GO:0043525	positive regulation of neuron apoptotic process	occurs_in(EMAPA:16659
GO:0001764	neuron migration	occurs_in(EMAPA:16659
GO:0043524	negative regulation of neuron apoptotic process	occurs_in(EMAPA:16659
GO:0043524	negative regulation of neuron apoptotic process	occurs_in(EMAPA:16665
GO:0097194	execution phase of apoptosis	occurs_in(EMAPA:16665)
GO:0034349	glial cell apoptotic process	occurs_in(EMAPA:16665)
GO:0051402	neuron apoptotic process	occurs_in(EMAPA:16665)
GO:0060386	synapse assembly involved in innervation	occurs_in(EMAPA:16665)
GO:0051402	neuron apoptotic process	occurs_in(EMAPA:16665)
GO:0070886	positive regulation of calcineurin-NFAT signaling cascade	occurs_in(EMAPA:16668
GO:0070120	ciliary neurotrophic factor-mediated signaling pathway	occurs_in(EMAPA:16668
GO:0007040	lysosome organization	occurs_in(EMAPA:16668
GO:0033198	response to ATP	occurs_in(EMAPA:16668
GO:0005515	protein binding	occurs_in(EMAPA:16668
GO:0005245	voltage-gated calcium channel activity	occurs_in(EMAPA:16668
GO:0045499	chemorepellent activity	occurs_in(EMAPA:16668
GO:0031175	neuron projection development	occurs_in(EMAPA:16668
GO:0031175	neuron projection development	occurs_in(EMAPA:16668
GO:0048666	neuron development	occurs_in(EMAPA:16668
GO:0021782	glial cell development	occurs_in(EMAPA:16668
GO:0070588	calcium ion transmembrane transport	occurs_in(EMAPA:16668
GO:0007040	lysosome organization	occurs_in(EMAPA:16668
GO:0043525	positive regulation of neuron apoptotic process	occurs_in(EMAPA:16668
GO:0034220	ion transmembrane transport	occurs_in(EMAPA:16668
GO:0048666	neuron development	occurs_in(EMAPA:16668
GO:0045499	chemorepellent activity	occurs_in(EMAPA:16668
GO:0048675	axon extension	occurs_in(EMAPA:16668
GO:0004897	ciliary neurotrophic factor receptor activity	occurs_in(EMAPA:16668
GO:0007040	lysosome organization	occurs_in(EMAPA:16668
GO:0048666	neuron development	occurs_in(EMAPA:16668
GO:0014044	Schwann cell development	occurs_in(EMAPA:16668
GO:0060080	inhibitory postsynaptic potential	occurs_in(EMAPA:16668
GO:0005242	inward rectifier potassium channel activity	occurs_in(EMAPA:16668
GO:0048011	neurotrophin TRK receptor signaling pathway	occurs_in(EMAPA:16668
GO:0015277	kainate selective glutamate receptor activity	occurs_in(EMAPA:16668
GO:0043524	negative regulation of neuron apoptotic process	occurs_in(EMAPA:16668
GO:0042931	enterobactin transporter activity	occurs_in(EMAPA:16668
GO:0048666	neuron development	occurs_in(EMAPA:16668
GO:0005245	voltage-gated calcium channel activity	occurs_in(EMAPA:16668
GO:0048934	peripheral nervous system neuron differentiation	occurs_in(EMAPA:16668
GO:0043524	negative regulation of neuron apoptotic process	occurs_in(EMAPA:16668
GO:0008233	peptidase activity	occurs_in(EMAPA:16668
GO:0000226	microtubule cytoskeleton organization	occurs_in(EMAPA:16668
GO:0051899	membrane depolarization	occurs_in(EMAPA:16668
GO:0043525	positive regulation of neuron apoptotic process	occurs_in(EMAPA:16668
GO:0033198	response to ATP	occurs_in(EMAPA:16668
GO:0010001	glial cell differentiation	occurs_in(EMAPA:16668
GO:0031642	negative regulation of myelination	occurs_in(EMAPA:16668
GO:0007005	mitochondrion organization	occurs_in(EMAPA:16668
GO:0048934	peripheral nervous system neuron differentiation	occurs_in(EMAPA:16668
GO:0007040	lysosome organization	occurs_in(EMAPA:16668
GO:1990138	neuron projection extension	occurs_in(EMAPA:16668
GO:0008331	high voltage-gated calcium channel activity	occurs_in(EMAPA:16668
GO:0000165	MAPK cascade	occurs_in(EMAPA:16668
GO:0007265	Ras protein signal transduction	occurs_in(EMAPA:16668
GO:0014065	phosphatidylinositol 3-kinase signaling	occurs_in(EMAPA:16668
GO:0043525	positive regulation of neuron apoptotic process	occurs_in(EMAPA:16668
GO:0030182	neuron differentiation	occurs_in(EMAPA:16668
GO:0007409	axonogenesis	occurs_in(EMAPA:16668
GO:0007040	lysosome organization	occurs_in(EMAPA:16668
GO:0007265	Ras protein signal transduction	occurs_in(EMAPA:16668
GO:0006811	ion transport	occurs_in(EMAPA:16668
GO:0006812	cation transport	occurs_in(EMAPA:16668
GO:0031175	neuron projection development	occurs_in(EMAPA:16668
GO:0043524	negative regulation of neuron apoptotic process	occurs_in(EMAPA:16668
GO:0071805	potassium ion transmembrane transport	occurs_in(EMAPA:16668
GO:0005515	protein binding	occurs_in(EMAPA:16668)
GO:0042063	gliogenesis	occurs_in(EMAPA:16668)
GO:0005515	protein binding	occurs_in(EMAPA:16668)
GO:0033173	calcineurin-NFAT signaling cascade	occurs_in(EMAPA:16668)
GO:0014044	Schwann cell development	occurs_in(EMAPA:16668)
GO:0050960	detection of temperature stimulus involved in thermoception	occurs_in(EMAPA:16668)
GO:0097603	temperature-gated ion channel activity	occurs_in(EMAPA:16668)
GO:2001259	positive regulation of cation channel activity	occurs_in(EMAPA:16668)
GO:0014009	glial cell proliferation	occurs_in(EMAPA:16668)
GO:0030182	neuron differentiation	occurs_in(EMAPA:16668)
GO:0034349	glial cell apoptotic process	occurs_in(EMAPA:16668)
GO:0007411	axon guidance	occurs_in(EMAPA:16668)
GO:0022011	myelination in peripheral nervous system	occurs_in(EMAPA:16668)
GO:0061548	ganglion development	occurs_in(EMAPA:16668)
GO:0043525	positive regulation of neuron apoptotic process	occurs_in(EMAPA:16668)
GO:0043525	positive regulation of neuron apoptotic process	occurs_in(EMAPA:16668)
GO:0043525	positive regulation of neuron apoptotic process	occurs_in(EMAPA:16668)
GO:0007389	pattern specification process	occurs_in(EMAPA:16669)
GO:0050679	positive regulation of epithelial cell proliferation	occurs_in(EMAPA:16671)
GO:0001709	cell fate determination	occurs_in(EMAPA:16674
GO:0042573	retinoic acid metabolic process	occurs_in(EMAPA:16674)
GO:0043065	positive regulation of apoptotic process	occurs_in(EMAPA:16674)
GO:0007224	smoothened signaling pathway	occurs_in(EMAPA:16674)
GO:0046666	retinal cell programmed cell death	occurs_in(EMAPA:16674)
GO:0042981	regulation of apoptotic process	occurs_in(EMAPA:16681
GO:0060070	canonical Wnt signaling pathway	occurs_in(EMAPA:16681)
GO:0001974	blood vessel remodeling	occurs_in(EMAPA:16684)
GO:0001569	branching involved in blood vessel morphogenesis	occurs_in(EMAPA:16684)
GO:0001569	branching involved in blood vessel morphogenesis	occurs_in(EMAPA:16685)
GO:0001569	branching involved in blood vessel morphogenesis	occurs_in(EMAPA:16686)
GO:0051145	smooth muscle cell differentiation	occurs_in(EMAPA:16687
GO:0001569	branching involved in blood vessel morphogenesis	occurs_in(EMAPA:16687)
GO:0007040	lysosome organization	occurs_in(EMAPA:16688
GO:0061337	cardiac conduction	occurs_in(EMAPA:16688)
GO:0055007	cardiac muscle cell differentiation	occurs_in(EMAPA:16688)
GO:0001837	epithelial to mesenchymal transition	occurs_in(EMAPA:16694)
GO:0007265	Ras protein signal transduction	occurs_in(EMAPA:16696
GO:0003273	cell migration involved in endocardial cushion formation	occurs_in(EMAPA:16696)
GO:0030198	extracellular matrix organization	occurs_in(EMAPA:16696)
GO:0003198	epithelial to mesenchymal transition involved in endocardial cushion formation	occurs_in(EMAPA:16696)
GO:0001837	epithelial to mesenchymal transition	occurs_in(EMAPA:16696)
GO:0001837	epithelial to mesenchymal transition	occurs_in(EMAPA:16696)
GO:0030154	cell differentiation	occurs_in(EMAPA:16708
GO:0000122	negative regulation of transcription from RNA polymerase II promoter	occurs_in(EMAPA:16715
GO:0008543	fibroblast growth factor receptor signaling pathway	occurs_in(EMAPA:16715)
GO:0042056	chemoattractant activity	occurs_in(EMAPA:16717
GO:0043065	positive regulation of apoptotic process	occurs_in(EMAPA:16725)
GO:0042056	chemoattractant activity	occurs_in(EMAPA:16728
GO:0045596	negative regulation of cell differentiation	occurs_in(EMAPA:16728
GO:0030855	epithelial cell differentiation	occurs_in(EMAPA:16728
GO:0006644	phospholipid metabolic process	occurs_in(EMAPA:16728
GO:0060486	Clara cell differentiation	occurs_in(EMAPA:16728
GO:0010467	gene expression	occurs_in(EMAPA:16728
GO:0060510	Type II pneumocyte differentiation	occurs_in(EMAPA:16728
GO:0060916	mesenchymal cell proliferation involved in lung development	occurs_in(EMAPA:16728
GO:0005515	protein binding	occurs_in(EMAPA:16728
GO:0003682	chromatin binding	occurs_in(EMAPA:16728
GO:0030154	cell differentiation	occurs_in(EMAPA:16728
GO:0060487	lung epithelial cell differentiation	occurs_in(EMAPA:16728
GO:0000122	negative regulation of transcription from RNA polymerase II promoter	occurs_in(EMAPA:16728
GO:0045665	negative regulation of neuron differentiation	occurs_in(EMAPA:16728
GO:0048469	cell maturation	occurs_in(EMAPA:16728
GO:0045596	negative regulation of cell differentiation	occurs_in(EMAPA:16728
GO:0003700	transcription factor activity, sequence-specific DNA binding	occurs_in(EMAPA:16728
GO:0003682	chromatin binding	occurs_in(EMAPA:16728
GO:0003682	chromatin binding	occurs_in(EMAPA:16728
GO:0071455	cellular response to hyperoxia	occurs_in(EMAPA:16728
GO:0071455	cellular response to hyperoxia	occurs_in(EMAPA:16728
GO:0007005	mitochondrion organization	occurs_in(EMAPA:16728
GO:0030154	cell differentiation	occurs_in(EMAPA:16728
GO:0006935	chemotaxis	occurs_in(EMAPA:16728
GO:0007033	vacuole organization	occurs_in(EMAPA:16728
GO:0007179	transforming growth factor beta receptor signaling pathway	occurs_in(EMAPA:16728
GO:0043030	regulation of macrophage activation	occurs_in(EMAPA:16728)
GO:0006154	adenosine catabolic process	occurs_in(EMAPA:16728)
GO:0006154	adenosine catabolic process	occurs_in(EMAPA:16728)
GO:0046103	inosine biosynthetic process	occurs_in(EMAPA:16728)
GO:0007189	adenylate cyclase-activating G-protein coupled receptor signaling pathway	occurs_in(EMAPA:16728)
GO:0048589	developmental growth	occurs_in(EMAPA:16728)
GO:0046061	dATP catabolic process	occurs_in(EMAPA:16728)
GO:0004347	glucose-6-phosphate isomerase activity	occurs_in(EMAPA:16728)
GO:0004602	glutathione peroxidase activity	occurs_in(EMAPA:16728)
GO:0060426	lung vasculature development	occurs_in(EMAPA:16728)
GO:0070986	left/right axis specification	occurs_in(EMAPA:16728)
GO:0045197	establishment or maintenance of epithelial cell apical/basal polarity	occurs_in(EMAPA:16728)
GO:0007266	Rho protein signal transduction	occurs_in(EMAPA:16728)
GO:0001568	blood vessel development	occurs_in(EMAPA:16728)
GO:0016126	sterol biosynthetic process	occurs_in(EMAPA:16728)
GO:0002793	positive regulation of peptide secretion	occurs_in(EMAPA:16728)
GO:0004940	beta1-adrenergic receptor activity	occurs_in(EMAPA:16728)
GO:0002053	positive regulation of mesenchymal cell proliferation	occurs_in(EMAPA:16728)
GO:0050679	positive regulation of epithelial cell proliferation	occurs_in(EMAPA:16728)
GO:0006878	cellular copper ion homeostasis	occurs_in(EMAPA:16728)
GO:0032943	mononuclear cell proliferation	occurs_in(EMAPA:16728)
GO:0004000	adenosine deaminase activity	occurs_in(EMAPA:16728)
GO:0052689	carboxylic ester hydrolase activity	occurs_in(EMAPA:16728)
GO:0051259	protein oligomerization	occurs_in(EMAPA:16728)
GO:0003351	epithelial cilium movement	occurs_in(EMAPA:16728)
GO:0006878	cellular copper ion homeostasis	occurs_in(EMAPA:16728)
GO:0042742	defense response to bacterium	occurs_in(EMAPA:16728)
GO:0004000	adenosine deaminase activity	occurs_in(EMAPA:16728)
GO:0006154	adenosine catabolic process	occurs_in(EMAPA:16728)
GO:0006154	adenosine catabolic process	occurs_in(EMAPA:16728)
GO:0046061	dATP catabolic process	occurs_in(EMAPA:16728)
GO:0046103	inosine biosynthetic process	occurs_in(EMAPA:16728)
GO:0004347	glucose-6-phosphate isomerase activity	occurs_in(EMAPA:16728)
GO:0051145	smooth muscle cell differentiation	occurs_in(EMAPA:16728)
GO:0004363	glutathione synthase activity	occurs_in(EMAPA:16728)
GO:0060428	lung epithelium development	occurs_in(EMAPA:16728)
GO:0060479	lung cell differentiation	occurs_in(EMAPA:16728)
GO:0006833	water transport	occurs_in(EMAPA:16728)
GO:0002687	positive regulation of leukocyte migration	occurs_in(EMAPA:16728)
GO:0003876	AMP deaminase activity	occurs_in(EMAPA:16728)
GO:0050698	proteoglycan sulfotransferase activity	occurs_in(EMAPA:16728)
GO:0004807	triose-phosphate isomerase activity	occurs_in(EMAPA:16728)
GO:0004941	beta2-adrenergic receptor activity	occurs_in(EMAPA:16728)
GO:1904597	negative regulation of connective tissue replacement involved in inflammatory response wound healing	occurs_in(EMAPA:16728)
GO:0052689	carboxylic ester hydrolase activity	occurs_in(EMAPA:16728)
GO:0030198	extracellular matrix organization	occurs_in(EMAPA:16728)
GO:0046068	cGMP metabolic process	occurs_in(EMAPA:16728)
GO:0061028	establishment of endothelial barrier	occurs_in(EMAPA:16728)
GO:0030324	lung development	occurs_in(EMAPA:16728)
GO:0060441	epithelial tube branching involved in lung morphogenesis	occurs_in(EMAPA:16728)
GO:0006188	IMP biosynthetic process	occurs_in(EMAPA:16728)
GO:0042127	regulation of cell proliferation	occurs_in(EMAPA:16728)
GO:0006154	adenosine catabolic process	occurs_in(EMAPA:16728)
GO:0006154	adenosine catabolic process	occurs_in(EMAPA:16728)
GO:0006157	deoxyadenosine catabolic process	occurs_in(EMAPA:16728)
GO:0046103	inosine biosynthetic process	occurs_in(EMAPA:16728)
GO:0060070	canonical Wnt signaling pathway	occurs_in(EMAPA:16728)
GO:0060509	Type I pneumocyte differentiation	occurs_in(EMAPA:16728)
GO:0004558	alpha-1,4-glucosidase activity	occurs_in(EMAPA:16728)
GO:0006644	phospholipid metabolic process	occurs_in(EMAPA:16728)
GO:0007224	smoothened signaling pathway	occurs_in(EMAPA:16728)
GO:0006693	prostaglandin metabolic process	occurs_in(EMAPA:16728)
GO:0006196	AMP catabolic process	occurs_in(EMAPA:16728)
GO:0008253	5'-nucleotidase activity	occurs_in(EMAPA:16728)
GO:0046086	adenosine biosynthetic process	occurs_in(EMAPA:16728)
GO:0060437	lung growth	occurs_in(EMAPA:16728)
GO:0070986	left/right axis specification	occurs_in(EMAPA:16728)
GO:0015012	heparan sulfate proteoglycan biosynthetic process	occurs_in(EMAPA:16728)
GO:0046921	alpha-(1->6)-fucosyltransferase activity	occurs_in(EMAPA:16728)
GO:0060490	lateral sprouting involved in lung morphogenesis	occurs_in(EMAPA:16728)
GO:0004000	adenosine deaminase activity	occurs_in(EMAPA:16728)
GO:0004941	beta2-adrenergic receptor activity	occurs_in(EMAPA:16728)
GO:0002793	positive regulation of peptide secretion	occurs_in(EMAPA:16728)
GO:0004558	alpha-1,4-glucosidase activity	occurs_in(EMAPA:16728)
GO:0007165	signal transduction	occurs_in(EMAPA:16728)
GO:0008201	heparin binding	occurs_in(EMAPA:16728)
GO:0000132	establishment of mitotic spindle orientation	occurs_in(EMAPA:16731)
GO:0060441	epithelial tube branching involved in lung morphogenesis	occurs_in(EMAPA:16731)
GO:0000132	establishment of mitotic spindle orientation	occurs_in(EMAPA:16735)
GO:0060441	epithelial tube branching involved in lung morphogenesis	occurs_in(EMAPA:16735)
GO:0060231	mesenchymal to epithelial transition	occurs_in(EMAPA:16747)
GO:0030199	collagen fibril organization	occurs_in(EMAPA:16748)
GO:0004558	alpha-1,4-glucosidase activity	occurs_in(EMAPA:16748)
GO:0009880	embryonic pattern specification	occurs_in(EMAPA:16748)
GO:0034332	adherens junction organization	occurs_in(EMAPA:16755)
GO:0060070	canonical Wnt signaling pathway	occurs_in(EMAPA:16756)
GO:0007389	pattern specification process	occurs_in(EMAPA:16766)
GO:0001755	neural crest cell migration	occurs_in(EMAPA:16772
GO:0001755	neural crest cell migration	occurs_in(EMAPA:16772
GO:0014032	neural crest cell development	occurs_in(EMAPA:16772)
GO:0042733	embryonic digit morphogenesis	occurs_in(EMAPA:16779)
GO:0030154	cell differentiation	occurs_in(EMAPA:16781
GO:0060271	cilium assembly	occurs_in(EMAPA:16781
GO:0007413	axonal fasciculation	occurs_in(EMAPA:16795)
GO:0014032	neural crest cell development	occurs_in(EMAPA:16795)
GO:0007040	lysosome organization	occurs_in(EMAPA:16797
GO:0008045	motor neuron axon guidance	occurs_in(EMAPA:16797
GO:0008045	motor neuron axon guidance	occurs_in(EMAPA:16797
GO:0001764	neuron migration	occurs_in(EMAPA:16797
GO:0021953	central nervous system neuron differentiation	occurs_in(EMAPA:16797
GO:0019915	lipid storage	occurs_in(EMAPA:16797
GO:0019915	lipid storage	occurs_in(EMAPA:16797
GO:0001764	neuron migration	occurs_in(EMAPA:16797
GO:0021953	central nervous system neuron differentiation	occurs_in(EMAPA:16797
GO:0048666	neuron development	occurs_in(EMAPA:16797
GO:0021533	cell differentiation in hindbrain	occurs_in(EMAPA:16797
GO:0048666	neuron development	occurs_in(EMAPA:16797
GO:0043524	negative regulation of neuron apoptotic process	occurs_in(EMAPA:16797
GO:0008233	peptidase activity	occurs_in(EMAPA:16797
GO:0043525	positive regulation of neuron apoptotic process	occurs_in(EMAPA:16797
GO:0007040	lysosome organization	occurs_in(EMAPA:16797
GO:0007265	Ras protein signal transduction	occurs_in(EMAPA:16797
GO:0043525	positive regulation of neuron apoptotic process	occurs_in(EMAPA:16797
GO:0034349	glial cell apoptotic process	occurs_in(EMAPA:16797)
GO:0014032	neural crest cell development	occurs_in(EMAPA:16797)
GO:0043524	negative regulation of neuron apoptotic process	occurs_in(EMAPA:16797)
GO:0043525	positive regulation of neuron apoptotic process	occurs_in(EMAPA:16797)
GO:0043525	positive regulation of neuron apoptotic process	occurs_in(EMAPA:16797)
GO:0043525	positive regulation of neuron apoptotic process	occurs_in(EMAPA:16797)
GO:0043525	positive regulation of neuron apoptotic process	occurs_in(EMAPA:16797)
GO:0043525	positive regulation of neuron apoptotic process	occurs_in(EMAPA:16797)
GO:0043525	positive regulation of neuron apoptotic process	occurs_in(EMAPA:16797)
GO:0043525	positive regulation of neuron apoptotic process	occurs_in(EMAPA:16797)
GO:0043525	positive regulation of neuron apoptotic process	occurs_in(EMAPA:16797)
GO:0033198	response to ATP	occurs_in(EMAPA:16798
GO:0007412	axon target recognition	occurs_in(EMAPA:16798
GO:0043524	negative regulation of neuron apoptotic process	occurs_in(EMAPA:16798
GO:0043525	positive regulation of neuron apoptotic process	occurs_in(EMAPA:16798
GO:0007265	Ras protein signal transduction	occurs_in(EMAPA:16798
GO:0043525	positive regulation of neuron apoptotic process	occurs_in(EMAPA:16798
GO:0007413	axonal fasciculation	occurs_in(EMAPA:16798)
GO:0000904	cell morphogenesis involved in differentiation	occurs_in(EMAPA:16799
GO:0008543	fibroblast growth factor receptor signaling pathway	occurs_in(EMAPA:16799)
GO:0070307	lens fiber cell development	occurs_in(EMAPA:16799)
GO:0042573	retinoic acid metabolic process	occurs_in(EMAPA:16800)
GO:0001764	neuron migration	occurs_in(EMAPA:16801
GO:0007409	axonogenesis	occurs_in(EMAPA:16801
GO:0048666	neuron development	occurs_in(EMAPA:16801
GO:0050680	negative regulation of epithelial cell proliferation	occurs_in(EMAPA:16803)
GO:0043065	positive regulation of apoptotic process	occurs_in(EMAPA:16803)
GO:0045596	negative regulation of cell differentiation	occurs_in(EMAPA:16805
GO:0050680	negative regulation of epithelial cell proliferation	occurs_in(EMAPA:16806)
GO:0043065	positive regulation of apoptotic process	occurs_in(EMAPA:16806)
GO:0050680	negative regulation of epithelial cell proliferation	occurs_in(EMAPA:16809)
GO:0043065	positive regulation of apoptotic process	occurs_in(EMAPA:16809)
GO:0030198	extracellular matrix organization	occurs_in(EMAPA:16819)
GO:0030198	extracellular matrix organization	occurs_in(EMAPA:16823)
GO:0051145	smooth muscle cell differentiation	occurs_in(EMAPA:16827)
GO:0001569	branching involved in blood vessel morphogenesis	occurs_in(EMAPA:16827)
GO:0001755	neural crest cell migration	occurs_in(EMAPA:16833
GO:0007005	mitochondrion organization	occurs_in(EMAPA:16833
GO:0030262	apoptotic nuclear changes	occurs_in(EMAPA:16833
GO:0006154	adenosine catabolic process	occurs_in(EMAPA:16833)
GO:0046103	inosine biosynthetic process	occurs_in(EMAPA:16833)
GO:0004000	adenosine deaminase activity	occurs_in(EMAPA:16833)
GO:0046101	hypoxanthine biosynthetic process	occurs_in(EMAPA:16833)
GO:0006154	adenosine catabolic process	occurs_in(EMAPA:16833)
GO:0046103	inosine biosynthetic process	occurs_in(EMAPA:16833)
GO:0006157	deoxyadenosine catabolic process	occurs_in(EMAPA:16833)
GO:0046111	xanthine biosynthetic process	occurs_in(EMAPA:16833)
GO:0051145	smooth muscle cell differentiation	occurs_in(EMAPA:16833)
GO:0061009	common bile duct development	occurs_in(EMAPA:16840)
GO:0007031	peroxisome organization	occurs_in(EMAPA:16846
GO:0007265	Ras protein signal transduction	occurs_in(EMAPA:16846
GO:0008047	enzyme activator activity	occurs_in(EMAPA:16846
GO:0008047	enzyme activator activity	occurs_in(EMAPA:16846
GO:0035948	positive regulation of gluconeogenesis by positive regulation of transcription from RNA polymerase II promoter	occurs_in(EMAPA:16846
GO:0019433	triglyceride catabolic process	occurs_in(EMAPA:16846
GO:0007031	peroxisome organization	occurs_in(EMAPA:16846
GO:0001190	transcriptional activator activity, RNA polymerase II transcription factor binding	occurs_in(EMAPA:16846
GO:0071425	hematopoietic stem cell proliferation	occurs_in(EMAPA:16846
GO:0000122	negative regulation of transcription from RNA polymerase II promoter	occurs_in(EMAPA:16846
GO:0000070	mitotic sister chromatid segregation	occurs_in(EMAPA:16846
GO:0001836	release of cytochrome c from mitochondria	occurs_in(EMAPA:16846
GO:0006635	fatty acid beta-oxidation	occurs_in(EMAPA:16846
GO:0007005	mitochondrion organization	occurs_in(EMAPA:16846
GO:0071425	hematopoietic stem cell proliferation	occurs_in(EMAPA:16846
GO:0004941	beta2-adrenergic receptor activity	occurs_in(EMAPA:16846
GO:0045944	positive regulation of transcription from RNA polymerase II promoter	occurs_in(EMAPA:16846
GO:0007040	lysosome organization	occurs_in(EMAPA:16846
GO:0007040	lysosome organization	occurs_in(EMAPA:16846
GO:0007040	lysosome organization	occurs_in(EMAPA:16846
GO:0006308	DNA catabolic process	occurs_in(EMAPA:16846
GO:0035948	positive regulation of gluconeogenesis by positive regulation of transcription from RNA polymerase II promoter	occurs_in(EMAPA:16846
GO:2000467	positive regulation of glycogen (starch) synthase activity	occurs_in(EMAPA:16846
GO:0035357	peroxisome proliferator activated receptor signaling pathway	occurs_in(EMAPA:16846
GO:0060218	hematopoietic stem cell differentiation	occurs_in(EMAPA:16846
GO:0002194	hepatocyte cell migration	occurs_in(EMAPA:16846
GO:0000122	negative regulation of transcription from RNA polymerase II promoter	occurs_in(EMAPA:16846
GO:0015879	carnitine transport	occurs_in(EMAPA:16846
GO:0030154	cell differentiation	occurs_in(EMAPA:16846
GO:0016226	iron-sulfur cluster assembly	occurs_in(EMAPA:16846
GO:0097284	hepatocyte apoptotic process	occurs_in(EMAPA:16846
GO:0003682	chromatin binding	occurs_in(EMAPA:16846
GO:0003682	chromatin binding	occurs_in(EMAPA:16846
GO:0045579	positive regulation of B cell differentiation	occurs_in(EMAPA:16846
GO:0033028	myeloid cell apoptotic process	occurs_in(EMAPA:16846
GO:0045944	positive regulation of transcription from RNA polymerase II promoter	occurs_in(EMAPA:16846
GO:0004366	glycerol-3-phosphate O-acyltransferase activity	occurs_in(EMAPA:16846
GO:0007029	endoplasmic reticulum organization	occurs_in(EMAPA:16846
GO:0048468	cell development	occurs_in(EMAPA:16846
GO:0042953	lipoprotein transport	occurs_in(EMAPA:16846
GO:0045582	positive regulation of T cell differentiation	occurs_in(EMAPA:16846
GO:0061620	glycolytic process through glucose-6-phosphate	occurs_in(EMAPA:16846
GO:0097191	extrinsic apoptotic signaling pathway	occurs_in(EMAPA:16846
GO:0005096	GTPase activator activity	occurs_in(EMAPA:16846
GO:0007265	Ras protein signal transduction	occurs_in(EMAPA:16846
GO:0006641	triglyceride metabolic process	occurs_in(EMAPA:16846
GO:0035948	positive regulation of gluconeogenesis by positive regulation of transcription from RNA polymerase II promoter	occurs_in(EMAPA:16846
GO:0006493	protein O-linked glycosylation	occurs_in(EMAPA:16846
GO:0002710	negative regulation of T cell mediated immunity	occurs_in(EMAPA:16846
GO:0048821	erythrocyte development	occurs_in(EMAPA:16846
GO:0043065	positive regulation of apoptotic process	occurs_in(EMAPA:16846
GO:0006644	phospholipid metabolic process	occurs_in(EMAPA:16846
GO:0001779	natural killer cell differentiation	occurs_in(EMAPA:16846
GO:0006119	oxidative phosphorylation	occurs_in(EMAPA:16846
GO:0008233	peptidase activity	occurs_in(EMAPA:16846
GO:1901799	negative regulation of proteasomal protein catabolic process	occurs_in(EMAPA:16846
GO:0051568	histone H3-K4 methylation	occurs_in(EMAPA:16846
GO:0006914	autophagy	occurs_in(EMAPA:16846
GO:0006996	organelle organization	occurs_in(EMAPA:16846
GO:0015226	carnitine transmembrane transporter activity	occurs_in(EMAPA:16846
GO:0048469	cell maturation	occurs_in(EMAPA:16846
GO:0030316	osteoclast differentiation	occurs_in(EMAPA:16846
GO:0007006	mitochondrial membrane organization	occurs_in(EMAPA:16846
GO:0007006	mitochondrial membrane organization	occurs_in(EMAPA:16846
GO:0007006	mitochondrial membrane organization	occurs_in(EMAPA:16846
GO:0008283	cell proliferation	occurs_in(EMAPA:16846
GO:0030218	erythrocyte differentiation	occurs_in(EMAPA:16846
GO:0007040	lysosome organization	occurs_in(EMAPA:16846
GO:0016458	gene silencing	occurs_in(EMAPA:16846
GO:0060318	definitive erythrocyte differentiation	occurs_in(EMAPA:16846
GO:0004396	hexokinase activity	occurs_in(EMAPA:16846)
GO:0006635	fatty acid beta-oxidation	occurs_in(EMAPA:16846)
GO:0006154	adenosine catabolic process	occurs_in(EMAPA:16846)
GO:0006157	deoxyadenosine catabolic process	occurs_in(EMAPA:16846)
GO:0046103	inosine biosynthetic process	occurs_in(EMAPA:16846)
GO:0004602	glutathione peroxidase activity	occurs_in(EMAPA:16846)
GO:0003831	beta-N-acetylglucosaminylglycopeptide beta-1,4-galactosyltransferase activity	occurs_in(EMAPA:16846)
GO:0007040	lysosome organization	occurs_in(EMAPA:16846)
GO:0051156	glucose 6-phosphate metabolic process	occurs_in(EMAPA:16846)
GO:0004800	thyroxine 5'-deiodinase activity	occurs_in(EMAPA:16846)
GO:0006637	acyl-CoA metabolic process	occurs_in(EMAPA:16846)
GO:0006878	cellular copper ion homeostasis	occurs_in(EMAPA:16846)
GO:0006878	cellular copper ion homeostasis	occurs_in(EMAPA:16846)
GO:0006878	cellular copper ion homeostasis	occurs_in(EMAPA:16846)
GO:0006882	cellular zinc ion homeostasis	occurs_in(EMAPA:16846)
GO:0019889	pteridine metabolic process	occurs_in(EMAPA:16846)
GO:0000122	negative regulation of transcription from RNA polymerase II promoter	occurs_in(EMAPA:16846)
GO:0030225	macrophage differentiation	occurs_in(EMAPA:16846)
GO:0006744	ubiquinone biosynthetic process	occurs_in(EMAPA:16846)
GO:0003978	UDP-glucose 4-epimerase activity	occurs_in(EMAPA:16846)
GO:0004122	cystathionine beta-synthase activity	occurs_in(EMAPA:16846)
GO:0071763	nuclear membrane organization	occurs_in(EMAPA:16846)
GO:0070328	triglyceride homeostasis	occurs_in(EMAPA:16846)
GO:0007006	mitochondrial membrane organization	occurs_in(EMAPA:16846)
GO:0061623	glycolytic process from galactose	occurs_in(EMAPA:16846)
GO:0031957	very long-chain fatty acid-CoA ligase activity	occurs_in(EMAPA:16846)
GO:0004103	choline kinase activity	occurs_in(EMAPA:16846)
GO:0006068	ethanol catabolic process	occurs_in(EMAPA:16846)
GO:0042572	retinol metabolic process	occurs_in(EMAPA:16846)
GO:0042573	retinoic acid metabolic process	occurs_in(EMAPA:16846)
GO:0046061	dATP catabolic process	occurs_in(EMAPA:16846)
GO:0004347	glucose-6-phosphate isomerase activity	occurs_in(EMAPA:16846)
GO:0004347	glucose-6-phosphate isomerase activity	occurs_in(EMAPA:16846)
GO:0006749	glutathione metabolic process	occurs_in(EMAPA:16846)
GO:0004035	alkaline phosphatase activity	occurs_in(EMAPA:16846)
GO:0004602	glutathione peroxidase activity	occurs_in(EMAPA:16846)
GO:0009313	oligosaccharide catabolic process	occurs_in(EMAPA:16846)
GO:0004364	glutathione transferase activity	occurs_in(EMAPA:16846)
GO:0004346	glucose-6-phosphatase activity	occurs_in(EMAPA:16846)
GO:0004346	glucose-6-phosphatase activity	occurs_in(EMAPA:16846)
GO:0008202	steroid metabolic process	occurs_in(EMAPA:16846)
GO:0045648	positive regulation of erythrocyte differentiation	occurs_in(EMAPA:16846)
GO:0004743	pyruvate kinase activity	occurs_in(EMAPA:16846)
GO:0042446	hormone biosynthetic process	occurs_in(EMAPA:16846)
GO:0097191	extrinsic apoptotic signaling pathway	occurs_in(EMAPA:16846)
GO:0007005	mitochondrion organization	occurs_in(EMAPA:16846)
GO:0033617	mitochondrial respiratory chain complex IV assembly	occurs_in(EMAPA:16846)
GO:0047496	vesicle transport along microtubule	occurs_in(EMAPA:16846)
GO:0004370	glycerol kinase activity	occurs_in(EMAPA:16846)
GO:0006878	cellular copper ion homeostasis	occurs_in(EMAPA:16846)
GO:0000027	ribosomal large subunit assembly	occurs_in(EMAPA:16846)
GO:0043277	apoptotic cell clearance	occurs_in(EMAPA:16846)
GO:0072382	minus-end-directed vesicle transport along microtubule	occurs_in(EMAPA:16846)
GO:0006281	DNA repair	occurs_in(EMAPA:16846)
GO:0004594	pantothenate kinase activity	occurs_in(EMAPA:16846)
GO:0003876	AMP deaminase activity	occurs_in(EMAPA:16846)
GO:0003876	AMP deaminase activity	occurs_in(EMAPA:16846)
GO:0030183	B cell differentiation	occurs_in(EMAPA:16846)
GO:0030183	B cell differentiation	occurs_in(EMAPA:16846)
GO:0016226	iron-sulfur cluster assembly	occurs_in(EMAPA:16846)
GO:0008112	nicotinamide N-methyltransferase activity	occurs_in(EMAPA:16846)
GO:0004069	L-aspartate:2-oxoglutarate aminotransferase activity	occurs_in(EMAPA:16846)
GO:0018158	protein oxidation	occurs_in(EMAPA:16846)
GO:0031369	translation initiation factor binding	occurs_in(EMAPA:16846)
GO:0010468	regulation of gene expression	occurs_in(EMAPA:16846)
GO:0007040	lysosome organization	occurs_in(EMAPA:16846)
GO:0004937	alpha1-adrenergic receptor activity	occurs_in(EMAPA:16846)
GO:0008108	UDP-glucose:hexose-1-phosphate uridylyltransferase activity	occurs_in(EMAPA:16846)
GO:0006878	cellular copper ion homeostasis	occurs_in(EMAPA:16846)
GO:0008430	selenium binding	occurs_in(EMAPA:16846)
GO:0004563	beta-N-acetylhexosaminidase activity	occurs_in(EMAPA:16846)
GO:0000122	negative regulation of transcription from RNA polymerase II promoter	occurs_in(EMAPA:16846)
GO:0001666	response to hypoxia	occurs_in(EMAPA:16846)
GO:0006878	cellular copper ion homeostasis	occurs_in(EMAPA:16846)
GO:0006878	cellular copper ion homeostasis	occurs_in(EMAPA:16846)
GO:0006878	cellular copper ion homeostasis	occurs_in(EMAPA:16846)
GO:0006882	cellular zinc ion homeostasis	occurs_in(EMAPA:16846)
GO:0042136	neurotransmitter biosynthetic process	occurs_in(EMAPA:16846)
GO:0004087	carbamoyl-phosphate synthase (ammonia) activity	occurs_in(EMAPA:16846)
GO:0061609	fructose-1-phosphate aldolase activity	occurs_in(EMAPA:16846)
GO:0018685	alkane 1-monooxygenase activity	occurs_in(EMAPA:16846)
GO:0030163	protein catabolic process	occurs_in(EMAPA:16846)
GO:0090156	cellular sphingolipid homeostasis	occurs_in(EMAPA:16846)
GO:0007040	lysosome organization	occurs_in(EMAPA:16846)
GO:0001887	selenium compound metabolic process	occurs_in(EMAPA:16846)
GO:0004335	galactokinase activity	occurs_in(EMAPA:16846)
GO:0033499	galactose catabolic process via UDP-galactose	occurs_in(EMAPA:16846)
GO:0048821	erythrocyte development	occurs_in(EMAPA:16846)
GO:0004000	adenosine deaminase activity	occurs_in(EMAPA:16846)
GO:0016206	catechol O-methyltransferase activity	occurs_in(EMAPA:16846)
GO:0004784	superoxide dismutase activity	occurs_in(EMAPA:16846)
GO:0004784	superoxide dismutase activity	occurs_in(EMAPA:16846)
GO:0006801	superoxide metabolic process	occurs_in(EMAPA:16846)
GO:0006879	cellular iron ion homeostasis	occurs_in(EMAPA:16846)
GO:0004609	phosphatidylserine decarboxylase activity	occurs_in(EMAPA:16846)
GO:0004457	lactate dehydrogenase activity	occurs_in(EMAPA:16846)
GO:0004903	growth hormone receptor activity	occurs_in(EMAPA:16846)
GO:0045651	positive regulation of macrophage differentiation	occurs_in(EMAPA:16846)
GO:0009101	glycoprotein biosynthetic process	occurs_in(EMAPA:16846)
GO:0042278	purine nucleoside metabolic process	occurs_in(EMAPA:16846)
GO:0006879	cellular iron ion homeostasis	occurs_in(EMAPA:16846)
GO:0004563	beta-N-acetylhexosaminidase activity	occurs_in(EMAPA:16846)
GO:0015760	glucose-6-phosphate transport	occurs_in(EMAPA:16846)
GO:0043491	protein kinase B signaling	occurs_in(EMAPA:16846)
GO:0061017	hepatoblast differentiation	occurs_in(EMAPA:16846)
GO:0010467	gene expression	occurs_in(EMAPA:16846)
GO:0004340	glucokinase activity	occurs_in(EMAPA:16846)
GO:0004454	ketohexokinase activity	occurs_in(EMAPA:16846)
GO:0004937	alpha1-adrenergic receptor activity	occurs_in(EMAPA:16846)
GO:0072383	plus-end-directed vesicle transport along microtubule	occurs_in(EMAPA:16846)
GO:0006878	cellular copper ion homeostasis	occurs_in(EMAPA:16846)
GO:0015680	intracellular copper ion transport	occurs_in(EMAPA:16846)
GO:0044030	regulation of DNA methylation	occurs_in(EMAPA:16846)
GO:0030350	iron-responsive element binding	occurs_in(EMAPA:16846)
GO:0002710	negative regulation of T cell mediated immunity	occurs_in(EMAPA:16846)
GO:0006111	regulation of gluconeogenesis	occurs_in(EMAPA:16846)
GO:0034551	mitochondrial respiratory chain complex III assembly	occurs_in(EMAPA:16846)
GO:0080129	proteasome core complex assembly	occurs_in(EMAPA:16846)
GO:0009437	carnitine metabolic process	occurs_in(EMAPA:16846)
GO:0044030	regulation of DNA methylation	occurs_in(EMAPA:16846)
GO:0006281	DNA repair	occurs_in(EMAPA:16846)
GO:0006188	IMP biosynthetic process	occurs_in(EMAPA:16846)
GO:0006188	IMP biosynthetic process	occurs_in(EMAPA:16846)
GO:0061732	mitochondrial acetyl-CoA biosynthetic process from pyruvate	occurs_in(EMAPA:16846)
GO:0002244	hematopoietic progenitor cell differentiation	occurs_in(EMAPA:16846)
GO:0030851	granulocyte differentiation	occurs_in(EMAPA:16846)
GO:0004000	adenosine deaminase activity	occurs_in(EMAPA:16846)
GO:0009712	catechol-containing compound metabolic process	occurs_in(EMAPA:16846)
GO:0006154	adenosine catabolic process	occurs_in(EMAPA:16846)
GO:0006154	adenosine catabolic process	occurs_in(EMAPA:16846)
GO:0046103	inosine biosynthetic process	occurs_in(EMAPA:16846)
GO:0004347	glucose-6-phosphate isomerase activity	occurs_in(EMAPA:16846)
GO:0004367	glycerol-3-phosphate dehydrogenase [NAD+] activity	occurs_in(EMAPA:16846)
GO:0097284	hepatocyte apoptotic process	occurs_in(EMAPA:16846)
GO:0006687	glycosphingolipid metabolic process	occurs_in(EMAPA:16846)
GO:0046223	aflatoxin catabolic process	occurs_in(EMAPA:16846)
GO:0003994	aconitate hydratase activity	occurs_in(EMAPA:16846)
GO:0004563	beta-N-acetylhexosaminidase activity	occurs_in(EMAPA:16846)
GO:0004563	beta-N-acetylhexosaminidase activity	occurs_in(EMAPA:16846)
GO:0015760	glucose-6-phosphate transport	occurs_in(EMAPA:16846)
GO:0042803	protein homodimerization activity	occurs_in(EMAPA:16846)
GO:0004557	alpha-galactosidase activity	occurs_in(EMAPA:16846)
GO:0004363	glutathione synthase activity	occurs_in(EMAPA:16846)
GO:0061624	fructose catabolic process to hydroxyacetone phosphate and glyceraldehyde-3-phosphate	occurs_in(EMAPA:16846)
GO:0004357	glutamate-cysteine ligase activity	occurs_in(EMAPA:16846)
GO:0033499	galactose catabolic process via UDP-galactose	occurs_in(EMAPA:16846)
GO:0008757	S-adenosylmethionine-dependent methyltransferase activity	occurs_in(EMAPA:16846)
GO:0004370	glycerol kinase activity	occurs_in(EMAPA:16846)
GO:0006878	cellular copper ion homeostasis	occurs_in(EMAPA:16846)
GO:0030509	BMP signaling pathway	occurs_in(EMAPA:16846)
GO:0051607	defense response to virus	occurs_in(EMAPA:16846)
GO:0035598	N6-threonylcarbomyladenosine methylthiotransferase activity	occurs_in(EMAPA:16846)
GO:0050667	homocysteine metabolic process	occurs_in(EMAPA:16846)
GO:0032446	protein modification by small protein conjugation	occurs_in(EMAPA:16846)
GO:0035360	positive regulation of peroxisome proliferator activated receptor signaling pathway	occurs_in(EMAPA:16846)
GO:0035948	positive regulation of gluconeogenesis by positive regulation of transcription from RNA polymerase II promoter	occurs_in(EMAPA:16846)
GO:0006555	methionine metabolic process	occurs_in(EMAPA:16846)
GO:0060218	hematopoietic stem cell differentiation	occurs_in(EMAPA:16846)
GO:0003989	acetyl-CoA carboxylase activity	occurs_in(EMAPA:16846)
GO:0060216	definitive hemopoiesis	occurs_in(EMAPA:16846)
GO:0097009	energy homeostasis	occurs_in(EMAPA:16846)
GO:0000979	RNA polymerase II core promoter sequence-specific DNA binding	occurs_in(EMAPA:16846)
GO:0004332	fructose-bisphosphate aldolase activity	occurs_in(EMAPA:16846)
GO:0051260	protein homooligomerization	occurs_in(EMAPA:16846)
GO:0004807	triose-phosphate isomerase activity	occurs_in(EMAPA:16846)
GO:0004602	glutathione peroxidase activity	occurs_in(EMAPA:16846)
GO:0004731	purine-nucleoside phosphorylase activity	occurs_in(EMAPA:16846)
GO:0042278	purine nucleoside metabolic process	occurs_in(EMAPA:16846)
GO:0004563	beta-N-acetylhexosaminidase activity	occurs_in(EMAPA:16846)
GO:0005980	glycogen catabolic process	occurs_in(EMAPA:16846)
GO:0051132	NK T cell activation	occurs_in(EMAPA:16846)
GO:0004925	prolactin receptor activity	occurs_in(EMAPA:16846)
GO:0001889	liver development	occurs_in(EMAPA:16846)
GO:0006686	sphingomyelin biosynthetic process	occurs_in(EMAPA:16846)
GO:0004370	glycerol kinase activity	occurs_in(EMAPA:16846)
GO:0008283	cell proliferation	occurs_in(EMAPA:16846)
GO:0052689	carboxylic ester hydrolase activity	occurs_in(EMAPA:16846)
GO:0008203	cholesterol metabolic process	occurs_in(EMAPA:16846)
GO:0006997	nucleus organization	occurs_in(EMAPA:16846)
GO:0019903	protein phosphatase binding	occurs_in(EMAPA:16846)
GO:0006914	autophagy	occurs_in(EMAPA:16846)
GO:0071230	cellular response to amino acid stimulus	occurs_in(EMAPA:16846)
GO:0004148	dihydrolipoyl dehydrogenase activity	occurs_in(EMAPA:16846)
GO:0034604	pyruvate dehydrogenase (NAD+) activity	occurs_in(EMAPA:16846)
GO:0006749	glutathione metabolic process	occurs_in(EMAPA:16846)
GO:0002521	leukocyte differentiation	occurs_in(EMAPA:16846)
GO:0006154	adenosine catabolic process	occurs_in(EMAPA:16846)
GO:0006154	adenosine catabolic process	occurs_in(EMAPA:16846)
GO:0006157	deoxyadenosine catabolic process	occurs_in(EMAPA:16846)
GO:0046103	inosine biosynthetic process	occurs_in(EMAPA:16846)
GO:0045944	positive regulation of transcription from RNA polymerase II promoter	occurs_in(EMAPA:16846)
GO:0003677	DNA binding	occurs_in(EMAPA:16846)
GO:0007005	mitochondrion organization	occurs_in(EMAPA:16846)
GO:0043565	sequence-specific DNA binding	occurs_in(EMAPA:16846)
GO:0051726	regulation of cell cycle	occurs_in(EMAPA:16846)
GO:0004558	alpha-1,4-glucosidase activity	occurs_in(EMAPA:16846)
GO:0055072	iron ion homeostasis	occurs_in(EMAPA:16846)
GO:0061625	glycolytic process through fructose-1-phosphate	occurs_in(EMAPA:16846)
GO:0019852	L-ascorbic acid metabolic process	occurs_in(EMAPA:16846)
GO:0061623	glycolytic process from galactose	occurs_in(EMAPA:16846)
GO:0004366	glycerol-3-phosphate O-acyltransferase activity	occurs_in(EMAPA:16846)
GO:0006641	triglyceride metabolic process	occurs_in(EMAPA:16846)
GO:0006878	cellular copper ion homeostasis	occurs_in(EMAPA:16846)
GO:0032799	low-density lipoprotein receptor particle metabolic process	occurs_in(EMAPA:16846)
GO:0006879	cellular iron ion homeostasis	occurs_in(EMAPA:16846)
GO:0051568	histone H3-K4 methylation	occurs_in(EMAPA:16846)
GO:0004594	pantothenate kinase activity	occurs_in(EMAPA:16846)
GO:0032868	response to insulin	occurs_in(EMAPA:16846)
GO:0019369	arachidonic acid metabolic process	occurs_in(EMAPA:16846)
GO:0042136	neurotransmitter biosynthetic process	occurs_in(EMAPA:16846)
GO:0035600	tRNA methylthiolation	occurs_in(EMAPA:16846)
GO:0061484	hematopoietic stem cell homeostasis	occurs_in(EMAPA:16846)
GO:0071456	cellular response to hypoxia	occurs_in(EMAPA:16846)
GO:0007040	lysosome organization	occurs_in(EMAPA:16846)
GO:0006629	lipid metabolic process	occurs_in(EMAPA:16846)
GO:1900408	negative regulation of cellular response to oxidative stress	occurs_in(EMAPA:16846)
GO:0004674	protein serine/threonine kinase activity	occurs_in(EMAPA:16846)
GO:0005978	glycogen biosynthetic process	occurs_in(EMAPA:16846)
GO:0003682	chromatin binding	occurs_in(EMAPA:16846)
GO:0004022	alcohol dehydrogenase (NAD) activity	occurs_in(EMAPA:16846)
GO:0004000	adenosine deaminase activity	occurs_in(EMAPA:16846)
GO:0042744	hydrogen peroxide catabolic process	occurs_in(EMAPA:16846)
GO:0004731	purine-nucleoside phosphorylase activity	occurs_in(EMAPA:16846)
GO:0004731	purine-nucleoside phosphorylase activity	occurs_in(EMAPA:16846)
GO:0042278	purine nucleoside metabolic process	occurs_in(EMAPA:16846)
GO:0004563	beta-N-acetylhexosaminidase activity	occurs_in(EMAPA:16846)
GO:0007033	vacuole organization	occurs_in(EMAPA:16846)
GO:0000122	negative regulation of transcription from RNA polymerase II promoter	occurs_in(EMAPA:16846)
GO:0000122	negative regulation of transcription from RNA polymerase II promoter	occurs_in(EMAPA:16846)
GO:0000122	negative regulation of transcription from RNA polymerase II promoter	occurs_in(EMAPA:16846)
GO:0005515	protein binding	occurs_in(EMAPA:16846)
GO:0004558	alpha-1,4-glucosidase activity	occurs_in(EMAPA:16846)
GO:0004370	glycerol kinase activity	occurs_in(EMAPA:16846)
GO:0006878	cellular copper ion homeostasis	occurs_in(EMAPA:16846)
GO:0006878	cellular copper ion homeostasis	occurs_in(EMAPA:16846)
GO:0006777	Mo-molybdopterin cofactor biosynthetic process	occurs_in(EMAPA:16846)
GO:0046527	glucosyltransferase activity	occurs_in(EMAPA:16846)
GO:0000050	urea cycle	occurs_in(EMAPA:16846)
GO:0050354	triokinase activity	occurs_in(EMAPA:16846)
GO:0052689	carboxylic ester hydrolase activity	occurs_in(EMAPA:16846)
GO:0061615	glycolytic process through fructose-6-phosphate	occurs_in(EMAPA:16846)
GO:0031100	animal organ regeneration	occurs_in(EMAPA:16846)
GO:0031514	motile cilium	occurs_in(EMAPA:16853
GO:0010669	epithelial structure maintenance	occurs_in(EMAPA:16853)
GO:0003351	epithelial cilium movement	occurs_in(EMAPA:16853)
GO:0004000	adenosine deaminase activity	occurs_in(EMAPA:16853)
GO:0006154	adenosine catabolic process	occurs_in(EMAPA:16853)
GO:0046103	inosine biosynthetic process	occurs_in(EMAPA:16853)
GO:0003341	cilium movement	occurs_in(EMAPA:16855
GO:0030859	polarized epithelial cell differentiation	occurs_in(EMAPA:16855
GO:0003341	cilium movement	occurs_in(EMAPA:16855
GO:0036158	outer dynein arm assembly	occurs_in(EMAPA:16855
GO:0002064	epithelial cell development	occurs_in(EMAPA:16855
GO:0003351	epithelial cilium movement	occurs_in(EMAPA:16855
GO:0003351	epithelial cilium movement	occurs_in(EMAPA:16855)
GO:0003341	cilium movement	occurs_in(EMAPA:16855)
GO:0035089	establishment of apical/basal cell polarity	occurs_in(EMAPA:16855)
GO:0036156	inner dynein arm	occurs_in(EMAPA:16855)
GO:0035082	axoneme assembly	occurs_in(EMAPA:16855)
GO:0008354	germ cell migration	occurs_in(EMAPA:16859
GO:0035234	ectopic germ cell programmed cell death	occurs_in(EMAPA:16859
GO:0090244	Wnt signaling pathway involved in somitogenesis	occurs_in(EMAPA:16860)
GO:0060070	canonical Wnt signaling pathway	occurs_in(EMAPA:16860)
GO:0007219	Notch signaling pathway	occurs_in(EMAPA:16860)
GO:0043524	negative regulation of neuron apoptotic process	occurs_in(EMAPA:16881
GO:0070120	ciliary neurotrophic factor-mediated signaling pathway	occurs_in(EMAPA:16894
GO:0007040	lysosome organization	occurs_in(EMAPA:16894
GO:0051402	neuron apoptotic process	occurs_in(EMAPA:16894
GO:0006468	protein phosphorylation	occurs_in(EMAPA:16894
GO:0060018	astrocyte fate commitment	occurs_in(EMAPA:16894
GO:0008047	enzyme activator activity	occurs_in(EMAPA:16894
GO:0008047	enzyme activator activity	occurs_in(EMAPA:16894
GO:0032956	regulation of actin cytoskeleton organization	occurs_in(EMAPA:16894
GO:0010468	regulation of gene expression	occurs_in(EMAPA:16894
GO:0031290	retinal ganglion cell axon guidance	occurs_in(EMAPA:16894
GO:0000226	microtubule cytoskeleton organization	occurs_in(EMAPA:16894
GO:0000226	microtubule cytoskeleton organization	occurs_in(EMAPA:16894
GO:0000122	negative regulation of transcription from RNA polymerase II promoter	occurs_in(EMAPA:16894
GO:0031290	retinal ganglion cell axon guidance	occurs_in(EMAPA:16894
GO:0006878	cellular copper ion homeostasis	occurs_in(EMAPA:16894
GO:0007040	lysosome organization	occurs_in(EMAPA:16894
GO:0007040	lysosome organization	occurs_in(EMAPA:16894
GO:0034976	response to endoplasmic reticulum stress	occurs_in(EMAPA:16894
GO:0004897	ciliary neurotrophic factor receptor activity	occurs_in(EMAPA:16894
GO:0006689	ganglioside catabolic process	occurs_in(EMAPA:16894
GO:0009313	oligosaccharide catabolic process	occurs_in(EMAPA:16894
GO:0045665	negative regulation of neuron differentiation	occurs_in(EMAPA:16894
GO:0034389	lipid particle organization	occurs_in(EMAPA:16894
GO:0007029	endoplasmic reticulum organization	occurs_in(EMAPA:16894
GO:0044257	cellular protein catabolic process	occurs_in(EMAPA:16894
GO:0006508	proteolysis	occurs_in(EMAPA:16894
GO:0071285	cellular response to lithium ion	occurs_in(EMAPA:16894
GO:0097500	receptor localization to non-motile cilium	occurs_in(EMAPA:16894
GO:0097500	receptor localization to non-motile cilium	occurs_in(EMAPA:16894
GO:0071763	nuclear membrane organization	occurs_in(EMAPA:16894
GO:0048026	positive regulation of mRNA splicing, via spliceosome	occurs_in(EMAPA:16894
GO:0031639	plasminogen activation	occurs_in(EMAPA:16894
GO:0007040	lysosome organization	occurs_in(EMAPA:16894
GO:0004713	protein tyrosine kinase activity	occurs_in(EMAPA:16894
GO:0007040	lysosome organization	occurs_in(EMAPA:16894
GO:0051932	synaptic transmission, GABAergic	occurs_in(EMAPA:16894
GO:0014003	oligodendrocyte development	occurs_in(EMAPA:16894
GO:0016197	endosomal transport	occurs_in(EMAPA:16894
GO:0008283	cell proliferation	occurs_in(EMAPA:16894
GO:0004629	phospholipase C activity	occurs_in(EMAPA:16894)
GO:0006635	fatty acid beta-oxidation	occurs_in(EMAPA:16894)
GO:0006661	phosphatidylinositol biosynthetic process	occurs_in(EMAPA:16894)
GO:0006154	adenosine catabolic process	occurs_in(EMAPA:16894)
GO:0046103	inosine biosynthetic process	occurs_in(EMAPA:16894)
GO:0004602	glutathione peroxidase activity	occurs_in(EMAPA:16894)
GO:0004672	protein kinase activity	occurs_in(EMAPA:16894)
GO:0007416	synapse assembly	occurs_in(EMAPA:16894)
GO:0042417	dopamine metabolic process	occurs_in(EMAPA:16894)
GO:0001574	ganglioside biosynthetic process	occurs_in(EMAPA:16894)
GO:0021540	corpus callosum morphogenesis	occurs_in(EMAPA:16894)
GO:0030857	negative regulation of epithelial cell differentiation	occurs_in(EMAPA:16894)
GO:0006570	tyrosine metabolic process	occurs_in(EMAPA:16894)
GO:0046034	ATP metabolic process	occurs_in(EMAPA:16894)
GO:0006882	cellular zinc ion homeostasis	occurs_in(EMAPA:16894)
GO:0019889	pteridine metabolic process	occurs_in(EMAPA:16894)
GO:0015871	choline transport	occurs_in(EMAPA:16894)
GO:0006650	glycerophospholipid metabolic process	occurs_in(EMAPA:16894)
GO:0071763	nuclear membrane organization	occurs_in(EMAPA:16894)
GO:0003351	epithelial cilium movement	occurs_in(EMAPA:16894)
GO:0004619	phosphoglycerate mutase activity	occurs_in(EMAPA:16894)
GO:0007614	short-term memory	occurs_in(EMAPA:16894)
GO:0046488	phosphatidylinositol metabolic process	occurs_in(EMAPA:16894)
GO:0005515	protein binding	occurs_in(EMAPA:16894)
GO:0048668	collateral sprouting	occurs_in(EMAPA:16894)
GO:0048499	synaptic vesicle membrane organization	occurs_in(EMAPA:16894)
GO:0016308	1-phosphatidylinositol-4-phosphate 5-kinase activity	occurs_in(EMAPA:16894)
GO:0030206	chondroitin sulfate biosynthetic process	occurs_in(EMAPA:16894)
GO:0061024	membrane organization	occurs_in(EMAPA:16894)
GO:0019903	protein phosphatase binding	occurs_in(EMAPA:16894)
GO:0005515	protein binding	occurs_in(EMAPA:16894)
GO:0004602	glutathione peroxidase activity	occurs_in(EMAPA:16894)
GO:0015187	glycine transmembrane transporter activity	occurs_in(EMAPA:16894)
GO:0015816	glycine transport	occurs_in(EMAPA:16894)
GO:0035418	protein localization to synapse	occurs_in(EMAPA:16894)
GO:0030205	dermatan sulfate metabolic process	occurs_in(EMAPA:16894)
GO:0042415	norepinephrine metabolic process	occurs_in(EMAPA:16894)
GO:0030144	alpha-1,6-mannosylglycoprotein 6-beta-N-acetylglucosaminyltransferase activity	occurs_in(EMAPA:16894)
GO:0008292	acetylcholine biosynthetic process	occurs_in(EMAPA:16894)
GO:0004806	triglyceride lipase activity	occurs_in(EMAPA:16894)
GO:0060070	canonical Wnt signaling pathway	occurs_in(EMAPA:16894)
GO:0071542	dopaminergic neuron differentiation	occurs_in(EMAPA:16894)
GO:0009448	gamma-aminobutyric acid metabolic process	occurs_in(EMAPA:16894)
GO:0021766	hippocampus development	occurs_in(EMAPA:16894)
GO:0048589	developmental growth	occurs_in(EMAPA:16894)
GO:0042987	amyloid precursor protein catabolic process	occurs_in(EMAPA:16894)
GO:0006511	ubiquitin-dependent protein catabolic process	occurs_in(EMAPA:16894)
GO:0004594	pantothenate kinase activity	occurs_in(EMAPA:16894)
GO:0003876	AMP deaminase activity	occurs_in(EMAPA:16894)
GO:0060997	dendritic spine morphogenesis	occurs_in(EMAPA:16894)
GO:0003831	beta-N-acetylglucosaminylglycopeptide beta-1,4-galactosyltransferase activity	occurs_in(EMAPA:16894)
GO:0002931	response to ischemia	occurs_in(EMAPA:16894)
GO:0050811	GABA receptor binding	occurs_in(EMAPA:16894)
GO:0038023	signaling receptor activity	occurs_in(EMAPA:16894)
GO:0021591	ventricular system development	occurs_in(EMAPA:16894)
GO:0050772	positive regulation of axonogenesis	occurs_in(EMAPA:16894)
GO:0004563	beta-N-acetylhexosaminidase activity	occurs_in(EMAPA:16894)
GO:0042981	regulation of apoptotic process	occurs_in(EMAPA:16894)
GO:0006878	cellular copper ion homeostasis	occurs_in(EMAPA:16894)
GO:0006878	cellular copper ion homeostasis	occurs_in(EMAPA:16894)
GO:0006878	cellular copper ion homeostasis	occurs_in(EMAPA:16894)
GO:0006878	cellular copper ion homeostasis	occurs_in(EMAPA:16894)
GO:0042136	neurotransmitter biosynthetic process	occurs_in(EMAPA:16894)
GO:0006487	protein N-linked glycosylation	occurs_in(EMAPA:16894)
GO:0017171	serine hydrolase activity	occurs_in(EMAPA:16894)
GO:0046459	short-chain fatty acid metabolic process	occurs_in(EMAPA:16894)
GO:0031987	locomotion involved in locomotory behavior	occurs_in(EMAPA:16894)
GO:0007040	lysosome organization	occurs_in(EMAPA:16894)
GO:0007040	lysosome organization	occurs_in(EMAPA:16894)
GO:0051966	regulation of synaptic transmission, glutamatergic	occurs_in(EMAPA:16894)
GO:0004000	adenosine deaminase activity	occurs_in(EMAPA:16894)
GO:0004784	superoxide dismutase activity	occurs_in(EMAPA:16894)
GO:0004602	glutathione peroxidase activity	occurs_in(EMAPA:16894)
GO:0042278	purine nucleoside metabolic process	occurs_in(EMAPA:16894)
GO:0006689	ganglioside catabolic process	occurs_in(EMAPA:16894)
GO:0004563	beta-N-acetylhexosaminidase activity	occurs_in(EMAPA:16894)
GO:0034599	cellular response to oxidative stress	occurs_in(EMAPA:16894)
GO:0042493	response to drug	occurs_in(EMAPA:16894)
GO:0007214	gamma-aminobutyric acid signaling pathway	occurs_in(EMAPA:16894)
GO:0030644	cellular chloride ion homeostasis	occurs_in(EMAPA:16894)
GO:0001764	neuron migration	occurs_in(EMAPA:16894)
GO:0030204	chondroitin sulfate metabolic process	occurs_in(EMAPA:16894)
GO:0004674	protein serine/threonine kinase activity	occurs_in(EMAPA:16894)
GO:0021957	corticospinal tract morphogenesis	occurs_in(EMAPA:16894)
GO:0048668	collateral sprouting	occurs_in(EMAPA:16894)
GO:0019433	triglyceride catabolic process	occurs_in(EMAPA:16894)
GO:0006681	galactosylceramide metabolic process	occurs_in(EMAPA:16894)
GO:0031957	very long-chain fatty acid-CoA ligase activity	occurs_in(EMAPA:16894)
GO:0080129	proteasome core complex assembly	occurs_in(EMAPA:16894)
GO:0006020	inositol metabolic process	occurs_in(EMAPA:16894)
GO:0006188	IMP biosynthetic process	occurs_in(EMAPA:16894)
GO:0006638	neutral lipid metabolic process	occurs_in(EMAPA:16894)
GO:0007006	mitochondrial membrane organization	occurs_in(EMAPA:16894)
GO:0060999	positive regulation of dendritic spine development	occurs_in(EMAPA:16894)
GO:0004000	adenosine deaminase activity	occurs_in(EMAPA:16894)
GO:0006154	adenosine catabolic process	occurs_in(EMAPA:16894)
GO:0046103	inosine biosynthetic process	occurs_in(EMAPA:16894)
GO:0051721	protein phosphatase 2A binding	occurs_in(EMAPA:16894)
GO:0072593	reactive oxygen species metabolic process	occurs_in(EMAPA:16894)
GO:0004347	glucose-6-phosphate isomerase activity	occurs_in(EMAPA:16894)
GO:0002523	leukocyte migration involved in inflammatory response	occurs_in(EMAPA:16894)
GO:0048487	beta-tubulin binding	occurs_in(EMAPA:16894)
GO:0006687	glycosphingolipid metabolic process	occurs_in(EMAPA:16894)
GO:0004563	beta-N-acetylhexosaminidase activity	occurs_in(EMAPA:16894)
GO:0004563	beta-N-acetylhexosaminidase activity	occurs_in(EMAPA:16894)
GO:0004363	glutathione synthase activity	occurs_in(EMAPA:16894)
GO:0046146	tetrahydrobiopterin metabolic process	occurs_in(EMAPA:16894)
GO:0019369	arachidonic acid metabolic process	occurs_in(EMAPA:16894)
GO:0006470	protein dephosphorylation	occurs_in(EMAPA:16894)
GO:1905515	non-motile cilium assembly	occurs_in(EMAPA:16894)
GO:0006364	rRNA processing	occurs_in(EMAPA:16894)
GO:0005184	neuropeptide hormone activity	occurs_in(EMAPA:16894)
GO:1903076	regulation of protein localization to plasma membrane	occurs_in(EMAPA:16894)
GO:0097009	energy homeostasis	occurs_in(EMAPA:16894)
GO:0006644	phospholipid metabolic process	occurs_in(EMAPA:16894)
GO:0022848	acetylcholine-gated cation-selective channel activity	occurs_in(EMAPA:16894)
GO:0032956	regulation of actin cytoskeleton organization	occurs_in(EMAPA:16894)
GO:0004807	triose-phosphate isomerase activity	occurs_in(EMAPA:16894)
GO:0000302	response to reactive oxygen species	occurs_in(EMAPA:16894)
GO:0004731	purine-nucleoside phosphorylase activity	occurs_in(EMAPA:16894)
GO:0042278	purine nucleoside metabolic process	occurs_in(EMAPA:16894)
GO:0004743	pyruvate kinase activity	occurs_in(EMAPA:16894)
GO:0003723	RNA binding	occurs_in(EMAPA:16894)
GO:0004558	alpha-1,4-glucosidase activity	occurs_in(EMAPA:16894)
GO:0004713	protein tyrosine kinase activity	occurs_in(EMAPA:16894)
GO:0003351	epithelial cilium movement	occurs_in(EMAPA:16894)
GO:0035255	ionotropic glutamate receptor binding	occurs_in(EMAPA:16894)
GO:0006695	cholesterol biosynthetic process	occurs_in(EMAPA:16894)
GO:0006878	cellular copper ion homeostasis	occurs_in(EMAPA:16894)
GO:0016579	protein deubiquitination	occurs_in(EMAPA:16894)
GO:0007420	brain development	occurs_in(EMAPA:16894)
GO:0006631	fatty acid metabolic process	occurs_in(EMAPA:16894)
GO:0050544	arachidonic acid binding	occurs_in(EMAPA:16894)
GO:0006154	adenosine catabolic process	occurs_in(EMAPA:16894)
GO:0046103	inosine biosynthetic process	occurs_in(EMAPA:16894)
GO:2000310	regulation of N-methyl-D-aspartate selective glutamate receptor activity	occurs_in(EMAPA:16894)
GO:0046983	protein dimerization activity	occurs_in(EMAPA:16894)
GO:0001568	blood vessel development	occurs_in(EMAPA:16894)
GO:0022010	central nervous system myelination	occurs_in(EMAPA:16894)
GO:1990403	embryonic brain development	occurs_in(EMAPA:16894)
GO:0030198	extracellular matrix organization	occurs_in(EMAPA:16894)
GO:0060828	regulation of canonical Wnt signaling pathway	occurs_in(EMAPA:16894)
GO:0005102	receptor binding	occurs_in(EMAPA:16894)
GO:0001836	release of cytochrome c from mitochondria	occurs_in(EMAPA:16894)
GO:0006568	tryptophan metabolic process	occurs_in(EMAPA:16894)
GO:0006878	cellular copper ion homeostasis	occurs_in(EMAPA:16894)
GO:0046835	carbohydrate phosphorylation	occurs_in(EMAPA:16894)
GO:0010506	regulation of autophagy	occurs_in(EMAPA:16894)
GO:1990715	mRNA CDS binding	occurs_in(EMAPA:16894)
GO:0006678	glucosylceramide metabolic process	occurs_in(EMAPA:16894)
GO:0022027	interkinetic nuclear migration	occurs_in(EMAPA:16894)
GO:0008203	cholesterol metabolic process	occurs_in(EMAPA:16894)
GO:0046921	alpha-(1->6)-fucosyltransferase activity	occurs_in(EMAPA:16894)
GO:0016757	transferase activity, transferring glycosyl groups	occurs_in(EMAPA:16894)
GO:0031643	positive regulation of myelination	occurs_in(EMAPA:16894)
GO:0005515	protein binding	occurs_in(EMAPA:16894)
GO:0000038	very long-chain fatty acid metabolic process	occurs_in(EMAPA:16894)
GO:0042775	mitochondrial ATP synthesis coupled electron transport	occurs_in(EMAPA:16894)
GO:0042043	neurexin family protein binding	occurs_in(EMAPA:16894)
GO:0004000	adenosine deaminase activity	occurs_in(EMAPA:16894)
GO:0042744	hydrogen peroxide catabolic process	occurs_in(EMAPA:16894)
GO:0004731	purine-nucleoside phosphorylase activity	occurs_in(EMAPA:16894)
GO:0004563	beta-N-acetylhexosaminidase activity	occurs_in(EMAPA:16894)
GO:0004558	alpha-1,4-glucosidase activity	occurs_in(EMAPA:16894)
GO:0005980	glycogen catabolic process	occurs_in(EMAPA:16894)
GO:1900122	positive regulation of receptor binding	occurs_in(EMAPA:16894)
GO:0006878	cellular copper ion homeostasis	occurs_in(EMAPA:16894)
GO:0006805	xenobiotic metabolic process	occurs_in(EMAPA:16894)
GO:0006362	transcription elongation from RNA polymerase I promoter	occurs_in(EMAPA:16894)
GO:0021670	lateral ventricle development	occurs_in(EMAPA:16894)
GO:0015760	glucose-6-phosphate transport	occurs_in(EMAPA:16894)
GO:0003729	mRNA binding	occurs_in(EMAPA:16894)
GO:0006020	inositol metabolic process	occurs_in(EMAPA:16894)
GO:0021885	forebrain cell migration	occurs_in(EMAPA:16895
GO:0030182	neuron differentiation	occurs_in(EMAPA:16895
GO:0001764	neuron migration	occurs_in(EMAPA:16895
GO:0001764	neuron migration	occurs_in(EMAPA:16895
GO:0021884	forebrain neuron development	occurs_in(EMAPA:16895
GO:0043524	negative regulation of neuron apoptotic process	occurs_in(EMAPA:16895
GO:0030182	neuron differentiation	occurs_in(EMAPA:16895
GO:0005003	ephrin receptor activity	occurs_in(EMAPA:16895
GO:0007409	axonogenesis	occurs_in(EMAPA:16895
GO:0007409	axonogenesis	occurs_in(EMAPA:16895
GO:0021861	forebrain radial glial cell differentiation	occurs_in(EMAPA:16895
GO:0021846	cell proliferation in forebrain	occurs_in(EMAPA:16895
GO:0060271	cilium assembly	occurs_in(EMAPA:16895
GO:0021884	forebrain neuron development	occurs_in(EMAPA:16895
GO:0048468	cell development	occurs_in(EMAPA:16895
GO:0000187	activation of MAPK activity	occurs_in(EMAPA:16895
GO:0048013	ephrin receptor signaling pathway	occurs_in(EMAPA:16895
GO:0008283	cell proliferation	occurs_in(EMAPA:16895)
GO:0008283	cell proliferation	occurs_in(EMAPA:16895)
GO:0043524	negative regulation of neuron apoptotic process	occurs_in(EMAPA:16895)
GO:0004602	glutathione peroxidase activity	occurs_in(EMAPA:16895)
GO:0043525	positive regulation of neuron apoptotic process	occurs_in(EMAPA:16895)
GO:0015811	L-cystine transport	occurs_in(EMAPA:16895)
GO:0005515	protein binding	occurs_in(EMAPA:16895)
GO:0015184	L-cystine transmembrane transporter activity	occurs_in(EMAPA:16895)
GO:0006303	double-strand break repair via nonhomologous end joining	occurs_in(EMAPA:16895)
GO:0043524	negative regulation of neuron apoptotic process	occurs_in(EMAPA:16895)
GO:0007212	dopamine receptor signaling pathway	occurs_in(EMAPA:16895)
GO:0042771	intrinsic apoptotic signaling pathway in response to DNA damage by p53 class mediator	occurs_in(EMAPA:16895)
GO:0007411	axon guidance	occurs_in(EMAPA:16895)
GO:0042941	D-alanine transport	occurs_in(EMAPA:16895)
GO:0021798	forebrain dorsal/ventral pattern formation	occurs_in(EMAPA:16895)
GO:0007389	pattern specification process	occurs_in(EMAPA:16895)
GO:0008630	intrinsic apoptotic signaling pathway in response to DNA damage	occurs_in(EMAPA:16895)
GO:0005245	voltage-gated calcium channel activity	occurs_in(EMAPA:16895)
GO:0000724	double-strand break repair via homologous recombination	occurs_in(EMAPA:16895)
GO:0006879	cellular iron ion homeostasis	occurs_in(EMAPA:16895)
GO:0042942	D-serine transport	occurs_in(EMAPA:16895)
GO:0007224	smoothened signaling pathway	occurs_in(EMAPA:16895)
GO:0002040	sprouting angiogenesis	occurs_in(EMAPA:16895)
GO:0031290	retinal ganglion cell axon guidance	occurs_in(EMAPA:16896
GO:0021879	forebrain neuron differentiation	occurs_in(EMAPA:16896
GO:0043524	negative regulation of neuron apoptotic process	occurs_in(EMAPA:16896
GO:0061373	mammillary axonal complex development	occurs_in(EMAPA:16896
GO:0021902	commitment of neuronal cell to specific neuron type in forebrain	occurs_in(EMAPA:16896)
GO:0042417	dopamine metabolic process	occurs_in(EMAPA:16896)
GO:0042428	serotonin metabolic process	occurs_in(EMAPA:16896)
GO:0042417	dopamine metabolic process	occurs_in(EMAPA:16896)
GO:0097154	GABAergic neuron differentiation	occurs_in(EMAPA:16896)
GO:0003682	chromatin binding	occurs_in(EMAPA:16898
GO:0003682	chromatin binding	occurs_in(EMAPA:16898
GO:0007412	axon target recognition	occurs_in(EMAPA:16898
GO:0003700	transcription factor activity, sequence-specific DNA binding	occurs_in(EMAPA:16898
GO:0003700	transcription factor activity, sequence-specific DNA binding	occurs_in(EMAPA:16898
GO:0003700	transcription factor activity, sequence-specific DNA binding	occurs_in(EMAPA:16898
GO:0003700	transcription factor activity, sequence-specific DNA binding	occurs_in(EMAPA:16898
GO:0003700	transcription factor activity, sequence-specific DNA binding	occurs_in(EMAPA:16898
GO:0003700	transcription factor activity, sequence-specific DNA binding	occurs_in(EMAPA:16898
GO:0003700	transcription factor activity, sequence-specific DNA binding	occurs_in(EMAPA:16898
GO:0003700	transcription factor activity, sequence-specific DNA binding	occurs_in(EMAPA:16898
GO:0003700	transcription factor activity, sequence-specific DNA binding	occurs_in(EMAPA:16898
GO:0003700	transcription factor activity, sequence-specific DNA binding	occurs_in(EMAPA:16898
GO:0003700	transcription factor activity, sequence-specific DNA binding	occurs_in(EMAPA:16898
GO:0003700	transcription factor activity, sequence-specific DNA binding	occurs_in(EMAPA:16898
GO:0003700	transcription factor activity, sequence-specific DNA binding	occurs_in(EMAPA:16898
GO:0003700	transcription factor activity, sequence-specific DNA binding	occurs_in(EMAPA:16898
GO:0003700	transcription factor activity, sequence-specific DNA binding	occurs_in(EMAPA:16898
GO:0003700	transcription factor activity, sequence-specific DNA binding	occurs_in(EMAPA:16898
GO:0003700	transcription factor activity, sequence-specific DNA binding	occurs_in(EMAPA:16898
GO:0003700	transcription factor activity, sequence-specific DNA binding	occurs_in(EMAPA:16898
GO:0003700	transcription factor activity, sequence-specific DNA binding	occurs_in(EMAPA:16898
GO:0003700	transcription factor activity, sequence-specific DNA binding	occurs_in(EMAPA:16898
GO:0003700	transcription factor activity, sequence-specific DNA binding	occurs_in(EMAPA:16898
GO:0003700	transcription factor activity, sequence-specific DNA binding	occurs_in(EMAPA:16898
GO:0003700	transcription factor activity, sequence-specific DNA binding	occurs_in(EMAPA:16898
GO:0003700	transcription factor activity, sequence-specific DNA binding	occurs_in(EMAPA:16898
GO:0030154	cell differentiation	occurs_in(EMAPA:16898
GO:0030154	cell differentiation	occurs_in(EMAPA:16898
GO:0030154	cell differentiation	occurs_in(EMAPA:16898
GO:0001568	blood vessel development	occurs_in(EMAPA:16898)
GO:0045596	negative regulation of cell differentiation	occurs_in(EMAPA:16898)
GO:0042127	regulation of cell proliferation	occurs_in(EMAPA:16898)
GO:0016477	cell migration	occurs_in(EMAPA:16898)
GO:0008283	cell proliferation	occurs_in(EMAPA:16898)
GO:0003351	epithelial cilium movement	occurs_in(EMAPA:16900)
GO:0003351	epithelial cilium movement	occurs_in(EMAPA:16900)
GO:0016556	mRNA modification	occurs_in(EMAPA:16900)
GO:0003351	epithelial cilium movement	occurs_in(EMAPA:16900)
GO:0001764	neuron migration	occurs_in(EMAPA:16900)
GO:0003351	epithelial cilium movement	occurs_in(EMAPA:16900)
GO:0060163	subpallium neuron fate commitment	occurs_in(EMAPA:16910
GO:0021853	cerebral cortex GABAergic interneuron migration	occurs_in(EMAPA:16910
GO:0001764	neuron migration	occurs_in(EMAPA:16910
GO:0001764	neuron migration	occurs_in(EMAPA:16910
GO:0016055	Wnt signaling pathway	occurs_in(EMAPA:16910
GO:0030154	cell differentiation	occurs_in(EMAPA:16910
GO:0000122	negative regulation of transcription from RNA polymerase II promoter	occurs_in(EMAPA:16910
GO:0000122	negative regulation of transcription from RNA polymerase II promoter	occurs_in(EMAPA:16910
GO:0048709	oligodendrocyte differentiation	occurs_in(EMAPA:16910
GO:0021884	forebrain neuron development	occurs_in(EMAPA:16910
GO:0021902	commitment of neuronal cell to specific neuron type in forebrain	occurs_in(EMAPA:16910
GO:0001709	cell fate determination	occurs_in(EMAPA:16910
GO:0043565	sequence-specific DNA binding	occurs_in(EMAPA:16910
GO:0043565	sequence-specific DNA binding	occurs_in(EMAPA:16910
GO:0043565	sequence-specific DNA binding	occurs_in(EMAPA:16910
GO:0043565	sequence-specific DNA binding	occurs_in(EMAPA:16910
GO:0043565	sequence-specific DNA binding	occurs_in(EMAPA:16910
GO:0045665	negative regulation of neuron differentiation	occurs_in(EMAPA:16910
GO:0043065	positive regulation of apoptotic process	occurs_in(EMAPA:16910
GO:0043065	positive regulation of apoptotic process	occurs_in(EMAPA:16910
GO:0001764	neuron migration	occurs_in(EMAPA:16910
GO:0022018	lateral ganglionic eminence cell proliferation	occurs_in(EMAPA:16910
GO:0043525	positive regulation of neuron apoptotic process	occurs_in(EMAPA:16910
GO:0021874	Wnt signaling pathway involved in forebrain neuroblast division	occurs_in(EMAPA:16910
GO:0021897	forebrain astrocyte development	occurs_in(EMAPA:16910
GO:0043525	positive regulation of neuron apoptotic process	occurs_in(EMAPA:16910
GO:0007405	neuroblast proliferation	occurs_in(EMAPA:16910
GO:0021873	forebrain neuroblast division	occurs_in(EMAPA:16910
GO:0006974	cellular response to DNA damage stimulus	occurs_in(EMAPA:16910
GO:0006974	cellular response to DNA damage stimulus	occurs_in(EMAPA:16910
GO:0045665	negative regulation of neuron differentiation	occurs_in(EMAPA:16910
GO:0042133	neurotransmitter metabolic process	occurs_in(EMAPA:16910
GO:0042133	neurotransmitter metabolic process	occurs_in(EMAPA:16910
GO:0071679	commissural neuron axon guidance	occurs_in(EMAPA:16910
GO:0043525	positive regulation of neuron apoptotic process	occurs_in(EMAPA:16910
GO:0043525	positive regulation of neuron apoptotic process	occurs_in(EMAPA:16910
GO:0021892	cerebral cortex GABAergic interneuron differentiation	occurs_in(EMAPA:16910
GO:0021892	cerebral cortex GABAergic interneuron differentiation	occurs_in(EMAPA:16910
GO:0021892	cerebral cortex GABAergic interneuron differentiation	occurs_in(EMAPA:16910
GO:0021892	cerebral cortex GABAergic interneuron differentiation	occurs_in(EMAPA:16910
GO:0043565	sequence-specific DNA binding	occurs_in(EMAPA:16910
GO:0043565	sequence-specific DNA binding	occurs_in(EMAPA:16910
GO:0060164	regulation of timing of neuron differentiation	occurs_in(EMAPA:16910
GO:0060164	regulation of timing of neuron differentiation	occurs_in(EMAPA:16910
GO:0060164	regulation of timing of neuron differentiation	occurs_in(EMAPA:16910
GO:0051661	maintenance of centrosome location	occurs_in(EMAPA:16910
GO:0043524	negative regulation of neuron apoptotic process	occurs_in(EMAPA:16910
GO:0000122	negative regulation of transcription from RNA polymerase II promoter	occurs_in(EMAPA:16910
GO:0000122	negative regulation of transcription from RNA polymerase II promoter	occurs_in(EMAPA:16910
GO:0000122	negative regulation of transcription from RNA polymerase II promoter	occurs_in(EMAPA:16910
GO:0007040	lysosome organization	occurs_in(EMAPA:16910)
GO:1902667	regulation of axon guidance	occurs_in(EMAPA:16910)
GO:0021914	negative regulation of smoothened signaling pathway involved in ventral spinal cord patterning	occurs_in(EMAPA:16910)
GO:0006744	ubiquinone biosynthetic process	occurs_in(EMAPA:16910)
GO:0043524	negative regulation of neuron apoptotic process	occurs_in(EMAPA:16910)
GO:0021537	telencephalon development	occurs_in(EMAPA:16910)
GO:0007413	axonal fasciculation	occurs_in(EMAPA:16910)
GO:0021879	forebrain neuron differentiation	occurs_in(EMAPA:16910)
GO:0022029	telencephalon cell migration	occurs_in(EMAPA:16910)
GO:0006120	mitochondrial electron transport, NADH to ubiquinone	occurs_in(EMAPA:16910)
GO:0007389	pattern specification process	occurs_in(EMAPA:16910)
GO:0030334	regulation of cell migration	occurs_in(EMAPA:16910)
GO:0007040	lysosome organization	occurs_in(EMAPA:16910)
GO:0004558	alpha-1,4-glucosidase activity	occurs_in(EMAPA:16910)
GO:0060165	regulation of timing of subpallium neuron differentiation	occurs_in(EMAPA:16913
GO:0001764	neuron migration	occurs_in(EMAPA:16913
GO:0007400	neuroblast fate determination	occurs_in(EMAPA:16913
GO:0045665	negative regulation of neuron differentiation	occurs_in(EMAPA:16913
GO:0045665	negative regulation of neuron differentiation	occurs_in(EMAPA:16913)
GO:0048709	oligodendrocyte differentiation	occurs_in(EMAPA:16913)
GO:0003351	epithelial cilium movement	occurs_in(EMAPA:16914)
GO:0003351	epithelial cilium movement	occurs_in(EMAPA:16914)
GO:0003351	epithelial cilium movement	occurs_in(EMAPA:16914)
GO:0003351	epithelial cilium movement	occurs_in(EMAPA:16914)
GO:0003351	epithelial cilium movement	occurs_in(EMAPA:16914)
GO:0001764	neuron migration	occurs_in(EMAPA:16916
GO:0016477	cell migration	occurs_in(EMAPA:16916
GO:0001764	neuron migration	occurs_in(EMAPA:16916
GO:0030182	neuron differentiation	occurs_in(EMAPA:16916
GO:0045686	negative regulation of glial cell differentiation	occurs_in(EMAPA:16916
GO:0001569	branching involved in blood vessel morphogenesis	occurs_in(EMAPA:16916)
GO:0048589	developmental growth	occurs_in(EMAPA:16916)
GO:0048589	developmental growth	occurs_in(EMAPA:16916)
GO:0001764	neuron migration	occurs_in(EMAPA:16917)
GO:0008045	motor neuron axon guidance	occurs_in(EMAPA:16925
GO:0008045	motor neuron axon guidance	occurs_in(EMAPA:16925
GO:0021533	cell differentiation in hindbrain	occurs_in(EMAPA:16925
GO:0008045	motor neuron axon guidance	occurs_in(EMAPA:16932
GO:0008045	motor neuron axon guidance	occurs_in(EMAPA:16932
GO:0008045	motor neuron axon guidance	occurs_in(EMAPA:16932
GO:0021533	cell differentiation in hindbrain	occurs_in(EMAPA:16939
GO:0001764	neuron migration	occurs_in(EMAPA:16939)
GO:0010001	glial cell differentiation	occurs_in(EMAPA:16944
GO:0007405	neuroblast proliferation	occurs_in(EMAPA:16944
GO:0007219	Notch signaling pathway	occurs_in(EMAPA:16944)
GO:0021533	cell differentiation in hindbrain	occurs_in(EMAPA:16946
GO:0051899	membrane depolarization	occurs_in(EMAPA:16974
GO:0030182	neuron differentiation	occurs_in(EMAPA:16974
GO:0010468	regulation of gene expression	occurs_in(EMAPA:16974
GO:0010468	regulation of gene expression	occurs_in(EMAPA:16974
GO:0010468	regulation of gene expression	occurs_in(EMAPA:16974
GO:0010468	regulation of gene expression	occurs_in(EMAPA:16974
GO:0010468	regulation of gene expression	occurs_in(EMAPA:16974
GO:0010468	regulation of gene expression	occurs_in(EMAPA:16974
GO:0010468	regulation of gene expression	occurs_in(EMAPA:16974
GO:0010468	regulation of gene expression	occurs_in(EMAPA:16974
GO:0010468	regulation of gene expression	occurs_in(EMAPA:16974
GO:0010468	regulation of gene expression	occurs_in(EMAPA:16974
GO:0010468	regulation of gene expression	occurs_in(EMAPA:16974
GO:0010468	regulation of gene expression	occurs_in(EMAPA:16974
GO:0022848	acetylcholine-gated cation-selective channel activity	occurs_in(EMAPA:16974
GO:0022848	acetylcholine-gated cation-selective channel activity	occurs_in(EMAPA:16974
GO:0030182	neuron differentiation	occurs_in(EMAPA:16974
GO:0030182	neuron differentiation	occurs_in(EMAPA:16974
GO:0051583	dopamine uptake involved in synaptic transmission	occurs_in(EMAPA:16974
GO:0048666	neuron development	occurs_in(EMAPA:16974
GO:0051899	membrane depolarization	occurs_in(EMAPA:16974
GO:0051899	membrane depolarization	occurs_in(EMAPA:16974
GO:0014003	oligodendrocyte development	occurs_in(EMAPA:16974
GO:0048665	neuron fate specification	occurs_in(EMAPA:16974
GO:0043491	protein kinase B signaling	occurs_in(EMAPA:16974
GO:0042551	neuron maturation	occurs_in(EMAPA:16974
GO:0030182	neuron differentiation	occurs_in(EMAPA:16974
GO:0030182	neuron differentiation	occurs_in(EMAPA:16974
GO:0030182	neuron differentiation	occurs_in(EMAPA:16974
GO:0030182	neuron differentiation	occurs_in(EMAPA:16974
GO:0001764	neuron migration	occurs_in(EMAPA:16974
GO:0019538	protein metabolic process	occurs_in(EMAPA:16974
GO:0019538	protein metabolic process	occurs_in(EMAPA:16974
GO:0019538	protein metabolic process	occurs_in(EMAPA:16974
GO:0019538	protein metabolic process	occurs_in(EMAPA:16974
GO:0019538	protein metabolic process	occurs_in(EMAPA:16974
GO:0019538	protein metabolic process	occurs_in(EMAPA:16974
GO:0048665	neuron fate specification	occurs_in(EMAPA:16974
GO:0007409	axonogenesis	occurs_in(EMAPA:16974
GO:2001222	regulation of neuron migration	occurs_in(EMAPA:16974
GO:0071542	dopaminergic neuron differentiation	occurs_in(EMAPA:16974
GO:0048468	cell development	occurs_in(EMAPA:16974
GO:0021953	central nervous system neuron differentiation	occurs_in(EMAPA:16974
GO:0021858	GABAergic neuron differentiation in basal ganglia	occurs_in(EMAPA:16974)
GO:0016594	glycine binding	occurs_in(EMAPA:16974)
GO:0048589	developmental growth	occurs_in(EMAPA:16974)
GO:0005515	protein binding	occurs_in(EMAPA:16974)
GO:0051209	release of sequestered calcium ion into cytosol	occurs_in(EMAPA:16974)
GO:0021953	central nervous system neuron differentiation	occurs_in(EMAPA:16974)
GO:0048665	neuron fate specification	occurs_in(EMAPA:16974)
GO:0010468	regulation of gene expression	occurs_in(EMAPA:16974)
GO:0042416	dopamine biosynthetic process	occurs_in(EMAPA:16974)
GO:0031668	cellular response to extracellular stimulus	occurs_in(EMAPA:16974)
GO:0033198	response to ATP	occurs_in(EMAPA:16974)
GO:0042493	response to drug	occurs_in(EMAPA:16974)
GO:0043524	negative regulation of neuron apoptotic process	occurs_in(EMAPA:16974)
GO:0010043	response to zinc ion	occurs_in(EMAPA:16974)
GO:0048664	neuron fate determination	occurs_in(EMAPA:16974)
GO:0048589	developmental growth	occurs_in(EMAPA:16974)
GO:0048589	developmental growth	occurs_in(EMAPA:16974)
GO:0010467	gene expression	occurs_in(EMAPA:16974)
GO:0051592	response to calcium ion	occurs_in(EMAPA:16974)
GO:0007224	smoothened signaling pathway	occurs_in(EMAPA:16974)
GO:0007040	lysosome organization	occurs_in(EMAPA:16974)
GO:0005154	epidermal growth factor receptor binding	occurs_in(EMAPA:16974)
GO:0021953	central nervous system neuron differentiation	occurs_in(EMAPA:16975
GO:0021953	central nervous system neuron differentiation	occurs_in(EMAPA:16975
GO:0001736	establishment of planar polarity	occurs_in(EMAPA:16975)
GO:0021953	central nervous system neuron differentiation	occurs_in(EMAPA:16976
GO:0030182	neuron differentiation	occurs_in(EMAPA:16976
GO:0001764	neuron migration	occurs_in(EMAPA:16978
GO:0007224	smoothened signaling pathway	occurs_in(EMAPA:16981)
GO:0008045	motor neuron axon guidance	occurs_in(EMAPA:16983
GO:0008045	motor neuron axon guidance	occurs_in(EMAPA:16983
GO:0001764	neuron migration	occurs_in(EMAPA:16983
GO:0007413	axonal fasciculation	occurs_in(EMAPA:16983)
GO:0014032	neural crest cell development	occurs_in(EMAPA:16983)
GO:0060079	excitatory postsynaptic potential	occurs_in(EMAPA:16985
GO:0001976	neurological system process involved in regulation of systemic arterial blood pressure	occurs_in(EMAPA:16985)
GO:0042127	regulation of cell proliferation	occurs_in(EMAPA:16985)
GO:0042421	norepinephrine biosynthetic process	occurs_in(EMAPA:16985)
GO:0003351	epithelial cilium movement	occurs_in(EMAPA:17000)
GO:0003351	epithelial cilium movement	occurs_in(EMAPA:17000)
GO:0003351	epithelial cilium movement	occurs_in(EMAPA:17000)
GO:0003351	epithelial cilium movement	occurs_in(EMAPA:17000)
GO:0014032	neural crest cell development	occurs_in(EMAPA:17001)
GO:0051145	smooth muscle cell differentiation	occurs_in(EMAPA:17004
GO:0001569	branching involved in blood vessel morphogenesis	occurs_in(EMAPA:17004)
GO:0001568	blood vessel development	occurs_in(EMAPA:17004)
GO:0001568	blood vessel development	occurs_in(EMAPA:17004)
GO:0051145	smooth muscle cell differentiation	occurs_in(EMAPA:17005
GO:0001569	branching involved in blood vessel morphogenesis	occurs_in(EMAPA:17005)
GO:0001568	blood vessel development	occurs_in(EMAPA:17008)
GO:0001974	blood vessel remodeling	occurs_in(EMAPA:17008)
GO:0070986	left/right axis specification	occurs_in(EMAPA:17021)
GO:0004000	adenosine deaminase activity	occurs_in(EMAPA:17021)
GO:0006154	adenosine catabolic process	occurs_in(EMAPA:17021)
GO:0046103	inosine biosynthetic process	occurs_in(EMAPA:17021)
GO:0035483	gastric emptying	occurs_in(EMAPA:17021)
GO:0007368	determination of left/right symmetry	occurs_in(EMAPA:17021)
GO:0004022	alcohol dehydrogenase (NAD) activity	occurs_in(EMAPA:17021)
GO:0035019	somatic stem cell population maintenance	occurs_in(EMAPA:17021)
GO:0004022	alcohol dehydrogenase (NAD) activity	occurs_in(EMAPA:17021)
GO:0006067	ethanol metabolic process	occurs_in(EMAPA:17021)
GO:0030855	epithelial cell differentiation	occurs_in(EMAPA:17023
GO:0043065	positive regulation of apoptotic process	occurs_in(EMAPA:17023)
GO:0010332	response to gamma radiation	occurs_in(EMAPA:17023)
GO:0048762	mesenchymal cell differentiation	occurs_in(EMAPA:17066
GO:2000227	negative regulation of pancreatic A cell differentiation	occurs_in(EMAPA:17067
GO:0033077	T cell differentiation in thymus	occurs_in(EMAPA:17068
GO:0015705	iodide transport	occurs_in(EMAPA:17068)
GO:0001764	neuron migration	occurs_in(EMAPA:17074
GO:0001764	neuron migration	occurs_in(EMAPA:17074
GO:0001764	neuron migration	occurs_in(EMAPA:17074
GO:0021930	cerebellar granule cell precursor proliferation	occurs_in(EMAPA:17074)
GO:0001764	neuron migration	occurs_in(EMAPA:17076
GO:0021953	central nervous system neuron differentiation	occurs_in(EMAPA:17093
GO:0021953	central nervous system neuron differentiation	occurs_in(EMAPA:17093
GO:0021953	central nervous system neuron differentiation	occurs_in(EMAPA:17108
GO:0043524	negative regulation of neuron apoptotic process	occurs_in(EMAPA:17155)
GO:0001764	neuron migration	occurs_in(EMAPA:17157
GO:0051402	neuron apoptotic process	occurs_in(EMAPA:17157
GO:0007411	axon guidance	occurs_in(EMAPA:17157)
GO:0042063	gliogenesis	occurs_in(EMAPA:17157)
GO:0014009	glial cell proliferation	occurs_in(EMAPA:17157)
GO:0050919	negative chemotaxis	occurs_in(EMAPA:17157)
GO:0007040	lysosome organization	occurs_in(EMAPA:17161
GO:0007040	lysosome organization	occurs_in(EMAPA:17161
GO:0042742	defense response to bacterium	occurs_in(EMAPA:17161)
GO:0015811	L-cystine transport	occurs_in(EMAPA:17161)
GO:0071711	basement membrane organization	occurs_in(EMAPA:17161)
GO:0030216	keratinocyte differentiation	occurs_in(EMAPA:17162
GO:0022607	cellular component assembly	occurs_in(EMAPA:17162
GO:0050673	epithelial cell proliferation	occurs_in(EMAPA:17162
GO:0030858	positive regulation of epithelial cell differentiation	occurs_in(EMAPA:17162
GO:0042573	retinoic acid metabolic process	occurs_in(EMAPA:17162)
GO:0050680	negative regulation of epithelial cell proliferation	occurs_in(EMAPA:17162)
GO:0002064	epithelial cell development	occurs_in(EMAPA:17162)
GO:0061045	negative regulation of wound healing	occurs_in(EMAPA:17162)
GO:0010669	epithelial structure maintenance	occurs_in(EMAPA:17162)
GO:0042573	retinoic acid metabolic process	occurs_in(EMAPA:17162)
GO:0006833	water transport	occurs_in(EMAPA:17162)
GO:0043065	positive regulation of apoptotic process	occurs_in(EMAPA:17167
GO:0042573	retinoic acid metabolic process	occurs_in(EMAPA:17167)
GO:1902856	negative regulation of non-motile cilium assembly	occurs_in(EMAPA:17168
GO:0048468	cell development	occurs_in(EMAPA:17168
GO:0048468	cell development	occurs_in(EMAPA:17168
GO:0048468	cell development	occurs_in(EMAPA:17168
GO:0061024	membrane organization	occurs_in(EMAPA:17168
GO:0045494	photoreceptor cell maintenance	occurs_in(EMAPA:17168
GO:0048813	dendrite morphogenesis	occurs_in(EMAPA:17168
GO:0048813	dendrite morphogenesis	occurs_in(EMAPA:17168
GO:0060221	retinal rod cell differentiation	occurs_in(EMAPA:17168
GO:0030182	neuron differentiation	occurs_in(EMAPA:17168
GO:0030182	neuron differentiation	occurs_in(EMAPA:17168
GO:0030182	neuron differentiation	occurs_in(EMAPA:17168
GO:0030182	neuron differentiation	occurs_in(EMAPA:17168
GO:0030182	neuron differentiation	occurs_in(EMAPA:17168
GO:0030182	neuron differentiation	occurs_in(EMAPA:17168
GO:0030182	neuron differentiation	occurs_in(EMAPA:17168
GO:0048675	axon extension	occurs_in(EMAPA:17168
GO:0009987	cellular process	occurs_in(EMAPA:17168
GO:0009987	cellular process	occurs_in(EMAPA:17168
GO:0060075	regulation of resting membrane potential	occurs_in(EMAPA:17168
GO:0006537	glutamate biosynthetic process	occurs_in(EMAPA:17168
GO:0006537	glutamate biosynthetic process	occurs_in(EMAPA:17168
GO:0021781	glial cell fate commitment	occurs_in(EMAPA:17168
GO:0045494	photoreceptor cell maintenance	occurs_in(EMAPA:17168
GO:0046533	negative regulation of photoreceptor cell differentiation	occurs_in(EMAPA:17168
GO:0060040	retinal bipolar neuron differentiation	occurs_in(EMAPA:17168
GO:0045499	chemorepellent activity	occurs_in(EMAPA:17168
GO:0019915	lipid storage	occurs_in(EMAPA:17168
GO:0003682	chromatin binding	occurs_in(EMAPA:17168
GO:0003682	chromatin binding	occurs_in(EMAPA:17168
GO:0003682	chromatin binding	occurs_in(EMAPA:17168
GO:0003682	chromatin binding	occurs_in(EMAPA:17168
GO:0032438	melanosome organization	occurs_in(EMAPA:17168
GO:0032438	melanosome organization	occurs_in(EMAPA:17168
GO:0046548	retinal rod cell development	occurs_in(EMAPA:17168
GO:0042551	neuron maturation	occurs_in(EMAPA:17168
GO:0007409	axonogenesis	occurs_in(EMAPA:17168
GO:0007409	axonogenesis	occurs_in(EMAPA:17168
GO:0031290	retinal ganglion cell axon guidance	occurs_in(EMAPA:17168
GO:0001508	action potential	occurs_in(EMAPA:17168
GO:0042462	eye photoreceptor cell development	occurs_in(EMAPA:17168
GO:0060018	astrocyte fate commitment	occurs_in(EMAPA:17168
GO:0042462	eye photoreceptor cell development	occurs_in(EMAPA:17168
GO:0030154	cell differentiation	occurs_in(EMAPA:17168
GO:0071805	potassium ion transmembrane transport	occurs_in(EMAPA:17168
GO:0008594	photoreceptor cell morphogenesis	occurs_in(EMAPA:17168
GO:0001754	eye photoreceptor cell differentiation	occurs_in(EMAPA:17168
GO:0045596	negative regulation of cell differentiation	occurs_in(EMAPA:17168
GO:0045596	negative regulation of cell differentiation	occurs_in(EMAPA:17168
GO:0009416	response to light stimulus	occurs_in(EMAPA:17168
GO:0030182	neuron differentiation	occurs_in(EMAPA:17168
GO:0007040	lysosome organization	occurs_in(EMAPA:17168
GO:0046533	negative regulation of photoreceptor cell differentiation	occurs_in(EMAPA:17168
GO:0001709	cell fate determination	occurs_in(EMAPA:17168
GO:0007413	axonal fasciculation	occurs_in(EMAPA:17168
GO:0005515	protein binding	occurs_in(EMAPA:17168)
GO:0045494	photoreceptor cell maintenance	occurs_in(EMAPA:17168)
GO:0071257	cellular response to electrical stimulus	occurs_in(EMAPA:17168)
GO:0007224	smoothened signaling pathway	occurs_in(EMAPA:17168)
GO:0070584	mitochondrion morphogenesis	occurs_in(EMAPA:17168)
GO:0043524	negative regulation of neuron apoptotic process	occurs_in(EMAPA:17168)
GO:0010842	retina layer formation	occurs_in(EMAPA:17168)
GO:1903546	protein localization to photoreceptor outer segment	occurs_in(EMAPA:17168)
GO:1903546	protein localization to photoreceptor outer segment	occurs_in(EMAPA:17168)
GO:1903546	protein localization to photoreceptor outer segment	occurs_in(EMAPA:17168)
GO:0021952	central nervous system projection neuron axonogenesis	occurs_in(EMAPA:17168)
GO:0032053	ciliary basal body organization	occurs_in(EMAPA:17168)
GO:0030198	extracellular matrix organization	occurs_in(EMAPA:17168)
GO:0006468	protein phosphorylation	occurs_in(EMAPA:17168)
GO:0071482	cellular response to light stimulus	occurs_in(EMAPA:17168)
GO:0022848	acetylcholine-gated cation-selective channel activity	occurs_in(EMAPA:17168)
GO:0042493	response to drug	occurs_in(EMAPA:17168)
GO:0031290	retinal ganglion cell axon guidance	occurs_in(EMAPA:17168)
GO:0048468	cell development	occurs_in(EMAPA:17168)
GO:0042573	retinoic acid metabolic process	occurs_in(EMAPA:17168)
GO:0006879	cellular iron ion homeostasis	occurs_in(EMAPA:17168)
GO:1990138	neuron projection extension	occurs_in(EMAPA:17168)
GO:0032438	melanosome organization	occurs_in(EMAPA:17168)
GO:0050908	detection of light stimulus involved in visual perception	occurs_in(EMAPA:17168)
GO:0045597	positive regulation of cell differentiation	occurs_in(EMAPA:17168)
GO:0045665	negative regulation of neuron differentiation	occurs_in(EMAPA:17168)
GO:1902866	regulation of retina development in camera-type eye	occurs_in(EMAPA:17168)
GO:1902866	regulation of retina development in camera-type eye	occurs_in(EMAPA:17168)
GO:1903452	positive regulation of G1 to G0 transition	occurs_in(EMAPA:17168)
GO:0007603	phototransduction, visible light	occurs_in(EMAPA:17168)
GO:0002931	response to ischemia	occurs_in(EMAPA:17168)
GO:0031103	axon regeneration	occurs_in(EMAPA:17168)
GO:0005515	protein binding	occurs_in(EMAPA:17168)
GO:0005515	protein binding	occurs_in(EMAPA:17168)
GO:0009416	response to light stimulus	occurs_in(EMAPA:17168)
GO:0097485	neuron projection guidance	occurs_in(EMAPA:17168)
GO:0003407	neural retina development	occurs_in(EMAPA:17168)
GO:0003407	neural retina development	occurs_in(EMAPA:17168)
GO:0045494	photoreceptor cell maintenance	occurs_in(EMAPA:17168)
GO:0016192	vesicle-mediated transport	occurs_in(EMAPA:17168)
GO:0016056	rhodopsin mediated signaling pathway	occurs_in(EMAPA:17168)
GO:0007219	Notch signaling pathway	occurs_in(EMAPA:17168)
GO:0046666	retinal cell programmed cell death	occurs_in(EMAPA:17168)
GO:0050821	protein stabilization	occurs_in(EMAPA:17168)
GO:0045494	photoreceptor cell maintenance	occurs_in(EMAPA:17168)
GO:0045494	photoreceptor cell maintenance	occurs_in(EMAPA:17168)
GO:0000122	negative regulation of transcription from RNA polymerase II promoter	occurs_in(EMAPA:17168)
GO:0051656	establishment of organelle localization	occurs_in(EMAPA:17168)
GO:1905515	non-motile cilium assembly	occurs_in(EMAPA:17168)
GO:0005245	voltage-gated calcium channel activity	occurs_in(EMAPA:17168)
GO:0045596	negative regulation of cell differentiation	occurs_in(EMAPA:17171
GO:0016199	axon midline choice point recognition	occurs_in(EMAPA:17171
GO:0007409	axonogenesis	occurs_in(EMAPA:17171
GO:0060040	retinal bipolar neuron differentiation	occurs_in(EMAPA:17171
GO:0042573	retinoic acid metabolic process	occurs_in(EMAPA:17171)
GO:0042573	retinoic acid metabolic process	occurs_in(EMAPA:17171)
GO:0032438	melanosome organization	occurs_in(EMAPA:17172
GO:0048753	pigment granule organization	occurs_in(EMAPA:17172
GO:0030855	epithelial cell differentiation	occurs_in(EMAPA:17172
GO:0043473	pigmentation	occurs_in(EMAPA:17172)
GO:0042573	retinoic acid metabolic process	occurs_in(EMAPA:17172)
GO:1903232	melanosome assembly	occurs_in(EMAPA:17172)
GO:0061354	planar cell polarity pathway involved in pericardium morphogenesis	occurs_in(EMAPA:17174)
GO:0006154	adenosine catabolic process	occurs_in(EMAPA:17185)
GO:0046103	inosine biosynthetic process	occurs_in(EMAPA:17185)
GO:0004000	adenosine deaminase activity	occurs_in(EMAPA:17185)
GO:0004000	adenosine deaminase activity	occurs_in(EMAPA:17185)
GO:0046101	hypoxanthine biosynthetic process	occurs_in(EMAPA:17185)
GO:0004000	adenosine deaminase activity	occurs_in(EMAPA:17185)
GO:0006154	adenosine catabolic process	occurs_in(EMAPA:17185)
GO:0046103	inosine biosynthetic process	occurs_in(EMAPA:17185)
GO:0004000	adenosine deaminase activity	occurs_in(EMAPA:17185)
GO:0006154	adenosine catabolic process	occurs_in(EMAPA:17185)
GO:0006154	adenosine catabolic process	occurs_in(EMAPA:17185)
GO:0046103	inosine biosynthetic process	occurs_in(EMAPA:17185)
GO:0006154	adenosine catabolic process	occurs_in(EMAPA:17185)
GO:0004558	alpha-1,4-glucosidase activity	occurs_in(EMAPA:17185)
GO:0006157	deoxyadenosine catabolic process	occurs_in(EMAPA:17185)
GO:0046111	xanthine biosynthetic process	occurs_in(EMAPA:17185)
GO:0030857	negative regulation of epithelial cell differentiation	occurs_in(EMAPA:17201
GO:0048468	cell development	occurs_in(EMAPA:17203
GO:0048468	cell development	occurs_in(EMAPA:17203
GO:0007040	lysosome organization	occurs_in(EMAPA:17203)
GO:0010669	epithelial structure maintenance	occurs_in(EMAPA:17207)
GO:0048762	mesenchymal cell differentiation	occurs_in(EMAPA:17208
GO:0030010	establishment of cell polarity	occurs_in(EMAPA:17208
GO:0001649	osteoblast differentiation	occurs_in(EMAPA:17213
GO:0048469	cell maturation	occurs_in(EMAPA:17213
GO:0045667	regulation of osteoblast differentiation	occurs_in(EMAPA:17213
GO:0002076	osteoblast development	occurs_in(EMAPA:17213
GO:0048469	cell maturation	occurs_in(EMAPA:17213
GO:0003433	chondrocyte development involved in endochondral bone morphogenesis	occurs_in(EMAPA:17213
GO:0002063	chondrocyte development	occurs_in(EMAPA:17213
GO:0002063	chondrocyte development	occurs_in(EMAPA:17213)
GO:0001501	skeletal system development	occurs_in(EMAPA:17213)
GO:0060348	bone development	occurs_in(EMAPA:17213)
GO:0048706	embryonic skeletal system development	occurs_in(EMAPA:17213)
GO:0035630	bone mineralization involved in bone maturation	occurs_in(EMAPA:17213)
GO:0009880	embryonic pattern specification	occurs_in(EMAPA:17214)
GO:0060348	bone development	occurs_in(EMAPA:17214)
GO:0007389	pattern specification process	occurs_in(EMAPA:17214)
GO:0032332	positive regulation of chondrocyte differentiation	occurs_in(EMAPA:17244
GO:0008283	cell proliferation	occurs_in(EMAPA:17244
GO:0045597	positive regulation of cell differentiation	occurs_in(EMAPA:17244
GO:0016477	cell migration	occurs_in(EMAPA:17244
GO:0032331	negative regulation of chondrocyte differentiation	occurs_in(EMAPA:17244
GO:0008543	fibroblast growth factor receptor signaling pathway	occurs_in(EMAPA:17244
GO:1902263	apoptotic process involved in embryonic digit morphogenesis	occurs_in(EMAPA:17251
GO:0042552	myelination	occurs_in(EMAPA:17269)
GO:0007411	axon guidance	occurs_in(EMAPA:17271)
GO:0033198	response to ATP	occurs_in(EMAPA:17272
GO:0001764	neuron migration	occurs_in(EMAPA:17272
GO:0006811	ion transport	occurs_in(EMAPA:17272
GO:0051301	cell division	occurs_in(EMAPA:17286
GO:0006816	calcium ion transport	occurs_in(EMAPA:17293
GO:0006874	cellular calcium ion homeostasis	occurs_in(EMAPA:17293
GO:0042491	auditory receptor cell differentiation	occurs_in(EMAPA:17293
GO:0042491	auditory receptor cell differentiation	occurs_in(EMAPA:17293
GO:0042491	auditory receptor cell differentiation	occurs_in(EMAPA:17293
GO:0048468	cell development	occurs_in(EMAPA:17304
GO:0050665	hydrogen peroxide biosynthetic process	occurs_in(EMAPA:17312
GO:0060087	relaxation of vascular smooth muscle	occurs_in(EMAPA:17312)
GO:0001568	blood vessel development	occurs_in(EMAPA:17313)
GO:0055013	cardiac muscle cell development	occurs_in(EMAPA:17315
GO:0061350	planar cell polarity pathway involved in cardiac muscle tissue morphogenesis	occurs_in(EMAPA:17318)
GO:0001570	vasculogenesis	occurs_in(EMAPA:17318)
GO:0061350	planar cell polarity pathway involved in cardiac muscle tissue morphogenesis	occurs_in(EMAPA:17320)
GO:0061349	planar cell polarity pathway involved in cardiac right atrium morphogenesis	occurs_in(EMAPA:17321)
GO:0061350	planar cell polarity pathway involved in cardiac muscle tissue morphogenesis	occurs_in(EMAPA:17324)
GO:0061350	planar cell polarity pathway involved in cardiac muscle tissue morphogenesis	occurs_in(EMAPA:17326)
GO:0055013	cardiac muscle cell development	occurs_in(EMAPA:17331
GO:0005515	protein binding	occurs_in(EMAPA:17331
GO:0015459	potassium channel regulator activity	occurs_in(EMAPA:17331
GO:0006611	protein export from nucleus	occurs_in(EMAPA:17331
GO:0008543	fibroblast growth factor receptor signaling pathway	occurs_in(EMAPA:17331
GO:0033292	T-tubule organization	occurs_in(EMAPA:17331
GO:0086091	regulation of heart rate by cardiac conduction	occurs_in(EMAPA:17331)
GO:0061337	cardiac conduction	occurs_in(EMAPA:17331)
GO:0003281	ventricular septum development	occurs_in(EMAPA:17331)
GO:0005515	protein binding	occurs_in(EMAPA:17331)
GO:0061348	planar cell polarity pathway involved in ventricular septum morphogenesis	occurs_in(EMAPA:17333)
GO:0016504	peptidase activator activity	occurs_in(EMAPA:17337
GO:0055013	cardiac muscle cell development	occurs_in(EMAPA:17337
GO:0055015	ventricular cardiac muscle cell development	occurs_in(EMAPA:17337
GO:0005515	protein binding	occurs_in(EMAPA:17337)
GO:0006997	nucleus organization	occurs_in(EMAPA:17339
GO:0035105	sterol regulatory element binding protein import into nucleus	occurs_in(EMAPA:17339
GO:0055015	ventricular cardiac muscle cell development	occurs_in(EMAPA:17339
GO:0000281	mitotic cytokinesis	occurs_in(EMAPA:17339
GO:0030199	collagen fibril organization	occurs_in(EMAPA:17339)
GO:0030199	collagen fibril organization	occurs_in(EMAPA:17339)
GO:0061350	planar cell polarity pathway involved in cardiac muscle tissue morphogenesis	occurs_in(EMAPA:17339)
GO:0006941	striated muscle contraction	occurs_in(EMAPA:17339)
GO:0006941	striated muscle contraction	occurs_in(EMAPA:17339)
GO:0006941	striated muscle contraction	occurs_in(EMAPA:17340
GO:0031034	myosin filament assembly	occurs_in(EMAPA:17340)
GO:0030199	collagen fibril organization	occurs_in(EMAPA:17342)
GO:0030199	collagen fibril organization	occurs_in(EMAPA:17342)
GO:0061350	planar cell polarity pathway involved in cardiac muscle tissue morphogenesis	occurs_in(EMAPA:17342)
GO:0086091	regulation of heart rate by cardiac conduction	occurs_in(EMAPA:17342)
GO:0050901	leukocyte tethering or rolling	occurs_in(EMAPA:17348
GO:0002053	positive regulation of mesenchymal cell proliferation	occurs_in(EMAPA:17361)
GO:0007389	pattern specification process	occurs_in(EMAPA:17362)
GO:0002053	positive regulation of mesenchymal cell proliferation	occurs_in(EMAPA:17364)
GO:0008047	enzyme activator activity	occurs_in(EMAPA:17373
GO:0008047	enzyme activator activity	occurs_in(EMAPA:17373
GO:0003682	chromatin binding	occurs_in(EMAPA:17373
GO:0003682	chromatin binding	occurs_in(EMAPA:17373
GO:0003682	chromatin binding	occurs_in(EMAPA:17373
GO:0003682	chromatin binding	occurs_in(EMAPA:17373
GO:0010467	gene expression	occurs_in(EMAPA:17373
GO:0060271	cilium assembly	occurs_in(EMAPA:17373
GO:0048858	cell projection morphogenesis	occurs_in(EMAPA:17373
GO:0007040	lysosome organization	occurs_in(EMAPA:17373
GO:0051642	centrosome localization	occurs_in(EMAPA:17373
GO:0072203	cell proliferation involved in metanephros development	occurs_in(EMAPA:17373
GO:0050982	detection of mechanical stimulus	occurs_in(EMAPA:17373
GO:0051145	smooth muscle cell differentiation	occurs_in(EMAPA:17373
GO:0051145	smooth muscle cell differentiation	occurs_in(EMAPA:17373
GO:0006816	calcium ion transport	occurs_in(EMAPA:17373
GO:0004222	metalloendopeptidase activity	occurs_in(EMAPA:17373
GO:0003682	chromatin binding	occurs_in(EMAPA:17373
GO:0003682	chromatin binding	occurs_in(EMAPA:17373
GO:0051957	positive regulation of amino acid transport	occurs_in(EMAPA:17373
GO:0002070	epithelial cell maturation	occurs_in(EMAPA:17373
GO:0050982	detection of mechanical stimulus	occurs_in(EMAPA:17373
GO:0007040	lysosome organization	occurs_in(EMAPA:17373
GO:0010468	regulation of gene expression	occurs_in(EMAPA:17373
GO:0010468	regulation of gene expression	occurs_in(EMAPA:17373
GO:0010468	regulation of gene expression	occurs_in(EMAPA:17373
GO:0007030	Golgi organization	occurs_in(EMAPA:17373)
GO:0006635	fatty acid beta-oxidation	occurs_in(EMAPA:17373)
GO:0006534	cysteine metabolic process	occurs_in(EMAPA:17373)
GO:0005515	protein binding	occurs_in(EMAPA:17373)
GO:0006154	adenosine catabolic process	occurs_in(EMAPA:17373)
GO:0046103	inosine biosynthetic process	occurs_in(EMAPA:17373)
GO:0007015	actin filament organization	occurs_in(EMAPA:17373)
GO:0051156	glucose 6-phosphate metabolic process	occurs_in(EMAPA:17373)
GO:0060271	cilium assembly	occurs_in(EMAPA:17373)
GO:0048589	developmental growth	occurs_in(EMAPA:17373)
GO:0006878	cellular copper ion homeostasis	occurs_in(EMAPA:17373)
GO:0000122	negative regulation of transcription from RNA polymerase II promoter	occurs_in(EMAPA:17373)
GO:0006744	ubiquinone biosynthetic process	occurs_in(EMAPA:17373)
GO:0061005	cell differentiation involved in kidney development	occurs_in(EMAPA:17373)
GO:0015879	carnitine transport	occurs_in(EMAPA:17373)
GO:0003876	AMP deaminase activity	occurs_in(EMAPA:17373)
GO:0046061	dATP catabolic process	occurs_in(EMAPA:17373)
GO:0004347	glucose-6-phosphate isomerase activity	occurs_in(EMAPA:17373)
GO:0004347	glucose-6-phosphate isomerase activity	occurs_in(EMAPA:17373)
GO:0004602	glutathione peroxidase activity	occurs_in(EMAPA:17373)
GO:0004346	glucose-6-phosphatase activity	occurs_in(EMAPA:17373)
GO:0003097	renal water transport	occurs_in(EMAPA:17373)
GO:0001822	kidney development	occurs_in(EMAPA:17373)
GO:0030205	dermatan sulfate metabolic process	occurs_in(EMAPA:17373)
GO:1905515	non-motile cilium assembly	occurs_in(EMAPA:17373)
GO:0004370	glycerol kinase activity	occurs_in(EMAPA:17373)
GO:0009117	nucleotide metabolic process	occurs_in(EMAPA:17373)
GO:0006281	DNA repair	occurs_in(EMAPA:17373)
GO:0003876	AMP deaminase activity	occurs_in(EMAPA:17373)
GO:0001894	tissue homeostasis	occurs_in(EMAPA:17373)
GO:0001568	blood vessel development	occurs_in(EMAPA:17373)
GO:0001568	blood vessel development	occurs_in(EMAPA:17373)
GO:0030350	iron-responsive element binding	occurs_in(EMAPA:17373)
GO:0072102	glomerulus morphogenesis	occurs_in(EMAPA:17373)
GO:0043565	sequence-specific DNA binding	occurs_in(EMAPA:17373)
GO:0030098	lymphocyte differentiation	occurs_in(EMAPA:17373)
GO:0004563	beta-N-acetylhexosaminidase activity	occurs_in(EMAPA:17373)
GO:0006878	cellular copper ion homeostasis	occurs_in(EMAPA:17373)
GO:0006878	cellular copper ion homeostasis	occurs_in(EMAPA:17373)
GO:0015840	urea transport	occurs_in(EMAPA:17373)
GO:0007040	lysosome organization	occurs_in(EMAPA:17373)
GO:0006970	response to osmotic stress	occurs_in(EMAPA:17373)
GO:2001013	epithelial cell proliferation involved in renal tubule morphogenesis	occurs_in(EMAPA:17373)
GO:0043065	positive regulation of apoptotic process	occurs_in(EMAPA:17373)
GO:0004000	adenosine deaminase activity	occurs_in(EMAPA:17373)
GO:0003014	renal system process	occurs_in(EMAPA:17373)
GO:0042278	purine nucleoside metabolic process	occurs_in(EMAPA:17373)
GO:0004563	beta-N-acetylhexosaminidase activity	occurs_in(EMAPA:17373)
GO:0004362	glutathione-disulfide reductase activity	occurs_in(EMAPA:17373)
GO:0007389	pattern specification process	occurs_in(EMAPA:17373)
GO:0005525	GTP binding	occurs_in(EMAPA:17373)
GO:0006833	water transport	occurs_in(EMAPA:17373)
GO:0030204	chondroitin sulfate metabolic process	occurs_in(EMAPA:17373)
GO:0006878	cellular copper ion homeostasis	occurs_in(EMAPA:17373)
GO:0044030	regulation of DNA methylation	occurs_in(EMAPA:17373)
GO:0030198	extracellular matrix organization	occurs_in(EMAPA:17373)
GO:0030350	iron-responsive element binding	occurs_in(EMAPA:17373)
GO:0032963	collagen metabolic process	occurs_in(EMAPA:17373)
GO:0006709	progesterone catabolic process	occurs_in(EMAPA:17373)
GO:0000122	negative regulation of transcription from RNA polymerase II promoter	occurs_in(EMAPA:17373)
GO:0048873	homeostasis of number of cells within a tissue	occurs_in(EMAPA:17373)
GO:0006188	IMP biosynthetic process	occurs_in(EMAPA:17373)
GO:0004000	adenosine deaminase activity	occurs_in(EMAPA:17373)
GO:0006154	adenosine catabolic process	occurs_in(EMAPA:17373)
GO:0046103	inosine biosynthetic process	occurs_in(EMAPA:17373)
GO:0004784	superoxide dismutase activity	occurs_in(EMAPA:17373)
GO:0004347	glucose-6-phosphate isomerase activity	occurs_in(EMAPA:17373)
GO:0004367	glycerol-3-phosphate dehydrogenase [NAD+] activity	occurs_in(EMAPA:17373)
GO:0003994	aconitate hydratase activity	occurs_in(EMAPA:17373)
GO:0001822	kidney development	occurs_in(EMAPA:17373)
GO:0015760	glucose-6-phosphate transport	occurs_in(EMAPA:17373)
GO:0004363	glutathione synthase activity	occurs_in(EMAPA:17373)
GO:0042631	cellular response to water deprivation	occurs_in(EMAPA:17373)
GO:0004370	glycerol kinase activity	occurs_in(EMAPA:17373)
GO:0006878	cellular copper ion homeostasis	occurs_in(EMAPA:17373)
GO:0035265	organ growth	occurs_in(EMAPA:17373)
GO:0004807	triose-phosphate isomerase activity	occurs_in(EMAPA:17373)
GO:0004731	purine-nucleoside phosphorylase activity	occurs_in(EMAPA:17373)
GO:0016788	hydrolase activity, acting on ester bonds	occurs_in(EMAPA:17373)
GO:0060231	mesenchymal to epithelial transition	occurs_in(EMAPA:17373)
GO:0005980	glycogen catabolic process	occurs_in(EMAPA:17373)
GO:0004743	pyruvate kinase activity	occurs_in(EMAPA:17373)
GO:0001666	response to hypoxia	occurs_in(EMAPA:17373)
GO:0010669	epithelial structure maintenance	occurs_in(EMAPA:17373)
GO:0004370	glycerol kinase activity	occurs_in(EMAPA:17373)
GO:0050512	lactosylceramide 4-alpha-galactosyltransferase activity	occurs_in(EMAPA:17373)
GO:0006878	cellular copper ion homeostasis	occurs_in(EMAPA:17373)
GO:0006670	sphingosine metabolic process	occurs_in(EMAPA:17373)
GO:0006749	glutathione metabolic process	occurs_in(EMAPA:17373)
GO:0003333	amino acid transmembrane transport	occurs_in(EMAPA:17373)
GO:0006154	adenosine catabolic process	occurs_in(EMAPA:17373)
GO:0006154	adenosine catabolic process	occurs_in(EMAPA:17373)
GO:0006157	deoxyadenosine catabolic process	occurs_in(EMAPA:17373)
GO:0046103	inosine biosynthetic process	occurs_in(EMAPA:17373)
GO:0004069	L-aspartate:2-oxoglutarate aminotransferase activity	occurs_in(EMAPA:17373)
GO:0007005	mitochondrion organization	occurs_in(EMAPA:17373)
GO:0003845	11-beta-hydroxysteroid dehydrogenase [NAD(P)] activity	occurs_in(EMAPA:17373)
GO:0004558	alpha-1,4-glucosidase activity	occurs_in(EMAPA:17373)
GO:0033299	secretion of lysosomal enzymes	occurs_in(EMAPA:17373)
GO:0060828	regulation of canonical Wnt signaling pathway	occurs_in(EMAPA:17373)
GO:0042127	regulation of cell proliferation	occurs_in(EMAPA:17373)
GO:0001576	globoside biosynthetic process	occurs_in(EMAPA:17373)
GO:0001658	branching involved in ureteric bud morphogenesis	occurs_in(EMAPA:17373)
GO:0006879	cellular iron ion homeostasis	occurs_in(EMAPA:17373)
GO:1902855	regulation of non-motile cilium assembly	occurs_in(EMAPA:17373)
GO:0005391	sodium:potassium-exchanging ATPase activity	occurs_in(EMAPA:17373)
GO:0007040	lysosome organization	occurs_in(EMAPA:17373)
GO:0015012	heparan sulfate proteoglycan biosynthetic process	occurs_in(EMAPA:17373)
GO:0016757	transferase activity, transferring glycosyl groups	occurs_in(EMAPA:17373)
GO:0004000	adenosine deaminase activity	occurs_in(EMAPA:17373)
GO:0042981	regulation of apoptotic process	occurs_in(EMAPA:17373)
GO:0004731	purine-nucleoside phosphorylase activity	occurs_in(EMAPA:17373)
GO:0042278	purine nucleoside metabolic process	occurs_in(EMAPA:17373)
GO:0060231	mesenchymal to epithelial transition	occurs_in(EMAPA:17373)
GO:0007033	vacuole organization	occurs_in(EMAPA:17373)
GO:0004743	pyruvate kinase activity	occurs_in(EMAPA:17373)
GO:0016757	transferase activity, transferring glycosyl groups	occurs_in(EMAPA:17373)
GO:0072203	cell proliferation involved in metanephros development	occurs_in(EMAPA:17373)
GO:0006878	cellular copper ion homeostasis	occurs_in(EMAPA:17373)
GO:0060994	regulation of transcription from RNA polymerase II promoter involved in kidney development	occurs_in(EMAPA:17373)
GO:0060994	regulation of transcription from RNA polymerase II promoter involved in kidney development	occurs_in(EMAPA:17373)
GO:0017050	D-erythro-sphingosine kinase activity	occurs_in(EMAPA:17373)
GO:0045596	negative regulation of cell differentiation	occurs_in(EMAPA:17375
GO:0060070	canonical Wnt signaling pathway	occurs_in(EMAPA:17375)
GO:0072038	mesenchymal stem cell maintenance involved in nephron morphogenesis	occurs_in(EMAPA:17375)
GO:0072092	ureteric bud invasion	occurs_in(EMAPA:17376)
GO:0007281	germ cell development	occurs_in(EMAPA:17381
GO:0036093	germ cell proliferation	occurs_in(EMAPA:17381)
GO:0030154	cell differentiation	occurs_in(EMAPA:17383
GO:0030154	cell differentiation	occurs_in(EMAPA:17383
GO:0030154	cell differentiation	occurs_in(EMAPA:17383
GO:0045596	negative regulation of cell differentiation	occurs_in(EMAPA:17383
GO:0008543	fibroblast growth factor receptor signaling pathway	occurs_in(EMAPA:17383
GO:0006606	protein import into nucleus	occurs_in(EMAPA:17383
GO:0001502	cartilage condensation	occurs_in(EMAPA:17397)
GO:0008045	motor neuron axon guidance	occurs_in(EMAPA:17412
GO:0045596	negative regulation of cell differentiation	occurs_in(EMAPA:17412
GO:0045596	negative regulation of cell differentiation	occurs_in(EMAPA:17412
GO:0051451	myoblast migration	occurs_in(EMAPA:17412
GO:0050650	chondroitin sulfate proteoglycan biosynthetic process	occurs_in(EMAPA:17412
GO:0002062	chondrocyte differentiation	occurs_in(EMAPA:17412
GO:0060173	limb development	occurs_in(EMAPA:17412)
GO:0042733	embryonic digit morphogenesis	occurs_in(EMAPA:17412)
GO:0001958	endochondral ossification	occurs_in(EMAPA:17412)
GO:0035115	embryonic forelimb morphogenesis	occurs_in(EMAPA:17412)
GO:0009880	embryonic pattern specification	occurs_in(EMAPA:17412)
GO:0016477	cell migration	occurs_in(EMAPA:17412)
GO:0048935	peripheral nervous system neuron development	occurs_in(EMAPA:17412)
GO:0007224	smoothened signaling pathway	occurs_in(EMAPA:17412)
GO:0007389	pattern specification process	occurs_in(EMAPA:17412)
GO:0009880	embryonic pattern specification	occurs_in(EMAPA:17428)
GO:0043065	positive regulation of apoptotic process	occurs_in(EMAPA:17428)
GO:0007389	pattern specification process	occurs_in(EMAPA:17428)
GO:0042733	embryonic digit morphogenesis	occurs_in(EMAPA:17428)
GO:0030326	embryonic limb morphogenesis	occurs_in(EMAPA:17428)
GO:0043065	positive regulation of apoptotic process	occurs_in(EMAPA:17428)
GO:1902263	apoptotic process involved in embryonic digit morphogenesis	occurs_in(EMAPA:17445)
GO:1902263	apoptotic process involved in embryonic digit morphogenesis	occurs_in(EMAPA:17448)
GO:1902263	apoptotic process involved in embryonic digit morphogenesis	occurs_in(EMAPA:17451)
GO:1902263	apoptotic process involved in embryonic digit morphogenesis	occurs_in(EMAPA:17454)
GO:0060173	limb development	occurs_in(EMAPA:17458)
GO:0042733	embryonic digit morphogenesis	occurs_in(EMAPA:17458)
GO:0009880	embryonic pattern specification	occurs_in(EMAPA:17458)
GO:0048935	peripheral nervous system neuron development	occurs_in(EMAPA:17458)
GO:0007389	pattern specification process	occurs_in(EMAPA:17458)
GO:0043065	positive regulation of apoptotic process	occurs_in(EMAPA:17459)
GO:0007389	pattern specification process	occurs_in(EMAPA:17459)
GO:0007389	pattern specification process	occurs_in(EMAPA:17459)
GO:0030326	embryonic limb morphogenesis	occurs_in(EMAPA:17459)
GO:0043065	positive regulation of apoptotic process	occurs_in(EMAPA:17459)
GO:1902263	apoptotic process involved in embryonic digit morphogenesis	occurs_in(EMAPA:17476)
GO:1902263	apoptotic process involved in embryonic digit morphogenesis	occurs_in(EMAPA:17479)
GO:1902263	apoptotic process involved in embryonic digit morphogenesis	occurs_in(EMAPA:17482)
GO:1902263	apoptotic process involved in embryonic digit morphogenesis	occurs_in(EMAPA:17485)
GO:0001894	tissue homeostasis	occurs_in(EMAPA:17495)
GO:0030154	cell differentiation	occurs_in(EMAPA:17503
GO:0015701	bicarbonate transport	occurs_in(EMAPA:17503
GO:0030073	insulin secretion	occurs_in(EMAPA:17503
GO:0048469	cell maturation	occurs_in(EMAPA:17503
GO:0003327	type B pancreatic cell fate commitment	occurs_in(EMAPA:17503
GO:1990145	maintenance of translational fidelity	occurs_in(EMAPA:17503
GO:0006821	chloride transport	occurs_in(EMAPA:17503
GO:0003326	pancreatic A cell fate commitment	occurs_in(EMAPA:17503
GO:0017156	calcium ion regulated exocytosis	occurs_in(EMAPA:17503
GO:0030154	cell differentiation	occurs_in(EMAPA:17503
GO:0030154	cell differentiation	occurs_in(EMAPA:17503
GO:0030154	cell differentiation	occurs_in(EMAPA:17503
GO:0005245	voltage-gated calcium channel activity	occurs_in(EMAPA:17503
GO:0030154	cell differentiation	occurs_in(EMAPA:17503
GO:0006534	cysteine metabolic process	occurs_in(EMAPA:17503)
GO:0045596	negative regulation of cell differentiation	occurs_in(EMAPA:17503)
GO:1902072	negative regulation of hypoxia-inducible factor-1alpha signaling pathway	occurs_in(EMAPA:17503)
GO:0030070	insulin processing	occurs_in(EMAPA:17503)
GO:0006878	cellular copper ion homeostasis	occurs_in(EMAPA:17503)
GO:0006468	protein phosphorylation	occurs_in(EMAPA:17503)
GO:0005515	protein binding	occurs_in(EMAPA:17503)
GO:0006508	proteolysis	occurs_in(EMAPA:17503)
GO:0008233	peptidase activity	occurs_in(EMAPA:17503)
GO:0030968	endoplasmic reticulum unfolded protein response	occurs_in(EMAPA:17503)
GO:0000122	negative regulation of transcription from RNA polymerase II promoter	occurs_in(EMAPA:17503)
GO:0007040	lysosome organization	occurs_in(EMAPA:17503)
GO:0031016	pancreas development	occurs_in(EMAPA:17503)
GO:0045165	cell fate commitment	occurs_in(EMAPA:17503)
GO:0030154	cell differentiation	occurs_in(EMAPA:17503)
GO:0048873	homeostasis of number of cells within a tissue	occurs_in(EMAPA:17503)
GO:0035598	N6-threonylcarbomyladenosine methylthiotransferase activity	occurs_in(EMAPA:17503)
GO:0004867	serine-type endopeptidase inhibitor activity	occurs_in(EMAPA:17503)
GO:0030855	epithelial cell differentiation	occurs_in(EMAPA:17503)
GO:0006749	glutathione metabolic process	occurs_in(EMAPA:17503)
GO:0035600	tRNA methylthiolation	occurs_in(EMAPA:17503)
GO:0007040	lysosome organization	occurs_in(EMAPA:17503)
GO:0004180	carboxypeptidase activity	occurs_in(EMAPA:17503)
GO:0002064	epithelial cell development	occurs_in(EMAPA:17505
GO:0002064	epithelial cell development	occurs_in(EMAPA:17505
GO:0060271	cilium assembly	occurs_in(EMAPA:17505
GO:0060271	cilium assembly	occurs_in(EMAPA:17505
GO:0002064	epithelial cell development	occurs_in(EMAPA:17510
GO:0002064	epithelial cell development	occurs_in(EMAPA:17510
GO:0060271	cilium assembly	occurs_in(EMAPA:17510
GO:0060271	cilium assembly	occurs_in(EMAPA:17510
GO:0002064	epithelial cell development	occurs_in(EMAPA:17512
GO:0002064	epithelial cell development	occurs_in(EMAPA:17512
GO:0060271	cilium assembly	occurs_in(EMAPA:17512
GO:0060271	cilium assembly	occurs_in(EMAPA:17512
GO:0060126	somatotropin secreting cell differentiation	occurs_in(EMAPA:17514
GO:0060129	thyroid-stimulating hormone-secreting cell differentiation	occurs_in(EMAPA:17514
GO:0060133	somatotropin secreting cell development	occurs_in(EMAPA:17514
GO:0048468	cell development	occurs_in(EMAPA:17514
GO:0048468	cell development	occurs_in(EMAPA:17514
GO:0048469	cell maturation	occurs_in(EMAPA:17515
GO:0060133	somatotropin secreting cell development	occurs_in(EMAPA:17515
GO:0007189	adenylate cyclase-activating G-protein coupled receptor signaling pathway	occurs_in(EMAPA:17515
GO:0060126	somatotropin secreting cell differentiation	occurs_in(EMAPA:17515
GO:0051458	corticotropin secretion	occurs_in(EMAPA:17515)
GO:0045596	negative regulation of cell differentiation	occurs_in(EMAPA:17516
GO:0060129	thyroid-stimulating hormone-secreting cell differentiation	occurs_in(EMAPA:17518)
GO:0014002	astrocyte development	occurs_in(EMAPA:17519
GO:0030855	epithelial cell differentiation	occurs_in(EMAPA:17523
GO:0000122	negative regulation of transcription from RNA polymerase II promoter	occurs_in(EMAPA:17523
GO:0048468	cell development	occurs_in(EMAPA:17523
GO:0046639	negative regulation of alpha-beta T cell differentiation	occurs_in(EMAPA:17523
GO:0050900	leukocyte migration	occurs_in(EMAPA:17523
GO:0033077	T cell differentiation in thymus	occurs_in(EMAPA:17523)
GO:0060070	canonical Wnt signaling pathway	occurs_in(EMAPA:17524
GO:0003334	keratinocyte development	occurs_in(EMAPA:17524
GO:0002159	desmosome assembly	occurs_in(EMAPA:17524)
GO:0050900	leukocyte migration	occurs_in(EMAPA:17525
GO:0000979	RNA polymerase II core promoter sequence-specific DNA binding	occurs_in(EMAPA:17525
GO:0009612	response to mechanical stimulus	occurs_in(EMAPA:17525
GO:0010839	negative regulation of keratinocyte proliferation	occurs_in(EMAPA:17525
GO:0010839	negative regulation of keratinocyte proliferation	occurs_in(EMAPA:17525
GO:0043011	myeloid dendritic cell differentiation	occurs_in(EMAPA:17525
GO:0051726	regulation of cell cycle	occurs_in(EMAPA:17525
GO:0031069	hair follicle morphogenesis	occurs_in(EMAPA:17525
GO:0043065	positive regulation of apoptotic process	occurs_in(EMAPA:17525
GO:0045636	positive regulation of melanocyte differentiation	occurs_in(EMAPA:17525
GO:0005515	protein binding	occurs_in(EMAPA:17525
GO:0030216	keratinocyte differentiation	occurs_in(EMAPA:17525
GO:0043616	keratinocyte proliferation	occurs_in(EMAPA:17525
GO:0016560	protein import into peroxisome matrix, docking	occurs_in(EMAPA:17525
GO:0045636	positive regulation of melanocyte differentiation	occurs_in(EMAPA:17525
GO:0045636	positive regulation of melanocyte differentiation	occurs_in(EMAPA:17525
GO:0007040	lysosome organization	occurs_in(EMAPA:17525
GO:0048468	cell development	occurs_in(EMAPA:17525
GO:0048468	cell development	occurs_in(EMAPA:17525
GO:0060271	cilium assembly	occurs_in(EMAPA:17525
GO:0018205	peptidyl-lysine modification	occurs_in(EMAPA:17525
GO:0030318	melanocyte differentiation	occurs_in(EMAPA:17525
GO:0043616	keratinocyte proliferation	occurs_in(EMAPA:17525
GO:0043616	keratinocyte proliferation	occurs_in(EMAPA:17525
GO:0030154	cell differentiation	occurs_in(EMAPA:17525
GO:0048468	cell development	occurs_in(EMAPA:17525
GO:0001561	fatty acid alpha-oxidation	occurs_in(EMAPA:17525
GO:0035627	ceramide transport	occurs_in(EMAPA:17525)
GO:0046339	diacylglycerol metabolic process	occurs_in(EMAPA:17525)
GO:0000989	transcription factor activity, transcription factor binding	occurs_in(EMAPA:17525)
GO:0001894	tissue homeostasis	occurs_in(EMAPA:17525)
GO:0043616	keratinocyte proliferation	occurs_in(EMAPA:17525)
GO:0048251	elastic fiber assembly	occurs_in(EMAPA:17525)
GO:0006289	nucleotide-excision repair	occurs_in(EMAPA:17525)
GO:0004720	protein-lysine 6-oxidase activity	occurs_in(EMAPA:17525)
GO:0006878	cellular copper ion homeostasis	occurs_in(EMAPA:17525)
GO:0030199	collagen fibril organization	occurs_in(EMAPA:17525)
GO:0005515	protein binding	occurs_in(EMAPA:17525)
GO:0008589	regulation of smoothened signaling pathway	occurs_in(EMAPA:17525)
GO:0006878	cellular copper ion homeostasis	occurs_in(EMAPA:17525)
GO:0030199	collagen fibril organization	occurs_in(EMAPA:17525)
GO:0031957	very long-chain fatty acid-CoA ligase activity	occurs_in(EMAPA:17525)
GO:0004000	adenosine deaminase activity	occurs_in(EMAPA:17525)
GO:0006154	adenosine catabolic process	occurs_in(EMAPA:17525)
GO:0046103	inosine biosynthetic process	occurs_in(EMAPA:17525)
GO:0002053	positive regulation of mesenchymal cell proliferation	occurs_in(EMAPA:17525)
GO:0030199	collagen fibril organization	occurs_in(EMAPA:17525)
GO:0006641	triglyceride metabolic process	occurs_in(EMAPA:17525)
GO:2000036	regulation of stem cell population maintenance	occurs_in(EMAPA:17525)
GO:0008283	cell proliferation	occurs_in(EMAPA:17525)
GO:0042060	wound healing	occurs_in(EMAPA:17525)
GO:0006631	fatty acid metabolic process	occurs_in(EMAPA:17525)
GO:0042127	regulation of cell proliferation	occurs_in(EMAPA:17525)
GO:0010838	positive regulation of keratinocyte proliferation	occurs_in(EMAPA:17525)
GO:0036334	epidermal stem cell homeostasis	occurs_in(EMAPA:17525)
GO:0000038	very long-chain fatty acid metabolic process	occurs_in(EMAPA:17525)
GO:0010839	negative regulation of keratinocyte proliferation	occurs_in(EMAPA:17525)
GO:0004720	protein-lysine 6-oxidase activity	occurs_in(EMAPA:17525)
GO:0043473	pigmentation	occurs_in(EMAPA:17525)
GO:0001076	transcription factor activity, RNA polymerase II transcription factor binding	occurs_in(EMAPA:17525)
GO:0007040	lysosome organization	occurs_in(EMAPA:17527
GO:0007040	lysosome organization	occurs_in(EMAPA:17527
GO:0002053	positive regulation of mesenchymal cell proliferation	occurs_in(EMAPA:17527)
GO:0042060	wound healing	occurs_in(EMAPA:17527)
GO:0045605	negative regulation of epidermal cell differentiation	occurs_in(EMAPA:17528
GO:0051642	centrosome localization	occurs_in(EMAPA:17528
GO:0007005	mitochondrion organization	occurs_in(EMAPA:17528
GO:0030262	apoptotic nuclear changes	occurs_in(EMAPA:17528
GO:0007569	cell aging	occurs_in(EMAPA:17528
GO:0071277	cellular response to calcium ion	occurs_in(EMAPA:17528
GO:0030216	keratinocyte differentiation	occurs_in(EMAPA:17528
GO:0031573	intra-S DNA damage checkpoint	occurs_in(EMAPA:17528
GO:0004672	protein kinase activity	occurs_in(EMAPA:17528)
GO:0043473	pigmentation	occurs_in(EMAPA:17528)
GO:0007160	cell-matrix adhesion	occurs_in(EMAPA:17528)
GO:0070268	cornification	occurs_in(EMAPA:17528)
GO:1905515	non-motile cilium assembly	occurs_in(EMAPA:17528)
GO:0042060	wound healing	occurs_in(EMAPA:17528)
GO:0006508	proteolysis	occurs_in(EMAPA:17528)
GO:0017171	serine hydrolase activity	occurs_in(EMAPA:17528)
GO:0000038	very long-chain fatty acid metabolic process	occurs_in(EMAPA:17528)
GO:0045617	negative regulation of keratinocyte differentiation	occurs_in(EMAPA:17528)
GO:0071277	cellular response to calcium ion	occurs_in(EMAPA:17528)
GO:0060271	cilium assembly	occurs_in(EMAPA:17528)
GO:0004745	retinol dehydrogenase activity	occurs_in(EMAPA:17528)
GO:0048935	peripheral nervous system neuron development	occurs_in(EMAPA:17529
GO:0019915	lipid storage	occurs_in(EMAPA:17536
GO:0021979	hypothalamus cell differentiation	occurs_in(EMAPA:17536
GO:0021979	hypothalamus cell differentiation	occurs_in(EMAPA:17536
GO:0021979	hypothalamus cell differentiation	occurs_in(EMAPA:17536
GO:0007040	lysosome organization	occurs_in(EMAPA:17536
GO:0045665	negative regulation of neuron differentiation	occurs_in(EMAPA:17536
GO:0001764	neuron migration	occurs_in(EMAPA:17536
GO:0010992	ubiquitin homeostasis	occurs_in(EMAPA:17536
GO:0003682	chromatin binding	occurs_in(EMAPA:17536
GO:0003714	transcription corepressor activity	occurs_in(EMAPA:17536
GO:0000122	negative regulation of transcription from RNA polymerase II promoter	occurs_in(EMAPA:17536
GO:0021855	hypothalamus cell migration	occurs_in(EMAPA:17536
GO:0003917	DNA topoisomerase type I activity	occurs_in(EMAPA:17536)
GO:0010992	ubiquitin homeostasis	occurs_in(EMAPA:17536)
GO:0030182	neuron differentiation	occurs_in(EMAPA:17536)
GO:0042417	dopamine metabolic process	occurs_in(EMAPA:17536)
GO:0051428	peptide hormone receptor binding	occurs_in(EMAPA:17536)
GO:0022848	acetylcholine-gated cation-selective channel activity	occurs_in(EMAPA:17536)
GO:0022848	acetylcholine-gated cation-selective channel activity	occurs_in(EMAPA:17536)
GO:0009755	hormone-mediated signaling pathway	occurs_in(EMAPA:17536)
GO:0006878	cellular copper ion homeostasis	occurs_in(EMAPA:17536)
GO:0033210	leptin-mediated signaling pathway	occurs_in(EMAPA:17536)
GO:0001508	action potential	occurs_in(EMAPA:17540
GO:0005245	voltage-gated calcium channel activity	occurs_in(EMAPA:17540
GO:0007040	lysosome organization	occurs_in(EMAPA:17540
GO:0001508	action potential	occurs_in(EMAPA:17540
GO:0007409	axonogenesis	occurs_in(EMAPA:17540
GO:0044267	cellular protein metabolic process	occurs_in(EMAPA:17540
GO:0019915	lipid storage	occurs_in(EMAPA:17540
GO:0035249	synaptic transmission, glutamatergic	occurs_in(EMAPA:17540)
GO:0009313	oligosaccharide catabolic process	occurs_in(EMAPA:17540)
GO:0042417	dopamine metabolic process	occurs_in(EMAPA:17540)
GO:0014051	gamma-aminobutyric acid secretion	occurs_in(EMAPA:17540)
GO:0004937	alpha1-adrenergic receptor activity	occurs_in(EMAPA:17540)
GO:0006816	calcium ion transport	occurs_in(EMAPA:17540)
GO:0046058	cAMP metabolic process	occurs_in(EMAPA:17540)
GO:0014003	oligodendrocyte development	occurs_in(EMAPA:17540)
GO:0007040	lysosome organization	occurs_in(EMAPA:17540)
GO:0006878	cellular copper ion homeostasis	occurs_in(EMAPA:17540)
GO:0022010	central nervous system myelination	occurs_in(EMAPA:17540)
GO:0043547	positive regulation of GTPase activity	occurs_in(EMAPA:17544
GO:0007269	neurotransmitter secretion	occurs_in(EMAPA:17544
GO:0008474	palmitoyl-(protein) hydrolase activity	occurs_in(EMAPA:17544
GO:0008474	palmitoyl-(protein) hydrolase activity	occurs_in(EMAPA:17544
GO:0043525	positive regulation of neuron apoptotic process	occurs_in(EMAPA:17544
GO:0014002	astrocyte development	occurs_in(EMAPA:17544
GO:0021892	cerebral cortex GABAergic interneuron differentiation	occurs_in(EMAPA:17544
GO:0021892	cerebral cortex GABAergic interneuron differentiation	occurs_in(EMAPA:17544
GO:0014051	gamma-aminobutyric acid secretion	occurs_in(EMAPA:17544
GO:0021779	oligodendrocyte cell fate commitment	occurs_in(EMAPA:17544
GO:0001764	neuron migration	occurs_in(EMAPA:17544
GO:0007403	glial cell fate determination	occurs_in(EMAPA:17544
GO:0001764	neuron migration	occurs_in(EMAPA:17544
GO:0007009	plasma membrane organization	occurs_in(EMAPA:17544
GO:0030182	neuron differentiation	occurs_in(EMAPA:17544
GO:0019915	lipid storage	occurs_in(EMAPA:17544
GO:0001764	neuron migration	occurs_in(EMAPA:17544
GO:0001764	neuron migration	occurs_in(EMAPA:17544
GO:0097193	intrinsic apoptotic signaling pathway	occurs_in(EMAPA:17544
GO:0001764	neuron migration	occurs_in(EMAPA:17544
GO:0007040	lysosome organization	occurs_in(EMAPA:17544
GO:0016358	dendrite development	occurs_in(EMAPA:17544
GO:0006878	cellular copper ion homeostasis	occurs_in(EMAPA:17544
GO:0009313	oligosaccharide catabolic process	occurs_in(EMAPA:17544
GO:0019915	lipid storage	occurs_in(EMAPA:17544
GO:0007026	negative regulation of microtubule depolymerization	occurs_in(EMAPA:17544
GO:0007405	neuroblast proliferation	occurs_in(EMAPA:17544
GO:0048469	cell maturation	occurs_in(EMAPA:17544
GO:0014003	oligodendrocyte development	occurs_in(EMAPA:17544
GO:0016485	protein processing	occurs_in(EMAPA:17544
GO:0021795	cerebral cortex cell migration	occurs_in(EMAPA:17544
GO:0043525	positive regulation of neuron apoptotic process	occurs_in(EMAPA:17544
GO:0043525	positive regulation of neuron apoptotic process	occurs_in(EMAPA:17544
GO:0043525	positive regulation of neuron apoptotic process	occurs_in(EMAPA:17544
GO:0043525	positive regulation of neuron apoptotic process	occurs_in(EMAPA:17544
GO:0043525	positive regulation of neuron apoptotic process	occurs_in(EMAPA:17544
GO:0043525	positive regulation of neuron apoptotic process	occurs_in(EMAPA:17544
GO:0048709	oligodendrocyte differentiation	occurs_in(EMAPA:17544
GO:0021860	pyramidal neuron development	occurs_in(EMAPA:17544
GO:0061351	neural precursor cell proliferation	occurs_in(EMAPA:17544
GO:0006816	calcium ion transport	occurs_in(EMAPA:17544
GO:0021853	cerebral cortex GABAergic interneuron migration	occurs_in(EMAPA:17544
GO:0006166	purine ribonucleoside salvage	occurs_in(EMAPA:17544
GO:0046100	hypoxanthine metabolic process	occurs_in(EMAPA:17544
GO:0007040	lysosome organization	occurs_in(EMAPA:17544
GO:0045109	intermediate filament organization	occurs_in(EMAPA:17544
GO:0071361	cellular response to ethanol	occurs_in(EMAPA:17544
GO:0019915	lipid storage	occurs_in(EMAPA:17544
GO:0007040	lysosome organization	occurs_in(EMAPA:17544
GO:0042987	amyloid precursor protein catabolic process	occurs_in(EMAPA:17544
GO:0021795	cerebral cortex cell migration	occurs_in(EMAPA:17544
GO:0021892	cerebral cortex GABAergic interneuron differentiation	occurs_in(EMAPA:17544
GO:0021892	cerebral cortex GABAergic interneuron differentiation	occurs_in(EMAPA:17544
GO:0021892	cerebral cortex GABAergic interneuron differentiation	occurs_in(EMAPA:17544
GO:0001764	neuron migration	occurs_in(EMAPA:17544
GO:0001764	neuron migration	occurs_in(EMAPA:17544
GO:0034220	ion transmembrane transport	occurs_in(EMAPA:17544
GO:0003682	chromatin binding	occurs_in(EMAPA:17544
GO:0016197	endosomal transport	occurs_in(EMAPA:17544
GO:0007010	cytoskeleton organization	occurs_in(EMAPA:17544
GO:0005262	calcium channel activity	occurs_in(EMAPA:17544
GO:0048813	dendrite morphogenesis	occurs_in(EMAPA:17544
GO:1902510	regulation of apoptotic DNA fragmentation	occurs_in(EMAPA:17544
GO:0044267	cellular protein metabolic process	occurs_in(EMAPA:17544
GO:0044267	cellular protein metabolic process	occurs_in(EMAPA:17544
GO:0045665	negative regulation of neuron differentiation	occurs_in(EMAPA:17544
GO:0001764	neuron migration	occurs_in(EMAPA:17544
GO:0001764	neuron migration	occurs_in(EMAPA:17544
GO:0001764	neuron migration	occurs_in(EMAPA:17544
GO:0048103	somatic stem cell division	occurs_in(EMAPA:17544
GO:0060163	subpallium neuron fate commitment	occurs_in(EMAPA:17544
GO:0001764	neuron migration	occurs_in(EMAPA:17544
GO:0045665	negative regulation of neuron differentiation	occurs_in(EMAPA:17544
GO:0043524	negative regulation of neuron apoptotic process	occurs_in(EMAPA:17544
GO:0021955	central nervous system neuron axonogenesis	occurs_in(EMAPA:17544
GO:0021799	cerebral cortex radially oriented cell migration	occurs_in(EMAPA:17544
GO:0001764	neuron migration	occurs_in(EMAPA:17544
GO:0001764	neuron migration	occurs_in(EMAPA:17544
GO:0006178	guanine salvage	occurs_in(EMAPA:17544
GO:0021895	cerebral cortex neuron differentiation	occurs_in(EMAPA:17544
GO:0006689	ganglioside catabolic process	occurs_in(EMAPA:17544
GO:0021893	cerebral cortex GABAergic interneuron fate commitment	occurs_in(EMAPA:17544
GO:0007405	neuroblast proliferation	occurs_in(EMAPA:17544
GO:0021895	cerebral cortex neuron differentiation	occurs_in(EMAPA:17544
GO:0016477	cell migration	occurs_in(EMAPA:17544
GO:0042133	neurotransmitter metabolic process	occurs_in(EMAPA:17544
GO:0048791	calcium ion-regulated exocytosis of neurotransmitter	occurs_in(EMAPA:17544
GO:1902254	negative regulation of intrinsic apoptotic signaling pathway by p53 class mediator	occurs_in(EMAPA:17544
GO:0030010	establishment of cell polarity	occurs_in(EMAPA:17544
GO:0007005	mitochondrion organization	occurs_in(EMAPA:17544
GO:0030010	establishment of cell polarity	occurs_in(EMAPA:17544
GO:0000132	establishment of mitotic spindle orientation	occurs_in(EMAPA:17544
GO:0001881	receptor recycling	occurs_in(EMAPA:17544
GO:0007409	axonogenesis	occurs_in(EMAPA:17544
GO:0021800	cerebral cortex tangential migration	occurs_in(EMAPA:17544
GO:0014009	glial cell proliferation	occurs_in(EMAPA:17544
GO:0048714	positive regulation of oligodendrocyte differentiation	occurs_in(EMAPA:17544
GO:0004422	hypoxanthine phosphoribosyltransferase activity	occurs_in(EMAPA:17544
GO:0006168	adenine salvage	occurs_in(EMAPA:17544
GO:0051402	neuron apoptotic process	occurs_in(EMAPA:17544
GO:0019915	lipid storage	occurs_in(EMAPA:17544
GO:0045665	negative regulation of neuron differentiation	occurs_in(EMAPA:17544
GO:0001764	neuron migration	occurs_in(EMAPA:17544
GO:0021892	cerebral cortex GABAergic interneuron differentiation	occurs_in(EMAPA:17544
GO:0021892	cerebral cortex GABAergic interneuron differentiation	occurs_in(EMAPA:17544
GO:0018108	peptidyl-tyrosine phosphorylation	occurs_in(EMAPA:17544
GO:0018108	peptidyl-tyrosine phosphorylation	occurs_in(EMAPA:17544
GO:0021861	forebrain radial glial cell differentiation	occurs_in(EMAPA:17544
GO:0008083	growth factor activity	occurs_in(EMAPA:17544
GO:0007005	mitochondrion organization	occurs_in(EMAPA:17544
GO:0021846	cell proliferation in forebrain	occurs_in(EMAPA:17544
GO:0001764	neuron migration	occurs_in(EMAPA:17544
GO:0001764	neuron migration	occurs_in(EMAPA:17544
GO:0021877	forebrain neuron fate commitment	occurs_in(EMAPA:17544
GO:0045471	response to ethanol	occurs_in(EMAPA:17544
GO:0017148	negative regulation of translation	occurs_in(EMAPA:17544
GO:0021895	cerebral cortex neuron differentiation	occurs_in(EMAPA:17544
GO:0030198	extracellular matrix organization	occurs_in(EMAPA:17544)
GO:0008654	phospholipid biosynthetic process	occurs_in(EMAPA:17544)
GO:0007040	lysosome organization	occurs_in(EMAPA:17544)
GO:0000132	establishment of mitotic spindle orientation	occurs_in(EMAPA:17544)
GO:0043565	sequence-specific DNA binding	occurs_in(EMAPA:17544)
GO:0021799	cerebral cortex radially oriented cell migration	occurs_in(EMAPA:17544)
GO:0022848	acetylcholine-gated cation-selective channel activity	occurs_in(EMAPA:17544)
GO:0016594	glycine binding	occurs_in(EMAPA:17544)
GO:0050808	synapse organization	occurs_in(EMAPA:17544)
GO:0019827	stem cell population maintenance	occurs_in(EMAPA:17544)
GO:0007411	axon guidance	occurs_in(EMAPA:17544)
GO:0042417	dopamine metabolic process	occurs_in(EMAPA:17544)
GO:0021795	cerebral cortex cell migration	occurs_in(EMAPA:17544)
GO:0021874	Wnt signaling pathway involved in forebrain neuroblast division	occurs_in(EMAPA:17544)
GO:0016206	catechol O-methyltransferase activity	occurs_in(EMAPA:17544)
GO:0005515	protein binding	occurs_in(EMAPA:17544)
GO:0006689	ganglioside catabolic process	occurs_in(EMAPA:17544)
GO:0043524	negative regulation of neuron apoptotic process	occurs_in(EMAPA:17544)
GO:0000082	G1/S transition of mitotic cell cycle	occurs_in(EMAPA:17544)
GO:0004937	alpha1-adrenergic receptor activity	occurs_in(EMAPA:17544)
GO:0031023	microtubule organizing center organization	occurs_in(EMAPA:17544)
GO:0022848	acetylcholine-gated cation-selective channel activity	occurs_in(EMAPA:17544)
GO:0006874	cellular calcium ion homeostasis	occurs_in(EMAPA:17544)
GO:0009712	catechol-containing compound metabolic process	occurs_in(EMAPA:17544)
GO:0006878	cellular copper ion homeostasis	occurs_in(EMAPA:17544)
GO:0060079	excitatory postsynaptic potential	occurs_in(EMAPA:17544)
GO:0001047	core promoter binding	occurs_in(EMAPA:17544)
GO:0021800	cerebral cortex tangential migration	occurs_in(EMAPA:17544)
GO:0007040	lysosome organization	occurs_in(EMAPA:17544)
GO:0042133	neurotransmitter metabolic process	occurs_in(EMAPA:17544)
GO:0042428	serotonin metabolic process	occurs_in(EMAPA:17544)
GO:0048666	neuron development	occurs_in(EMAPA:17544)
GO:0003729	mRNA binding	occurs_in(EMAPA:17544)
GO:0001764	neuron migration	occurs_in(EMAPA:17544)
GO:0019915	lipid storage	occurs_in(EMAPA:17544)
GO:0006119	oxidative phosphorylation	occurs_in(EMAPA:17544)
GO:0043524	negative regulation of neuron apoptotic process	occurs_in(EMAPA:17544)
GO:0045665	negative regulation of neuron differentiation	occurs_in(EMAPA:17544)
GO:0000096	sulfur amino acid metabolic process	occurs_in(EMAPA:17544)
GO:0021801	cerebral cortex radial glia guided migration	occurs_in(EMAPA:17544)
GO:0045666	positive regulation of neuron differentiation	occurs_in(EMAPA:17544)
GO:0006083	acetate metabolic process	occurs_in(EMAPA:17544)
GO:0006816	calcium ion transport	occurs_in(EMAPA:17544)
GO:0001764	neuron migration	occurs_in(EMAPA:17544)
GO:0006874	cellular calcium ion homeostasis	occurs_in(EMAPA:17544)
GO:0021895	cerebral cortex neuron differentiation	occurs_in(EMAPA:17544)
GO:0007040	lysosome organization	occurs_in(EMAPA:17544)
GO:0051298	centrosome duplication	occurs_in(EMAPA:17544)
GO:0048813	dendrite morphogenesis	occurs_in(EMAPA:17544)
GO:0006878	cellular copper ion homeostasis	occurs_in(EMAPA:17544)
GO:0051294	establishment of spindle orientation	occurs_in(EMAPA:17544)
GO:0006376	mRNA splice site selection	occurs_in(EMAPA:17544)
GO:0021861	forebrain radial glial cell differentiation	occurs_in(EMAPA:17544)
GO:0045665	negative regulation of neuron differentiation	occurs_in(EMAPA:17545
GO:0001764	neuron migration	occurs_in(EMAPA:17546
GO:0001764	neuron migration	occurs_in(EMAPA:17546
GO:0007405	neuroblast proliferation	occurs_in(EMAPA:17547
GO:0007405	neuroblast proliferation	occurs_in(EMAPA:17547
GO:0043297	apical junction assembly	occurs_in(EMAPA:17547
GO:0007405	neuroblast proliferation	occurs_in(EMAPA:17547
GO:0021800	cerebral cortex tangential migration	occurs_in(EMAPA:17547
GO:0021847	ventricular zone neuroblast division	occurs_in(EMAPA:17547
GO:0045665	negative regulation of neuron differentiation	occurs_in(EMAPA:17547
GO:0021869	forebrain ventricular zone progenitor cell division	occurs_in(EMAPA:17547)
GO:0001764	neuron migration	occurs_in(EMAPA:17547)
GO:0015277	kainate selective glutamate receptor activity	occurs_in(EMAPA:17549
GO:0060080	inhibitory postsynaptic potential	occurs_in(EMAPA:17549
GO:0021879	forebrain neuron differentiation	occurs_in(EMAPA:17549
GO:0051899	membrane depolarization	occurs_in(EMAPA:17549
GO:0014003	oligodendrocyte development	occurs_in(EMAPA:17549
GO:0007040	lysosome organization	occurs_in(EMAPA:17549
GO:0035090	maintenance of apical/basal cell polarity	occurs_in(EMAPA:17549
GO:0044267	cellular protein metabolic process	occurs_in(EMAPA:17549
GO:0022029	telencephalon cell migration	occurs_in(EMAPA:17549
GO:0019915	lipid storage	occurs_in(EMAPA:17549
GO:0042133	neurotransmitter metabolic process	occurs_in(EMAPA:17549
GO:0007409	axonogenesis	occurs_in(EMAPA:17549
GO:0021773	striatal medium spiny neuron differentiation	occurs_in(EMAPA:17549
GO:0048714	positive regulation of oligodendrocyte differentiation	occurs_in(EMAPA:17549)
GO:0003917	DNA topoisomerase type I activity	occurs_in(EMAPA:17549)
GO:0001764	neuron migration	occurs_in(EMAPA:17549)
GO:0006882	cellular zinc ion homeostasis	occurs_in(EMAPA:17549)
GO:0045964	positive regulation of dopamine metabolic process	occurs_in(EMAPA:17549)
GO:0007411	axon guidance	occurs_in(EMAPA:17549)
GO:0016206	catechol O-methyltransferase activity	occurs_in(EMAPA:17549)
GO:0001591	dopamine neurotransmitter receptor activity, coupled via Gi/Go	occurs_in(EMAPA:17549)
GO:0005515	protein binding	occurs_in(EMAPA:17549)
GO:0009712	catechol-containing compound metabolic process	occurs_in(EMAPA:17549)
GO:0035240	dopamine binding	occurs_in(EMAPA:17549)
GO:0001588	dopamine neurotransmitter receptor activity, coupled via Gs	occurs_in(EMAPA:17549)
GO:0022848	acetylcholine-gated cation-selective channel activity	occurs_in(EMAPA:17549)
GO:0004016	adenylate cyclase activity	occurs_in(EMAPA:17549)
GO:0042428	serotonin metabolic process	occurs_in(EMAPA:17549)
GO:0001973	adenosine receptor signaling pathway	occurs_in(EMAPA:17549)
GO:0042417	dopamine metabolic process	occurs_in(EMAPA:17549)
GO:0042416	dopamine biosynthetic process	occurs_in(EMAPA:17549)
GO:0042417	dopamine metabolic process	occurs_in(EMAPA:17549)
GO:0001591	dopamine neurotransmitter receptor activity, coupled via Gi/Go	occurs_in(EMAPA:17549)
GO:0007189	adenylate cyclase-activating G-protein coupled receptor signaling pathway	occurs_in(EMAPA:17549)
GO:0001609	G-protein coupled adenosine receptor activity	occurs_in(EMAPA:17549)
GO:0051583	dopamine uptake involved in synaptic transmission	occurs_in(EMAPA:17549)
GO:0007212	dopamine receptor signaling pathway	occurs_in(EMAPA:17549)
GO:0006878	cellular copper ion homeostasis	occurs_in(EMAPA:17549)
GO:0042133	neurotransmitter metabolic process	occurs_in(EMAPA:17550
GO:0007409	axonogenesis	occurs_in(EMAPA:17550)
GO:0007409	axonogenesis	occurs_in(EMAPA:17552
GO:0008347	glial cell migration	occurs_in(EMAPA:17552
GO:0001764	neuron migration	occurs_in(EMAPA:17552
GO:0007224	smoothened signaling pathway	occurs_in(EMAPA:17562)
GO:0043525	positive regulation of neuron apoptotic process	occurs_in(EMAPA:17563
GO:0043524	negative regulation of neuron apoptotic process	occurs_in(EMAPA:17563
GO:0042133	neurotransmitter metabolic process	occurs_in(EMAPA:17563
GO:0045665	negative regulation of neuron differentiation	occurs_in(EMAPA:17569
GO:0030182	neuron differentiation	occurs_in(EMAPA:17570
GO:0030182	neuron differentiation	occurs_in(EMAPA:17570
GO:0043524	negative regulation of neuron apoptotic process	occurs_in(EMAPA:17571
GO:0048934	peripheral nervous system neuron differentiation	occurs_in(EMAPA:17571
GO:0043525	positive regulation of neuron apoptotic process	occurs_in(EMAPA:17571)
GO:0043525	positive regulation of neuron apoptotic process	occurs_in(EMAPA:17571)
GO:0043525	positive regulation of neuron apoptotic process	occurs_in(EMAPA:17571)
GO:0043525	positive regulation of neuron apoptotic process	occurs_in(EMAPA:17571)
GO:0043525	positive regulation of neuron apoptotic process	occurs_in(EMAPA:17571)
GO:0048812	neuron projection morphogenesis	occurs_in(EMAPA:17572)
GO:0007412	axon target recognition	occurs_in(EMAPA:17573
GO:0021523	somatic motor neuron differentiation	occurs_in(EMAPA:17574
GO:0045109	intermediate filament organization	occurs_in(EMAPA:17575
GO:0000226	microtubule cytoskeleton organization	occurs_in(EMAPA:17575
GO:0043525	positive regulation of neuron apoptotic process	occurs_in(EMAPA:17575
GO:0060052	neurofilament cytoskeleton organization	occurs_in(EMAPA:17575
GO:0048469	cell maturation	occurs_in(EMAPA:17575
GO:0032286	central nervous system myelin maintenance	occurs_in(EMAPA:17575)
GO:0021633	optic nerve structural organization	occurs_in(EMAPA:17575)
GO:0006865	amino acid transport	occurs_in(EMAPA:17575)
GO:0030198	extracellular matrix organization	occurs_in(EMAPA:17575)
GO:0051971	positive regulation of transmission of nerve impulse	occurs_in(EMAPA:17575)
GO:0001508	action potential	occurs_in(EMAPA:17575)
GO:0048935	peripheral nervous system neuron development	occurs_in(EMAPA:17576
GO:0007040	lysosome organization	occurs_in(EMAPA:17576
GO:0007040	lysosome organization	occurs_in(EMAPA:17576
GO:0007040	lysosome organization	occurs_in(EMAPA:17576)
GO:0007040	lysosome organization	occurs_in(EMAPA:17576)
GO:0060052	neurofilament cytoskeleton organization	occurs_in(EMAPA:17577
GO:0008088	axo-dendritic transport	occurs_in(EMAPA:17577
GO:0008045	motor neuron axon guidance	occurs_in(EMAPA:17577
GO:0030154	cell differentiation	occurs_in(EMAPA:17577
GO:0060052	neurofilament cytoskeleton organization	occurs_in(EMAPA:17577
GO:0043524	negative regulation of neuron apoptotic process	occurs_in(EMAPA:17577
GO:0045109	intermediate filament organization	occurs_in(EMAPA:17577
GO:0048812	neuron projection morphogenesis	occurs_in(EMAPA:17577
GO:0060052	neurofilament cytoskeleton organization	occurs_in(EMAPA:17577
GO:0044257	cellular protein catabolic process	occurs_in(EMAPA:17577
GO:0060018	astrocyte fate commitment	occurs_in(EMAPA:17577
GO:0014003	oligodendrocyte development	occurs_in(EMAPA:17577
GO:0010468	regulation of gene expression	occurs_in(EMAPA:17577
GO:0010468	regulation of gene expression	occurs_in(EMAPA:17577
GO:0014003	oligodendrocyte development	occurs_in(EMAPA:17577
GO:0048666	neuron development	occurs_in(EMAPA:17577
GO:0021952	central nervous system projection neuron axonogenesis	occurs_in(EMAPA:17577
GO:0005216	ion channel activity	occurs_in(EMAPA:17577
GO:0048666	neuron development	occurs_in(EMAPA:17577
GO:0007040	lysosome organization	occurs_in(EMAPA:17577
GO:0019915	lipid storage	occurs_in(EMAPA:17577
GO:0021524	visceral motor neuron differentiation	occurs_in(EMAPA:17577
GO:0048709	oligodendrocyte differentiation	occurs_in(EMAPA:17577
GO:0016594	glycine binding	occurs_in(EMAPA:17577
GO:0048469	cell maturation	occurs_in(EMAPA:17577
GO:0048469	cell maturation	occurs_in(EMAPA:17577
GO:0048469	cell maturation	occurs_in(EMAPA:17577
GO:0051402	neuron apoptotic process	occurs_in(EMAPA:17577
GO:0019915	lipid storage	occurs_in(EMAPA:17577
GO:0021527	spinal cord association neuron differentiation	occurs_in(EMAPA:17577
GO:0021529	spinal cord oligodendrocyte cell differentiation	occurs_in(EMAPA:17577
GO:0021778	oligodendrocyte cell fate specification	occurs_in(EMAPA:17577
GO:0042445	hormone metabolic process	occurs_in(EMAPA:17577
GO:0043525	positive regulation of neuron apoptotic process	occurs_in(EMAPA:17577
GO:0006914	autophagy	occurs_in(EMAPA:17577
GO:0048667	cell morphogenesis involved in neuron differentiation	occurs_in(EMAPA:17577
GO:0007409	axonogenesis	occurs_in(EMAPA:17577
GO:0048714	positive regulation of oligodendrocyte differentiation	occurs_in(EMAPA:17577
GO:0000226	microtubule cytoskeleton organization	occurs_in(EMAPA:17577
GO:0045110	intermediate filament bundle assembly	occurs_in(EMAPA:17577
GO:0030182	neuron differentiation	occurs_in(EMAPA:17577
GO:0045665	negative regulation of neuron differentiation	occurs_in(EMAPA:17577
GO:0021522	spinal cord motor neuron differentiation	occurs_in(EMAPA:17577
GO:0051402	neuron apoptotic process	occurs_in(EMAPA:17577
GO:0034220	ion transmembrane transport	occurs_in(EMAPA:17577
GO:0007040	lysosome organization	occurs_in(EMAPA:17577
GO:0044267	cellular protein metabolic process	occurs_in(EMAPA:17577
GO:0048468	cell development	occurs_in(EMAPA:17577
GO:0021527	spinal cord association neuron differentiation	occurs_in(EMAPA:17577
GO:0060080	inhibitory postsynaptic potential	occurs_in(EMAPA:17577
GO:0007040	lysosome organization	occurs_in(EMAPA:17577)
GO:0005515	protein binding	occurs_in(EMAPA:17577)
GO:0032286	central nervous system myelin maintenance	occurs_in(EMAPA:17577)
GO:0006566	threonine metabolic process	occurs_in(EMAPA:17577)
GO:0016594	glycine binding	occurs_in(EMAPA:17577)
GO:0043524	negative regulation of neuron apoptotic process	occurs_in(EMAPA:17577)
GO:0009313	oligosaccharide catabolic process	occurs_in(EMAPA:17577)
GO:0016594	glycine binding	occurs_in(EMAPA:17577)
GO:0005515	protein binding	occurs_in(EMAPA:17577)
GO:0097374	sensory neuron axon guidance	occurs_in(EMAPA:17577)
GO:0006541	glutamine metabolic process	occurs_in(EMAPA:17577)
GO:0006563	L-serine metabolic process	occurs_in(EMAPA:17577)
GO:0019530	taurine metabolic process	occurs_in(EMAPA:17577)
GO:0021521	ventral spinal cord interneuron specification	occurs_in(EMAPA:17577)
GO:0007409	axonogenesis	occurs_in(EMAPA:17577)
GO:0005515	protein binding	occurs_in(EMAPA:17577)
GO:0007040	lysosome organization	occurs_in(EMAPA:17577)
GO:0021530	spinal cord oligodendrocyte cell fate specification	occurs_in(EMAPA:17577)
GO:0032286	central nervous system myelin maintenance	occurs_in(EMAPA:17577)
GO:0004563	beta-N-acetylhexosaminidase activity	occurs_in(EMAPA:17577)
GO:0042136	neurotransmitter biosynthetic process	occurs_in(EMAPA:17577)
GO:0014003	oligodendrocyte development	occurs_in(EMAPA:17577)
GO:0010001	glial cell differentiation	occurs_in(EMAPA:17577)
GO:0051935	glutamate reuptake	occurs_in(EMAPA:17577)
GO:0007219	Notch signaling pathway	occurs_in(EMAPA:17577)
GO:0009448	gamma-aminobutyric acid metabolic process	occurs_in(EMAPA:17577)
GO:0016594	glycine binding	occurs_in(EMAPA:17577)
GO:0030198	extracellular matrix organization	occurs_in(EMAPA:17577)
GO:0048666	neuron development	occurs_in(EMAPA:17577)
GO:0019369	arachidonic acid metabolic process	occurs_in(EMAPA:17577)
GO:0019369	arachidonic acid metabolic process	occurs_in(EMAPA:17577)
GO:0042415	norepinephrine metabolic process	occurs_in(EMAPA:17577)
GO:0021529	spinal cord oligodendrocyte cell differentiation	occurs_in(EMAPA:17577)
GO:0030182	neuron differentiation	occurs_in(EMAPA:17577)
GO:0007040	lysosome organization	occurs_in(EMAPA:17577)
GO:0021522	spinal cord motor neuron differentiation	occurs_in(EMAPA:17577)
GO:0001764	neuron migration	occurs_in(EMAPA:17577)
GO:0007409	axonogenesis	occurs_in(EMAPA:17577)
GO:0006544	glycine metabolic process	occurs_in(EMAPA:17577)
GO:0048664	neuron fate determination	occurs_in(EMAPA:17579
GO:0048664	neuron fate determination	occurs_in(EMAPA:17579
GO:0048665	neuron fate specification	occurs_in(EMAPA:17579
GO:0048664	neuron fate determination	occurs_in(EMAPA:17579
GO:0045665	negative regulation of neuron differentiation	occurs_in(EMAPA:17579
GO:0045665	negative regulation of neuron differentiation	occurs_in(EMAPA:17579
GO:0019915	lipid storage	occurs_in(EMAPA:17583)
GO:0019915	lipid storage	occurs_in(EMAPA:17583)
GO:0007040	lysosome organization	occurs_in(EMAPA:17583)
GO:0007040	lysosome organization	occurs_in(EMAPA:17583)
GO:0048708	astrocyte differentiation	occurs_in(EMAPA:17585
GO:0048664	neuron fate determination	occurs_in(EMAPA:17586
GO:0048664	neuron fate determination	occurs_in(EMAPA:17586
GO:0048665	neuron fate specification	occurs_in(EMAPA:17586
GO:0048664	neuron fate determination	occurs_in(EMAPA:17586
GO:0045665	negative regulation of neuron differentiation	occurs_in(EMAPA:17586
GO:0045665	negative regulation of neuron differentiation	occurs_in(EMAPA:17586
GO:0003334	keratinocyte development	occurs_in(EMAPA:17589
GO:0008544	epidermis development	occurs_in(EMAPA:17589
GO:0008092	cytoskeletal protein binding	occurs_in(EMAPA:17589
GO:0045109	intermediate filament organization	occurs_in(EMAPA:17589)
GO:0045109	intermediate filament organization	occurs_in(EMAPA:17589)
GO:0003334	keratinocyte development	occurs_in(EMAPA:17589)
GO:0008544	epidermis development	occurs_in(EMAPA:17589)
GO:0060122	inner ear receptor stereocilium organization	occurs_in(EMAPA:17597
GO:0045184	establishment of protein localization	occurs_in(EMAPA:17597
GO:0045184	establishment of protein localization	occurs_in(EMAPA:17597
GO:0045184	establishment of protein localization	occurs_in(EMAPA:17597
GO:0060113	inner ear receptor cell differentiation	occurs_in(EMAPA:17597
GO:0030855	epithelial cell differentiation	occurs_in(EMAPA:17597
GO:0042491	auditory receptor cell differentiation	occurs_in(EMAPA:17597
GO:0060113	inner ear receptor cell differentiation	occurs_in(EMAPA:17597
GO:0001736	establishment of planar polarity	occurs_in(EMAPA:17597
GO:0060088	auditory receptor cell stereocilium organization	occurs_in(EMAPA:17597
GO:0042668	auditory receptor cell fate determination	occurs_in(EMAPA:17597
GO:0043524	negative regulation of neuron apoptotic process	occurs_in(EMAPA:17597
GO:0043524	negative regulation of neuron apoptotic process	occurs_in(EMAPA:17597
GO:0050910	detection of mechanical stimulus involved in sensory perception of sound	occurs_in(EMAPA:17597
GO:0042491	auditory receptor cell differentiation	occurs_in(EMAPA:17597
GO:0042491	auditory receptor cell differentiation	occurs_in(EMAPA:17597
GO:0090102	cochlea development	occurs_in(EMAPA:17597
GO:0060271	cilium assembly	occurs_in(EMAPA:17597
GO:0001736	establishment of planar polarity	occurs_in(EMAPA:17597
GO:0060122	inner ear receptor stereocilium organization	occurs_in(EMAPA:17597
GO:0090002	establishment of protein localization to plasma membrane	occurs_in(EMAPA:17597
GO:0051017	actin filament bundle assembly	occurs_in(EMAPA:17597
GO:0043524	negative regulation of neuron apoptotic process	occurs_in(EMAPA:17597
GO:0045184	establishment of protein localization	occurs_in(EMAPA:17597
GO:0045184	establishment of protein localization	occurs_in(EMAPA:17597
GO:0090002	establishment of protein localization to plasma membrane	occurs_in(EMAPA:17597
GO:0060385	axonogenesis involved in innervation	occurs_in(EMAPA:17597
GO:0051301	cell division	occurs_in(EMAPA:17597
GO:0060071	Wnt signaling pathway, planar cell polarity pathway	occurs_in(EMAPA:17597
GO:0016264	gap junction assembly	occurs_in(EMAPA:17597)
GO:0007389	pattern specification process	occurs_in(EMAPA:17597)
GO:0060122	inner ear receptor stereocilium organization	occurs_in(EMAPA:17597)
GO:2000095	regulation of Wnt signaling pathway, planar cell polarity pathway	occurs_in(EMAPA:17597)
GO:0045216	cell-cell junction organization	occurs_in(EMAPA:17597)
GO:0050910	detection of mechanical stimulus involved in sensory perception of sound	occurs_in(EMAPA:17597)
GO:0007605	sensory perception of sound	occurs_in(EMAPA:17597)
GO:0060088	auditory receptor cell stereocilium organization	occurs_in(EMAPA:17597)
GO:0060088	auditory receptor cell stereocilium organization	occurs_in(EMAPA:17597)
GO:0060071	Wnt signaling pathway, planar cell polarity pathway	occurs_in(EMAPA:17597)
GO:0090102	cochlea development	occurs_in(EMAPA:17597)
GO:0060384	innervation	occurs_in(EMAPA:17597)
GO:1905515	non-motile cilium assembly	occurs_in(EMAPA:17597)
GO:0060088	auditory receptor cell stereocilium organization	occurs_in(EMAPA:17598
GO:0060122	inner ear receptor stereocilium organization	occurs_in(EMAPA:17598)
GO:0060122	inner ear receptor stereocilium organization	occurs_in(EMAPA:17600)
GO:0050679	positive regulation of epithelial cell proliferation	occurs_in(EMAPA:17600)
GO:0003351	epithelial cilium movement	occurs_in(EMAPA:17601)
GO:0030199	collagen fibril organization	occurs_in(EMAPA:17602)
GO:0031290	retinal ganglion cell axon guidance	occurs_in(EMAPA:17603
GO:0016198	axon choice point recognition	occurs_in(EMAPA:17603
GO:0003351	epithelial cilium movement	occurs_in(EMAPA:17605)
GO:0003351	epithelial cilium movement	occurs_in(EMAPA:17605)
GO:0005229	intracellular calcium activated chloride channel activity	occurs_in(EMAPA:17606
GO:0043524	negative regulation of neuron apoptotic process	occurs_in(EMAPA:17606
GO:0030182	neuron differentiation	occurs_in(EMAPA:17606
GO:0008543	fibroblast growth factor receptor signaling pathway	occurs_in(EMAPA:17606
GO:0006821	chloride transport	occurs_in(EMAPA:17606
GO:1905515	non-motile cilium assembly	occurs_in(EMAPA:17606)
GO:0000226	microtubule cytoskeleton organization	occurs_in(EMAPA:17606)
GO:1905515	non-motile cilium assembly	occurs_in(EMAPA:17606)
GO:0016358	dendrite development	occurs_in(EMAPA:17606)
GO:0045471	response to ethanol	occurs_in(EMAPA:17608
GO:0001764	neuron migration	occurs_in(EMAPA:17612
GO:0001764	neuron migration	occurs_in(EMAPA:17612
GO:0043584	nose development	occurs_in(EMAPA:17612)
GO:0021629	olfactory nerve structural organization	occurs_in(EMAPA:17612)
GO:0001568	blood vessel development	occurs_in(EMAPA:17613)
GO:0001568	blood vessel development	occurs_in(EMAPA:17617)
GO:0001568	blood vessel development	occurs_in(EMAPA:17617)
GO:0003278	apoptotic process involved in heart morphogenesis	occurs_in(EMAPA:17618)
GO:0061106	negative regulation of stomach neuroendocrine cell differentiation	occurs_in(EMAPA:17625
GO:0061102	stomach neuroendocrine cell differentiation	occurs_in(EMAPA:17625
GO:0070371	ERK1 and ERK2 cascade	occurs_in(EMAPA:17654
GO:0033363	secretory granule organization	occurs_in(EMAPA:17655
GO:0060510	Type II pneumocyte differentiation	occurs_in(EMAPA:17655
GO:0035088	establishment or maintenance of apical/basal cell polarity	occurs_in(EMAPA:17655
GO:0035088	establishment or maintenance of apical/basal cell polarity	occurs_in(EMAPA:17655
GO:0060487	lung epithelial cell differentiation	occurs_in(EMAPA:17655
GO:0060487	lung epithelial cell differentiation	occurs_in(EMAPA:17655
GO:0060502	epithelial cell proliferation involved in lung morphogenesis	occurs_in(EMAPA:17655
GO:0060509	Type I pneumocyte differentiation	occurs_in(EMAPA:17655
GO:0000132	establishment of mitotic spindle orientation	occurs_in(EMAPA:17655
GO:0000132	establishment of mitotic spindle orientation	occurs_in(EMAPA:17655
GO:0042056	chemoattractant activity	occurs_in(EMAPA:17655)
GO:0001568	blood vessel development	occurs_in(EMAPA:17655)
GO:0060486	Clara cell differentiation	occurs_in(EMAPA:17655)
GO:0060441	epithelial tube branching involved in lung morphogenesis	occurs_in(EMAPA:17656)
GO:0070371	ERK1 and ERK2 cascade	occurs_in(EMAPA:17657
GO:0001570	vasculogenesis	occurs_in(EMAPA:17660)
GO:0060441	epithelial tube branching involved in lung morphogenesis	occurs_in(EMAPA:17661)
GO:0070371	ERK1 and ERK2 cascade	occurs_in(EMAPA:17662)
GO:0033363	secretory granule organization	occurs_in(EMAPA:17663
GO:0060510	Type II pneumocyte differentiation	occurs_in(EMAPA:17663
GO:0035088	establishment or maintenance of apical/basal cell polarity	occurs_in(EMAPA:17663
GO:0035088	establishment or maintenance of apical/basal cell polarity	occurs_in(EMAPA:17663
GO:0060487	lung epithelial cell differentiation	occurs_in(EMAPA:17663
GO:0060487	lung epithelial cell differentiation	occurs_in(EMAPA:17663
GO:0060509	Type I pneumocyte differentiation	occurs_in(EMAPA:17663
GO:0000132	establishment of mitotic spindle orientation	occurs_in(EMAPA:17663
GO:0000132	establishment of mitotic spindle orientation	occurs_in(EMAPA:17663
GO:0042056	chemoattractant activity	occurs_in(EMAPA:17663)
GO:0001568	blood vessel development	occurs_in(EMAPA:17663)
GO:0060486	Clara cell differentiation	occurs_in(EMAPA:17663)
GO:0060502	epithelial cell proliferation involved in lung morphogenesis	occurs_in(EMAPA:17663)
GO:0001570	vasculogenesis	occurs_in(EMAPA:17668)
GO:0006833	water transport	occurs_in(EMAPA:17672
GO:0060271	cilium assembly	occurs_in(EMAPA:17672)
GO:0060348	bone development	occurs_in(EMAPA:17674)
GO:0032331	negative regulation of chondrocyte differentiation	occurs_in(EMAPA:17680
GO:0006874	cellular calcium ion homeostasis	occurs_in(EMAPA:17680)
GO:0001502	cartilage condensation	occurs_in(EMAPA:17680)
GO:0004991	parathyroid hormone receptor activity	occurs_in(EMAPA:17680)
GO:0007189	adenylate cyclase-activating G-protein coupled receptor signaling pathway	occurs_in(EMAPA:17680)
GO:0060324	face development	occurs_in(EMAPA:17680)
GO:0033687	osteoblast proliferation	occurs_in(EMAPA:17681
GO:0009880	embryonic pattern specification	occurs_in(EMAPA:17682)
GO:0008045	motor neuron axon guidance	occurs_in(EMAPA:17700
GO:0021526	medial motor column neuron differentiation	occurs_in(EMAPA:17700
GO:0008331	high voltage-gated calcium channel activity	occurs_in(EMAPA:17701
GO:0014044	Schwann cell development	occurs_in(EMAPA:17701
GO:0043113	receptor clustering	occurs_in(EMAPA:17701
GO:0043113	receptor clustering	occurs_in(EMAPA:17701
GO:0048675	axon extension	occurs_in(EMAPA:17701
GO:0008045	motor neuron axon guidance	occurs_in(EMAPA:17701
GO:0043113	receptor clustering	occurs_in(EMAPA:17701
GO:0030182	neuron differentiation	occurs_in(EMAPA:17701
GO:0007413	axonal fasciculation	occurs_in(EMAPA:17701
GO:0008045	motor neuron axon guidance	occurs_in(EMAPA:17701
GO:0071340	skeletal muscle acetylcholine-gated channel clustering	occurs_in(EMAPA:17701
GO:0043113	receptor clustering	occurs_in(EMAPA:17701
GO:0003682	chromatin binding	occurs_in(EMAPA:17701
GO:0048489	synaptic vesicle transport	occurs_in(EMAPA:17701
GO:0016188	synaptic vesicle maturation	occurs_in(EMAPA:17701)
GO:0006874	cellular calcium ion homeostasis	occurs_in(EMAPA:17701)
GO:0007409	axonogenesis	occurs_in(EMAPA:17701)
GO:0031630	regulation of synaptic vesicle fusion to presynaptic membrane	occurs_in(EMAPA:17701)
GO:0004558	alpha-1,4-glucosidase activity	occurs_in(EMAPA:17701)
GO:0007274	neuromuscular synaptic transmission	occurs_in(EMAPA:17701)
GO:0006941	striated muscle contraction	occurs_in(EMAPA:17701)
GO:0014902	myotube differentiation	occurs_in(EMAPA:17701)
GO:0007040	lysosome organization	occurs_in(EMAPA:17701)
GO:0035994	response to muscle stretch	occurs_in(EMAPA:17701)
GO:0070373	negative regulation of ERK1 and ERK2 cascade	occurs_in(EMAPA:17701)
GO:0007274	neuromuscular synaptic transmission	occurs_in(EMAPA:17701)
GO:0003682	chromatin binding	occurs_in(EMAPA:17701)
GO:0002086	diaphragm contraction	occurs_in(EMAPA:17701)
GO:0016079	synaptic vesicle exocytosis	occurs_in(EMAPA:17701)
GO:0006936	muscle contraction	occurs_in(EMAPA:17701)
GO:0005980	glycogen catabolic process	occurs_in(EMAPA:17701)
GO:0002063	chondrocyte development	occurs_in(EMAPA:17713
GO:0032330	regulation of chondrocyte differentiation	occurs_in(EMAPA:17713
GO:0003413	chondrocyte differentiation involved in endochondral bone morphogenesis	occurs_in(EMAPA:17713)
GO:0002062	chondrocyte differentiation	occurs_in(EMAPA:17742
GO:0002062	chondrocyte differentiation	occurs_in(EMAPA:17742
GO:0032330	regulation of chondrocyte differentiation	occurs_in(EMAPA:17742
GO:0008045	motor neuron axon guidance	occurs_in(EMAPA:17743
GO:0014904	myotube cell development	occurs_in(EMAPA:17743)
GO:0002070	epithelial cell maturation	occurs_in(EMAPA:17751
GO:0007028	cytoplasm organization	occurs_in(EMAPA:17751
GO:0032496	response to lipopolysaccharide	occurs_in(EMAPA:17751)
GO:0030010	establishment of cell polarity	occurs_in(EMAPA:17755
GO:0050679	positive regulation of epithelial cell proliferation	occurs_in(EMAPA:17755)
GO:0008543	fibroblast growth factor receptor signaling pathway	occurs_in(EMAPA:17756
GO:0033598	mammary gland epithelial cell proliferation	occurs_in(EMAPA:17759
GO:0043627	response to estrogen	occurs_in(EMAPA:17759
GO:0060644	mammary gland epithelial cell differentiation	occurs_in(EMAPA:17759
GO:0033598	mammary gland epithelial cell proliferation	occurs_in(EMAPA:17759
GO:0030899	calcium-dependent ATPase activity	occurs_in(EMAPA:17759
GO:0008283	cell proliferation	occurs_in(EMAPA:17759
GO:0030857	negative regulation of epithelial cell differentiation	occurs_in(EMAPA:17759
GO:0003677	DNA binding	occurs_in(EMAPA:17759
GO:0003682	chromatin binding	occurs_in(EMAPA:17759
GO:0043065	positive regulation of apoptotic process	occurs_in(EMAPA:17759)
GO:0006878	cellular copper ion homeostasis	occurs_in(EMAPA:17759)
GO:0005515	protein binding	occurs_in(EMAPA:17759)
GO:0000165	MAPK cascade	occurs_in(EMAPA:17759)
GO:0060070	canonical Wnt signaling pathway	occurs_in(EMAPA:17759)
GO:0060649	mammary gland bud elongation	occurs_in(EMAPA:17759)
GO:0006508	proteolysis	occurs_in(EMAPA:17759)
GO:0046339	diacylglycerol metabolic process	occurs_in(EMAPA:17759)
GO:0006641	triglyceride metabolic process	occurs_in(EMAPA:17759)
GO:0006816	calcium ion transport	occurs_in(EMAPA:17759)
GO:0016055	Wnt signaling pathway	occurs_in(EMAPA:17760
GO:0060644	mammary gland epithelial cell differentiation	occurs_in(EMAPA:17760
GO:0033598	mammary gland epithelial cell proliferation	occurs_in(EMAPA:17760
GO:0002071	glandular epithelial cell maturation	occurs_in(EMAPA:17760
GO:0030857	negative regulation of epithelial cell differentiation	occurs_in(EMAPA:17760
GO:0006825	copper ion transport	occurs_in(EMAPA:17760
GO:0003831	beta-N-acetylglucosaminylglycopeptide beta-1,4-galactosyltransferase activity	occurs_in(EMAPA:17760
GO:0048863	stem cell differentiation	occurs_in(EMAPA:17760
GO:0002070	epithelial cell maturation	occurs_in(EMAPA:17760
GO:0002070	epithelial cell maturation	occurs_in(EMAPA:17760
GO:0035019	somatic stem cell population maintenance	occurs_in(EMAPA:17760)
GO:0045165	cell fate commitment	occurs_in(EMAPA:17760)
GO:0002053	positive regulation of mesenchymal cell proliferation	occurs_in(EMAPA:17761)
GO:0001764	neuron migration	occurs_in(EMAPA:17778
GO:0021889	olfactory bulb interneuron differentiation	occurs_in(EMAPA:17778
GO:0021831	embryonic olfactory bulb interneuron precursor migration	occurs_in(EMAPA:17778
GO:0007409	axonogenesis	occurs_in(EMAPA:17778
GO:0007413	axonal fasciculation	occurs_in(EMAPA:17778)
GO:0021831	embryonic olfactory bulb interneuron precursor migration	occurs_in(EMAPA:17778)
GO:0021831	embryonic olfactory bulb interneuron precursor migration	occurs_in(EMAPA:17778)
GO:0021846	cell proliferation in forebrain	occurs_in(EMAPA:17778)
GO:0031175	neuron projection development	occurs_in(EMAPA:17787
GO:0021933	radial glia guided migration of cerebellar granule cell	occurs_in(EMAPA:17787
GO:0010001	glial cell differentiation	occurs_in(EMAPA:17787
GO:0005245	voltage-gated calcium channel activity	occurs_in(EMAPA:17787
GO:0005245	voltage-gated calcium channel activity	occurs_in(EMAPA:17787
GO:0008331	high voltage-gated calcium channel activity	occurs_in(EMAPA:17787
GO:0048468	cell development	occurs_in(EMAPA:17787
GO:0007005	mitochondrion organization	occurs_in(EMAPA:17787
GO:0005313	L-glutamate transmembrane transporter activity	occurs_in(EMAPA:17787
GO:0031175	neuron projection development	occurs_in(EMAPA:17787
GO:0060020	Bergmann glial cell differentiation	occurs_in(EMAPA:17787
GO:0048667	cell morphogenesis involved in neuron differentiation	occurs_in(EMAPA:17787
GO:0021938	smoothened signaling pathway involved in regulation of cerebellar granule cell precursor cell proliferation	occurs_in(EMAPA:17787
GO:0021938	smoothened signaling pathway involved in regulation of cerebellar granule cell precursor cell proliferation	occurs_in(EMAPA:17787
GO:0005245	voltage-gated calcium channel activity	occurs_in(EMAPA:17787
GO:0006816	calcium ion transport	occurs_in(EMAPA:17787
GO:0043525	positive regulation of neuron apoptotic process	occurs_in(EMAPA:17787
GO:0061024	membrane organization	occurs_in(EMAPA:17787
GO:0006878	cellular copper ion homeostasis	occurs_in(EMAPA:17787
GO:0043524	negative regulation of neuron apoptotic process	occurs_in(EMAPA:17787
GO:0043524	negative regulation of neuron apoptotic process	occurs_in(EMAPA:17787
GO:0000226	microtubule cytoskeleton organization	occurs_in(EMAPA:17787
GO:0007269	neurotransmitter secretion	occurs_in(EMAPA:17787
GO:0021955	central nervous system neuron axonogenesis	occurs_in(EMAPA:17787
GO:0021955	central nervous system neuron axonogenesis	occurs_in(EMAPA:17787
GO:0048708	astrocyte differentiation	occurs_in(EMAPA:17787
GO:0019904	protein domain specific binding	occurs_in(EMAPA:17787
GO:0006281	DNA repair	occurs_in(EMAPA:17787
GO:0048813	dendrite morphogenesis	occurs_in(EMAPA:17787
GO:0007040	lysosome organization	occurs_in(EMAPA:17787
GO:0006508	proteolysis	occurs_in(EMAPA:17787
GO:0019915	lipid storage	occurs_in(EMAPA:17787
GO:0008331	high voltage-gated calcium channel activity	occurs_in(EMAPA:17787
GO:0042445	hormone metabolic process	occurs_in(EMAPA:17787
GO:0051899	membrane depolarization	occurs_in(EMAPA:17787
GO:0048812	neuron projection morphogenesis	occurs_in(EMAPA:17787
GO:0016197	endosomal transport	occurs_in(EMAPA:17787
GO:0042392	sphingosine-1-phosphate phosphatase activity	occurs_in(EMAPA:17787
GO:0021707	cerebellar granule cell differentiation	occurs_in(EMAPA:17787
GO:0008233	peptidase activity	occurs_in(EMAPA:17787
GO:0007409	axonogenesis	occurs_in(EMAPA:17787
GO:0008347	glial cell migration	occurs_in(EMAPA:17787
GO:0030644	cellular chloride ion homeostasis	occurs_in(EMAPA:17787
GO:0043525	positive regulation of neuron apoptotic process	occurs_in(EMAPA:17787
GO:0010043	response to zinc ion	occurs_in(EMAPA:17787
GO:0001764	neuron migration	occurs_in(EMAPA:17787
GO:0006874	cellular calcium ion homeostasis	occurs_in(EMAPA:17787
GO:0021938	smoothened signaling pathway involved in regulation of cerebellar granule cell precursor cell proliferation	occurs_in(EMAPA:17787
GO:0007416	synapse assembly	occurs_in(EMAPA:17787
GO:0042133	neurotransmitter metabolic process	occurs_in(EMAPA:17787
GO:0042133	neurotransmitter metabolic process	occurs_in(EMAPA:17787
GO:0016485	protein processing	occurs_in(EMAPA:17787
GO:0007005	mitochondrion organization	occurs_in(EMAPA:17787
GO:0061024	membrane organization	occurs_in(EMAPA:17787
GO:0033198	response to ATP	occurs_in(EMAPA:17787
GO:0004972	NMDA glutamate receptor activity	occurs_in(EMAPA:17787
GO:0001764	neuron migration	occurs_in(EMAPA:17787
GO:0001764	neuron migration	occurs_in(EMAPA:17787
GO:0001764	neuron migration	occurs_in(EMAPA:17787
GO:0035235	ionotropic glutamate receptor signaling pathway	occurs_in(EMAPA:17787
GO:0006468	protein phosphorylation	occurs_in(EMAPA:17787
GO:0051592	response to calcium ion	occurs_in(EMAPA:17787
GO:0021702	cerebellar Purkinje cell differentiation	occurs_in(EMAPA:17787
GO:0015813	L-glutamate transport	occurs_in(EMAPA:17787
GO:0031175	neuron projection development	occurs_in(EMAPA:17787
GO:0001764	neuron migration	occurs_in(EMAPA:17787
GO:0048813	dendrite morphogenesis	occurs_in(EMAPA:17787
GO:0060079	excitatory postsynaptic potential	occurs_in(EMAPA:17787
GO:0007040	lysosome organization	occurs_in(EMAPA:17787
GO:0016236	macroautophagy	occurs_in(EMAPA:17787
GO:0008283	cell proliferation	occurs_in(EMAPA:17787
GO:0008283	cell proliferation	occurs_in(EMAPA:17787
GO:0005515	protein binding	occurs_in(EMAPA:17787)
GO:0007040	lysosome organization	occurs_in(EMAPA:17787)
GO:0008654	phospholipid biosynthetic process	occurs_in(EMAPA:17787)
GO:0006879	cellular iron ion homeostasis	occurs_in(EMAPA:17787)
GO:0021702	cerebellar Purkinje cell differentiation	occurs_in(EMAPA:17787)
GO:0003917	DNA topoisomerase type I activity	occurs_in(EMAPA:17787)
GO:0021942	radial glia guided migration of Purkinje cell	occurs_in(EMAPA:17787)
GO:0021549	cerebellum development	occurs_in(EMAPA:17787)
GO:0006744	ubiquinone biosynthetic process	occurs_in(EMAPA:17787)
GO:0021930	cerebellar granule cell precursor proliferation	occurs_in(EMAPA:17787)
GO:0043524	negative regulation of neuron apoptotic process	occurs_in(EMAPA:17787)
GO:1903053	regulation of extracellular matrix organization	occurs_in(EMAPA:17787)
GO:0048589	developmental growth	occurs_in(EMAPA:17787)
GO:0015811	L-cystine transport	occurs_in(EMAPA:17787)
GO:0048589	developmental growth	occurs_in(EMAPA:17787)
GO:0035249	synaptic transmission, glutamatergic	occurs_in(EMAPA:17787)
GO:0060074	synapse maturation	occurs_in(EMAPA:17787)
GO:0006882	cellular zinc ion homeostasis	occurs_in(EMAPA:17787)
GO:0060020	Bergmann glial cell differentiation	occurs_in(EMAPA:17787)
GO:0015184	L-cystine transmembrane transporter activity	occurs_in(EMAPA:17787)
GO:0007389	pattern specification process	occurs_in(EMAPA:17787)
GO:0001568	blood vessel development	occurs_in(EMAPA:17787)
GO:0035265	organ growth	occurs_in(EMAPA:17787)
GO:0046068	cGMP metabolic process	occurs_in(EMAPA:17787)
GO:0097352	autophagosome maturation	occurs_in(EMAPA:17787)
GO:0030350	iron-responsive element binding	occurs_in(EMAPA:17787)
GO:0036289	peptidyl-serine autophosphorylation	occurs_in(EMAPA:17787)
GO:0042941	D-alanine transport	occurs_in(EMAPA:17787)
GO:0042133	neurotransmitter metabolic process	occurs_in(EMAPA:17787)
GO:0043652	engulfment of apoptotic cell	occurs_in(EMAPA:17787)
GO:0043652	engulfment of apoptotic cell	occurs_in(EMAPA:17787)
GO:0006120	mitochondrial electron transport, NADH to ubiquinone	occurs_in(EMAPA:17787)
GO:0000096	sulfur amino acid metabolic process	occurs_in(EMAPA:17787)
GO:0005245	voltage-gated calcium channel activity	occurs_in(EMAPA:17787)
GO:0007040	lysosome organization	occurs_in(EMAPA:17787)
GO:0006809	nitric oxide biosynthetic process	occurs_in(EMAPA:17787)
GO:0004558	alpha-1,4-glucosidase activity	occurs_in(EMAPA:17787)
GO:0007411	axon guidance	occurs_in(EMAPA:17787)
GO:0006879	cellular iron ion homeostasis	occurs_in(EMAPA:17787)
GO:0042942	D-serine transport	occurs_in(EMAPA:17787)
GO:0021589	cerebellum structural organization	occurs_in(EMAPA:17787)
GO:1902742	apoptotic process involved in development	occurs_in(EMAPA:17787)
GO:0042415	norepinephrine metabolic process	occurs_in(EMAPA:17787)
GO:0042417	dopamine metabolic process	occurs_in(EMAPA:17787)
GO:0060271	cilium assembly	occurs_in(EMAPA:17787)
GO:0030859	polarized epithelial cell differentiation	occurs_in(EMAPA:17795)
GO:0031103	axon regeneration	occurs_in(EMAPA:17796)
GO:0043524	negative regulation of neuron apoptotic process	occurs_in(EMAPA:17796)
GO:0001774	microglial cell activation	occurs_in(EMAPA:17796)
GO:0045214	sarcomere organization	occurs_in(EMAPA:17805)
GO:0008331	high voltage-gated calcium channel activity	occurs_in(EMAPA:17813
GO:0048936	peripheral nervous system neuron axonogenesis	occurs_in(EMAPA:17813
GO:0008045	motor neuron axon guidance	occurs_in(EMAPA:17813
GO:0060052	neurofilament cytoskeleton organization	occurs_in(EMAPA:17813
GO:0007274	neuromuscular synaptic transmission	occurs_in(EMAPA:17813)
GO:0060088	auditory receptor cell stereocilium organization	occurs_in(EMAPA:17815
GO:0001568	blood vessel development	occurs_in(EMAPA:17828)
GO:0003382	epithelial cell morphogenesis	occurs_in(EMAPA:17834
GO:0003682	chromatin binding	occurs_in(EMAPA:17838
GO:0003682	chromatin binding	occurs_in(EMAPA:17838
GO:0003682	chromatin binding	occurs_in(EMAPA:17838
GO:0048468	cell development	occurs_in(EMAPA:17838
GO:0000122	negative regulation of transcription from RNA polymerase II promoter	occurs_in(EMAPA:17838)
GO:0034605	cellular response to heat	occurs_in(EMAPA:17838)
GO:0030154	cell differentiation	occurs_in(EMAPA:17838)
GO:0004602	glutathione peroxidase activity	occurs_in(EMAPA:17838)
GO:0043565	sequence-specific DNA binding	occurs_in(EMAPA:17838)
GO:0035265	organ growth	occurs_in(EMAPA:17838)
GO:0033169	histone H3-K9 demethylation	occurs_in(EMAPA:17838)
GO:0050680	negative regulation of epithelial cell proliferation	occurs_in(EMAPA:17839)
GO:0050680	negative regulation of epithelial cell proliferation	occurs_in(EMAPA:17840)
GO:0048468	cell development	occurs_in(EMAPA:17841
GO:0030154	cell differentiation	occurs_in(EMAPA:17841
GO:0043565	sequence-specific DNA binding	occurs_in(EMAPA:17841
GO:0045597	positive regulation of cell differentiation	occurs_in(EMAPA:17841
GO:0016477	cell migration	occurs_in(EMAPA:17841
GO:0070307	lens fiber cell development	occurs_in(EMAPA:17841)
GO:0005515	protein binding	occurs_in(EMAPA:17841)
GO:0045597	positive regulation of cell differentiation	occurs_in(EMAPA:17841)
GO:0048469	cell maturation	occurs_in(EMAPA:17841)
GO:0045104	intermediate filament cytoskeleton organization	occurs_in(EMAPA:17841)
GO:0005212	structural constituent of eye lens	occurs_in(EMAPA:17841)
GO:0070306	lens fiber cell differentiation	occurs_in(EMAPA:17841)
GO:0031290	retinal ganglion cell axon guidance	occurs_in(EMAPA:17846
GO:0000226	microtubule cytoskeleton organization	occurs_in(EMAPA:17846
GO:0016199	axon midline choice point recognition	occurs_in(EMAPA:17846
GO:0016198	axon choice point recognition	occurs_in(EMAPA:17846
GO:0048710	regulation of astrocyte differentiation	occurs_in(EMAPA:17846
GO:0001502	cartilage condensation	occurs_in(EMAPA:17852)
GO:0001568	blood vessel development	occurs_in(EMAPA:17856)
GO:0051145	smooth muscle cell differentiation	occurs_in(EMAPA:17858
GO:1903053	regulation of extracellular matrix organization	occurs_in(EMAPA:17869)
GO:0030199	collagen fibril organization	occurs_in(EMAPA:17869)
GO:0030198	extracellular matrix organization	occurs_in(EMAPA:17869)
GO:0030199	collagen fibril organization	occurs_in(EMAPA:17869)
GO:0030198	extracellular matrix organization	occurs_in(EMAPA:17869)
GO:0061037	negative regulation of cartilage development	occurs_in(EMAPA:17871)
GO:1990134	epithelial cell apoptotic process involved in palatal shelf morphogenesis	occurs_in(EMAPA:17881
GO:0009913	epidermal cell differentiation	occurs_in(EMAPA:17881)
GO:0060385	axonogenesis involved in innervation	occurs_in(EMAPA:17883)
GO:0014902	myotube differentiation	occurs_in(EMAPA:17883)
GO:0060071	Wnt signaling pathway, planar cell polarity pathway	occurs_in(EMAPA:17888
GO:0072148	epithelial cell fate commitment	occurs_in(EMAPA:17891
GO:0061525	hindgut development	occurs_in(EMAPA:17898)
GO:0001502	cartilage condensation	occurs_in(EMAPA:17907)
GO:0014032	neural crest cell development	occurs_in(EMAPA:17907)
GO:0007224	smoothened signaling pathway	occurs_in(EMAPA:17910)
GO:0060561	apoptotic process involved in morphogenesis	occurs_in(EMAPA:17917
GO:0070166	enamel mineralization	occurs_in(EMAPA:17917)
GO:0007389	pattern specification process	occurs_in(EMAPA:17917)
GO:0030855	epithelial cell differentiation	occurs_in(EMAPA:17918
GO:0030316	osteoclast differentiation	occurs_in(EMAPA:17918
GO:0070166	enamel mineralization	occurs_in(EMAPA:17918)
GO:0045596	negative regulation of cell differentiation	occurs_in(EMAPA:17919
GO:0045597	positive regulation of cell differentiation	occurs_in(EMAPA:17919
GO:0030509	BMP signaling pathway	occurs_in(EMAPA:17919
GO:0003382	epithelial cell morphogenesis	occurs_in(EMAPA:17919
GO:0007389	pattern specification process	occurs_in(EMAPA:17919)
GO:0048589	developmental growth	occurs_in(EMAPA:17921)
GO:0046847	filopodium assembly	occurs_in(EMAPA:17922
GO:0003382	epithelial cell morphogenesis	occurs_in(EMAPA:17922
GO:0001502	cartilage condensation	occurs_in(EMAPA:17928)
GO:0009880	embryonic pattern specification	occurs_in(EMAPA:17928)
GO:0007389	pattern specification process	occurs_in(EMAPA:17928)
GO:0043065	positive regulation of apoptotic process	occurs_in(EMAPA:17930
GO:0043065	positive regulation of apoptotic process	occurs_in(EMAPA:17930
GO:0001570	vasculogenesis	occurs_in(EMAPA:17930)
GO:0001974	blood vessel remodeling	occurs_in(EMAPA:17930)
GO:0001649	osteoblast differentiation	occurs_in(EMAPA:17930)
GO:0001649	osteoblast differentiation	occurs_in(EMAPA:17930)
GO:0043065	positive regulation of apoptotic process	occurs_in(EMAPA:17930)
GO:0016477	cell migration	occurs_in(EMAPA:17931
GO:1990134	epithelial cell apoptotic process involved in palatal shelf morphogenesis	occurs_in(EMAPA:17931
GO:0010481	epidermal cell division	occurs_in(EMAPA:17931)
GO:0045597	positive regulation of cell differentiation	occurs_in(EMAPA:17932
GO:0060560	developmental growth involved in morphogenesis	occurs_in(EMAPA:17932)
GO:0060021	palate development	occurs_in(EMAPA:17934)
GO:0050679	positive regulation of epithelial cell proliferation	occurs_in(EMAPA:17935)
GO:0007050	cell cycle arrest	occurs_in(EMAPA:17936
GO:0097190	apoptotic signaling pathway	occurs_in(EMAPA:17936
GO:0002053	positive regulation of mesenchymal cell proliferation	occurs_in(EMAPA:17936)
GO:0010463	mesenchymal cell proliferation	occurs_in(EMAPA:17936)
GO:0060561	apoptotic process involved in morphogenesis	occurs_in(EMAPA:17938
GO:0070166	enamel mineralization	occurs_in(EMAPA:17938)
GO:0070166	enamel mineralization	occurs_in(EMAPA:17939)
GO:0003382	epithelial cell morphogenesis	occurs_in(EMAPA:17940
GO:0003382	epithelial cell morphogenesis	occurs_in(EMAPA:17943
GO:0048659	smooth muscle cell proliferation	occurs_in(EMAPA:17948
GO:0051145	smooth muscle cell differentiation	occurs_in(EMAPA:17948
GO:0030432	peristalsis	occurs_in(EMAPA:17948)
GO:0051145	smooth muscle cell differentiation	occurs_in(EMAPA:17950
GO:0048659	smooth muscle cell proliferation	occurs_in(EMAPA:17950
GO:0072193	ureter smooth muscle cell differentiation	occurs_in(EMAPA:17950
GO:0007224	smoothened signaling pathway	occurs_in(EMAPA:17950)
GO:0030432	peristalsis	occurs_in(EMAPA:17950)
GO:0050673	epithelial cell proliferation	occurs_in(EMAPA:17952
GO:0072307	regulation of metanephric nephron tubule epithelial cell differentiation	occurs_in(EMAPA:17953
GO:0048599	oocyte development	occurs_in(EMAPA:17962
GO:0042138	meiotic DNA double-strand break formation	occurs_in(EMAPA:17962
GO:0048599	oocyte development	occurs_in(EMAPA:17962
GO:0007131	reciprocal meiotic recombination	occurs_in(EMAPA:17962
GO:0033315	meiotic DNA replication checkpoint	occurs_in(EMAPA:17962
GO:0007066	female meiosis sister chromatid cohesion	occurs_in(EMAPA:17962
GO:0010032	meiotic chromosome condensation	occurs_in(EMAPA:17962
GO:0042771	intrinsic apoptotic signaling pathway in response to DNA damage by p53 class mediator	occurs_in(EMAPA:17962
GO:0007281	germ cell development	occurs_in(EMAPA:17962
GO:0003684	damaged DNA binding	occurs_in(EMAPA:17962
GO:0060070	canonical Wnt signaling pathway	occurs_in(EMAPA:17962
GO:0007130	synaptonemal complex assembly	occurs_in(EMAPA:17962
GO:0007129	synapsis	occurs_in(EMAPA:17962
GO:0097211	cellular response to gonadotropin-releasing hormone	occurs_in(EMAPA:17962
GO:0007281	germ cell development	occurs_in(EMAPA:17962)
GO:0001570	vasculogenesis	occurs_in(EMAPA:17962)
GO:0007144	female meiosis I	occurs_in(EMAPA:17962)
GO:0004114	3',5'-cyclic-nucleotide phosphodiesterase activity	occurs_in(EMAPA:17962)
GO:0003700	transcription factor activity, sequence-specific DNA binding	occurs_in(EMAPA:17962)
GO:0048477	oogenesis	occurs_in(EMAPA:17962)
GO:0045597	positive regulation of cell differentiation	occurs_in(EMAPA:17962)
GO:0006709	progesterone catabolic process	occurs_in(EMAPA:17962)
GO:0004000	adenosine deaminase activity	occurs_in(EMAPA:17962)
GO:0006154	adenosine catabolic process	occurs_in(EMAPA:17962)
GO:0046103	inosine biosynthetic process	occurs_in(EMAPA:17962)
GO:0004364	glutathione transferase activity	occurs_in(EMAPA:17962)
GO:0004364	glutathione transferase activity	occurs_in(EMAPA:17962)
GO:0001556	oocyte maturation	occurs_in(EMAPA:17962)
GO:0046068	cGMP metabolic process	occurs_in(EMAPA:17962)
GO:0004022	alcohol dehydrogenase (NAD) activity	occurs_in(EMAPA:17962)
GO:0008406	gonad development	occurs_in(EMAPA:17962)
GO:0006709	progesterone catabolic process	occurs_in(EMAPA:17962)
GO:0005515	protein binding	occurs_in(EMAPA:17962)
GO:0010468	regulation of gene expression	occurs_in(EMAPA:17962)
GO:0006067	ethanol metabolic process	occurs_in(EMAPA:17962)
GO:0007129	synapsis	occurs_in(EMAPA:17965
GO:0048599	oocyte development	occurs_in(EMAPA:17965
GO:0001556	oocyte maturation	occurs_in(EMAPA:17965
GO:0007144	female meiosis I	occurs_in(EMAPA:17965
GO:0048762	mesenchymal cell differentiation	occurs_in(EMAPA:17968
GO:0007141	male meiosis I	occurs_in(EMAPA:17972
GO:0007140	male meiosis	occurs_in(EMAPA:17972
GO:0008047	enzyme activator activity	occurs_in(EMAPA:17972
GO:0008047	enzyme activator activity	occurs_in(EMAPA:17972
GO:0030154	cell differentiation	occurs_in(EMAPA:17972
GO:0005515	protein binding	occurs_in(EMAPA:17972
GO:0010992	ubiquitin homeostasis	occurs_in(EMAPA:17972
GO:0003917	DNA topoisomerase type I activity	occurs_in(EMAPA:17972
GO:0003917	DNA topoisomerase type I activity	occurs_in(EMAPA:17972
GO:0007130	synaptonemal complex assembly	occurs_in(EMAPA:17972
GO:0007286	spermatid development	occurs_in(EMAPA:17972
GO:0030154	cell differentiation	occurs_in(EMAPA:17972
GO:0007286	spermatid development	occurs_in(EMAPA:17972
GO:0009826	unidimensional cell growth	occurs_in(EMAPA:17972
GO:0008283	cell proliferation	occurs_in(EMAPA:17972
GO:0008283	cell proliferation	occurs_in(EMAPA:17972
GO:0007288	sperm axoneme assembly	occurs_in(EMAPA:17972
GO:0003729	mRNA binding	occurs_in(EMAPA:17972
GO:0003729	mRNA binding	occurs_in(EMAPA:17972
GO:0003729	mRNA binding	occurs_in(EMAPA:17972
GO:0003729	mRNA binding	occurs_in(EMAPA:17972
GO:0060009	Sertoli cell development	occurs_in(EMAPA:17972
GO:0051567	histone H3-K9 methylation	occurs_in(EMAPA:17972
GO:0033327	Leydig cell differentiation	occurs_in(EMAPA:17972
GO:0032403	protein complex binding	occurs_in(EMAPA:17972
GO:0006687	glycosphingolipid metabolic process	occurs_in(EMAPA:17972
GO:0030154	cell differentiation	occurs_in(EMAPA:17972
GO:0003918	DNA topoisomerase type II (ATP-hydrolyzing) activity	occurs_in(EMAPA:17972
GO:0003918	DNA topoisomerase type II (ATP-hydrolyzing) activity	occurs_in(EMAPA:17972
GO:1905198	manchette assembly	occurs_in(EMAPA:17972
GO:0051729	germline cell cycle switching, mitotic to meiotic cell cycle	occurs_in(EMAPA:17972
GO:0006997	nucleus organization	occurs_in(EMAPA:17972
GO:0061620	glycolytic process through glucose-6-phosphate	occurs_in(EMAPA:17972
GO:0019237	centromeric DNA binding	occurs_in(EMAPA:17972
GO:0008211	glucocorticoid metabolic process	occurs_in(EMAPA:17972
GO:0008211	glucocorticoid metabolic process	occurs_in(EMAPA:17972
GO:0044255	cellular lipid metabolic process	occurs_in(EMAPA:17972
GO:0044255	cellular lipid metabolic process	occurs_in(EMAPA:17972
GO:0048515	spermatid differentiation	occurs_in(EMAPA:17972
GO:0007141	male meiosis I	occurs_in(EMAPA:17972
GO:0007288	sperm axoneme assembly	occurs_in(EMAPA:17972
GO:0048255	mRNA stabilization	occurs_in(EMAPA:17972
GO:0043065	positive regulation of apoptotic process	occurs_in(EMAPA:17972
GO:0060271	cilium assembly	occurs_in(EMAPA:17972
GO:0007286	spermatid development	occurs_in(EMAPA:17972
GO:0006281	DNA repair	occurs_in(EMAPA:17972
GO:0042073	intraciliary transport	occurs_in(EMAPA:17972
GO:1990953	intramanchette transport	occurs_in(EMAPA:17972
GO:0051026	chiasma assembly	occurs_in(EMAPA:17972
GO:0007281	germ cell development	occurs_in(EMAPA:17972
GO:0004963	follicle-stimulating hormone receptor activity	occurs_in(EMAPA:17972
GO:0000122	negative regulation of transcription from RNA polymerase II promoter	occurs_in(EMAPA:17972
GO:0007130	synaptonemal complex assembly	occurs_in(EMAPA:17972
GO:0007291	sperm individualization	occurs_in(EMAPA:17972
GO:0007141	male meiosis I	occurs_in(EMAPA:17972
GO:0003723	RNA binding	occurs_in(EMAPA:17972
GO:0003723	RNA binding	occurs_in(EMAPA:17972
GO:0007281	germ cell development	occurs_in(EMAPA:17972)
GO:0007286	spermatid development	occurs_in(EMAPA:17972)
GO:0048589	developmental growth	occurs_in(EMAPA:17972)
GO:0060008	Sertoli cell differentiation	occurs_in(EMAPA:17972)
GO:0004619	phosphoglycerate mutase activity	occurs_in(EMAPA:17972)
GO:0030261	chromosome condensation	occurs_in(EMAPA:17972)
GO:0003682	chromatin binding	occurs_in(EMAPA:17972)
GO:0071300	cellular response to retinoic acid	occurs_in(EMAPA:17972)
GO:0004347	glucose-6-phosphate isomerase activity	occurs_in(EMAPA:17972)
GO:0000122	negative regulation of transcription from RNA polymerase II promoter	occurs_in(EMAPA:17972)
GO:0006511	ubiquitin-dependent protein catabolic process	occurs_in(EMAPA:17972)
GO:0006508	proteolysis	occurs_in(EMAPA:17972)
GO:0001675	acrosome assembly	occurs_in(EMAPA:17972)
GO:0010468	regulation of gene expression	occurs_in(EMAPA:17972)
GO:0006833	water transport	occurs_in(EMAPA:17972)
GO:0035234	ectopic germ cell programmed cell death	occurs_in(EMAPA:17972)
GO:0033169	histone H3-K9 demethylation	occurs_in(EMAPA:17972)
GO:0006878	cellular copper ion homeostasis	occurs_in(EMAPA:17972)
GO:0048137	spermatocyte division	occurs_in(EMAPA:17972)
GO:0004674	protein serine/threonine kinase activity	occurs_in(EMAPA:17972)
GO:0045597	positive regulation of cell differentiation	occurs_in(EMAPA:17972)
GO:0048240	sperm capacitation	occurs_in(EMAPA:17972)
GO:0007283	spermatogenesis	occurs_in(EMAPA:17972)
GO:0006687	glycosphingolipid metabolic process	occurs_in(EMAPA:17972)
GO:0035265	organ growth	occurs_in(EMAPA:17972)
GO:0048589	developmental growth	occurs_in(EMAPA:17972)
GO:0030317	flagellated sperm motility	occurs_in(EMAPA:17972)
GO:0004180	carboxypeptidase activity	occurs_in(EMAPA:17972)
GO:0005515	protein binding	occurs_in(EMAPA:17972)
GO:0007140	male meiosis	occurs_in(EMAPA:17972)
GO:0070717	poly-purine tract binding	occurs_in(EMAPA:17972)
GO:0043065	positive regulation of apoptotic process	occurs_in(EMAPA:17972)
GO:0034464	BBSome	occurs_in(EMAPA:17972)
GO:0033327	Leydig cell differentiation	occurs_in(EMAPA:17972)
GO:0030259	lipid glycosylation	occurs_in(EMAPA:17972)
GO:0002176	male germ cell proliferation	occurs_in(EMAPA:17972)
GO:0006878	cellular copper ion homeostasis	occurs_in(EMAPA:17972)
GO:0050129	N-formylglutamate deformylase activity	occurs_in(EMAPA:17972)
GO:0042542	response to hydrogen peroxide	occurs_in(EMAPA:17972)
GO:0036002	pre-mRNA binding	occurs_in(EMAPA:17972)
GO:0008406	gonad development	occurs_in(EMAPA:17972)
GO:0071456	cellular response to hypoxia	occurs_in(EMAPA:17972)
GO:0060765	regulation of androgen receptor signaling pathway	occurs_in(EMAPA:17972)
GO:0007283	spermatogenesis	occurs_in(EMAPA:17972)
GO:0007283	spermatogenesis	occurs_in(EMAPA:17972)
GO:0007283	spermatogenesis	occurs_in(EMAPA:17972)
GO:0007283	spermatogenesis	occurs_in(EMAPA:17972)
GO:0035265	organ growth	occurs_in(EMAPA:17972)
GO:0033327	Leydig cell differentiation	occurs_in(EMAPA:17975
GO:0007281	germ cell development	occurs_in(EMAPA:17975
GO:0060441	epithelial tube branching involved in lung morphogenesis	occurs_in(EMAPA:17982)
GO:0060441	epithelial tube branching involved in lung morphogenesis	occurs_in(EMAPA:17987)
GO:0070371	ERK1 and ERK2 cascade	occurs_in(EMAPA:17988)
GO:0060441	epithelial tube branching involved in lung morphogenesis	occurs_in(EMAPA:17992)
GO:0007006	mitochondrial membrane organization	occurs_in(EMAPA:17998
GO:0007006	mitochondrial membrane organization	occurs_in(EMAPA:17998
GO:0007006	mitochondrial membrane organization	occurs_in(EMAPA:17998
GO:0060441	epithelial tube branching involved in lung morphogenesis	occurs_in(EMAPA:17998)
GO:0002063	chondrocyte development	occurs_in(EMAPA:18010)
GO:0001958	endochondral ossification	occurs_in(EMAPA:18010)
GO:0030199	collagen fibril organization	occurs_in(EMAPA:18010)
GO:0007389	pattern specification process	occurs_in(EMAPA:18025)
GO:0030154	cell differentiation	occurs_in(EMAPA:18044
GO:0030199	collagen fibril organization	occurs_in(EMAPA:18051)
GO:0010467	gene expression	occurs_in(EMAPA:18051)
GO:0048469	cell maturation	occurs_in(EMAPA:18155
GO:0051146	striated muscle cell differentiation	occurs_in(EMAPA:18167
GO:0007409	axonogenesis	occurs_in(EMAPA:18206
GO:0007413	axonal fasciculation	occurs_in(EMAPA:18206)
GO:0000096	sulfur amino acid metabolic process	occurs_in(EMAPA:18207)
GO:0031702	type 1 angiotensin receptor binding	occurs_in(EMAPA:18207)
GO:0001764	neuron migration	occurs_in(EMAPA:18212
GO:0021523	somatic motor neuron differentiation	occurs_in(EMAPA:18218
GO:0007040	lysosome organization	occurs_in(EMAPA:18233
GO:0030154	cell differentiation	occurs_in(EMAPA:18233
GO:0007040	lysosome organization	occurs_in(EMAPA:18233
GO:0045409	negative regulation of interleukin-6 biosynthetic process	occurs_in(EMAPA:18233)
GO:0006833	water transport	occurs_in(EMAPA:18233)
GO:0007040	lysosome organization	occurs_in(EMAPA:18234)
GO:0051145	smooth muscle cell differentiation	occurs_in(EMAPA:18248
GO:0045597	positive regulation of cell differentiation	occurs_in(EMAPA:18248)
GO:0043029	T cell homeostasis	occurs_in(EMAPA:18248)
GO:0031883	taste receptor binding	occurs_in(EMAPA:18271
GO:0005515	protein binding	occurs_in(EMAPA:18271
GO:0007224	smoothened signaling pathway	occurs_in(EMAPA:18272)
GO:0014032	neural crest cell development	occurs_in(EMAPA:18283)
GO:0030316	osteoclast differentiation	occurs_in(EMAPA:18290
GO:0014032	neural crest cell development	occurs_in(EMAPA:18290)
GO:0007389	pattern specification process	occurs_in(EMAPA:18290)
GO:0030855	epithelial cell differentiation	occurs_in(EMAPA:18293
GO:0035019	somatic stem cell population maintenance	occurs_in(EMAPA:18293)
GO:0030855	epithelial cell differentiation	occurs_in(EMAPA:18299
GO:0007389	pattern specification process	occurs_in(EMAPA:18306)
GO:0006816	calcium ion transport	occurs_in(EMAPA:18321
GO:0006874	cellular calcium ion homeostasis	occurs_in(EMAPA:18321
GO:0060084	synaptic transmission involved in micturition	occurs_in(EMAPA:18321)
GO:0004000	adenosine deaminase activity	occurs_in(EMAPA:18321)
GO:0006154	adenosine catabolic process	occurs_in(EMAPA:18321)
GO:0046103	inosine biosynthetic process	occurs_in(EMAPA:18321)
GO:0030198	extracellular matrix organization	occurs_in(EMAPA:18321)
GO:0043065	positive regulation of apoptotic process	occurs_in(EMAPA:18323)
GO:0060070	canonical Wnt signaling pathway	occurs_in(EMAPA:18326
GO:0051145	smooth muscle cell differentiation	occurs_in(EMAPA:18326
GO:0051145	smooth muscle cell differentiation	occurs_in(EMAPA:18326
GO:0001649	osteoblast differentiation	occurs_in(EMAPA:18344
GO:0001649	osteoblast differentiation	occurs_in(EMAPA:18344
GO:0002062	chondrocyte differentiation	occurs_in(EMAPA:18344
GO:0043931	ossification involved in bone maturation	occurs_in(EMAPA:18344)
GO:0001958	endochondral ossification	occurs_in(EMAPA:18344)
GO:0001958	endochondral ossification	occurs_in(EMAPA:18344)
GO:0007389	pattern specification process	occurs_in(EMAPA:18344)
GO:0006904	vesicle docking involved in exocytosis	occurs_in(EMAPA:18426
GO:0050432	catecholamine secretion	occurs_in(EMAPA:18426
GO:0006887	exocytosis	occurs_in(EMAPA:18426
GO:0016050	vesicle organization	occurs_in(EMAPA:18426
GO:0061104	adrenal chromaffin cell differentiation	occurs_in(EMAPA:18426
GO:0004115	3',5'-cyclic-AMP phosphodiesterase activity	occurs_in(EMAPA:18426)
GO:0006709	progesterone catabolic process	occurs_in(EMAPA:18426)
GO:0019722	calcium-mediated signaling	occurs_in(EMAPA:18426)
GO:0004000	adenosine deaminase activity	occurs_in(EMAPA:18426)
GO:0006154	adenosine catabolic process	occurs_in(EMAPA:18426)
GO:0046103	inosine biosynthetic process	occurs_in(EMAPA:18426)
GO:0006584	catecholamine metabolic process	occurs_in(EMAPA:18426)
GO:0042415	norepinephrine metabolic process	occurs_in(EMAPA:18426)
GO:0048242	epinephrine secretion	occurs_in(EMAPA:18426)
GO:0048468	cell development	occurs_in(EMAPA:18427
GO:0008211	glucocorticoid metabolic process	occurs_in(EMAPA:18427
GO:0044255	cellular lipid metabolic process	occurs_in(EMAPA:18427
GO:0007006	mitochondrial membrane organization	occurs_in(EMAPA:18427
GO:0007006	mitochondrial membrane organization	occurs_in(EMAPA:18427
GO:0007006	mitochondrial membrane organization	occurs_in(EMAPA:18427
GO:0007006	mitochondrial membrane organization	occurs_in(EMAPA:18427
GO:0007006	mitochondrial membrane organization	occurs_in(EMAPA:18427
GO:0007006	mitochondrial membrane organization	occurs_in(EMAPA:18427
GO:0045499	chemorepellent activity	occurs_in(EMAPA:18438
GO:0051402	neuron apoptotic process	occurs_in(EMAPA:18438
GO:0045499	chemorepellent activity	occurs_in(EMAPA:18438
GO:0043525	positive regulation of neuron apoptotic process	occurs_in(EMAPA:18438
GO:0042551	neuron maturation	occurs_in(EMAPA:18439
GO:0042551	neuron maturation	occurs_in(EMAPA:18439
GO:0043524	negative regulation of neuron apoptotic process	occurs_in(EMAPA:18439)
GO:0033198	response to ATP	occurs_in(EMAPA:18441
GO:0001764	neuron migration	occurs_in(EMAPA:18441
GO:0043524	negative regulation of neuron apoptotic process	occurs_in(EMAPA:18441
GO:0051402	neuron apoptotic process	occurs_in(EMAPA:18441
GO:0043525	positive regulation of neuron apoptotic process	occurs_in(EMAPA:18441
GO:0048666	neuron development	occurs_in(EMAPA:18441
GO:0001508	action potential	occurs_in(EMAPA:18441
GO:0005229	intracellular calcium activated chloride channel activity	occurs_in(EMAPA:18444
GO:0006821	chloride transport	occurs_in(EMAPA:18444
GO:0032331	negative regulation of chondrocyte differentiation	occurs_in(EMAPA:18468
GO:0060070	canonical Wnt signaling pathway	occurs_in(EMAPA:18468
GO:0043473	pigmentation	occurs_in(EMAPA:18504)
GO:0048469	cell maturation	occurs_in(EMAPA:18513
GO:0001649	osteoblast differentiation	occurs_in(EMAPA:18514
GO:0051450	myoblast proliferation	occurs_in(EMAPA:18521
GO:0045165	cell fate commitment	occurs_in(EMAPA:18535)
GO:0005267	potassium channel activity	occurs_in(EMAPA:18537
GO:0060072	large conductance calcium-activated potassium channel activity	occurs_in(EMAPA:18537
GO:0015269	calcium-activated potassium channel activity	occurs_in(EMAPA:18537
GO:0036394	amylase secretion	occurs_in(EMAPA:18537)
GO:0097110	scaffold protein binding	occurs_in(EMAPA:18537)
GO:0008179	adenylate cyclase binding	occurs_in(EMAPA:18537)
GO:0001764	neuron migration	occurs_in(EMAPA:18574
GO:0001764	neuron migration	occurs_in(EMAPA:18574
GO:0030182	neuron differentiation	occurs_in(EMAPA:18574
GO:0043524	negative regulation of neuron apoptotic process	occurs_in(EMAPA:18575
GO:0032528	microvillus organization	occurs_in(EMAPA:18577
GO:0060052	neurofilament cytoskeleton organization	occurs_in(EMAPA:18577
GO:0031102	neuron projection regeneration	occurs_in(EMAPA:18577
GO:0060052	neurofilament cytoskeleton organization	occurs_in(EMAPA:18577
GO:0007040	lysosome organization	occurs_in(EMAPA:18577
GO:0048936	peripheral nervous system neuron axonogenesis	occurs_in(EMAPA:18577
GO:0005515	protein binding	occurs_in(EMAPA:18577
GO:0048666	neuron development	occurs_in(EMAPA:18577
GO:0008088	axo-dendritic transport	occurs_in(EMAPA:18577
GO:0030030	cell projection organization	occurs_in(EMAPA:18577
GO:0008134	transcription factor binding	occurs_in(EMAPA:18577
GO:0008134	transcription factor binding	occurs_in(EMAPA:18577
GO:0014044	Schwann cell development	occurs_in(EMAPA:18577
GO:0007040	lysosome organization	occurs_in(EMAPA:18577
GO:0031643	positive regulation of myelination	occurs_in(EMAPA:18577)
GO:0007040	lysosome organization	occurs_in(EMAPA:18577)
GO:0018105	peptidyl-serine phosphorylation	occurs_in(EMAPA:18577)
GO:0032287	peripheral nervous system myelin maintenance	occurs_in(EMAPA:18577)
GO:0070584	mitochondrion morphogenesis	occurs_in(EMAPA:18577)
GO:0043491	protein kinase B signaling	occurs_in(EMAPA:18577)
GO:0030198	extracellular matrix organization	occurs_in(EMAPA:18577)
GO:0042552	myelination	occurs_in(EMAPA:18577)
GO:0045162	clustering of voltage-gated sodium channels	occurs_in(EMAPA:18577)
GO:0032288	myelin assembly	occurs_in(EMAPA:18577)
GO:0022011	myelination in peripheral nervous system	occurs_in(EMAPA:18577)
GO:0007040	lysosome organization	occurs_in(EMAPA:18577)
GO:0086080	protein binding involved in heterotypic cell-cell adhesion	occurs_in(EMAPA:18577)
GO:0014032	neural crest cell development	occurs_in(EMAPA:18583)
GO:0014032	neural crest cell development	occurs_in(EMAPA:18584)
GO:0008474	palmitoyl-(protein) hydrolase activity	occurs_in(EMAPA:18590
GO:0008347	glial cell migration	occurs_in(EMAPA:18590
GO:0030154	cell differentiation	occurs_in(EMAPA:18590
GO:0030154	cell differentiation	occurs_in(EMAPA:18590
GO:0004720	protein-lysine 6-oxidase activity	occurs_in(EMAPA:18601
GO:0048469	cell maturation	occurs_in(EMAPA:18601
GO:0018205	peptidyl-lysine modification	occurs_in(EMAPA:18601
GO:0001568	blood vessel development	occurs_in(EMAPA:18601)
GO:0030199	collagen fibril organization	occurs_in(EMAPA:18601)
GO:0001568	blood vessel development	occurs_in(EMAPA:18601)
GO:0048251	elastic fiber assembly	occurs_in(EMAPA:18601)
GO:0014824	artery smooth muscle contraction	occurs_in(EMAPA:18601)
GO:0034405	response to fluid shear stress	occurs_in(EMAPA:18601)
GO:0001998	angiotensin-mediated vasoconstriction involved in regulation of systemic arterial blood pressure	occurs_in(EMAPA:18601)
GO:0030199	collagen fibril organization	occurs_in(EMAPA:18601)
GO:0030198	extracellular matrix organization	occurs_in(EMAPA:18601)
GO:0072592	oxygen metabolic process	occurs_in(EMAPA:18601)
GO:0042554	superoxide anion generation	occurs_in(EMAPA:18601)
GO:0014032	neural crest cell development	occurs_in(EMAPA:18601)
GO:0048251	elastic fiber assembly	occurs_in(EMAPA:18601)
GO:0001569	branching involved in blood vessel morphogenesis	occurs_in(EMAPA:18602)
GO:0001568	blood vessel development	occurs_in(EMAPA:18602)
GO:0001568	blood vessel development	occurs_in(EMAPA:18602)
GO:0030198	extracellular matrix organization	occurs_in(EMAPA:18602)
GO:0008134	transcription factor binding	occurs_in(EMAPA:18603
GO:0014909	smooth muscle cell migration	occurs_in(EMAPA:18603
GO:0001666	response to hypoxia	occurs_in(EMAPA:18603
GO:0043491	protein kinase B signaling	occurs_in(EMAPA:18609)
GO:0050900	leukocyte migration	occurs_in(EMAPA:18609)
GO:0060087	relaxation of vascular smooth muscle	occurs_in(EMAPA:18609)
GO:0006812	cation transport	occurs_in(EMAPA:18613
GO:0051899	membrane depolarization	occurs_in(EMAPA:18613
GO:0006874	cellular calcium ion homeostasis	occurs_in(EMAPA:18613
GO:0001568	blood vessel development	occurs_in(EMAPA:18613)
GO:0030218	erythrocyte differentiation	occurs_in(EMAPA:18621)
GO:0007389	pattern specification process	occurs_in(EMAPA:18628)
GO:0016477	cell migration	occurs_in(EMAPA:18628)
GO:0098609	cell-cell adhesion	occurs_in(EMAPA:18628)
GO:0003682	chromatin binding	occurs_in(EMAPA:18631
GO:0003682	chromatin binding	occurs_in(EMAPA:18631
GO:0003682	chromatin binding	occurs_in(EMAPA:18631
GO:0003682	chromatin binding	occurs_in(EMAPA:18631
GO:0003682	chromatin binding	occurs_in(EMAPA:18631
GO:0003682	chromatin binding	occurs_in(EMAPA:18631
GO:0003682	chromatin binding	occurs_in(EMAPA:18631
GO:0003682	chromatin binding	occurs_in(EMAPA:18631
GO:0003682	chromatin binding	occurs_in(EMAPA:18631
GO:0003682	chromatin binding	occurs_in(EMAPA:18631
GO:0003682	chromatin binding	occurs_in(EMAPA:18631
GO:0003682	chromatin binding	occurs_in(EMAPA:18631
GO:0003682	chromatin binding	occurs_in(EMAPA:18631
GO:0003682	chromatin binding	occurs_in(EMAPA:18631
GO:0003682	chromatin binding	occurs_in(EMAPA:18631
GO:0003682	chromatin binding	occurs_in(EMAPA:18631
GO:0003682	chromatin binding	occurs_in(EMAPA:18631
GO:0003682	chromatin binding	occurs_in(EMAPA:18631
GO:0003682	chromatin binding	occurs_in(EMAPA:18631
GO:0003682	chromatin binding	occurs_in(EMAPA:18631
GO:0003682	chromatin binding	occurs_in(EMAPA:18631
GO:0006486	protein glycosylation	occurs_in(EMAPA:18631
GO:0001764	neuron migration	occurs_in(EMAPA:18631)
GO:0005515	protein binding	occurs_in(EMAPA:18631)
GO:0014003	oligodendrocyte development	occurs_in(EMAPA:18632
GO:0001569	branching involved in blood vessel morphogenesis	occurs_in(EMAPA:18645)
GO:0001077	transcriptional activator activity, RNA polymerase II core promoter proximal region sequence-specific binding	occurs_in(EMAPA:18659
GO:0072148	epithelial cell fate commitment	occurs_in(EMAPA:18666
GO:0046101	hypoxanthine biosynthetic process	occurs_in(EMAPA:18666)
GO:0004602	glutathione peroxidase activity	occurs_in(EMAPA:18666)
GO:0004602	glutathione peroxidase activity	occurs_in(EMAPA:18666)
GO:0006154	adenosine catabolic process	occurs_in(EMAPA:18666)
GO:0046103	inosine biosynthetic process	occurs_in(EMAPA:18666)
GO:0006157	deoxyadenosine catabolic process	occurs_in(EMAPA:18666)
GO:0046111	xanthine biosynthetic process	occurs_in(EMAPA:18666)
GO:0006154	adenosine catabolic process	occurs_in(EMAPA:18682)
GO:0007286	spermatid development	occurs_in(EMAPA:18686
GO:0007281	germ cell development	occurs_in(EMAPA:18686
GO:0010189	vitamin E biosynthetic process	occurs_in(EMAPA:18686)
GO:0034599	cellular response to oxidative stress	occurs_in(EMAPA:18686)
GO:0007286	spermatid development	occurs_in(EMAPA:18686)
GO:0030855	epithelial cell differentiation	occurs_in(EMAPA:18692
GO:0050673	epithelial cell proliferation	occurs_in(EMAPA:18692
GO:0014032	neural crest cell development	occurs_in(EMAPA:18706)
GO:0007389	pattern specification process	occurs_in(EMAPA:18706)
GO:0048103	somatic stem cell division	occurs_in(EMAPA:18765
GO:0016485	protein processing	occurs_in(EMAPA:18767
GO:0043375	CD8-positive, alpha-beta T cell lineage commitment	occurs_in(EMAPA:18767
GO:0033198	response to ATP	occurs_in(EMAPA:18767
GO:0030183	B cell differentiation	occurs_in(EMAPA:18767
GO:0008047	enzyme activator activity	occurs_in(EMAPA:18767
GO:0008047	enzyme activator activity	occurs_in(EMAPA:18767
GO:0006816	calcium ion transport	occurs_in(EMAPA:18767
GO:0046931	pore complex assembly	occurs_in(EMAPA:18767
GO:0000723	telomere maintenance	occurs_in(EMAPA:18767
GO:0090118	receptor-mediated endocytosis involved in cholesterol transport	occurs_in(EMAPA:18767
GO:0002360	T cell lineage commitment	occurs_in(EMAPA:18767
GO:0007569	cell aging	occurs_in(EMAPA:18767
GO:0007569	cell aging	occurs_in(EMAPA:18767
GO:0010332	response to gamma radiation	occurs_in(EMAPA:18767
GO:0010332	response to gamma radiation	occurs_in(EMAPA:18767
GO:0016049	cell growth	occurs_in(EMAPA:18767
GO:0045648	positive regulation of erythrocyte differentiation	occurs_in(EMAPA:18767
GO:0006650	glycerophospholipid metabolic process	occurs_in(EMAPA:18767
GO:0006509	membrane protein ectodomain proteolysis	occurs_in(EMAPA:18767
GO:0009101	glycoprotein biosynthetic process	occurs_in(EMAPA:18767
GO:0045647	negative regulation of erythrocyte differentiation	occurs_in(EMAPA:18767
GO:0050900	leukocyte migration	occurs_in(EMAPA:18767
GO:0043372	positive regulation of CD4-positive, alpha-beta T cell differentiation	occurs_in(EMAPA:18767
GO:0045190	isotype switching	occurs_in(EMAPA:18767
GO:0045596	negative regulation of cell differentiation	occurs_in(EMAPA:18767
GO:0042278	purine nucleoside metabolic process	occurs_in(EMAPA:18767
GO:0048469	cell maturation	occurs_in(EMAPA:18767
GO:0042008	interleukin-18 receptor activity	occurs_in(EMAPA:18767
GO:0030183	B cell differentiation	occurs_in(EMAPA:18767
GO:0071609	chemokine (C-C motif) ligand 5 production	occurs_in(EMAPA:18767
GO:0002326	B cell lineage commitment	occurs_in(EMAPA:18767
GO:0002314	germinal center B cell differentiation	occurs_in(EMAPA:18767
GO:0002377	immunoglobulin production	occurs_in(EMAPA:18767
GO:0030217	T cell differentiation	occurs_in(EMAPA:18767
GO:0045578	negative regulation of B cell differentiation	occurs_in(EMAPA:18767
GO:0016447	somatic recombination of immunoglobulin gene segments	occurs_in(EMAPA:18767
GO:0030217	T cell differentiation	occurs_in(EMAPA:18767
GO:0030217	T cell differentiation	occurs_in(EMAPA:18767
GO:0002380	immunoglobulin secretion involved in immune response	occurs_in(EMAPA:18767
GO:0043374	CD8-positive, alpha-beta T cell differentiation	occurs_in(EMAPA:18767
GO:0070970	interleukin-2 secretion	occurs_in(EMAPA:18767
GO:0006649	phospholipid transfer to membrane	occurs_in(EMAPA:18767
GO:0042098	T cell proliferation	occurs_in(EMAPA:18767
GO:0097191	extrinsic apoptotic signaling pathway	occurs_in(EMAPA:18767
GO:0002360	T cell lineage commitment	occurs_in(EMAPA:18767
GO:0001783	B cell apoptotic process	occurs_in(EMAPA:18767
GO:0004731	purine-nucleoside phosphorylase activity	occurs_in(EMAPA:18767
GO:0042278	purine nucleoside metabolic process	occurs_in(EMAPA:18767
GO:0045579	positive regulation of B cell differentiation	occurs_in(EMAPA:18767
GO:0001779	natural killer cell differentiation	occurs_in(EMAPA:18767
GO:0000723	telomere maintenance	occurs_in(EMAPA:18767
GO:0002317	plasma cell differentiation	occurs_in(EMAPA:18767
GO:0042100	B cell proliferation	occurs_in(EMAPA:18767
GO:0043249	erythrocyte maturation	occurs_in(EMAPA:18767
GO:0043249	erythrocyte maturation	occurs_in(EMAPA:18767
GO:0048469	cell maturation	occurs_in(EMAPA:18767
GO:0048821	erythrocyte development	occurs_in(EMAPA:18767
GO:0045579	positive regulation of B cell differentiation	occurs_in(EMAPA:18767
GO:0003682	chromatin binding	occurs_in(EMAPA:18767
GO:0002335	mature B cell differentiation	occurs_in(EMAPA:18767
GO:0050900	leukocyte migration	occurs_in(EMAPA:18767
GO:0012501	programmed cell death	occurs_in(EMAPA:18767
GO:0048469	cell maturation	occurs_in(EMAPA:18767
GO:0004883	glucocorticoid receptor activity	occurs_in(EMAPA:18767
GO:0008283	cell proliferation	occurs_in(EMAPA:18767
GO:0004731	purine-nucleoside phosphorylase activity	occurs_in(EMAPA:18767
GO:0001779	natural killer cell differentiation	occurs_in(EMAPA:18767
GO:0046638	positive regulation of alpha-beta T cell differentiation	occurs_in(EMAPA:18767
GO:0002322	B cell proliferation involved in immune response	occurs_in(EMAPA:18767)
GO:0006154	adenosine catabolic process	occurs_in(EMAPA:18767)
GO:0046103	inosine biosynthetic process	occurs_in(EMAPA:18767)
GO:0003831	beta-N-acetylglucosaminylglycopeptide beta-1,4-galactosyltransferase activity	occurs_in(EMAPA:18767)
GO:0007040	lysosome organization	occurs_in(EMAPA:18767)
GO:0006879	cellular iron ion homeostasis	occurs_in(EMAPA:18767)
GO:0070237	positive regulation of activation-induced cell death of T cells	occurs_in(EMAPA:18767)
GO:0050900	leukocyte migration	occurs_in(EMAPA:18767)
GO:0048589	developmental growth	occurs_in(EMAPA:18767)
GO:0030206	chondroitin sulfate biosynthetic process	occurs_in(EMAPA:18767)
GO:0002322	B cell proliferation involved in immune response	occurs_in(EMAPA:18767)
GO:0002333	transitional one stage B cell differentiation	occurs_in(EMAPA:18767)
GO:0006157	deoxyadenosine catabolic process	occurs_in(EMAPA:18767)
GO:0046061	dATP catabolic process	occurs_in(EMAPA:18767)
GO:0004347	glucose-6-phosphate isomerase activity	occurs_in(EMAPA:18767)
GO:0045619	regulation of lymphocyte differentiation	occurs_in(EMAPA:18767)
GO:0055072	iron ion homeostasis	occurs_in(EMAPA:18767)
GO:0006281	DNA repair	occurs_in(EMAPA:18767)
GO:0042981	regulation of apoptotic process	occurs_in(EMAPA:18767)
GO:2000516	positive regulation of CD4-positive, alpha-beta T cell activation	occurs_in(EMAPA:18767)
GO:2001187	positive regulation of CD8-positive, alpha-beta T cell activation	occurs_in(EMAPA:18767)
GO:0032609	interferon-gamma production	occurs_in(EMAPA:18767)
GO:0001865	NK T cell differentiation	occurs_in(EMAPA:18767)
GO:0004563	beta-N-acetylhexosaminidase activity	occurs_in(EMAPA:18767)
GO:0006878	cellular copper ion homeostasis	occurs_in(EMAPA:18767)
GO:0006878	cellular copper ion homeostasis	occurs_in(EMAPA:18767)
GO:0050798	activated T cell proliferation	occurs_in(EMAPA:18767)
GO:0050853	B cell receptor signaling pathway	occurs_in(EMAPA:18767)
GO:0004000	adenosine deaminase activity	occurs_in(EMAPA:18767)
GO:0004457	lactate dehydrogenase activity	occurs_in(EMAPA:18767)
GO:0002358	B cell homeostatic proliferation	occurs_in(EMAPA:18767)
GO:0004563	beta-N-acetylhexosaminidase activity	occurs_in(EMAPA:18767)
GO:0071222	cellular response to lipopolysaccharide	occurs_in(EMAPA:18767)
GO:0004000	adenosine deaminase activity	occurs_in(EMAPA:18767)
GO:0006154	adenosine catabolic process	occurs_in(EMAPA:18767)
GO:0046103	inosine biosynthetic process	occurs_in(EMAPA:18767)
GO:0004347	glucose-6-phosphate isomerase activity	occurs_in(EMAPA:18767)
GO:0043374	CD8-positive, alpha-beta T cell differentiation	occurs_in(EMAPA:18767)
GO:0030219	megakaryocyte differentiation	occurs_in(EMAPA:18767)
GO:0004563	beta-N-acetylhexosaminidase activity	occurs_in(EMAPA:18767)
GO:0004363	glutathione synthase activity	occurs_in(EMAPA:18767)
GO:0030217	T cell differentiation	occurs_in(EMAPA:18767)
GO:0030098	lymphocyte differentiation	occurs_in(EMAPA:18767)
GO:0002327	immature B cell differentiation	occurs_in(EMAPA:18767)
GO:0007368	determination of left/right symmetry	occurs_in(EMAPA:18767)
GO:0006622	protein targeting to lysosome	occurs_in(EMAPA:18767)
GO:0050698	proteoglycan sulfotransferase activity	occurs_in(EMAPA:18767)
GO:0042100	B cell proliferation	occurs_in(EMAPA:18767)
GO:0004000	adenosine deaminase activity	occurs_in(EMAPA:18767)
GO:0004807	triose-phosphate isomerase activity	occurs_in(EMAPA:18767)
GO:0004563	beta-N-acetylhexosaminidase activity	occurs_in(EMAPA:18767)
GO:0032633	interleukin-4 production	occurs_in(EMAPA:18767)
GO:0030099	myeloid cell differentiation	occurs_in(EMAPA:18767)
GO:0006878	cellular copper ion homeostasis	occurs_in(EMAPA:18767)
GO:0006154	adenosine catabolic process	occurs_in(EMAPA:18767)
GO:0006154	adenosine catabolic process	occurs_in(EMAPA:18767)
GO:0006154	adenosine catabolic process	occurs_in(EMAPA:18767)
GO:0006154	adenosine catabolic process	occurs_in(EMAPA:18767)
GO:0006157	deoxyadenosine catabolic process	occurs_in(EMAPA:18767)
GO:0046103	inosine biosynthetic process	occurs_in(EMAPA:18767)
GO:0007040	lysosome organization	occurs_in(EMAPA:18767)
GO:0042102	positive regulation of T cell proliferation	occurs_in(EMAPA:18767)
GO:0042130	negative regulation of T cell proliferation	occurs_in(EMAPA:18767)
GO:2000563	positive regulation of CD4-positive, alpha-beta T cell proliferation	occurs_in(EMAPA:18767)
GO:0004558	alpha-1,4-glucosidase activity	occurs_in(EMAPA:18767)
GO:0001782	B cell homeostasis	occurs_in(EMAPA:18767)
GO:0004074	biliverdin reductase activity	occurs_in(EMAPA:18767)
GO:0050663	cytokine secretion	occurs_in(EMAPA:18767)
GO:0004000	adenosine deaminase activity	occurs_in(EMAPA:18767)
GO:0046061	dATP catabolic process	occurs_in(EMAPA:18767)
GO:0004731	purine-nucleoside phosphorylase activity	occurs_in(EMAPA:18767)
GO:0042278	purine nucleoside metabolic process	occurs_in(EMAPA:18767)
GO:0002521	leukocyte differentiation	occurs_in(EMAPA:18767)
GO:0004558	alpha-1,4-glucosidase activity	occurs_in(EMAPA:18767)
GO:0035855	megakaryocyte development	occurs_in(EMAPA:18767)
GO:0006915	apoptotic process	occurs_in(EMAPA:18768
GO:0006915	apoptotic process	occurs_in(EMAPA:18768
GO:0033077	T cell differentiation in thymus	occurs_in(EMAPA:18768
GO:0043375	CD8-positive, alpha-beta T cell lineage commitment	occurs_in(EMAPA:18768
GO:0010468	regulation of gene expression	occurs_in(EMAPA:18768
GO:0050900	leukocyte migration	occurs_in(EMAPA:18768
GO:0043374	CD8-positive, alpha-beta T cell differentiation	occurs_in(EMAPA:18768
GO:0016049	cell growth	occurs_in(EMAPA:18768
GO:0033089	positive regulation of T cell differentiation in thymus	occurs_in(EMAPA:18768
GO:0045648	positive regulation of erythrocyte differentiation	occurs_in(EMAPA:18768
GO:0010468	regulation of gene expression	occurs_in(EMAPA:18768
GO:0045588	positive regulation of gamma-delta T cell differentiation	occurs_in(EMAPA:18768
GO:0045580	regulation of T cell differentiation	occurs_in(EMAPA:18768
GO:0035556	intracellular signal transduction	occurs_in(EMAPA:18768
GO:0097192	extrinsic apoptotic signaling pathway in absence of ligand	occurs_in(EMAPA:18768
GO:0046632	alpha-beta T cell differentiation	occurs_in(EMAPA:18768
GO:0046638	positive regulation of alpha-beta T cell differentiation	occurs_in(EMAPA:18768
GO:0042098	T cell proliferation	occurs_in(EMAPA:18768
GO:0008630	intrinsic apoptotic signaling pathway in response to DNA damage	occurs_in(EMAPA:18768
GO:0002326	B cell lineage commitment	occurs_in(EMAPA:18768
GO:0002360	T cell lineage commitment	occurs_in(EMAPA:18768
GO:0030217	T cell differentiation	occurs_in(EMAPA:18768
GO:0004871	signal transducer activity	occurs_in(EMAPA:18768
GO:0045578	negative regulation of B cell differentiation	occurs_in(EMAPA:18768
GO:0043374	CD8-positive, alpha-beta T cell differentiation	occurs_in(EMAPA:18768
GO:0045582	positive regulation of T cell differentiation	occurs_in(EMAPA:18768
GO:0045582	positive regulation of T cell differentiation	occurs_in(EMAPA:18768
GO:0001779	natural killer cell differentiation	occurs_in(EMAPA:18768
GO:0006915	apoptotic process	occurs_in(EMAPA:18768
GO:0030217	T cell differentiation	occurs_in(EMAPA:18768
GO:0045066	regulatory T cell differentiation	occurs_in(EMAPA:18768
GO:0002360	T cell lineage commitment	occurs_in(EMAPA:18768
GO:0043367	CD4-positive, alpha-beta T cell differentiation	occurs_in(EMAPA:18768
GO:0007166	cell surface receptor signaling pathway	occurs_in(EMAPA:18768
GO:0033077	T cell differentiation in thymus	occurs_in(EMAPA:18768
GO:0042743	hydrogen peroxide metabolic process	occurs_in(EMAPA:18768
GO:0007091	metaphase/anaphase transition of mitotic cell cycle	occurs_in(EMAPA:18768
GO:0033081	regulation of T cell differentiation in thymus	occurs_in(EMAPA:18768
GO:0045582	positive regulation of T cell differentiation	occurs_in(EMAPA:18768
GO:0046070	dGTP metabolic process	occurs_in(EMAPA:18768
GO:0007223	Wnt signaling pathway, calcium modulating pathway	occurs_in(EMAPA:18768
GO:0000122	negative regulation of transcription from RNA polymerase II promoter	occurs_in(EMAPA:18768
GO:0004883	glucocorticoid receptor activity	occurs_in(EMAPA:18768
GO:0046638	positive regulation of alpha-beta T cell differentiation	occurs_in(EMAPA:18768
GO:0033153	T cell receptor V(D)J recombination	occurs_in(EMAPA:18768
GO:0006154	adenosine catabolic process	occurs_in(EMAPA:18768)
GO:0006154	adenosine catabolic process	occurs_in(EMAPA:18768)
GO:0046103	inosine biosynthetic process	occurs_in(EMAPA:18768)
GO:0033153	T cell receptor V(D)J recombination	occurs_in(EMAPA:18768)
GO:0046061	dATP catabolic process	occurs_in(EMAPA:18768)
GO:0033080	immature T cell proliferation in thymus	occurs_in(EMAPA:18768)
GO:0043277	apoptotic cell clearance	occurs_in(EMAPA:18768)
GO:0002365	gamma-delta T cell lineage commitment	occurs_in(EMAPA:18768)
GO:0001776	leukocyte homeostasis	occurs_in(EMAPA:18768)
GO:0001865	NK T cell differentiation	occurs_in(EMAPA:18768)
GO:0004000	adenosine deaminase activity	occurs_in(EMAPA:18768)
GO:0004000	adenosine deaminase activity	occurs_in(EMAPA:18768)
GO:0042278	purine nucleoside metabolic process	occurs_in(EMAPA:18768)
GO:0045581	negative regulation of T cell differentiation	occurs_in(EMAPA:18768)
GO:0004000	adenosine deaminase activity	occurs_in(EMAPA:18768)
GO:0006154	adenosine catabolic process	occurs_in(EMAPA:18768)
GO:0046061	dATP catabolic process	occurs_in(EMAPA:18768)
GO:0046103	inosine biosynthetic process	occurs_in(EMAPA:18768)
GO:0033077	T cell differentiation in thymus	occurs_in(EMAPA:18768)
GO:0043374	CD8-positive, alpha-beta T cell differentiation	occurs_in(EMAPA:18768)
GO:0001865	NK T cell differentiation	occurs_in(EMAPA:18768)
GO:0004000	adenosine deaminase activity	occurs_in(EMAPA:18768)
GO:0006154	adenosine catabolic process	occurs_in(EMAPA:18768)
GO:0004731	purine-nucleoside phosphorylase activity	occurs_in(EMAPA:18768)
GO:0046632	alpha-beta T cell differentiation	occurs_in(EMAPA:18768)
GO:0006154	adenosine catabolic process	occurs_in(EMAPA:18768)
GO:0006154	adenosine catabolic process	occurs_in(EMAPA:18768)
GO:0006154	adenosine catabolic process	occurs_in(EMAPA:18768)
GO:0006157	deoxyadenosine catabolic process	occurs_in(EMAPA:18768)
GO:0046103	inosine biosynthetic process	occurs_in(EMAPA:18768)
GO:0004558	alpha-1,4-glucosidase activity	occurs_in(EMAPA:18768)
GO:0001962	alpha-1,3-galactosyltransferase activity	occurs_in(EMAPA:18768)
GO:0043029	T cell homeostasis	occurs_in(EMAPA:18768)
GO:0004000	adenosine deaminase activity	occurs_in(EMAPA:18768)
GO:0004731	purine-nucleoside phosphorylase activity	occurs_in(EMAPA:18768)
GO:0042278	purine nucleoside metabolic process	occurs_in(EMAPA:18768)
GO:0006688	glycosphingolipid biosynthetic process	occurs_in(EMAPA:18768)
GO:0043473	pigmentation	occurs_in(EMAPA:18769)
GO:0043473	pigmentation	occurs_in(EMAPA:18769)
GO:0035315	hair cell differentiation	occurs_in(EMAPA:18769)
GO:1903232	melanosome assembly	occurs_in(EMAPA:18769)
GO:0000122	negative regulation of transcription from RNA polymerase II promoter	occurs_in(EMAPA:18771
GO:0043616	keratinocyte proliferation	occurs_in(EMAPA:18771
GO:0048753	pigment granule organization	occurs_in(EMAPA:18771
GO:0010468	regulation of gene expression	occurs_in(EMAPA:18771
GO:0003682	chromatin binding	occurs_in(EMAPA:18771
GO:0032438	melanosome organization	occurs_in(EMAPA:18771
GO:0032438	melanosome organization	occurs_in(EMAPA:18771
GO:0045199	maintenance of epithelial cell apical/basal polarity	occurs_in(EMAPA:18771
GO:0030858	positive regulation of epithelial cell differentiation	occurs_in(EMAPA:18771
GO:0030318	melanocyte differentiation	occurs_in(EMAPA:18771
GO:0045944	positive regulation of transcription from RNA polymerase II promoter	occurs_in(EMAPA:18771
GO:0045944	positive regulation of transcription from RNA polymerase II promoter	occurs_in(EMAPA:18771
GO:0030318	melanocyte differentiation	occurs_in(EMAPA:18771
GO:0030216	keratinocyte differentiation	occurs_in(EMAPA:18771)
GO:0071335	hair follicle cell proliferation	occurs_in(EMAPA:18771)
GO:0045109	intermediate filament organization	occurs_in(EMAPA:18771)
GO:0006582	melanin metabolic process	occurs_in(EMAPA:18771)
GO:0045636	positive regulation of melanocyte differentiation	occurs_in(EMAPA:18771)
GO:0090090	negative regulation of canonical Wnt signaling pathway	occurs_in(EMAPA:18771)
GO:0002053	positive regulation of mesenchymal cell proliferation	occurs_in(EMAPA:18771)
GO:1905515	non-motile cilium assembly	occurs_in(EMAPA:18771)
GO:0051886	negative regulation of anagen	occurs_in(EMAPA:18771)
GO:0030154	cell differentiation	occurs_in(EMAPA:18778
GO:0060691	epithelial cell maturation involved in salivary gland development	occurs_in(EMAPA:18812
GO:0015279	store-operated calcium channel activity	occurs_in(EMAPA:18812
GO:0002070	epithelial cell maturation	occurs_in(EMAPA:18812
GO:0033198	response to ATP	occurs_in(EMAPA:18812)
GO:0045602	negative regulation of endothelial cell differentiation	occurs_in(EMAPA:18816
GO:0030182	neuron differentiation	occurs_in(EMAPA:18816
GO:0008283	cell proliferation	occurs_in(EMAPA:18816
GO:0008283	cell proliferation	occurs_in(EMAPA:18816
GO:0010001	glial cell differentiation	occurs_in(EMAPA:18816
GO:0016477	cell migration	occurs_in(EMAPA:18816
GO:0003329	pancreatic PP cell fate commitment	occurs_in(EMAPA:18816
GO:0048469	cell maturation	occurs_in(EMAPA:18816
GO:0030154	cell differentiation	occurs_in(EMAPA:18816
GO:0003323	type B pancreatic cell development	occurs_in(EMAPA:18816
GO:0003326	pancreatic A cell fate commitment	occurs_in(EMAPA:18816
GO:0030154	cell differentiation	occurs_in(EMAPA:18816
GO:0003682	chromatin binding	occurs_in(EMAPA:18816
GO:0003327	type B pancreatic cell fate commitment	occurs_in(EMAPA:18816
GO:0030154	cell differentiation	occurs_in(EMAPA:18816
GO:0030154	cell differentiation	occurs_in(EMAPA:18816
GO:1902072	negative regulation of hypoxia-inducible factor-1alpha signaling pathway	occurs_in(EMAPA:18816)
GO:0003323	type B pancreatic cell development	occurs_in(EMAPA:18816)
GO:0003310	pancreatic A cell differentiation	occurs_in(EMAPA:18816)
GO:0003682	chromatin binding	occurs_in(EMAPA:18816)
GO:0030855	epithelial cell differentiation	occurs_in(EMAPA:18816)
GO:0030073	insulin secretion	occurs_in(EMAPA:18816)
GO:0003309	type B pancreatic cell differentiation	occurs_in(EMAPA:18816)
GO:0009880	embryonic pattern specification	occurs_in(EMAPA:18840)
GO:0060574	intestinal epithelial cell maturation	occurs_in(EMAPA:18852
GO:0060574	intestinal epithelial cell maturation	occurs_in(EMAPA:18852
GO:0060574	intestinal epithelial cell maturation	occurs_in(EMAPA:18852
GO:0030154	cell differentiation	occurs_in(EMAPA:18852
GO:0030154	cell differentiation	occurs_in(EMAPA:18852
GO:0015701	bicarbonate transport	occurs_in(EMAPA:18852)
GO:0016206	catechol O-methyltransferase activity	occurs_in(EMAPA:18852)
GO:0046101	hypoxanthine biosynthetic process	occurs_in(EMAPA:18852)
GO:0006878	cellular copper ion homeostasis	occurs_in(EMAPA:18852)
GO:0004000	adenosine deaminase activity	occurs_in(EMAPA:18852)
GO:0009712	catechol-containing compound metabolic process	occurs_in(EMAPA:18852)
GO:0006154	adenosine catabolic process	occurs_in(EMAPA:18852)
GO:0046103	inosine biosynthetic process	occurs_in(EMAPA:18852)
GO:0006154	adenosine catabolic process	occurs_in(EMAPA:18852)
GO:0046103	inosine biosynthetic process	occurs_in(EMAPA:18852)
GO:0050892	intestinal absorption	occurs_in(EMAPA:18852)
GO:0015677	copper ion import	occurs_in(EMAPA:18852)
GO:0006157	deoxyadenosine catabolic process	occurs_in(EMAPA:18852)
GO:0046111	xanthine biosynthetic process	occurs_in(EMAPA:18852)
GO:0030154	cell differentiation	occurs_in(EMAPA:18889
GO:0007368	determination of left/right symmetry	occurs_in(EMAPA:18889)
GO:0070986	left/right axis specification	occurs_in(EMAPA:18889)
GO:0030857	negative regulation of epithelial cell differentiation	occurs_in(EMAPA:18939
GO:0030182	neuron differentiation	occurs_in(EMAPA:18939
GO:0030858	positive regulation of epithelial cell differentiation	occurs_in(EMAPA:18939
GO:0001755	neural crest cell migration	occurs_in(EMAPA:18939
GO:0000122	negative regulation of transcription from RNA polymerase II promoter	occurs_in(EMAPA:18939
GO:0000122	negative regulation of transcription from RNA polymerase II promoter	occurs_in(EMAPA:18939
GO:0004601	peroxidase activity	occurs_in(EMAPA:18939)
GO:0030432	peristalsis	occurs_in(EMAPA:18939)
GO:0004602	glutathione peroxidase activity	occurs_in(EMAPA:18939)
GO:0004000	adenosine deaminase activity	occurs_in(EMAPA:18939)
GO:0006154	adenosine catabolic process	occurs_in(EMAPA:18939)
GO:0046103	inosine biosynthetic process	occurs_in(EMAPA:18939)
GO:0045198	establishment of epithelial cell apical/basal polarity	occurs_in(EMAPA:18941
GO:0060021	palate development	occurs_in(EMAPA:18948)
GO:0014032	neural crest cell development	occurs_in(EMAPA:18949)
GO:0060271	cilium assembly	occurs_in(EMAPA:18976
GO:1905515	non-motile cilium assembly	occurs_in(EMAPA:18976)
GO:0016477	cell migration	occurs_in(EMAPA:18984
GO:0031514	motile cilium	occurs_in(EMAPA:18984)
GO:0016477	cell migration	occurs_in(EMAPA:18984)
GO:0007040	lysosome organization	occurs_in(EMAPA:18993)
GO:0060783	mesenchymal smoothened signaling pathway involved in prostate gland development	occurs_in(EMAPA:18995
GO:0006833	water transport	occurs_in(EMAPA:19000
GO:0008283	cell proliferation	occurs_in(EMAPA:19001)
GO:0009880	embryonic pattern specification	occurs_in(EMAPA:19019)
GO:0007040	lysosome organization	occurs_in(EMAPA:19027
GO:0007040	lysosome organization	occurs_in(EMAPA:19027
GO:2000516	positive regulation of CD4-positive, alpha-beta T cell activation	occurs_in(EMAPA:19028)
GO:2001187	positive regulation of CD8-positive, alpha-beta T cell activation	occurs_in(EMAPA:19028)
GO:0050698	proteoglycan sulfotransferase activity	occurs_in(EMAPA:19028)
GO:0051024	positive regulation of immunoglobulin secretion	occurs_in(EMAPA:19028)
GO:0048541	Peyer's patch development	occurs_in(EMAPA:19028)
GO:0009880	embryonic pattern specification	occurs_in(EMAPA:19033)
GO:0043525	positive regulation of neuron apoptotic process	occurs_in(EMAPA:19037
GO:0097113	AMPA glutamate receptor clustering	occurs_in(EMAPA:19037
GO:2000178	negative regulation of neural precursor cell proliferation	occurs_in(EMAPA:19037
GO:0021799	cerebral cortex radially oriented cell migration	occurs_in(EMAPA:19037
GO:0043525	positive regulation of neuron apoptotic process	occurs_in(EMAPA:19037
GO:0007405	neuroblast proliferation	occurs_in(EMAPA:19037
GO:0006689	ganglioside catabolic process	occurs_in(EMAPA:19037
GO:0007416	synapse assembly	occurs_in(EMAPA:19037
GO:0044267	cellular protein metabolic process	occurs_in(EMAPA:19037
GO:0044267	cellular protein metabolic process	occurs_in(EMAPA:19037
GO:0019915	lipid storage	occurs_in(EMAPA:19037
GO:0004872	receptor activity	occurs_in(EMAPA:19037
GO:0004972	NMDA glutamate receptor activity	occurs_in(EMAPA:19037
GO:0042391	regulation of membrane potential	occurs_in(EMAPA:19037)
GO:2000179	positive regulation of neural precursor cell proliferation	occurs_in(EMAPA:19037)
GO:0001764	neuron migration	occurs_in(EMAPA:19037)
GO:0043525	positive regulation of neuron apoptotic process	occurs_in(EMAPA:19037)
GO:0021542	dentate gyrus development	occurs_in(EMAPA:19037)
GO:0021873	forebrain neuroblast division	occurs_in(EMAPA:19037)
GO:0021879	forebrain neuron differentiation	occurs_in(EMAPA:19037)
GO:0007613	memory	occurs_in(EMAPA:19037)
GO:0061351	neural precursor cell proliferation	occurs_in(EMAPA:19037)
GO:0001591	dopamine neurotransmitter receptor activity, coupled via Gi/Go	occurs_in(EMAPA:19037)
GO:2000178	negative regulation of neural precursor cell proliferation	occurs_in(EMAPA:19037)
GO:0007224	smoothened signaling pathway	occurs_in(EMAPA:19037)
GO:0021874	Wnt signaling pathway involved in forebrain neuroblast division	occurs_in(EMAPA:19037)
GO:0021846	cell proliferation in forebrain	occurs_in(EMAPA:19037)
GO:0060081	membrane hyperpolarization	occurs_in(EMAPA:19037)
GO:1905515	non-motile cilium assembly	occurs_in(EMAPA:19037)
GO:0014003	oligodendrocyte development	occurs_in(EMAPA:19038
GO:0007411	axon guidance	occurs_in(EMAPA:19038)
GO:0000226	microtubule cytoskeleton organization	occurs_in(EMAPA:19039
GO:0000226	microtubule cytoskeleton organization	occurs_in(EMAPA:19039
GO:0001764	neuron migration	occurs_in(EMAPA:19039
GO:0016358	dendrite development	occurs_in(EMAPA:19039
GO:0043524	negative regulation of neuron apoptotic process	occurs_in(EMAPA:19039
GO:0043524	negative regulation of neuron apoptotic process	occurs_in(EMAPA:19039
GO:0001764	neuron migration	occurs_in(EMAPA:19039
GO:0021799	cerebral cortex radially oriented cell migration	occurs_in(EMAPA:19041
GO:0016188	synaptic vesicle maturation	occurs_in(EMAPA:19045
GO:0048589	developmental growth	occurs_in(EMAPA:19051)
GO:0035265	organ growth	occurs_in(EMAPA:19051)
GO:1905515	non-motile cilium assembly	occurs_in(EMAPA:19061
GO:0060122	inner ear receptor stereocilium organization	occurs_in(EMAPA:19061
GO:0045596	negative regulation of cell differentiation	occurs_in(EMAPA:19061
GO:0045596	negative regulation of cell differentiation	occurs_in(EMAPA:19061
GO:0045198	establishment of epithelial cell apical/basal polarity	occurs_in(EMAPA:19061
GO:0050910	detection of mechanical stimulus involved in sensory perception of sound	occurs_in(EMAPA:19061
GO:0042491	auditory receptor cell differentiation	occurs_in(EMAPA:19061
GO:0045608	negative regulation of auditory receptor cell differentiation	occurs_in(EMAPA:19061
GO:0045608	negative regulation of auditory receptor cell differentiation	occurs_in(EMAPA:19061
GO:0060119	inner ear receptor cell development	occurs_in(EMAPA:19061)
GO:0051661	maintenance of centrosome location	occurs_in(EMAPA:19061)
GO:0001736	establishment of planar polarity	occurs_in(EMAPA:19061)
GO:0007040	lysosome organization	occurs_in(EMAPA:19065
GO:0007040	lysosome organization	occurs_in(EMAPA:19065
GO:0032438	melanosome organization	occurs_in(EMAPA:19077
GO:0032438	melanosome organization	occurs_in(EMAPA:19077
GO:0032438	melanosome organization	occurs_in(EMAPA:19077)
GO:0007409	axonogenesis	occurs_in(EMAPA:19095
GO:0044267	cellular protein metabolic process	occurs_in(EMAPA:19095
GO:0044267	cellular protein metabolic process	occurs_in(EMAPA:19095
GO:0042417	dopamine metabolic process	occurs_in(EMAPA:19095
GO:0022848	acetylcholine-gated cation-selective channel activity	occurs_in(EMAPA:19095)
GO:0042417	dopamine metabolic process	occurs_in(EMAPA:19095)
GO:0001591	dopamine neurotransmitter receptor activity, coupled via Gi/Go	occurs_in(EMAPA:19095)
GO:0022848	acetylcholine-gated cation-selective channel activity	occurs_in(EMAPA:19095)
GO:0022848	acetylcholine-gated cation-selective channel activity	occurs_in(EMAPA:19095)
GO:0042417	dopamine metabolic process	occurs_in(EMAPA:19095)
GO:0032332	positive regulation of chondrocyte differentiation	occurs_in(EMAPA:19103
GO:0001568	blood vessel development	occurs_in(EMAPA:19103)
GO:0048589	developmental growth	occurs_in(EMAPA:19103)
GO:0002063	chondrocyte development	occurs_in(EMAPA:19103)
GO:0032332	positive regulation of chondrocyte differentiation	occurs_in(EMAPA:19104
GO:0048589	developmental growth	occurs_in(EMAPA:19104)
GO:0032332	positive regulation of chondrocyte differentiation	occurs_in(EMAPA:19106
GO:0002063	chondrocyte development	occurs_in(EMAPA:19106)
GO:0001958	endochondral ossification	occurs_in(EMAPA:19106)
GO:0032332	positive regulation of chondrocyte differentiation	occurs_in(EMAPA:19113
GO:0032332	positive regulation of chondrocyte differentiation	occurs_in(EMAPA:19115
GO:0032332	positive regulation of chondrocyte differentiation	occurs_in(EMAPA:19117
GO:0032332	positive regulation of chondrocyte differentiation	occurs_in(EMAPA:19119
GO:0032332	positive regulation of chondrocyte differentiation	occurs_in(EMAPA:19121
GO:0002063	chondrocyte development	occurs_in(EMAPA:19123
GO:0002063	chondrocyte development	occurs_in(EMAPA:19125
GO:0002063	chondrocyte development	occurs_in(EMAPA:19127
GO:0002063	chondrocyte development	occurs_in(EMAPA:19129
GO:0002063	chondrocyte development	occurs_in(EMAPA:19131
GO:0042490	mechanoreceptor differentiation	occurs_in(EMAPA:19141
GO:0048469	cell maturation	occurs_in(EMAPA:19142
GO:0030154	cell differentiation	occurs_in(EMAPA:19142
GO:0002076	osteoblast development	occurs_in(EMAPA:19142
GO:0002062	chondrocyte differentiation	occurs_in(EMAPA:19142
GO:0002062	chondrocyte differentiation	occurs_in(EMAPA:19142
GO:0042127	regulation of cell proliferation	occurs_in(EMAPA:19142)
GO:0030282	bone mineralization	occurs_in(EMAPA:19142)
GO:0030199	collagen fibril organization	occurs_in(EMAPA:19142)
GO:0001958	endochondral ossification	occurs_in(EMAPA:19142)
GO:0002063	chondrocyte development	occurs_in(EMAPA:19142)
GO:0035630	bone mineralization involved in bone maturation	occurs_in(EMAPA:19142)
GO:0002063	chondrocyte development	occurs_in(EMAPA:19142)
GO:0005041	low-density lipoprotein receptor activity	occurs_in(EMAPA:19143
GO:0045667	regulation of osteoblast differentiation	occurs_in(EMAPA:19143
GO:0045670	regulation of osteoclast differentiation	occurs_in(EMAPA:19143
GO:0042953	lipoprotein transport	occurs_in(EMAPA:19143
GO:0033344	cholesterol efflux	occurs_in(EMAPA:19143
GO:0045670	regulation of osteoclast differentiation	occurs_in(EMAPA:19143
GO:0030301	cholesterol transport	occurs_in(EMAPA:19143
GO:0032330	regulation of chondrocyte differentiation	occurs_in(EMAPA:19143
GO:0004000	adenosine deaminase activity	occurs_in(EMAPA:19143)
GO:0006154	adenosine catabolic process	occurs_in(EMAPA:19143)
GO:0046103	inosine biosynthetic process	occurs_in(EMAPA:19143)
GO:0035630	bone mineralization involved in bone maturation	occurs_in(EMAPA:19143)
GO:0002063	chondrocyte development	occurs_in(EMAPA:19143)
GO:0016358	dendrite development	occurs_in(EMAPA:19148
GO:0008654	phospholipid biosynthetic process	occurs_in(EMAPA:19148
GO:0030182	neuron differentiation	occurs_in(EMAPA:19148
GO:0007409	axonogenesis	occurs_in(EMAPA:19148
GO:0008088	axo-dendritic transport	occurs_in(EMAPA:19148
GO:0051645	Golgi localization	occurs_in(EMAPA:19148
GO:0016358	dendrite development	occurs_in(EMAPA:19148
GO:0048675	axon extension	occurs_in(EMAPA:19148
GO:0048812	neuron projection morphogenesis	occurs_in(EMAPA:19148
GO:0009987	cellular process	occurs_in(EMAPA:19148
GO:0021846	cell proliferation in forebrain	occurs_in(EMAPA:19148
GO:0043524	negative regulation of neuron apoptotic process	occurs_in(EMAPA:19148
GO:0047497	mitochondrion transport along microtubule	occurs_in(EMAPA:19148
GO:0048812	neuron projection morphogenesis	occurs_in(EMAPA:19148
GO:0021879	forebrain neuron differentiation	occurs_in(EMAPA:19148
GO:0030010	establishment of cell polarity	occurs_in(EMAPA:19148
GO:0030010	establishment of cell polarity	occurs_in(EMAPA:19148
GO:0000226	microtubule cytoskeleton organization	occurs_in(EMAPA:19148
GO:0061162	establishment of monopolar cell polarity	occurs_in(EMAPA:19148
GO:0030010	establishment of cell polarity	occurs_in(EMAPA:19148
GO:0050910	detection of mechanical stimulus involved in sensory perception of sound	occurs_in(EMAPA:19151
GO:0042491	auditory receptor cell differentiation	occurs_in(EMAPA:19151
GO:0045597	positive regulation of cell differentiation	occurs_in(EMAPA:19151
GO:0050910	detection of mechanical stimulus involved in sensory perception of sound	occurs_in(EMAPA:19151
GO:0050910	detection of mechanical stimulus involved in sensory perception of sound	occurs_in(EMAPA:19151
GO:0008022	protein C-terminus binding	occurs_in(EMAPA:19151
GO:0048469	cell maturation	occurs_in(EMAPA:19151
GO:0048469	cell maturation	occurs_in(EMAPA:19151
GO:0030154	cell differentiation	occurs_in(EMAPA:19151
GO:0030154	cell differentiation	occurs_in(EMAPA:19151
GO:0030154	cell differentiation	occurs_in(EMAPA:19151
GO:0030507	spectrin binding	occurs_in(EMAPA:19151
GO:0042491	auditory receptor cell differentiation	occurs_in(EMAPA:19151
GO:0060071	Wnt signaling pathway, planar cell polarity pathway	occurs_in(EMAPA:19151
GO:0060122	inner ear receptor stereocilium organization	occurs_in(EMAPA:19151
GO:0060088	auditory receptor cell stereocilium organization	occurs_in(EMAPA:19151
GO:0060088	auditory receptor cell stereocilium organization	occurs_in(EMAPA:19151
GO:0050910	detection of mechanical stimulus involved in sensory perception of sound	occurs_in(EMAPA:19151
GO:0060088	auditory receptor cell stereocilium organization	occurs_in(EMAPA:19151
GO:0007015	actin filament organization	occurs_in(EMAPA:19151
GO:0007015	actin filament organization	occurs_in(EMAPA:19151
GO:0050910	detection of mechanical stimulus involved in sensory perception of sound	occurs_in(EMAPA:19151
GO:0050910	detection of mechanical stimulus involved in sensory perception of sound	occurs_in(EMAPA:19151
GO:0030154	cell differentiation	occurs_in(EMAPA:19151
GO:0005267	potassium channel activity	occurs_in(EMAPA:19151
GO:0042491	auditory receptor cell differentiation	occurs_in(EMAPA:19151
GO:0042491	auditory receptor cell differentiation	occurs_in(EMAPA:19151
GO:0060088	auditory receptor cell stereocilium organization	occurs_in(EMAPA:19151
GO:0060113	inner ear receptor cell differentiation	occurs_in(EMAPA:19151
GO:0060088	auditory receptor cell stereocilium organization	occurs_in(EMAPA:19151
GO:0060088	auditory receptor cell stereocilium organization	occurs_in(EMAPA:19151
GO:0005515	protein binding	occurs_in(EMAPA:19151)
GO:0060119	inner ear receptor cell development	occurs_in(EMAPA:19151)
GO:0048532	anatomical structure arrangement	occurs_in(EMAPA:19151)
GO:0060122	inner ear receptor stereocilium organization	occurs_in(EMAPA:19151)
GO:0006996	organelle organization	occurs_in(EMAPA:19151)
GO:0045597	positive regulation of cell differentiation	occurs_in(EMAPA:19151)
GO:0060113	inner ear receptor cell differentiation	occurs_in(EMAPA:19151)
GO:0007040	lysosome organization	occurs_in(EMAPA:19154
GO:0007040	lysosome organization	occurs_in(EMAPA:19154
GO:0030182	neuron differentiation	occurs_in(EMAPA:19155
GO:0030182	neuron differentiation	occurs_in(EMAPA:19155
GO:0030182	neuron differentiation	occurs_in(EMAPA:19155
GO:0060040	retinal bipolar neuron differentiation	occurs_in(EMAPA:19155
GO:0043525	positive regulation of neuron apoptotic process	occurs_in(EMAPA:19155
GO:0045494	photoreceptor cell maintenance	occurs_in(EMAPA:19157)
GO:0060948	cardiac vascular smooth muscle cell development	occurs_in(EMAPA:19160)
GO:0033327	Leydig cell differentiation	occurs_in(EMAPA:19175
GO:0048589	developmental growth	occurs_in(EMAPA:19180)
GO:0035265	organ growth	occurs_in(EMAPA:19180)
GO:0048589	developmental growth	occurs_in(EMAPA:19180)
GO:0071383	cellular response to steroid hormone stimulus	occurs_in(EMAPA:19180)
GO:0051145	smooth muscle cell differentiation	occurs_in(EMAPA:19182
GO:0030199	collagen fibril organization	occurs_in(EMAPA:19182)
GO:0048251	elastic fiber assembly	occurs_in(EMAPA:19182)
GO:0030199	collagen fibril organization	occurs_in(EMAPA:19183)
GO:0048251	elastic fiber assembly	occurs_in(EMAPA:19183)
GO:0051145	smooth muscle cell differentiation	occurs_in(EMAPA:19184
GO:0051145	smooth muscle cell differentiation	occurs_in(EMAPA:19186
GO:0061030	epithelial cell differentiation involved in mammary gland alveolus development	occurs_in(EMAPA:19186)
GO:0051145	smooth muscle cell differentiation	occurs_in(EMAPA:19188
GO:0051145	smooth muscle cell differentiation	occurs_in(EMAPA:19190
GO:0009880	embryonic pattern specification	occurs_in(EMAPA:19202)
GO:0045598	regulation of fat cell differentiation	occurs_in(EMAPA:19209
GO:0098727	maintenance of cell number	occurs_in(EMAPA:19209
GO:0050873	brown fat cell differentiation	occurs_in(EMAPA:19209
GO:0000122	negative regulation of transcription from RNA polymerase II promoter	occurs_in(EMAPA:19209)
GO:0019827	stem cell population maintenance	occurs_in(EMAPA:19209)
GO:0090336	positive regulation of brown fat cell differentiation	occurs_in(EMAPA:19209)
GO:0006112	energy reserve metabolic process	occurs_in(EMAPA:19209)
GO:0004370	glycerol kinase activity	occurs_in(EMAPA:19209)
GO:0030350	iron-responsive element binding	occurs_in(EMAPA:19209)
GO:0006879	cellular iron ion homeostasis	occurs_in(EMAPA:19209)
GO:0030350	iron-responsive element binding	occurs_in(EMAPA:19209)
GO:0003994	aconitate hydratase activity	occurs_in(EMAPA:19209)
GO:0030730	sequestering of triglyceride	occurs_in(EMAPA:19209)
GO:0004370	glycerol kinase activity	occurs_in(EMAPA:19209)
GO:0006879	cellular iron ion homeostasis	occurs_in(EMAPA:19209)
GO:0061103	carotid body glomus cell differentiation	occurs_in(EMAPA:19211
GO:0001666	response to hypoxia	occurs_in(EMAPA:19211)
GO:0021953	central nervous system neuron differentiation	occurs_in(EMAPA:19241
GO:0021953	central nervous system neuron differentiation	occurs_in(EMAPA:19241
GO:0003323	type B pancreatic cell development	occurs_in(EMAPA:19247
GO:0006154	adenosine catabolic process	occurs_in(EMAPA:19252)
GO:0046103	inosine biosynthetic process	occurs_in(EMAPA:19252)
GO:0072678	T cell migration	occurs_in(EMAPA:19252)
GO:0015693	magnesium ion transport	occurs_in(EMAPA:19252)
GO:0004000	adenosine deaminase activity	occurs_in(EMAPA:19252)
GO:0004000	adenosine deaminase activity	occurs_in(EMAPA:19252)
GO:0006154	adenosine catabolic process	occurs_in(EMAPA:19252)
GO:0072678	T cell migration	occurs_in(EMAPA:19252)
GO:0060560	developmental growth involved in morphogenesis	occurs_in(EMAPA:19280)
GO:0048873	homeostasis of number of cells within a tissue	occurs_in(EMAPA:19280)
GO:0001894	tissue homeostasis	occurs_in(EMAPA:19286)
GO:0030154	cell differentiation	occurs_in(EMAPA:19287
GO:0060520	activation of prostate induction by androgen receptor signaling pathway	occurs_in(EMAPA:19287)
GO:0000187	activation of MAPK activity	occurs_in(EMAPA:19287)
GO:0006915	apoptotic process	occurs_in(EMAPA:19287)
GO:0060736	prostate gland growth	occurs_in(EMAPA:19287)
GO:0030198	extracellular matrix organization	occurs_in(EMAPA:19287)
GO:0060738	epithelial-mesenchymal signaling involved in prostate gland development	occurs_in(EMAPA:19287)
GO:0042127	regulation of cell proliferation	occurs_in(EMAPA:19287)
GO:0008047	enzyme activator activity	occurs_in(EMAPA:19290
GO:0008047	enzyme activator activity	occurs_in(EMAPA:19290
GO:0060271	cilium assembly	occurs_in(EMAPA:19290
GO:0008233	peptidase activity	occurs_in(EMAPA:19290
GO:0007286	spermatid development	occurs_in(EMAPA:19290
GO:0007040	lysosome organization	occurs_in(EMAPA:19290
GO:0048589	developmental growth	occurs_in(EMAPA:19290)
GO:0007283	spermatogenesis	occurs_in(EMAPA:19290)
GO:0006689	ganglioside catabolic process	occurs_in(EMAPA:19290)
GO:0007286	spermatid development	occurs_in(EMAPA:19290)
GO:0006478	peptidyl-tyrosine sulfation	occurs_in(EMAPA:19290)
GO:0003382	epithelial cell morphogenesis	occurs_in(EMAPA:19290)
GO:0007040	lysosome organization	occurs_in(EMAPA:19290)
GO:0006915	apoptotic process	occurs_in(EMAPA:19290)
GO:0007040	lysosome organization	occurs_in(EMAPA:19290)
GO:0008476	protein-tyrosine sulfotransferase activity	occurs_in(EMAPA:19290)
GO:0035265	organ growth	occurs_in(EMAPA:19290)
GO:0006478	peptidyl-tyrosine sulfation	occurs_in(EMAPA:19290)
GO:0048589	developmental growth	occurs_in(EMAPA:19290)
GO:0004022	alcohol dehydrogenase (NAD) activity	occurs_in(EMAPA:19290)
GO:0008476	protein-tyrosine sulfotransferase activity	occurs_in(EMAPA:19290)
GO:0006067	ethanol metabolic process	occurs_in(EMAPA:19290)
GO:0010189	vitamin E biosynthetic process	occurs_in(EMAPA:19291)
GO:0010189	vitamin E biosynthetic process	occurs_in(EMAPA:19292)
GO:0007288	sperm axoneme assembly	occurs_in(EMAPA:19292)
GO:0034599	cellular response to oxidative stress	occurs_in(EMAPA:19292)
GO:0042073	intraciliary transport	occurs_in(EMAPA:19292)
GO:0030154	cell differentiation	occurs_in(EMAPA:19307
GO:0030154	cell differentiation	occurs_in(EMAPA:19308
GO:0033198	response to ATP	occurs_in(EMAPA:19321
GO:0021520	spinal cord motor neuron cell fate specification	occurs_in(EMAPA:19363
GO:0021520	spinal cord motor neuron cell fate specification	occurs_in(EMAPA:19363)
GO:0001502	cartilage condensation	occurs_in(EMAPA:19369)
GO:0001502	cartilage condensation	occurs_in(EMAPA:19370)
GO:0001502	cartilage condensation	occurs_in(EMAPA:19371)
GO:0001502	cartilage condensation	occurs_in(EMAPA:19372)
GO:0001502	cartilage condensation	occurs_in(EMAPA:19373)
GO:0021520	spinal cord motor neuron cell fate specification	occurs_in(EMAPA:19382
GO:0021520	spinal cord motor neuron cell fate specification	occurs_in(EMAPA:19382)
GO:0030224	monocyte differentiation	occurs_in(EMAPA:19609
GO:0016358	dendrite development	occurs_in(EMAPA:25137
GO:0048669	collateral sprouting in absence of injury	occurs_in(EMAPA:25137
GO:0007274	neuromuscular synaptic transmission	occurs_in(EMAPA:25137)
GO:0061564	axon development	occurs_in(EMAPA:25275)
GO:0016358	dendrite development	occurs_in(EMAPA:25765
GO:0007067	mitotic nuclear division	occurs_in(EMAPA:25765
GO:0030154	cell differentiation	occurs_in(EMAPA:25765)
GO:0007283	spermatogenesis	occurs_in(EMAPA:25765)
GO:0002934	desmosome organization	occurs_in(EMAPA:25765)
GO:0060008	Sertoli cell differentiation	occurs_in(EMAPA:25765)
GO:0007052	mitotic spindle organization	occurs_in(EMAPA:25765)
GO:0045104	intermediate filament cytoskeleton organization	occurs_in(EMAPA:25765)
GO:0004252	serine-type endopeptidase activity	occurs_in(EMAPA:26720
GO:0042063	gliogenesis	occurs_in(EMAPA:26922)
GO:0014009	glial cell proliferation	occurs_in(EMAPA:26922)
GO:0042063	gliogenesis	occurs_in(EMAPA:26922)
GO:2000516	positive regulation of CD4-positive, alpha-beta T cell activation	occurs_in(EMAPA:27395)
GO:2001187	positive regulation of CD8-positive, alpha-beta T cell activation	occurs_in(EMAPA:27395)
GO:0001880	Mullerian duct regression	occurs_in(EMAPA:27665)
GO:1901203	positive regulation of extracellular matrix assembly	occurs_in(EMAPA:27711
GO:0060231	mesenchymal to epithelial transition	occurs_in(EMAPA:27721)
GO:0060828	regulation of canonical Wnt signaling pathway	occurs_in(EMAPA:27742
GO:0060828	regulation of canonical Wnt signaling pathway	occurs_in(EMAPA:27742)
GO:0006878	cellular copper ion homeostasis	occurs_in(EMAPA:27782
GO:0007040	lysosome organization	occurs_in(EMAPA:27782
GO:0003096	renal sodium ion transport	occurs_in(EMAPA:27782
GO:0019933	cAMP-mediated signaling	occurs_in(EMAPA:27782
GO:0007040	lysosome organization	occurs_in(EMAPA:27782
GO:0030198	extracellular matrix organization	occurs_in(EMAPA:27782)
GO:0000902	cell morphogenesis	occurs_in(EMAPA:28089)
GO:0072249	metanephric glomerular visceral epithelial cell development	occurs_in(EMAPA:28239
GO:0072112	glomerular visceral epithelial cell differentiation	occurs_in(EMAPA:28239
GO:0072144	glomerular mesangial cell development	occurs_in(EMAPA:28239
GO:0018108	peptidyl-tyrosine phosphorylation	occurs_in(EMAPA:28239)
GO:0030198	extracellular matrix organization	occurs_in(EMAPA:28251)
GO:0010468	regulation of gene expression	occurs_in(EMAPA:28281
GO:0010468	regulation of gene expression	occurs_in(EMAPA:28281
GO:0010468	regulation of gene expression	occurs_in(EMAPA:28281
GO:0010468	regulation of gene expression	occurs_in(EMAPA:28281
GO:0060271	cilium assembly	occurs_in(EMAPA:28281
GO:0007006	mitochondrial membrane organization	occurs_in(EMAPA:28281
GO:0007006	mitochondrial membrane organization	occurs_in(EMAPA:28281
GO:0007006	mitochondrial membrane organization	occurs_in(EMAPA:28281
GO:0016477	cell migration	occurs_in(EMAPA:28281)
GO:0071720	sodium-independent prostaglandin transport	occurs_in(EMAPA:28281)
GO:0006833	water transport	occurs_in(EMAPA:28281)
GO:0006878	cellular copper ion homeostasis	occurs_in(EMAPA:28281)
GO:0001822	kidney development	occurs_in(EMAPA:28281)
GO:0048041	focal adhesion assembly	occurs_in(EMAPA:28281)
GO:0007040	lysosome organization	occurs_in(EMAPA:28287
GO:0004962	endothelin receptor activity	occurs_in(EMAPA:28287)
GO:0016192	vesicle-mediated transport	occurs_in(EMAPA:28370)
GO:1905515	non-motile cilium assembly	occurs_in(EMAPA:28370)
GO:0033198	response to ATP	occurs_in(EMAPA:28373)
GO:0001568	blood vessel development	occurs_in(EMAPA:28373)
GO:0019722	calcium-mediated signaling	occurs_in(EMAPA:28407
GO:0060271	cilium assembly	occurs_in(EMAPA:28407
GO:0016477	cell migration	occurs_in(EMAPA:28407)
GO:0051642	centrosome localization	occurs_in(EMAPA:28407)
GO:0016332	establishment or maintenance of polarity of embryonic epithelium	occurs_in(EMAPA:28407)
GO:0007589	body fluid secretion	occurs_in(EMAPA:28407)
GO:0015078	hydrogen ion transmembrane transporter activity	occurs_in(EMAPA:28407)
GO:0060271	cilium assembly	occurs_in(EMAPA:28407)
GO:0030859	polarized epithelial cell differentiation	occurs_in(EMAPA:28407)
GO:0048041	focal adhesion assembly	occurs_in(EMAPA:28407)
GO:0060271	cilium assembly	occurs_in(EMAPA:28407)
GO:0061005	cell differentiation involved in kidney development	occurs_in(EMAPA:28477)
GO:0051145	smooth muscle cell differentiation	occurs_in(EMAPA:28637
GO:0007040	lysosome organization	occurs_in(EMAPA:28637
GO:0005249	voltage-gated potassium channel activity	occurs_in(EMAPA:28637
GO:0015269	calcium-activated potassium channel activity	occurs_in(EMAPA:28637
GO:0006939	smooth muscle contraction	occurs_in(EMAPA:28637)
GO:0001614	purinergic nucleotide receptor activity	occurs_in(EMAPA:29270
GO:0005261	cation channel activity	occurs_in(EMAPA:29270
GO:0006811	ion transport	occurs_in(EMAPA:29270
GO:0015793	glycerol transport	occurs_in(EMAPA:29669)
GO:0030855	epithelial cell differentiation	occurs_in(EMAPA:29771)
GO:0008543	fibroblast growth factor receptor signaling pathway	occurs_in(EMAPA:29771)
GO:0001894	tissue homeostasis	occurs_in(EMAPA:29771)
GO:0002070	epithelial cell maturation	occurs_in(EMAPA:29771)
GO:0060736	prostate gland growth	occurs_in(EMAPA:29794)
GO:0030520	intracellular estrogen receptor signaling pathway	occurs_in(EMAPA:29836
GO:0060743	epithelial cell maturation involved in prostate gland development	occurs_in(EMAPA:29836
GO:0060736	prostate gland growth	occurs_in(EMAPA:29836)
GO:0060736	prostate gland growth	occurs_in(EMAPA:29836)
GO:0006915	apoptotic process	occurs_in(EMAPA:29915
GO:0001779	natural killer cell differentiation	occurs_in(EMAPA:29915
GO:0042981	regulation of apoptotic process	occurs_in(EMAPA:29915
GO:0046697	decidualization	occurs_in(EMAPA:29915
GO:0071391	cellular response to estrogen stimulus	occurs_in(EMAPA:29915
GO:0005515	protein binding	occurs_in(EMAPA:29915)
GO:0006154	adenosine catabolic process	occurs_in(EMAPA:29915)
GO:0046103	inosine biosynthetic process	occurs_in(EMAPA:29915)
GO:0004074	biliverdin reductase activity	occurs_in(EMAPA:29915)
GO:0004000	adenosine deaminase activity	occurs_in(EMAPA:29915)
GO:0005125	cytokine activity	occurs_in(EMAPA:29915)
GO:0003682	chromatin binding	occurs_in(EMAPA:29919
GO:0003682	chromatin binding	occurs_in(EMAPA:29919
GO:0003682	chromatin binding	occurs_in(EMAPA:29919
GO:0003682	chromatin binding	occurs_in(EMAPA:29919
GO:0003682	chromatin binding	occurs_in(EMAPA:29919
GO:0003682	chromatin binding	occurs_in(EMAPA:29919
GO:0003682	chromatin binding	occurs_in(EMAPA:29919
GO:0003682	chromatin binding	occurs_in(EMAPA:29919
GO:0003682	chromatin binding	occurs_in(EMAPA:29919
GO:0003682	chromatin binding	occurs_in(EMAPA:29919
GO:0003682	chromatin binding	occurs_in(EMAPA:29919
GO:0003682	chromatin binding	occurs_in(EMAPA:29919
GO:0003682	chromatin binding	occurs_in(EMAPA:29919
GO:0003682	chromatin binding	occurs_in(EMAPA:29919
GO:0060638	mesenchymal-epithelial cell signaling	occurs_in(EMAPA:29919)
GO:0051145	smooth muscle cell differentiation	occurs_in(EMAPA:29923
GO:0007040	lysosome organization	occurs_in(EMAPA:29923
GO:0031716	calcitonin receptor binding	occurs_in(EMAPA:29923
GO:0004619	phosphoglycerate mutase activity	occurs_in(EMAPA:29923)
GO:0051898	negative regulation of protein kinase B signaling	occurs_in(EMAPA:30445)
GO:0048469	cell maturation	occurs_in(EMAPA:30449
GO:0043065	positive regulation of apoptotic process	occurs_in(EMAPA:30659)
GO:0048599	oocyte development	occurs_in(EMAPA:30755
GO:0001894	tissue homeostasis	occurs_in(EMAPA:30901)
GO:0030855	epithelial cell differentiation	occurs_in(EMAPA:30991
GO:0061053	somite development	occurs_in(EMAPA:31169)
GO:0044255	cellular lipid metabolic process	occurs_in(EMAPA:31476
GO:0043065	positive regulation of apoptotic process	occurs_in(EMAPA:31476
GO:0060011	Sertoli cell proliferation	occurs_in(EMAPA:31476
GO:0000038	very long-chain fatty acid metabolic process	occurs_in(EMAPA:31476
GO:0007286	spermatid development	occurs_in(EMAPA:31476
GO:0048515	spermatid differentiation	occurs_in(EMAPA:31476
GO:0060009	Sertoli cell development	occurs_in(EMAPA:31476
GO:0007281	germ cell development	occurs_in(EMAPA:31476
GO:0060009	Sertoli cell development	occurs_in(EMAPA:31476
GO:0009992	cellular water homeostasis	occurs_in(EMAPA:31476
GO:0007283	spermatogenesis	occurs_in(EMAPA:31476)
GO:0035265	organ growth	occurs_in(EMAPA:31476)
GO:0060009	Sertoli cell development	occurs_in(EMAPA:31476)
GO:0060271	cilium assembly	occurs_in(EMAPA:31476)
GO:0007286	spermatid development	occurs_in(EMAPA:31476)
GO:0007283	spermatogenesis	occurs_in(EMAPA:31476)
GO:0006915	apoptotic process	occurs_in(EMAPA:31484
GO:0010468	regulation of gene expression	occurs_in(EMAPA:31858
GO:0010468	regulation of gene expression	occurs_in(EMAPA:31858
GO:0010468	regulation of gene expression	occurs_in(EMAPA:31858
GO:0045879	negative regulation of smoothened signaling pathway	occurs_in(EMAPA:31858)
GO:0001843	neural tube closure	occurs_in(EMAPA:31858)
GO:0060322	head development	occurs_in(EMAPA:31858)
GO:0000122	negative regulation of transcription from RNA polymerase II promoter	occurs_in(EMAPA:31858)
GO:0001974	blood vessel remodeling	occurs_in(EMAPA:31866)
GO:0060718	chorionic trophoblast cell differentiation	occurs_in(EMAPA:31872)
GO:0006349	regulation of gene expression by genetic imprinting	occurs_in(EMAPA:31873
GO:2000504	positive regulation of blood vessel remodeling	occurs_in(EMAPA:31873)
GO:0060672	epithelial cell morphogenesis involved in placental branching	occurs_in(EMAPA:31873)
GO:0060708	spongiotrophoblast differentiation	occurs_in(EMAPA:31873)
GO:0001892	embryonic placenta development	occurs_in(EMAPA:31873)
GO:0060707	trophoblast giant cell differentiation	occurs_in(EMAPA:31873)
GO:0071711	basement membrane organization	occurs_in(EMAPA:31873)
GO:0007163	establishment or maintenance of cell polarity	occurs_in(EMAPA:31873)
GO:0060711	labyrinthine layer development	occurs_in(EMAPA:31878)
GO:0030520	intracellular estrogen receptor signaling pathway	occurs_in(EMAPA:32290
GO:0060742	epithelial cell differentiation involved in prostate gland development	occurs_in(EMAPA:32290
GO:0060070	canonical Wnt signaling pathway	occurs_in(EMAPA:32290
GO:0030856	regulation of epithelial cell differentiation	occurs_in(EMAPA:32290
GO:0060528	secretory columnal luminar epithelial cell differentiation involved in prostate glandular acinus development	occurs_in(EMAPA:32290
GO:0060528	secretory columnal luminar epithelial cell differentiation involved in prostate glandular acinus development	occurs_in(EMAPA:32290
GO:0060528	secretory columnal luminar epithelial cell differentiation involved in prostate glandular acinus development	occurs_in(EMAPA:32290
GO:0060528	secretory columnal luminar epithelial cell differentiation involved in prostate glandular acinus development	occurs_in(EMAPA:32290
GO:0060743	epithelial cell maturation involved in prostate gland development	occurs_in(EMAPA:32290
GO:0008628	hormone-mediated apoptotic signaling pathway	occurs_in(EMAPA:32290
GO:0060743	epithelial cell maturation involved in prostate gland development	occurs_in(EMAPA:32290
GO:0060742	epithelial cell differentiation involved in prostate gland development	occurs_in(EMAPA:32290
GO:0060742	epithelial cell differentiation involved in prostate gland development	occurs_in(EMAPA:32290
GO:0060743	epithelial cell maturation involved in prostate gland development	occurs_in(EMAPA:32290
GO:0060743	epithelial cell maturation involved in prostate gland development	occurs_in(EMAPA:32290
GO:0060736	prostate gland growth	occurs_in(EMAPA:32290)
GO:0060739	mesenchymal-epithelial cell signaling involved in prostate gland development	occurs_in(EMAPA:32290)
GO:0060528	secretory columnal luminar epithelial cell differentiation involved in prostate glandular acinus development	occurs_in(EMAPA:32290)
GO:0060736	prostate gland growth	occurs_in(EMAPA:32290)
GO:0001894	tissue homeostasis	occurs_in(EMAPA:32290)
GO:0050680	negative regulation of epithelial cell proliferation	occurs_in(EMAPA:32290)
GO:0060736	prostate gland growth	occurs_in(EMAPA:32290)
GO:0060743	epithelial cell maturation involved in prostate gland development	occurs_in(EMAPA:32290)
GO:0060529	squamous basal epithelial stem cell differentiation involved in prostate gland acinus development	occurs_in(EMAPA:32290)
GO:0042246	tissue regeneration	occurs_in(EMAPA:32616)
GO:0014883	transition between fast and slow fiber	occurs_in(EMAPA:32634
GO:0048741	skeletal muscle fiber development	occurs_in(EMAPA:32634)
GO:0005515	protein binding	occurs_in(EMAPA:32634)
GO:0007040	lysosome organization	occurs_in(EMAPA:32660
GO:0007040	lysosome organization	occurs_in(EMAPA:32660
GO:0007040	lysosome organization	occurs_in(EMAPA:32660
GO:0007040	lysosome organization	occurs_in(EMAPA:32660
GO:0048709	oligodendrocyte differentiation	occurs_in(EMAPA:32665
GO:0048663	neuron fate commitment	occurs_in(EMAPA:32665)
GO:0019915	lipid storage	occurs_in(EMAPA:32672
GO:0060996	dendritic spine development	occurs_in(EMAPA:32672
GO:0007040	lysosome organization	occurs_in(EMAPA:32672
GO:0007040	lysosome organization	occurs_in(EMAPA:32672
GO:0051899	membrane depolarization	occurs_in(EMAPA:32672
GO:0070588	calcium ion transmembrane transport	occurs_in(EMAPA:32672
GO:0005245	voltage-gated calcium channel activity	occurs_in(EMAPA:32672
GO:0031914	negative regulation of synaptic plasticity	occurs_in(EMAPA:32672)
GO:0008306	associative learning	occurs_in(EMAPA:32672)
GO:0001588	dopamine neurotransmitter receptor activity, coupled via Gs	occurs_in(EMAPA:32672)
GO:0007613	memory	occurs_in(EMAPA:32672)
GO:1905515	non-motile cilium assembly	occurs_in(EMAPA:32674
GO:0005515	protein binding	occurs_in(EMAPA:32674)
GO:0003351	epithelial cilium movement	occurs_in(EMAPA:32674)
GO:0060271	cilium assembly	occurs_in(EMAPA:32674)
GO:1903251	multi-ciliated epithelial cell differentiation	occurs_in(EMAPA:32674)
GO:0001736	establishment of planar polarity	occurs_in(EMAPA:32674)
GO:0021591	ventricular system development	occurs_in(EMAPA:32674)
GO:0021591	ventricular system development	occurs_in(EMAPA:32675)
GO:0007040	lysosome organization	occurs_in(EMAPA:32678
GO:0006689	ganglioside catabolic process	occurs_in(EMAPA:32678
GO:0007040	lysosome organization	occurs_in(EMAPA:32678
GO:0042445	hormone metabolic process	occurs_in(EMAPA:32678
GO:0019915	lipid storage	occurs_in(EMAPA:32678
GO:0007040	lysosome organization	occurs_in(EMAPA:32678)
GO:0016594	glycine binding	occurs_in(EMAPA:32678)
GO:0043524	negative regulation of neuron apoptotic process	occurs_in(EMAPA:32678)
GO:0009313	oligosaccharide catabolic process	occurs_in(EMAPA:32678)
GO:0004720	protein-lysine 6-oxidase activity	occurs_in(EMAPA:32678)
GO:0016594	glycine binding	occurs_in(EMAPA:32678)
GO:0015811	L-cystine transport	occurs_in(EMAPA:32678)
GO:0015184	L-cystine transmembrane transporter activity	occurs_in(EMAPA:32678)
GO:0042417	dopamine metabolic process	occurs_in(EMAPA:32678)
GO:0042428	serotonin metabolic process	occurs_in(EMAPA:32678)
GO:0048666	neuron development	occurs_in(EMAPA:32678)
GO:0042417	dopamine metabolic process	occurs_in(EMAPA:32678)
GO:0007040	lysosome organization	occurs_in(EMAPA:32678)
GO:0006878	cellular copper ion homeostasis	occurs_in(EMAPA:32678)
GO:0021846	cell proliferation in forebrain	occurs_in(EMAPA:32679
GO:0097150	neuronal stem cell population maintenance	occurs_in(EMAPA:32679)
GO:0060510	Type II pneumocyte differentiation	occurs_in(EMAPA:32682
GO:0002523	leukocyte migration involved in inflammatory response	occurs_in(EMAPA:32682
GO:0016477	cell migration	occurs_in(EMAPA:32682
GO:0030858	positive regulation of epithelial cell differentiation	occurs_in(EMAPA:32682
GO:0048251	elastic fiber assembly	occurs_in(EMAPA:32682)
GO:0030198	extracellular matrix organization	occurs_in(EMAPA:32682)
GO:0008283	cell proliferation	occurs_in(EMAPA:32683)
GO:0007224	smoothened signaling pathway	occurs_in(EMAPA:32684)
GO:0045214	sarcomere organization	occurs_in(EMAPA:32688
GO:0055013	cardiac muscle cell development	occurs_in(EMAPA:32688
GO:0006879	cellular iron ion homeostasis	occurs_in(EMAPA:32688
GO:0043954	cellular component maintenance	occurs_in(EMAPA:32688
GO:0045214	sarcomere organization	occurs_in(EMAPA:32688
GO:0006874	cellular calcium ion homeostasis	occurs_in(EMAPA:32688
GO:0030239	myofibril assembly	occurs_in(EMAPA:32688
GO:0007005	mitochondrion organization	occurs_in(EMAPA:32688
GO:0048739	cardiac muscle fiber development	occurs_in(EMAPA:32688
GO:0030239	myofibril assembly	occurs_in(EMAPA:32688)
GO:0002931	response to ischemia	occurs_in(EMAPA:32688)
GO:0031034	myosin filament assembly	occurs_in(EMAPA:32688)
GO:0004619	phosphoglycerate mutase activity	occurs_in(EMAPA:32688)
GO:0007040	lysosome organization	occurs_in(EMAPA:32688)
GO:0071260	cellular response to mechanical stimulus	occurs_in(EMAPA:32688)
GO:0046716	muscle cell cellular homeostasis	occurs_in(EMAPA:32688)
GO:0048739	cardiac muscle fiber development	occurs_in(EMAPA:32688)
GO:0034604	pyruvate dehydrogenase (NAD+) activity	occurs_in(EMAPA:32688)
GO:0071456	cellular response to hypoxia	occurs_in(EMAPA:32688)
GO:0061732	mitochondrial acetyl-CoA biosynthetic process from pyruvate	occurs_in(EMAPA:32688)
GO:0002029	desensitization of G-protein coupled receptor protein signaling pathway	occurs_in(EMAPA:32688)
GO:0045214	sarcomere organization	occurs_in(EMAPA:32688)
GO:0007040	lysosome organization	occurs_in(EMAPA:32688)
GO:0055007	cardiac muscle cell differentiation	occurs_in(EMAPA:32688)
GO:0060480	lung goblet cell differentiation	occurs_in(EMAPA:32689
GO:0009100	glycoprotein metabolic process	occurs_in(EMAPA:32691
GO:0009100	glycoprotein metabolic process	occurs_in(EMAPA:32693
GO:0007040	lysosome organization	occurs_in(EMAPA:32697
GO:0030198	extracellular matrix organization	occurs_in(EMAPA:32697)
GO:0006744	ubiquinone biosynthetic process	occurs_in(EMAPA:32715)
GO:0004347	glucose-6-phosphate isomerase activity	occurs_in(EMAPA:32715)
GO:0004347	glucose-6-phosphate isomerase activity	occurs_in(EMAPA:32715)
GO:0004807	triose-phosphate isomerase activity	occurs_in(EMAPA:32715)
GO:0006878	cellular copper ion homeostasis	occurs_in(EMAPA:32715)
GO:0004674	protein serine/threonine kinase activity	occurs_in(EMAPA:32715)
GO:0004674	protein serine/threonine kinase activity	occurs_in(EMAPA:32715)
GO:0071902	positive regulation of protein serine/threonine kinase activity	occurs_in(EMAPA:32715)
GO:0014816	skeletal muscle satellite cell differentiation	occurs_in(EMAPA:32716
GO:0007015	actin filament organization	occurs_in(EMAPA:32716
GO:0007015	actin filament organization	occurs_in(EMAPA:32716
GO:0051153	regulation of striated muscle cell differentiation	occurs_in(EMAPA:32716
GO:0001778	plasma membrane repair	occurs_in(EMAPA:32716
GO:0007009	plasma membrane organization	occurs_in(EMAPA:32716
GO:0090002	establishment of protein localization to plasma membrane	occurs_in(EMAPA:32716
GO:0014908	myotube differentiation involved in skeletal muscle regeneration	occurs_in(EMAPA:32716
GO:0007040	lysosome organization	occurs_in(EMAPA:32716
GO:0048742	regulation of skeletal muscle fiber development	occurs_in(EMAPA:32716
GO:0070588	calcium ion transmembrane transport	occurs_in(EMAPA:32716
GO:0006897	endocytosis	occurs_in(EMAPA:32716
GO:0005515	protein binding	occurs_in(EMAPA:32716
GO:0007521	muscle cell fate determination	occurs_in(EMAPA:32716
GO:0048791	calcium ion-regulated exocytosis of neurotransmitter	occurs_in(EMAPA:32716
GO:0007029	endoplasmic reticulum organization	occurs_in(EMAPA:32716
GO:0005245	voltage-gated calcium channel activity	occurs_in(EMAPA:32716
GO:0031122	cytoplasmic microtubule organization	occurs_in(EMAPA:32716
GO:0031579	membrane raft organization	occurs_in(EMAPA:32716
GO:0032007	negative regulation of TOR signaling	occurs_in(EMAPA:32716
GO:0005245	voltage-gated calcium channel activity	occurs_in(EMAPA:32716)
GO:0061621	canonical glycolysis	occurs_in(EMAPA:32716)
GO:0007005	mitochondrion organization	occurs_in(EMAPA:32716)
GO:0006979	response to oxidative stress	occurs_in(EMAPA:32716)
GO:0051898	negative regulation of protein kinase B signaling	occurs_in(EMAPA:32716)
GO:0070588	calcium ion transmembrane transport	occurs_in(EMAPA:32716)
GO:0093001	glycolysis from storage polysaccharide through glucose-1-phosphate	occurs_in(EMAPA:32716)
GO:0007040	lysosome organization	occurs_in(EMAPA:32716)
GO:0001894	tissue homeostasis	occurs_in(EMAPA:32716)
GO:0032403	protein complex binding	occurs_in(EMAPA:32716)
GO:0048311	mitochondrion distribution	occurs_in(EMAPA:32716)
GO:0004619	phosphoglycerate mutase activity	occurs_in(EMAPA:32716)
GO:0005515	protein binding	occurs_in(EMAPA:32716)
GO:0006641	triglyceride metabolic process	occurs_in(EMAPA:32716)
GO:0007040	lysosome organization	occurs_in(EMAPA:32716)
GO:0071260	cellular response to mechanical stimulus	occurs_in(EMAPA:32716)
GO:0046716	muscle cell cellular homeostasis	occurs_in(EMAPA:32716)
GO:0004367	glycerol-3-phosphate dehydrogenase [NAD+] activity	occurs_in(EMAPA:32716)
GO:0046716	muscle cell cellular homeostasis	occurs_in(EMAPA:32716)
GO:0048741	skeletal muscle fiber development	occurs_in(EMAPA:32716)
GO:0007029	endoplasmic reticulum organization	occurs_in(EMAPA:32716)
GO:0004332	fructose-bisphosphate aldolase activity	occurs_in(EMAPA:32716)
GO:0003872	6-phosphofructokinase activity	occurs_in(EMAPA:32716)
GO:0004743	pyruvate kinase activity	occurs_in(EMAPA:32716)
GO:0008134	transcription factor binding	occurs_in(EMAPA:32716)
GO:0004558	alpha-1,4-glucosidase activity	occurs_in(EMAPA:32716)
GO:0004558	alpha-1,4-glucosidase activity	occurs_in(EMAPA:32716)
GO:0007040	lysosome organization	occurs_in(EMAPA:32716)
GO:0008184	glycogen phosphorylase activity	occurs_in(EMAPA:32716)
GO:1902902	negative regulation of autophagosome assembly	occurs_in(EMAPA:32716)
GO:0004133	glycogen debranching enzyme activity	occurs_in(EMAPA:32716)
GO:0014816	skeletal muscle satellite cell differentiation	occurs_in(EMAPA:32716)
GO:0070296	sarcoplasmic reticulum calcium ion transport	occurs_in(EMAPA:32716)
GO:0008443	phosphofructokinase activity	occurs_in(EMAPA:32716)
GO:0032435	negative regulation of proteasomal ubiquitin-dependent protein catabolic process	occurs_in(EMAPA:32716)
GO:0016757	transferase activity, transferring glycosyl groups	occurs_in(EMAPA:32716)
GO:0006127	glycerophosphate shuttle	occurs_in(EMAPA:32716)
GO:0048741	skeletal muscle fiber development	occurs_in(EMAPA:32716)
GO:0005980	glycogen catabolic process	occurs_in(EMAPA:32716)
GO:0004558	alpha-1,4-glucosidase activity	occurs_in(EMAPA:32716)
GO:0005980	glycogen catabolic process	occurs_in(EMAPA:32716)
GO:0033173	calcineurin-NFAT signaling cascade	occurs_in(EMAPA:32716)
GO:0048633	positive regulation of skeletal muscle tissue growth	occurs_in(EMAPA:32716)
GO:0060087	relaxation of vascular smooth muscle	occurs_in(EMAPA:32717)
GO:0007189	adenylate cyclase-activating G-protein coupled receptor signaling pathway	occurs_in(EMAPA:32717)
GO:0007389	pattern specification process	occurs_in(EMAPA:32722)
GO:0042733	embryonic digit morphogenesis	occurs_in(EMAPA:32725)
GO:0042246	tissue regeneration	occurs_in(EMAPA:32725)
GO:1990523	bone regeneration	occurs_in(EMAPA:32725)
GO:0016048	detection of temperature stimulus	occurs_in(EMAPA:32726)
GO:0000122	negative regulation of transcription from RNA polymerase II promoter	occurs_in(EMAPA:32730
GO:0000122	negative regulation of transcription from RNA polymerase II promoter	occurs_in(EMAPA:32730
GO:0000122	negative regulation of transcription from RNA polymerase II promoter	occurs_in(EMAPA:32730
GO:0010468	regulation of gene expression	occurs_in(EMAPA:32730
GO:0002063	chondrocyte development	occurs_in(EMAPA:32730)
GO:0030199	collagen fibril organization	occurs_in(EMAPA:32730)
GO:0018400	peptidyl-proline hydroxylation to 3-hydroxy-L-proline	occurs_in(EMAPA:32730)
GO:0030199	collagen fibril organization	occurs_in(EMAPA:32730)
GO:0030204	chondroitin sulfate metabolic process	occurs_in(EMAPA:32730)
GO:0033037	polysaccharide localization	occurs_in(EMAPA:32730)
GO:0030198	extracellular matrix organization	occurs_in(EMAPA:32730)
GO:1905515	non-motile cilium assembly	occurs_in(EMAPA:32738
GO:0001894	tissue homeostasis	occurs_in(EMAPA:32739)
GO:0030199	collagen fibril organization	occurs_in(EMAPA:32739)
GO:0030316	osteoclast differentiation	occurs_in(EMAPA:32740
GO:0001958	endochondral ossification	occurs_in(EMAPA:32740)
GO:0007040	lysosome organization	occurs_in(EMAPA:32741
GO:0007040	lysosome organization	occurs_in(EMAPA:32741
GO:0006878	cellular copper ion homeostasis	occurs_in(EMAPA:32741)
GO:0006878	cellular copper ion homeostasis	occurs_in(EMAPA:32741)
GO:0002064	epithelial cell development	occurs_in(EMAPA:32741)
GO:0070836	caveola assembly	occurs_in(EMAPA:32743
GO:0006878	cellular copper ion homeostasis	occurs_in(EMAPA:32743)
GO:0001568	blood vessel development	occurs_in(EMAPA:32743)
GO:0001568	blood vessel development	occurs_in(EMAPA:32743)
GO:0032496	response to lipopolysaccharide	occurs_in(EMAPA:32743)
GO:1902262	apoptotic process involved in blood vessel morphogenesis	occurs_in(EMAPA:32743)
GO:0006406	mRNA export from nucleus	occurs_in(EMAPA:32746
GO:0006606	protein import into nucleus	occurs_in(EMAPA:32746
GO:0005515	protein binding	occurs_in(EMAPA:32748
GO:0055012	ventricular cardiac muscle cell differentiation	occurs_in(EMAPA:32748
GO:0055005	ventricular cardiac myofibril assembly	occurs_in(EMAPA:32748
GO:0086006	voltage-gated sodium channel activity involved in cardiac muscle cell action potential	occurs_in(EMAPA:32748
GO:0044325	ion channel binding	occurs_in(EMAPA:32748
GO:0010468	regulation of gene expression	occurs_in(EMAPA:32748
GO:0030239	myofibril assembly	occurs_in(EMAPA:32748)
GO:0086006	voltage-gated sodium channel activity involved in cardiac muscle cell action potential	occurs_in(EMAPA:32748)
GO:0030199	collagen fibril organization	occurs_in(EMAPA:32748)
GO:0055013	cardiac muscle cell development	occurs_in(EMAPA:32748)
GO:0006941	striated muscle contraction	occurs_in(EMAPA:32748)
GO:0006915	apoptotic process	occurs_in(EMAPA:32760
GO:0006915	apoptotic process	occurs_in(EMAPA:32760
GO:0043375	CD8-positive, alpha-beta T cell lineage commitment	occurs_in(EMAPA:32760
GO:0001779	natural killer cell differentiation	occurs_in(EMAPA:32760
GO:0030183	B cell differentiation	occurs_in(EMAPA:32760
GO:0005096	GTPase activator activity	occurs_in(EMAPA:32760
GO:0002318	myeloid progenitor cell differentiation	occurs_in(EMAPA:32760
GO:0051608	histamine transport	occurs_in(EMAPA:32760
GO:0006909	phagocytosis	occurs_in(EMAPA:32760
GO:0000723	telomere maintenance	occurs_in(EMAPA:32760
GO:0045648	positive regulation of erythrocyte differentiation	occurs_in(EMAPA:32760
GO:0060218	hematopoietic stem cell differentiation	occurs_in(EMAPA:32760
GO:0060218	hematopoietic stem cell differentiation	occurs_in(EMAPA:32760
GO:0051615	histamine uptake	occurs_in(EMAPA:32760
GO:0008283	cell proliferation	occurs_in(EMAPA:32760
GO:0010468	regulation of gene expression	occurs_in(EMAPA:32760
GO:0048468	cell development	occurs_in(EMAPA:32760
GO:0030036	actin cytoskeleton organization	occurs_in(EMAPA:32760
GO:0045638	negative regulation of myeloid cell differentiation	occurs_in(EMAPA:32760
GO:0060218	hematopoietic stem cell differentiation	occurs_in(EMAPA:32760
GO:0043372	positive regulation of CD4-positive, alpha-beta T cell differentiation	occurs_in(EMAPA:32760
GO:0030224	monocyte differentiation	occurs_in(EMAPA:32760
GO:0030224	monocyte differentiation	occurs_in(EMAPA:32760
GO:0030224	monocyte differentiation	occurs_in(EMAPA:32760
GO:0030224	monocyte differentiation	occurs_in(EMAPA:32760
GO:0045596	negative regulation of cell differentiation	occurs_in(EMAPA:32760
GO:0045637	regulation of myeloid cell differentiation	occurs_in(EMAPA:32760
GO:0048469	cell maturation	occurs_in(EMAPA:32760
GO:0030225	macrophage differentiation	occurs_in(EMAPA:32760
GO:0002322	B cell proliferation involved in immune response	occurs_in(EMAPA:32760
GO:0002326	B cell lineage commitment	occurs_in(EMAPA:32760
GO:0045638	negative regulation of myeloid cell differentiation	occurs_in(EMAPA:32760
GO:0097192	extrinsic apoptotic signaling pathway in absence of ligand	occurs_in(EMAPA:32760
GO:0045578	negative regulation of B cell differentiation	occurs_in(EMAPA:32760
GO:0007266	Rho protein signal transduction	occurs_in(EMAPA:32760
GO:0043065	positive regulation of apoptotic process	occurs_in(EMAPA:32760
GO:0034097	response to cytokine	occurs_in(EMAPA:32760
GO:0045581	negative regulation of T cell differentiation	occurs_in(EMAPA:32760
GO:0030224	monocyte differentiation	occurs_in(EMAPA:32760
GO:0032825	positive regulation of natural killer cell differentiation	occurs_in(EMAPA:32760
GO:0045671	negative regulation of osteoclast differentiation	occurs_in(EMAPA:32760
GO:0002360	T cell lineage commitment	occurs_in(EMAPA:32760
GO:0045579	positive regulation of B cell differentiation	occurs_in(EMAPA:32760
GO:0001779	natural killer cell differentiation	occurs_in(EMAPA:32760
GO:0002408	myeloid dendritic cell chemotaxis	occurs_in(EMAPA:32760
GO:0048469	cell maturation	occurs_in(EMAPA:32760
GO:0030218	erythrocyte differentiation	occurs_in(EMAPA:32760
GO:0007265	Ras protein signal transduction	occurs_in(EMAPA:32760
GO:0030036	actin cytoskeleton organization	occurs_in(EMAPA:32760
GO:0030316	osteoclast differentiation	occurs_in(EMAPA:32760
GO:0050900	leukocyte migration	occurs_in(EMAPA:32760
GO:0048469	cell maturation	occurs_in(EMAPA:32760
GO:0002326	B cell lineage commitment	occurs_in(EMAPA:32760
GO:0008283	cell proliferation	occurs_in(EMAPA:32760
GO:0001779	natural killer cell differentiation	occurs_in(EMAPA:32760
GO:0007224	smoothened signaling pathway	occurs_in(EMAPA:32760
GO:0007224	smoothened signaling pathway	occurs_in(EMAPA:32760
GO:1990182	exosomal secretion	occurs_in(EMAPA:32760
GO:0034097	response to cytokine	occurs_in(EMAPA:32760)
GO:0030183	B cell differentiation	occurs_in(EMAPA:32760)
GO:0005102	receptor binding	occurs_in(EMAPA:32760)
GO:0001782	B cell homeostasis	occurs_in(EMAPA:32760)
GO:0045638	negative regulation of myeloid cell differentiation	occurs_in(EMAPA:32760)
GO:0006157	deoxyadenosine catabolic process	occurs_in(EMAPA:32760)
GO:0071425	hematopoietic stem cell proliferation	occurs_in(EMAPA:32760)
GO:0002761	regulation of myeloid leukocyte differentiation	occurs_in(EMAPA:32760)
GO:0002358	B cell homeostatic proliferation	occurs_in(EMAPA:32760)
GO:0061484	hematopoietic stem cell homeostasis	occurs_in(EMAPA:32760)
GO:0004000	adenosine deaminase activity	occurs_in(EMAPA:32760)
GO:0006154	adenosine catabolic process	occurs_in(EMAPA:32760)
GO:0046103	inosine biosynthetic process	occurs_in(EMAPA:32760)
GO:0033152	immunoglobulin V(D)J recombination	occurs_in(EMAPA:32760)
GO:0002327	immature B cell differentiation	occurs_in(EMAPA:32760)
GO:0002318	myeloid progenitor cell differentiation	occurs_in(EMAPA:32760)
GO:0006154	adenosine catabolic process	occurs_in(EMAPA:32760)
GO:0061484	hematopoietic stem cell homeostasis	occurs_in(EMAPA:32760)
GO:0035855	megakaryocyte development	occurs_in(EMAPA:32760)
GO:0043524	negative regulation of neuron apoptotic process	occurs_in(EMAPA:32763
GO:0015909	long-chain fatty acid transport	occurs_in(EMAPA:32764
GO:0046101	hypoxanthine biosynthetic process	occurs_in(EMAPA:32764)
GO:0004602	glutathione peroxidase activity	occurs_in(EMAPA:32764)
GO:0004602	glutathione peroxidase activity	occurs_in(EMAPA:32764)
GO:0006154	adenosine catabolic process	occurs_in(EMAPA:32764)
GO:0046103	inosine biosynthetic process	occurs_in(EMAPA:32764)
GO:0015677	copper ion import	occurs_in(EMAPA:32764)
GO:0006157	deoxyadenosine catabolic process	occurs_in(EMAPA:32764)
GO:0046111	xanthine biosynthetic process	occurs_in(EMAPA:32764)
GO:0019915	lipid storage	occurs_in(EMAPA:32767
GO:0007040	lysosome organization	occurs_in(EMAPA:32767
GO:0007040	lysosome organization	occurs_in(EMAPA:32767
GO:0007040	lysosome organization	occurs_in(EMAPA:32767
GO:0060080	inhibitory postsynaptic potential	occurs_in(EMAPA:32768
GO:0015277	kainate selective glutamate receptor activity	occurs_in(EMAPA:32768
GO:0071805	potassium ion transmembrane transport	occurs_in(EMAPA:32768
GO:0048167	regulation of synaptic plasticity	occurs_in(EMAPA:32768
GO:0006689	ganglioside catabolic process	occurs_in(EMAPA:32768
GO:0005267	potassium channel activity	occurs_in(EMAPA:32768
GO:0043524	negative regulation of neuron apoptotic process	occurs_in(EMAPA:32768
GO:1901381	positive regulation of potassium ion transmembrane transport	occurs_in(EMAPA:32768
GO:0016358	dendrite development	occurs_in(EMAPA:32768
GO:0060079	excitatory postsynaptic potential	occurs_in(EMAPA:32768
GO:0035249	synaptic transmission, glutamatergic	occurs_in(EMAPA:32768)
GO:0050808	synapse organization	occurs_in(EMAPA:32768)
GO:0021766	hippocampus development	occurs_in(EMAPA:32768)
GO:0015277	kainate selective glutamate receptor activity	occurs_in(EMAPA:32768)
GO:0001591	dopamine neurotransmitter receptor activity, coupled via Gi/Go	occurs_in(EMAPA:32768)
GO:0042391	regulation of membrane potential	occurs_in(EMAPA:32768)
GO:0048813	dendrite morphogenesis	occurs_in(EMAPA:32768)
GO:0015277	kainate selective glutamate receptor activity	occurs_in(EMAPA:32768)
GO:0015277	kainate selective glutamate receptor activity	occurs_in(EMAPA:32768)
GO:0005102	receptor binding	occurs_in(EMAPA:32768)
GO:0007268	chemical synaptic transmission	occurs_in(EMAPA:32768)
GO:0050808	synapse organization	occurs_in(EMAPA:32768)
GO:0007268	chemical synaptic transmission	occurs_in(EMAPA:32768)
GO:0016236	macroautophagy	occurs_in(EMAPA:32769
GO:0043525	positive regulation of neuron apoptotic process	occurs_in(EMAPA:32769)
GO:0019915	lipid storage	occurs_in(EMAPA:32770
GO:0060079	excitatory postsynaptic potential	occurs_in(EMAPA:32770
GO:0015277	kainate selective glutamate receptor activity	occurs_in(EMAPA:32770
GO:0060079	excitatory postsynaptic potential	occurs_in(EMAPA:32770
GO:0006689	ganglioside catabolic process	occurs_in(EMAPA:32770
GO:0019915	lipid storage	occurs_in(EMAPA:32770
GO:0007040	lysosome organization	occurs_in(EMAPA:32770
GO:0007040	lysosome organization	occurs_in(EMAPA:32770
GO:0031630	regulation of synaptic vesicle fusion to presynaptic membrane	occurs_in(EMAPA:32770
GO:0048488	synaptic vesicle endocytosis	occurs_in(EMAPA:32770
GO:0060079	excitatory postsynaptic potential	occurs_in(EMAPA:32770
GO:0016358	dendrite development	occurs_in(EMAPA:32770
GO:0019915	lipid storage	occurs_in(EMAPA:32770
GO:0015277	kainate selective glutamate receptor activity	occurs_in(EMAPA:32770
GO:0004972	NMDA glutamate receptor activity	occurs_in(EMAPA:32770
GO:0021860	pyramidal neuron development	occurs_in(EMAPA:32770
GO:0051899	membrane depolarization	occurs_in(EMAPA:32770
GO:0016236	macroautophagy	occurs_in(EMAPA:32770
GO:0021766	hippocampus development	occurs_in(EMAPA:32770)
GO:0015277	kainate selective glutamate receptor activity	occurs_in(EMAPA:32770)
GO:0035249	synaptic transmission, glutamatergic	occurs_in(EMAPA:32770)
GO:0042391	regulation of membrane potential	occurs_in(EMAPA:32770)
GO:0097062	dendritic spine maintenance	occurs_in(EMAPA:32770)
GO:0001591	dopamine neurotransmitter receptor activity, coupled via Gi/Go	occurs_in(EMAPA:32770)
GO:0060079	excitatory postsynaptic potential	occurs_in(EMAPA:32770)
GO:0050808	synapse organization	occurs_in(EMAPA:32770)
GO:0005515	protein binding	occurs_in(EMAPA:32770)
GO:0043525	positive regulation of neuron apoptotic process	occurs_in(EMAPA:32770)
GO:0048813	dendrite morphogenesis	occurs_in(EMAPA:32770)
GO:0021860	pyramidal neuron development	occurs_in(EMAPA:32772)
GO:0021819	layer formation in cerebral cortex	occurs_in(EMAPA:32772)
GO:0043616	keratinocyte proliferation	occurs_in(EMAPA:32779
GO:0043616	keratinocyte proliferation	occurs_in(EMAPA:32779
GO:0031703	type 2 angiotensin receptor binding	occurs_in(EMAPA:32780)
GO:0031702	type 1 angiotensin receptor binding	occurs_in(EMAPA:32780)
GO:0004945	angiotensin type II receptor activity	occurs_in(EMAPA:32780)
GO:0007189	adenylate cyclase-activating G-protein coupled receptor signaling pathway	occurs_in(EMAPA:32782
GO:0010468	regulation of gene expression	occurs_in(EMAPA:32782
GO:0010468	regulation of gene expression	occurs_in(EMAPA:32782
GO:0010468	regulation of gene expression	occurs_in(EMAPA:32782
GO:0010468	regulation of gene expression	occurs_in(EMAPA:32782
GO:0006878	cellular copper ion homeostasis	occurs_in(EMAPA:32782)
GO:0016462	pyrophosphatase activity	occurs_in(EMAPA:32782)
GO:0043932	ossification involved in bone remodeling	occurs_in(EMAPA:32782)
GO:0002076	osteoblast development	occurs_in(EMAPA:32782)
GO:0030216	keratinocyte differentiation	occurs_in(EMAPA:32785
GO:0003334	keratinocyte development	occurs_in(EMAPA:32785
GO:0009957	epidermal cell fate specification	occurs_in(EMAPA:32785
GO:0045618	positive regulation of keratinocyte differentiation	occurs_in(EMAPA:32785)
GO:0002064	epithelial cell development	occurs_in(EMAPA:32785)
GO:0003334	keratinocyte development	occurs_in(EMAPA:32786
GO:0002064	epithelial cell development	occurs_in(EMAPA:32786
GO:0009913	epidermal cell differentiation	occurs_in(EMAPA:32786)
GO:0003334	keratinocyte development	occurs_in(EMAPA:32787
GO:0002064	epithelial cell development	occurs_in(EMAPA:32787
GO:0061436	establishment of skin barrier	occurs_in(EMAPA:32787)
GO:0015277	kainate selective glutamate receptor activity	occurs_in(EMAPA:32789
GO:0060079	excitatory postsynaptic potential	occurs_in(EMAPA:32789
GO:0001591	dopamine neurotransmitter receptor activity, coupled via Gi/Go	occurs_in(EMAPA:32789)
GO:0022848	acetylcholine-gated cation-selective channel activity	occurs_in(EMAPA:32789)
GO:0031702	type 1 angiotensin receptor binding	occurs_in(EMAPA:32789)
GO:0042127	regulation of cell proliferation	occurs_in(EMAPA:32793)
GO:2000179	positive regulation of neural precursor cell proliferation	occurs_in(EMAPA:32804
GO:0021846	cell proliferation in forebrain	occurs_in(EMAPA:32804
GO:2000178	negative regulation of neural precursor cell proliferation	occurs_in(EMAPA:32804
GO:2000177	regulation of neural precursor cell proliferation	occurs_in(EMAPA:32804
GO:0021847	ventricular zone neuroblast division	occurs_in(EMAPA:32804
GO:0030154	cell differentiation	occurs_in(EMAPA:32804
GO:0030154	cell differentiation	occurs_in(EMAPA:32804
GO:2000179	positive regulation of neural precursor cell proliferation	occurs_in(EMAPA:32804)
GO:0007405	neuroblast proliferation	occurs_in(EMAPA:32804)
GO:2000178	negative regulation of neural precursor cell proliferation	occurs_in(EMAPA:32804)
GO:0097150	neuronal stem cell population maintenance	occurs_in(EMAPA:32804)
GO:0097150	neuronal stem cell population maintenance	occurs_in(EMAPA:32804)
GO:0045665	negative regulation of neuron differentiation	occurs_in(EMAPA:32809
GO:0044267	cellular protein metabolic process	occurs_in(EMAPA:32809
GO:0044267	cellular protein metabolic process	occurs_in(EMAPA:32809
GO:0022029	telencephalon cell migration	occurs_in(EMAPA:32809
GO:0048675	axon extension	occurs_in(EMAPA:32809)
GO:0045773	positive regulation of axon extension	occurs_in(EMAPA:32809)
GO:0030517	negative regulation of axon extension	occurs_in(EMAPA:32809)
GO:0005515	protein binding	occurs_in(EMAPA:32809)
GO:0042415	norepinephrine metabolic process	occurs_in(EMAPA:32809)
GO:0022011	myelination in peripheral nervous system	occurs_in(EMAPA:32815)
GO:0060691	epithelial cell maturation involved in salivary gland development	occurs_in(EMAPA:32816
GO:0002070	epithelial cell maturation	occurs_in(EMAPA:32816
GO:0000122	negative regulation of transcription from RNA polymerase II promoter	occurs_in(EMAPA:32826
GO:0000122	negative regulation of transcription from RNA polymerase II promoter	occurs_in(EMAPA:32826
GO:0044458	motile cilium assembly	occurs_in(EMAPA:32826
GO:0002064	epithelial cell development	occurs_in(EMAPA:32827
GO:0035082	axoneme assembly	occurs_in(EMAPA:32827
GO:0060271	cilium assembly	occurs_in(EMAPA:32827
GO:0071294	cellular response to zinc ion	occurs_in(EMAPA:32834
GO:0007091	metaphase/anaphase transition of mitotic cell cycle	occurs_in(EMAPA:32834
GO:0030036	actin cytoskeleton organization	occurs_in(EMAPA:32834
GO:0072148	epithelial cell fate commitment	occurs_in(EMAPA:32834
GO:0046632	alpha-beta T cell differentiation	occurs_in(EMAPA:32834
GO:0033198	response to ATP	occurs_in(EMAPA:32834
GO:0007091	metaphase/anaphase transition of mitotic cell cycle	occurs_in(EMAPA:32834
GO:0004883	glucocorticoid receptor activity	occurs_in(EMAPA:32834
GO:0006154	adenosine catabolic process	occurs_in(EMAPA:32834)
GO:0046103	inosine biosynthetic process	occurs_in(EMAPA:32834)
GO:0010332	response to gamma radiation	occurs_in(EMAPA:32834)
GO:0042127	regulation of cell proliferation	occurs_in(EMAPA:32834)
GO:0010719	negative regulation of epithelial to mesenchymal transition	occurs_in(EMAPA:32834)
GO:0004000	adenosine deaminase activity	occurs_in(EMAPA:32834)
GO:0004000	adenosine deaminase activity	occurs_in(EMAPA:32834)
GO:0030141	secretory granule	occurs_in(EMAPA:32834)
GO:0045597	positive regulation of cell differentiation	occurs_in(EMAPA:32834)
GO:0016071	mRNA metabolic process	occurs_in(EMAPA:32834)
GO:0043367	CD4-positive, alpha-beta T cell differentiation	occurs_in(EMAPA:32834)
GO:0090090	negative regulation of canonical Wnt signaling pathway	occurs_in(EMAPA:32834)
GO:0004000	adenosine deaminase activity	occurs_in(EMAPA:32834)
GO:0006154	adenosine catabolic process	occurs_in(EMAPA:32834)
GO:0042391	regulation of membrane potential	occurs_in(EMAPA:32834)
GO:0006154	adenosine catabolic process	occurs_in(EMAPA:32834)
GO:0042771	intrinsic apoptotic signaling pathway in response to DNA damage by p53 class mediator	occurs_in(EMAPA:32834)
GO:0007040	lysosome organization	occurs_in(EMAPA:32837
GO:0019915	lipid storage	occurs_in(EMAPA:32837
GO:0021795	cerebral cortex cell migration	occurs_in(EMAPA:32842
GO:0021895	cerebral cortex neuron differentiation	occurs_in(EMAPA:32842
GO:0003924	GTPase activity	occurs_in(EMAPA:32842
GO:0005096	GTPase activator activity	occurs_in(EMAPA:32842
GO:0048813	dendrite morphogenesis	occurs_in(EMAPA:32842
GO:0007265	Ras protein signal transduction	occurs_in(EMAPA:32842
GO:0030036	actin cytoskeleton organization	occurs_in(EMAPA:32842
GO:0001764	neuron migration	occurs_in(EMAPA:32842
GO:0060081	membrane hyperpolarization	occurs_in(EMAPA:32842)
GO:0014051	gamma-aminobutyric acid secretion	occurs_in(EMAPA:32842)
GO:0007214	gamma-aminobutyric acid signaling pathway	occurs_in(EMAPA:32842)
GO:0006816	calcium ion transport	occurs_in(EMAPA:32842)
GO:0051899	membrane depolarization	occurs_in(EMAPA:32842)
GO:0051642	centrosome localization	occurs_in(EMAPA:32842)
GO:0007409	axonogenesis	occurs_in(EMAPA:32845
GO:0008474	palmitoyl-(protein) hydrolase activity	occurs_in(EMAPA:32845
GO:0006874	cellular calcium ion homeostasis	occurs_in(EMAPA:32845
GO:0016079	synaptic vesicle exocytosis	occurs_in(EMAPA:32845
GO:0000187	activation of MAPK activity	occurs_in(EMAPA:32845
GO:0048675	axon extension	occurs_in(EMAPA:32845
GO:0051563	smooth endoplasmic reticulum calcium ion homeostasis	occurs_in(EMAPA:32845
GO:0021879	forebrain neuron differentiation	occurs_in(EMAPA:32845
GO:0035249	synaptic transmission, glutamatergic	occurs_in(EMAPA:32845
GO:0070050	neuron cellular homeostasis	occurs_in(EMAPA:32845
GO:0016188	synaptic vesicle maturation	occurs_in(EMAPA:32845
GO:0021955	central nervous system neuron axonogenesis	occurs_in(EMAPA:32845
GO:0006811	ion transport	occurs_in(EMAPA:32845
GO:0021955	central nervous system neuron axonogenesis	occurs_in(EMAPA:32845
GO:0016358	dendrite development	occurs_in(EMAPA:32845
GO:0043524	negative regulation of neuron apoptotic process	occurs_in(EMAPA:32845
GO:0042981	regulation of apoptotic process	occurs_in(EMAPA:32845
GO:0021860	pyramidal neuron development	occurs_in(EMAPA:32845
GO:0005242	inward rectifier potassium channel activity	occurs_in(EMAPA:32845
GO:0007040	lysosome organization	occurs_in(EMAPA:32845
GO:0007269	neurotransmitter secretion	occurs_in(EMAPA:32845
GO:0007040	lysosome organization	occurs_in(EMAPA:32845
GO:0071361	cellular response to ethanol	occurs_in(EMAPA:32845
GO:0016322	neuron remodeling	occurs_in(EMAPA:32845
GO:0016358	dendrite development	occurs_in(EMAPA:32845
GO:0006874	cellular calcium ion homeostasis	occurs_in(EMAPA:32845
GO:0044267	cellular protein metabolic process	occurs_in(EMAPA:32845
GO:0033198	response to ATP	occurs_in(EMAPA:32845
GO:0042137	sequestering of neurotransmitter	occurs_in(EMAPA:32845
GO:0060079	excitatory postsynaptic potential	occurs_in(EMAPA:32845
GO:0016081	synaptic vesicle docking	occurs_in(EMAPA:32845
GO:0015277	kainate selective glutamate receptor activity	occurs_in(EMAPA:32845
GO:0022839	ion gated channel activity	occurs_in(EMAPA:32845
GO:0060075	regulation of resting membrane potential	occurs_in(EMAPA:32845
GO:0005248	voltage-gated sodium channel activity	occurs_in(EMAPA:32845
GO:0005248	voltage-gated sodium channel activity	occurs_in(EMAPA:32845
GO:0019228	neuronal action potential	occurs_in(EMAPA:32845
GO:0019228	neuronal action potential	occurs_in(EMAPA:32845
GO:0005515	protein binding	occurs_in(EMAPA:32845
GO:0006689	ganglioside catabolic process	occurs_in(EMAPA:32845
GO:0006874	cellular calcium ion homeostasis	occurs_in(EMAPA:32845
GO:0008277	regulation of G-protein coupled receptor protein signaling pathway	occurs_in(EMAPA:32845
GO:0007186	G-protein coupled receptor signaling pathway	occurs_in(EMAPA:32845
GO:0071805	potassium ion transmembrane transport	occurs_in(EMAPA:32845
GO:0006468	protein phosphorylation	occurs_in(EMAPA:32845
GO:0004972	NMDA glutamate receptor activity	occurs_in(EMAPA:32845
GO:0019228	neuronal action potential	occurs_in(EMAPA:32845
GO:0001764	neuron migration	occurs_in(EMAPA:32845
GO:0016188	synaptic vesicle maturation	occurs_in(EMAPA:32845
GO:0034220	ion transmembrane transport	occurs_in(EMAPA:32845
GO:0016082	synaptic vesicle priming	occurs_in(EMAPA:32845
GO:0045499	chemorepellent activity	occurs_in(EMAPA:32845
GO:0048488	synaptic vesicle endocytosis	occurs_in(EMAPA:32845
GO:0007040	lysosome organization	occurs_in(EMAPA:32845
GO:0006814	sodium ion transport	occurs_in(EMAPA:32845
GO:0006814	sodium ion transport	occurs_in(EMAPA:32845
GO:0048489	synaptic vesicle transport	occurs_in(EMAPA:32845
GO:0006874	cellular calcium ion homeostasis	occurs_in(EMAPA:32845
GO:0035494	SNARE complex disassembly	occurs_in(EMAPA:32845
GO:0021879	forebrain neuron differentiation	occurs_in(EMAPA:32845
GO:0021879	forebrain neuron differentiation	occurs_in(EMAPA:32845
GO:0061351	neural precursor cell proliferation	occurs_in(EMAPA:32845
GO:0043524	negative regulation of neuron apoptotic process	occurs_in(EMAPA:32845
GO:0043524	negative regulation of neuron apoptotic process	occurs_in(EMAPA:32845
GO:0048488	synaptic vesicle endocytosis	occurs_in(EMAPA:32845
GO:0051935	glutamate reuptake	occurs_in(EMAPA:32845
GO:0007268	chemical synaptic transmission	occurs_in(EMAPA:32845)
GO:0060154	cellular process regulating host cell cycle in response to virus	occurs_in(EMAPA:32845)
GO:0003917	DNA topoisomerase type I activity	occurs_in(EMAPA:32845)
GO:0007405	neuroblast proliferation	occurs_in(EMAPA:32845)
GO:0043525	positive regulation of neuron apoptotic process	occurs_in(EMAPA:32845)
GO:0022848	acetylcholine-gated cation-selective channel activity	occurs_in(EMAPA:32845)
GO:0015811	L-cystine transport	occurs_in(EMAPA:32845)
GO:0006882	cellular zinc ion homeostasis	occurs_in(EMAPA:32845)
GO:0015184	L-cystine transmembrane transporter activity	occurs_in(EMAPA:32845)
GO:0022848	acetylcholine-gated cation-selective channel activity	occurs_in(EMAPA:32845)
GO:0007040	lysosome organization	occurs_in(EMAPA:32845)
GO:0060291	long-term synaptic potentiation	occurs_in(EMAPA:32845)
GO:0007405	neuroblast proliferation	occurs_in(EMAPA:32845)
GO:0043524	negative regulation of neuron apoptotic process	occurs_in(EMAPA:32845)
GO:0071926	endocannabinoid signaling pathway	occurs_in(EMAPA:32845)
GO:0050667	homocysteine metabolic process	occurs_in(EMAPA:32845)
GO:0006119	oxidative phosphorylation	occurs_in(EMAPA:32845)
GO:0043524	negative regulation of neuron apoptotic process	occurs_in(EMAPA:32845)
GO:0022848	acetylcholine-gated cation-selective channel activity	occurs_in(EMAPA:32845)
GO:0000096	sulfur amino acid metabolic process	occurs_in(EMAPA:32845)
GO:0001588	dopamine neurotransmitter receptor activity, coupled via Gs	occurs_in(EMAPA:32845)
GO:0050900	leukocyte migration	occurs_in(EMAPA:32845)
GO:0098978	glutamatergic synapse	occurs_in(EMAPA:32845)
GO:0036465	synaptic vesicle recycling	occurs_in(EMAPA:32845)
GO:0022848	acetylcholine-gated cation-selective channel activity	occurs_in(EMAPA:32845)
GO:0021846	cell proliferation in forebrain	occurs_in(EMAPA:32845)
GO:2000463	positive regulation of excitatory postsynaptic potential	occurs_in(EMAPA:32845)
GO:0006874	cellular calcium ion homeostasis	occurs_in(EMAPA:32845)
GO:0007040	lysosome organization	occurs_in(EMAPA:32845)
GO:0019915	lipid storage	occurs_in(EMAPA:32847
GO:0008283	cell proliferation	occurs_in(EMAPA:32847
GO:0042063	gliogenesis	occurs_in(EMAPA:32847)
GO:0004842	ubiquitin-protein transferase activity	occurs_in(EMAPA:32860
GO:0006511	ubiquitin-dependent protein catabolic process	occurs_in(EMAPA:32860
GO:0048469	cell maturation	occurs_in(EMAPA:32860
GO:0048469	cell maturation	occurs_in(EMAPA:32860
GO:0060480	lung goblet cell differentiation	occurs_in(EMAPA:32860
GO:0061100	lung neuroendocrine cell differentiation	occurs_in(EMAPA:32860
GO:0006513	protein monoubiquitination	occurs_in(EMAPA:32860
GO:0030324	lung development	occurs_in(EMAPA:32860)
GO:0048754	branching morphogenesis of an epithelial tube	occurs_in(EMAPA:32860)
GO:1905515	non-motile cilium assembly	occurs_in(EMAPA:32866
GO:0006833	water transport	occurs_in(EMAPA:32867
GO:0006833	water transport	occurs_in(EMAPA:32867)
GO:0016358	dendrite development	occurs_in(EMAPA:32869
GO:0021952	central nervous system projection neuron axonogenesis	occurs_in(EMAPA:32869
GO:0031290	retinal ganglion cell axon guidance	occurs_in(EMAPA:32869
GO:0007409	axonogenesis	occurs_in(EMAPA:32869
GO:0043524	negative regulation of neuron apoptotic process	occurs_in(EMAPA:32869
GO:0022848	acetylcholine-gated cation-selective channel activity	occurs_in(EMAPA:32869)
GO:0022848	acetylcholine-gated cation-selective channel activity	occurs_in(EMAPA:32869)
GO:0022848	acetylcholine-gated cation-selective channel activity	occurs_in(EMAPA:32869)
GO:0022848	acetylcholine-gated cation-selective channel activity	occurs_in(EMAPA:32870
GO:0022848	acetylcholine-gated cation-selective channel activity	occurs_in(EMAPA:32870)
GO:0071456	cellular response to hypoxia	occurs_in(EMAPA:32871
GO:0033138	positive regulation of peptidyl-serine phosphorylation	occurs_in(EMAPA:32871)
GO:0006047	UDP-N-acetylglucosamine metabolic process	occurs_in(EMAPA:32873
GO:0006047	UDP-N-acetylglucosamine metabolic process	occurs_in(EMAPA:32873
GO:0000281	mitotic cytokinesis	occurs_in(EMAPA:32873
GO:0030857	negative regulation of epithelial cell differentiation	occurs_in(EMAPA:32873
GO:0030857	negative regulation of epithelial cell differentiation	occurs_in(EMAPA:32873
GO:0030857	negative regulation of epithelial cell differentiation	occurs_in(EMAPA:32873
GO:0016477	cell migration	occurs_in(EMAPA:32873)
GO:0045597	positive regulation of cell differentiation	occurs_in(EMAPA:32873)
GO:0003705	transcription factor activity, RNA polymerase II distal enhancer sequence-specific binding	occurs_in(EMAPA:32874
GO:0000122	negative regulation of transcription from RNA polymerase II promoter	occurs_in(EMAPA:32874
GO:0042803	protein homodimerization activity	occurs_in(EMAPA:32874
GO:0006878	cellular copper ion homeostasis	occurs_in(EMAPA:32874
GO:0045588	positive regulation of gamma-delta T cell differentiation	occurs_in(EMAPA:32874
GO:0050892	intestinal absorption	occurs_in(EMAPA:32874
GO:0015909	long-chain fatty acid transport	occurs_in(EMAPA:32874
GO:0010468	regulation of gene expression	occurs_in(EMAPA:32874
GO:0046982	protein heterodimerization activity	occurs_in(EMAPA:32874
GO:0002067	glandular epithelial cell differentiation	occurs_in(EMAPA:32874
GO:0050680	negative regulation of epithelial cell proliferation	occurs_in(EMAPA:32874)
GO:0046982	protein heterodimerization activity	occurs_in(EMAPA:32874)
GO:0002438	acute inflammatory response to antigenic stimulus	occurs_in(EMAPA:32874)
GO:0042803	protein homodimerization activity	occurs_in(EMAPA:32874)
GO:0051726	regulation of cell cycle	occurs_in(EMAPA:32874)
GO:0006878	cellular copper ion homeostasis	occurs_in(EMAPA:32874)
GO:0042127	regulation of cell proliferation	occurs_in(EMAPA:32874)
GO:0035745	T-helper 2 cell cytokine production	occurs_in(EMAPA:32874)
GO:0031957	very long-chain fatty acid-CoA ligase activity	occurs_in(EMAPA:32874)
GO:0016122	xanthophyll metabolic process	occurs_in(EMAPA:32874)
GO:0050892	intestinal absorption	occurs_in(EMAPA:32874)
GO:0009617	response to bacterium	occurs_in(EMAPA:32874)
GO:0050178	phenylpyruvate tautomerase activity	occurs_in(EMAPA:32874)
GO:0051276	chromosome organization	occurs_in(EMAPA:32874)
GO:0006693	prostaglandin metabolic process	occurs_in(EMAPA:32874)
GO:0060576	intestinal epithelial cell development	occurs_in(EMAPA:32874)
GO:0015677	copper ion import	occurs_in(EMAPA:32874)
GO:0042574	retinal metabolic process	occurs_in(EMAPA:32874)
GO:0010332	response to gamma radiation	occurs_in(EMAPA:32874)
GO:0006878	cellular copper ion homeostasis	occurs_in(EMAPA:32874)
GO:0006878	cellular copper ion homeostasis	occurs_in(EMAPA:32874)
GO:0006777	Mo-molybdopterin cofactor biosynthetic process	occurs_in(EMAPA:32874)
GO:1901810	beta-carotene metabolic process	occurs_in(EMAPA:32874)
GO:0048468	cell development	occurs_in(EMAPA:32888
GO:0030163	protein catabolic process	occurs_in(EMAPA:32888)
GO:0006826	iron ion transport	occurs_in(EMAPA:32888)
GO:0022617	extracellular matrix disassembly	occurs_in(EMAPA:32888)
GO:0097186	amelogenesis	occurs_in(EMAPA:32889)
GO:0048468	cell development	occurs_in(EMAPA:32897
GO:0071895	odontoblast differentiation	occurs_in(EMAPA:32897)
GO:0005539	glycosaminoglycan binding	occurs_in(EMAPA:32906)
GO:0001948	glycoprotein binding	occurs_in(EMAPA:32906)
GO:0044342	type B pancreatic cell proliferation	occurs_in(EMAPA:32927
GO:0006739	NADP metabolic process	occurs_in(EMAPA:32927
GO:0070588	calcium ion transmembrane transport	occurs_in(EMAPA:32927
GO:0048469	cell maturation	occurs_in(EMAPA:32927
GO:0005245	voltage-gated calcium channel activity	occurs_in(EMAPA:32927
GO:0004473	malate dehydrogenase (decarboxylating) (NADP+) activity	occurs_in(EMAPA:32927
GO:0030154	cell differentiation	occurs_in(EMAPA:32927
GO:0048468	cell development	occurs_in(EMAPA:32927
GO:0000989	transcription factor activity, transcription factor binding	occurs_in(EMAPA:32927)
GO:0001076	transcription factor activity, RNA polymerase II transcription factor binding	occurs_in(EMAPA:32927)
GO:0035774	positive regulation of insulin secretion involved in cellular response to glucose stimulus	occurs_in(EMAPA:32927)
GO:0071467	cellular response to pH	occurs_in(EMAPA:32927)
GO:0007224	smoothened signaling pathway	occurs_in(EMAPA:32927)
GO:0008201	heparin binding	occurs_in(EMAPA:32927)
GO:0071444	cellular response to pheromone	occurs_in(EMAPA:35106)
GO:0022848	acetylcholine-gated cation-selective channel activity	occurs_in(EMAPA:35108
GO:0022848	acetylcholine-gated cation-selective channel activity	occurs_in(EMAPA:35111
GO:0034389	lipid particle organization	occurs_in(EMAPA:35112
GO:0045598	regulation of fat cell differentiation	occurs_in(EMAPA:35112
GO:0045599	negative regulation of fat cell differentiation	occurs_in(EMAPA:35112
GO:0045599	negative regulation of fat cell differentiation	occurs_in(EMAPA:35112)
GO:0006119	oxidative phosphorylation	occurs_in(EMAPA:35112)
GO:0043491	protein kinase B signaling	occurs_in(EMAPA:35112)
GO:0004465	lipoprotein lipase activity	occurs_in(EMAPA:35112)
GO:0007006	mitochondrial membrane organization	occurs_in(EMAPA:35113
GO:0007006	mitochondrial membrane organization	occurs_in(EMAPA:35113
GO:0007006	mitochondrial membrane organization	occurs_in(EMAPA:35113
GO:0006878	cellular copper ion homeostasis	occurs_in(EMAPA:35117)
GO:0051145	smooth muscle cell differentiation	occurs_in(EMAPA:35122
GO:0022848	acetylcholine-gated cation-selective channel activity	occurs_in(EMAPA:35132
GO:0003365	establishment of cell polarity involved in ameboidal cell migration	occurs_in(EMAPA:35134
GO:0035887	aortic smooth muscle cell differentiation	occurs_in(EMAPA:35135
GO:0019934	cGMP-mediated signaling	occurs_in(EMAPA:35135)
GO:0060087	relaxation of vascular smooth muscle	occurs_in(EMAPA:35135)
GO:0019915	lipid storage	occurs_in(EMAPA:35142
GO:0007040	lysosome organization	occurs_in(EMAPA:35142
GO:0001568	blood vessel development	occurs_in(EMAPA:35146)
GO:0001568	blood vessel development	occurs_in(EMAPA:35147)
GO:0030199	collagen fibril organization	occurs_in(EMAPA:35149)
GO:1990079	cartilage homeostasis	occurs_in(EMAPA:35149)
GO:0060929	atrioventricular node cell fate commitment	occurs_in(EMAPA:35153
GO:0004972	NMDA glutamate receptor activity	occurs_in(EMAPA:35163
GO:0050974	detection of mechanical stimulus involved in sensory perception	occurs_in(EMAPA:35163)
GO:0035249	synaptic transmission, glutamatergic	occurs_in(EMAPA:35163)
GO:0007389	pattern specification process	occurs_in(EMAPA:35163)
GO:0021895	cerebral cortex neuron differentiation	occurs_in(EMAPA:35163)
GO:0007411	axon guidance	occurs_in(EMAPA:35163)
GO:0048873	homeostasis of number of cells within a tissue	occurs_in(EMAPA:35169)
GO:0007413	axonal fasciculation	occurs_in(EMAPA:35172)
GO:0006047	UDP-N-acetylglucosamine metabolic process	occurs_in(EMAPA:35176
GO:0006816	calcium ion transport	occurs_in(EMAPA:35176
GO:0003341	cilium movement	occurs_in(EMAPA:35183
GO:0003351	epithelial cilium movement	occurs_in(EMAPA:35183
GO:0006878	cellular copper ion homeostasis	occurs_in(EMAPA:35183)
GO:0006878	cellular copper ion homeostasis	occurs_in(EMAPA:35183)
GO:0005102	receptor binding	occurs_in(EMAPA:35187)
GO:0014003	oligodendrocyte development	occurs_in(EMAPA:35187)
GO:0022010	central nervous system myelination	occurs_in(EMAPA:35187)
GO:0002053	positive regulation of mesenchymal cell proliferation	occurs_in(EMAPA:35195)
GO:0060999	positive regulation of dendritic spine development	occurs_in(EMAPA:35196
GO:0051932	synaptic transmission, GABAergic	occurs_in(EMAPA:35196)
GO:0007416	synapse assembly	occurs_in(EMAPA:35196)
GO:0035249	synaptic transmission, glutamatergic	occurs_in(EMAPA:35196)
GO:0001568	blood vessel development	occurs_in(EMAPA:35198)
GO:0060070	canonical Wnt signaling pathway	occurs_in(EMAPA:35198)
GO:1902262	apoptotic process involved in blood vessel morphogenesis	occurs_in(EMAPA:35198)
GO:0008331	high voltage-gated calcium channel activity	occurs_in(EMAPA:35211
GO:0006511	ubiquitin-dependent protein catabolic process	occurs_in(EMAPA:35211
GO:0021942	radial glia guided migration of Purkinje cell	occurs_in(EMAPA:35212
GO:0045596	negative regulation of cell differentiation	occurs_in(EMAPA:35216
GO:0008283	cell proliferation	occurs_in(EMAPA:35216
GO:0019915	lipid storage	occurs_in(EMAPA:35217
GO:0019915	lipid storage	occurs_in(EMAPA:35217
GO:0019915	lipid storage	occurs_in(EMAPA:35217
GO:0005245	voltage-gated calcium channel activity	occurs_in(EMAPA:35217
GO:0007409	axonogenesis	occurs_in(EMAPA:35217
GO:0006689	ganglioside catabolic process	occurs_in(EMAPA:35217
GO:0007040	lysosome organization	occurs_in(EMAPA:35217
GO:0001764	neuron migration	occurs_in(EMAPA:35217
GO:0044267	cellular protein metabolic process	occurs_in(EMAPA:35217
GO:0044267	cellular protein metabolic process	occurs_in(EMAPA:35217
GO:0004972	NMDA glutamate receptor activity	occurs_in(EMAPA:35217
GO:0019915	lipid storage	occurs_in(EMAPA:35217
GO:0060079	excitatory postsynaptic potential	occurs_in(EMAPA:35217
GO:0043524	negative regulation of neuron apoptotic process	occurs_in(EMAPA:35217
GO:0043524	negative regulation of neuron apoptotic process	occurs_in(EMAPA:35217
GO:0019915	lipid storage	occurs_in(EMAPA:35217)
GO:0005102	receptor binding	occurs_in(EMAPA:35217)
GO:0060079	excitatory postsynaptic potential	occurs_in(EMAPA:35219
GO:0004972	NMDA glutamate receptor activity	occurs_in(EMAPA:35219
GO:0043524	negative regulation of neuron apoptotic process	occurs_in(EMAPA:35219
GO:0001764	neuron migration	occurs_in(EMAPA:35219
GO:0019915	lipid storage	occurs_in(EMAPA:35221
GO:0099558	maintenance of synapse structure	occurs_in(EMAPA:35221)
GO:0019915	lipid storage	occurs_in(EMAPA:35221)
GO:0016322	neuron remodeling	occurs_in(EMAPA:35221)
GO:0043524	negative regulation of neuron apoptotic process	occurs_in(EMAPA:35223
GO:0019915	lipid storage	occurs_in(EMAPA:35223
GO:0006874	cellular calcium ion homeostasis	occurs_in(EMAPA:35223
GO:0009313	oligosaccharide catabolic process	occurs_in(EMAPA:35223
GO:0019915	lipid storage	occurs_in(EMAPA:35223
GO:0016049	cell growth	occurs_in(EMAPA:35223
GO:0043524	negative regulation of neuron apoptotic process	occurs_in(EMAPA:35223
GO:0001508	action potential	occurs_in(EMAPA:35223
GO:0019915	lipid storage	occurs_in(EMAPA:35223
GO:0006814	sodium ion transport	occurs_in(EMAPA:35223
GO:0019228	neuronal action potential	occurs_in(EMAPA:35223
GO:0060079	excitatory postsynaptic potential	occurs_in(EMAPA:35223
GO:0021702	cerebellar Purkinje cell differentiation	occurs_in(EMAPA:35223
GO:0014003	oligodendrocyte development	occurs_in(EMAPA:35235)
GO:0022010	central nervous system myelination	occurs_in(EMAPA:35235)
GO:0043206	extracellular fibril organization	occurs_in(EMAPA:35239)
GO:0042417	dopamine metabolic process	occurs_in(EMAPA:35242)
GO:0042414	epinephrine metabolic process	occurs_in(EMAPA:35242)
GO:0060602	branch elongation of an epithelium	occurs_in(EMAPA:35245)
GO:0006974	cellular response to DNA damage stimulus	occurs_in(EMAPA:35246
GO:0030318	melanocyte differentiation	occurs_in(EMAPA:35246
GO:0035019	somatic stem cell population maintenance	occurs_in(EMAPA:35246)
GO:0006641	triglyceride metabolic process	occurs_in(EMAPA:35246)
GO:0008283	cell proliferation	occurs_in(EMAPA:35246)
GO:0043065	positive regulation of apoptotic process	occurs_in(EMAPA:35246)
GO:0043065	positive regulation of apoptotic process	occurs_in(EMAPA:35248
GO:0007040	lysosome organization	occurs_in(EMAPA:35251
GO:0007040	lysosome organization	occurs_in(EMAPA:35251
GO:0006878	cellular copper ion homeostasis	occurs_in(EMAPA:35251)
GO:0016358	dendrite development	occurs_in(EMAPA:35253
GO:0016055	Wnt signaling pathway	occurs_in(EMAPA:35253
GO:0014003	oligodendrocyte development	occurs_in(EMAPA:35253
GO:0060075	regulation of resting membrane potential	occurs_in(EMAPA:35253
GO:0008088	axo-dendritic transport	occurs_in(EMAPA:35253
GO:0071679	commissural neuron axon guidance	occurs_in(EMAPA:35253
GO:0016199	axon midline choice point recognition	occurs_in(EMAPA:35253
GO:0007409	axonogenesis	occurs_in(EMAPA:35253)
GO:0014003	oligodendrocyte development	occurs_in(EMAPA:35253)
GO:0022010	central nervous system myelination	occurs_in(EMAPA:35253)
GO:0016358	dendrite development	occurs_in(EMAPA:35255
GO:0060080	inhibitory postsynaptic potential	occurs_in(EMAPA:35256
GO:0006689	ganglioside catabolic process	occurs_in(EMAPA:35256
GO:0001764	neuron migration	occurs_in(EMAPA:35256
GO:0001764	neuron migration	occurs_in(EMAPA:35256)
GO:0021895	cerebral cortex neuron differentiation	occurs_in(EMAPA:35256)
GO:0042551	neuron maturation	occurs_in(EMAPA:35257
GO:0060080	inhibitory postsynaptic potential	occurs_in(EMAPA:35257
GO:0006689	ganglioside catabolic process	occurs_in(EMAPA:35257
GO:0001764	neuron migration	occurs_in(EMAPA:35257
GO:0016358	dendrite development	occurs_in(EMAPA:35257
GO:0004937	alpha1-adrenergic receptor activity	occurs_in(EMAPA:35257)
GO:0001764	neuron migration	occurs_in(EMAPA:35257)
GO:0021895	cerebral cortex neuron differentiation	occurs_in(EMAPA:35257)
GO:0019915	lipid storage	occurs_in(EMAPA:35259
GO:0048813	dendrite morphogenesis	occurs_in(EMAPA:35259
GO:0007040	lysosome organization	occurs_in(EMAPA:35259
GO:0016358	dendrite development	occurs_in(EMAPA:35259
GO:0021902	commitment of neuronal cell to specific neuron type in forebrain	occurs_in(EMAPA:35259
GO:0021860	pyramidal neuron development	occurs_in(EMAPA:35259
GO:0001764	neuron migration	occurs_in(EMAPA:35259)
GO:0016358	dendrite development	occurs_in(EMAPA:35260
GO:0007413	axonal fasciculation	occurs_in(EMAPA:35260)
GO:0007411	axon guidance	occurs_in(EMAPA:35260)
GO:0001764	neuron migration	occurs_in(EMAPA:35260)
GO:0043065	positive regulation of apoptotic process	occurs_in(EMAPA:35266
GO:0030856	regulation of epithelial cell differentiation	occurs_in(EMAPA:35266
GO:0007067	mitotic nuclear division	occurs_in(EMAPA:35266
GO:0060729	intestinal epithelial structure maintenance	occurs_in(EMAPA:35266)
GO:0044773	mitotic DNA damage checkpoint	occurs_in(EMAPA:35266)
GO:0045597	positive regulation of cell differentiation	occurs_in(EMAPA:35266)
GO:0050680	negative regulation of epithelial cell proliferation	occurs_in(EMAPA:35266)
GO:0019838	growth factor binding	occurs_in(EMAPA:35269
GO:0001779	natural killer cell differentiation	occurs_in(EMAPA:35269)
GO:0005515	protein binding	occurs_in(EMAPA:35269)
GO:0043184	vascular endothelial growth factor receptor 2 binding	occurs_in(EMAPA:35269)
GO:0001764	neuron migration	occurs_in(EMAPA:35276
GO:0001764	neuron migration	occurs_in(EMAPA:35277
GO:0016358	dendrite development	occurs_in(EMAPA:35277
GO:0002053	positive regulation of mesenchymal cell proliferation	occurs_in(EMAPA:35282)
GO:0001649	osteoblast differentiation	occurs_in(EMAPA:35304
GO:0002062	chondrocyte differentiation	occurs_in(EMAPA:35304
GO:0002062	chondrocyte differentiation	occurs_in(EMAPA:35304
GO:0001958	endochondral ossification	occurs_in(EMAPA:35304)
GO:0005245	voltage-gated calcium channel activity	occurs_in(EMAPA:35305
GO:0070588	calcium ion transmembrane transport	occurs_in(EMAPA:35305
GO:0030154	cell differentiation	occurs_in(EMAPA:35305
GO:0030154	cell differentiation	occurs_in(EMAPA:35305
GO:0030154	cell differentiation	occurs_in(EMAPA:35305
GO:0030154	cell differentiation	occurs_in(EMAPA:35305
GO:0060996	dendritic spine development	occurs_in(EMAPA:35313)
GO:0002064	epithelial cell development	occurs_in(EMAPA:35314)
GO:0045109	intermediate filament organization	occurs_in(EMAPA:35315
GO:0003334	keratinocyte development	occurs_in(EMAPA:35315)
GO:0045109	intermediate filament organization	occurs_in(EMAPA:35315)
GO:0008544	epidermis development	occurs_in(EMAPA:35315)
GO:0003334	keratinocyte development	occurs_in(EMAPA:35315)
GO:0008092	cytoskeletal protein binding	occurs_in(EMAPA:35315)
GO:0043297	apical junction assembly	occurs_in(EMAPA:35315)
GO:0005198	structural molecule activity	occurs_in(EMAPA:35315)
GO:0030859	polarized epithelial cell differentiation	occurs_in(EMAPA:35321
GO:0051145	smooth muscle cell differentiation	occurs_in(EMAPA:35323
GO:0030198	extracellular matrix organization	occurs_in(EMAPA:35323)
GO:0002070	epithelial cell maturation	occurs_in(EMAPA:35328
GO:0035994	response to muscle stretch	occurs_in(EMAPA:35330)
GO:0048741	skeletal muscle fiber development	occurs_in(EMAPA:35330)
GO:0048741	skeletal muscle fiber development	occurs_in(EMAPA:35330)
GO:0046716	muscle cell cellular homeostasis	occurs_in(EMAPA:35330)
GO:0001764	neuron migration	occurs_in(EMAPA:35338
GO:0043524	negative regulation of neuron apoptotic process	occurs_in(EMAPA:35338
GO:0043525	positive regulation of neuron apoptotic process	occurs_in(EMAPA:35338)
GO:0030316	osteoclast differentiation	occurs_in(EMAPA:35350
GO:0007005	mitochondrion organization	occurs_in(EMAPA:35351
GO:0030262	apoptotic nuclear changes	occurs_in(EMAPA:35351
GO:0006154	adenosine catabolic process	occurs_in(EMAPA:35351)
GO:0046103	inosine biosynthetic process	occurs_in(EMAPA:35351)
GO:0004000	adenosine deaminase activity	occurs_in(EMAPA:35351)
GO:0004000	adenosine deaminase activity	occurs_in(EMAPA:35351)
GO:0046101	hypoxanthine biosynthetic process	occurs_in(EMAPA:35351)
GO:0004000	adenosine deaminase activity	occurs_in(EMAPA:35351)
GO:0006154	adenosine catabolic process	occurs_in(EMAPA:35351)
GO:0046103	inosine biosynthetic process	occurs_in(EMAPA:35351)
GO:0004000	adenosine deaminase activity	occurs_in(EMAPA:35351)
GO:0006154	adenosine catabolic process	occurs_in(EMAPA:35351)
GO:0006154	adenosine catabolic process	occurs_in(EMAPA:35351)
GO:0046103	inosine biosynthetic process	occurs_in(EMAPA:35351)
GO:0006154	adenosine catabolic process	occurs_in(EMAPA:35351)
GO:0006157	deoxyadenosine catabolic process	occurs_in(EMAPA:35351)
GO:0046111	xanthine biosynthetic process	occurs_in(EMAPA:35351)
GO:0061003	positive regulation of dendritic spine morphogenesis	occurs_in(EMAPA:35357
GO:0001591	dopamine neurotransmitter receptor activity, coupled via Gi/Go	occurs_in(EMAPA:35357
GO:0060080	inhibitory postsynaptic potential	occurs_in(EMAPA:35357
GO:0021795	cerebral cortex cell migration	occurs_in(EMAPA:35357
GO:0001588	dopamine neurotransmitter receptor activity, coupled via Gs	occurs_in(EMAPA:35357)
GO:0007040	lysosome organization	occurs_in(EMAPA:35373
GO:0001078	transcriptional repressor activity, RNA polymerase II core promoter proximal region sequence-specific binding	occurs_in(EMAPA:35375
GO:0007409	axonogenesis	occurs_in(EMAPA:35375
GO:0048747	muscle fiber development	occurs_in(EMAPA:35375
GO:0000122	negative regulation of transcription from RNA polymerase II promoter	occurs_in(EMAPA:35375
GO:1902809	regulation of skeletal muscle fiber differentiation	occurs_in(EMAPA:35375)
GO:0046716	muscle cell cellular homeostasis	occurs_in(EMAPA:35375)
GO:0004563	beta-N-acetylhexosaminidase activity	occurs_in(EMAPA:35375)
GO:0046716	muscle cell cellular homeostasis	occurs_in(EMAPA:35375)
GO:0046716	muscle cell cellular homeostasis	occurs_in(EMAPA:35375)
GO:0060080	inhibitory postsynaptic potential	occurs_in(EMAPA:35380
GO:0019915	lipid storage	occurs_in(EMAPA:35380
GO:0021953	central nervous system neuron differentiation	occurs_in(EMAPA:35386
GO:0030154	cell differentiation	occurs_in(EMAPA:35386)
GO:0045597	positive regulation of cell differentiation	occurs_in(EMAPA:35402)
GO:0030316	osteoclast differentiation	occurs_in(EMAPA:35403
GO:0021952	central nervous system projection neuron axonogenesis	occurs_in(EMAPA:35404)
GO:0021799	cerebral cortex radially oriented cell migration	occurs_in(EMAPA:35407
GO:0001764	neuron migration	occurs_in(EMAPA:35407
GO:0043524	negative regulation of neuron apoptotic process	occurs_in(EMAPA:35409
GO:0007268	chemical synaptic transmission	occurs_in(EMAPA:35409)
GO:0001894	tissue homeostasis	occurs_in(EMAPA:35414)
GO:0043065	positive regulation of apoptotic process	occurs_in(EMAPA:35415
GO:0016934	extracellular-glycine-gated chloride channel activity	occurs_in(EMAPA:35416
GO:0048873	homeostasis of number of cells within a tissue	occurs_in(EMAPA:35421)
GO:0007389	pattern specification process	occurs_in(EMAPA:35428)
GO:0061337	cardiac conduction	occurs_in(EMAPA:35428)
GO:0022848	acetylcholine-gated cation-selective channel activity	occurs_in(EMAPA:35439
GO:0005515	protein binding	occurs_in(EMAPA:35440)
GO:0006631	fatty acid metabolic process	occurs_in(EMAPA:35440)
GO:0042127	regulation of cell proliferation	occurs_in(EMAPA:35440)
GO:0002426	immunoglobulin production in mucosal tissue	occurs_in(EMAPA:35440)
GO:0004619	phosphoglycerate mutase activity	occurs_in(EMAPA:35443)
GO:0006939	smooth muscle contraction	occurs_in(EMAPA:35443)
GO:0019934	cGMP-mediated signaling	occurs_in(EMAPA:35443)
GO:0045986	negative regulation of smooth muscle contraction	occurs_in(EMAPA:35443)
GO:0030432	peristalsis	occurs_in(EMAPA:35443)
GO:0006939	smooth muscle contraction	occurs_in(EMAPA:35448)
GO:0001591	dopamine neurotransmitter receptor activity, coupled via Gi/Go	occurs_in(EMAPA:35452)
GO:0001894	tissue homeostasis	occurs_in(EMAPA:35456)
GO:0042771	intrinsic apoptotic signaling pathway in response to DNA damage by p53 class mediator	occurs_in(EMAPA:35465)
GO:0008630	intrinsic apoptotic signaling pathway in response to DNA damage	occurs_in(EMAPA:35465)
GO:0060576	intestinal epithelial cell development	occurs_in(EMAPA:35466
GO:0060576	intestinal epithelial cell development	occurs_in(EMAPA:35466
GO:0051145	smooth muscle cell differentiation	occurs_in(EMAPA:35469
GO:0021952	central nervous system projection neuron axonogenesis	occurs_in(EMAPA:35478
GO:0021955	central nervous system neuron axonogenesis	occurs_in(EMAPA:35478
GO:0031290	retinal ganglion cell axon guidance	occurs_in(EMAPA:35478
GO:0007409	axonogenesis	occurs_in(EMAPA:35478
GO:0021952	central nervous system projection neuron axonogenesis	occurs_in(EMAPA:35478
GO:0022848	acetylcholine-gated cation-selective channel activity	occurs_in(EMAPA:35478)
GO:0007040	lysosome organization	occurs_in(EMAPA:35480
GO:0022848	acetylcholine-gated cation-selective channel activity	occurs_in(EMAPA:35485)
GO:0007214	gamma-aminobutyric acid signaling pathway	occurs_in(EMAPA:35487)
GO:0001958	endochondral ossification	occurs_in(EMAPA:35494)
GO:0002062	chondrocyte differentiation	occurs_in(EMAPA:35495)
GO:0030199	collagen fibril organization	occurs_in(EMAPA:35495)
GO:0060348	bone development	occurs_in(EMAPA:35495)
GO:0007160	cell-matrix adhesion	occurs_in(EMAPA:35496)
GO:0021953	central nervous system neuron differentiation	occurs_in(EMAPA:35502
GO:0021953	central nervous system neuron differentiation	occurs_in(EMAPA:35502
GO:0010992	ubiquitin homeostasis	occurs_in(EMAPA:35502)
GO:0010992	ubiquitin homeostasis	occurs_in(EMAPA:35502)
GO:0000122	negative regulation of transcription from RNA polymerase II promoter	occurs_in(EMAPA:35505
GO:0000122	negative regulation of transcription from RNA polymerase II promoter	occurs_in(EMAPA:35505
GO:0000122	negative regulation of transcription from RNA polymerase II promoter	occurs_in(EMAPA:35505
GO:0032330	regulation of chondrocyte differentiation	occurs_in(EMAPA:35505
GO:0030198	extracellular matrix organization	occurs_in(EMAPA:35505)
GO:0001958	endochondral ossification	occurs_in(EMAPA:35505)
GO:0005201	extracellular matrix structural constituent	occurs_in(EMAPA:35505)
GO:0002062	chondrocyte differentiation	occurs_in(EMAPA:35508)
GO:0030199	collagen fibril organization	occurs_in(EMAPA:35508)
GO:0002063	chondrocyte development	occurs_in(EMAPA:35508)
GO:0006029	proteoglycan metabolic process	occurs_in(EMAPA:35508)
GO:0030199	collagen fibril organization	occurs_in(EMAPA:35508)
GO:0002076	osteoblast development	occurs_in(EMAPA:35508)
GO:0048771	tissue remodeling	occurs_in(EMAPA:35521)
GO:0060309	elastin catabolic process	occurs_in(EMAPA:35521)
GO:0043375	CD8-positive, alpha-beta T cell lineage commitment	occurs_in(EMAPA:35523
GO:0030183	B cell differentiation	occurs_in(EMAPA:35523
GO:0036336	dendritic cell migration	occurs_in(EMAPA:35523
GO:0030217	T cell differentiation	occurs_in(EMAPA:35523
GO:0030217	T cell differentiation	occurs_in(EMAPA:35523
GO:0030217	T cell differentiation	occurs_in(EMAPA:35523)
GO:0072678	T cell migration	occurs_in(EMAPA:35523)
GO:0001776	leukocyte homeostasis	occurs_in(EMAPA:35523)
GO:0004000	adenosine deaminase activity	occurs_in(EMAPA:35523)
GO:0006154	adenosine catabolic process	occurs_in(EMAPA:35523)
GO:0046103	inosine biosynthetic process	occurs_in(EMAPA:35523)
GO:0050698	proteoglycan sulfotransferase activity	occurs_in(EMAPA:35523)
GO:0006477	protein sulfation	occurs_in(EMAPA:35523)
GO:0043029	T cell homeostasis	occurs_in(EMAPA:35523)
GO:0000981	RNA polymerase II transcription factor activity, sequence-specific DNA binding	occurs_in(EMAPA:35533
GO:0001736	establishment of planar polarity	occurs_in(EMAPA:35535
GO:0060122	inner ear receptor stereocilium organization	occurs_in(EMAPA:35535
GO:0007015	actin filament organization	occurs_in(EMAPA:35535
GO:0060598	dichotomous subdivision of terminal units involved in mammary gland duct morphogenesis	occurs_in(EMAPA:35538)
GO:0060638	mesenchymal-epithelial cell signaling	occurs_in(EMAPA:35539)
GO:0007040	lysosome organization	occurs_in(EMAPA:35542
GO:0022848	acetylcholine-gated cation-selective channel activity	occurs_in(EMAPA:35546
GO:0022848	acetylcholine-gated cation-selective channel activity	occurs_in(EMAPA:35547
GO:0022848	acetylcholine-gated cation-selective channel activity	occurs_in(EMAPA:35554
GO:0051533	positive regulation of NFAT protein import into nucleus	occurs_in(EMAPA:35561)
GO:2000516	positive regulation of CD4-positive, alpha-beta T cell activation	occurs_in(EMAPA:35561)
GO:2001187	positive regulation of CD8-positive, alpha-beta T cell activation	occurs_in(EMAPA:35561)
GO:0006882	cellular zinc ion homeostasis	occurs_in(EMAPA:35577)
GO:0006878	cellular copper ion homeostasis	occurs_in(EMAPA:35577)
GO:0006878	cellular copper ion homeostasis	occurs_in(EMAPA:35577)
GO:0071313	cellular response to caffeine	occurs_in(EMAPA:35577)
GO:0010001	glial cell differentiation	occurs_in(EMAPA:35578
GO:0045213	neurotransmitter receptor metabolic process	occurs_in(EMAPA:35578
GO:0007005	mitochondrion organization	occurs_in(EMAPA:35578
GO:0048488	synaptic vesicle endocytosis	occurs_in(EMAPA:35578
GO:0048488	synaptic vesicle endocytosis	occurs_in(EMAPA:35578
GO:0004672	protein kinase activity	occurs_in(EMAPA:35578
GO:0004672	protein kinase activity	occurs_in(EMAPA:35578
GO:0014813	skeletal muscle satellite cell commitment	occurs_in(EMAPA:35578
GO:0043113	receptor clustering	occurs_in(EMAPA:35578
GO:0048677	axon extension involved in regeneration	occurs_in(EMAPA:35578
GO:0006376	mRNA splice site selection	occurs_in(EMAPA:35578
GO:0006376	mRNA splice site selection	occurs_in(EMAPA:35578
GO:0006376	mRNA splice site selection	occurs_in(EMAPA:35578
GO:0006376	mRNA splice site selection	occurs_in(EMAPA:35578
GO:0006376	mRNA splice site selection	occurs_in(EMAPA:35578
GO:0006376	mRNA splice site selection	occurs_in(EMAPA:35578
GO:0006376	mRNA splice site selection	occurs_in(EMAPA:35578
GO:0006376	mRNA splice site selection	occurs_in(EMAPA:35578
GO:0006376	mRNA splice site selection	occurs_in(EMAPA:35578
GO:0006376	mRNA splice site selection	occurs_in(EMAPA:35578
GO:0000302	response to reactive oxygen species	occurs_in(EMAPA:35578
GO:0042246	tissue regeneration	occurs_in(EMAPA:35578)
GO:0046716	muscle cell cellular homeostasis	occurs_in(EMAPA:35578)
GO:0007005	mitochondrion organization	occurs_in(EMAPA:35578)
GO:0005515	protein binding	occurs_in(EMAPA:35578)
GO:0043491	protein kinase B signaling	occurs_in(EMAPA:35578)
GO:0048741	skeletal muscle fiber development	occurs_in(EMAPA:35578)
GO:0018105	peptidyl-serine phosphorylation	occurs_in(EMAPA:35578)
GO:0042493	response to drug	occurs_in(EMAPA:35578)
GO:0009437	carnitine metabolic process	occurs_in(EMAPA:35578)
GO:0004000	adenosine deaminase activity	occurs_in(EMAPA:35578)
GO:0006154	adenosine catabolic process	occurs_in(EMAPA:35578)
GO:0046103	inosine biosynthetic process	occurs_in(EMAPA:35578)
GO:0004363	glutathione synthase activity	occurs_in(EMAPA:35578)
GO:0051146	striated muscle cell differentiation	occurs_in(EMAPA:35578)
GO:0046716	muscle cell cellular homeostasis	occurs_in(EMAPA:35578)
GO:0042246	tissue regeneration	occurs_in(EMAPA:35580)
GO:0006308	DNA catabolic process	occurs_in(EMAPA:35580)
GO:0021799	cerebral cortex radially oriented cell migration	occurs_in(EMAPA:35588
GO:0021853	cerebral cortex GABAergic interneuron migration	occurs_in(EMAPA:35588
GO:0014031	mesenchymal cell development	occurs_in(EMAPA:35592
GO:0021953	central nervous system neuron differentiation	occurs_in(EMAPA:35596
GO:0021535	cell migration in hindbrain	occurs_in(EMAPA:35596
GO:0007268	chemical synaptic transmission	occurs_in(EMAPA:35600)
GO:0007214	gamma-aminobutyric acid signaling pathway	occurs_in(EMAPA:35602)
GO:0007269	neurotransmitter secretion	occurs_in(EMAPA:35604
GO:0003917	DNA topoisomerase type I activity	occurs_in(EMAPA:35604)
GO:0050900	leukocyte migration	occurs_in(EMAPA:35604)
GO:0022848	acetylcholine-gated cation-selective channel activity	occurs_in(EMAPA:35608
GO:0043525	positive regulation of neuron apoptotic process	occurs_in(EMAPA:35609
GO:0022848	acetylcholine-gated cation-selective channel activity	occurs_in(EMAPA:35610
GO:0021988	olfactory lobe development	occurs_in(EMAPA:35615)
GO:0031175	neuron projection development	occurs_in(EMAPA:35615)
GO:0001591	dopamine neurotransmitter receptor activity, coupled via Gi/Go	occurs_in(EMAPA:35616)
GO:0001591	dopamine neurotransmitter receptor activity, coupled via Gi/Go	occurs_in(EMAPA:35616)
GO:0021884	forebrain neuron development	occurs_in(EMAPA:35616)
GO:0007411	axon guidance	occurs_in(EMAPA:35617)
GO:0021952	central nervous system projection neuron axonogenesis	occurs_in(EMAPA:35617)
GO:0043065	positive regulation of apoptotic process	occurs_in(EMAPA:35627
GO:0043065	positive regulation of apoptotic process	occurs_in(EMAPA:35627
GO:0042699	follicle-stimulating hormone signaling pathway	occurs_in(EMAPA:35627)
GO:0001547	antral ovarian follicle growth	occurs_in(EMAPA:35627)
GO:0001555	oocyte growth	occurs_in(EMAPA:35628
GO:0005515	protein binding	occurs_in(EMAPA:35633
GO:0035584	calcium-mediated signaling using intracellular calcium source	occurs_in(EMAPA:35651
GO:0031201	SNARE complex	occurs_in(EMAPA:35651
GO:1902278	positive regulation of pancreatic amylase secretion	occurs_in(EMAPA:35651
GO:0005515	protein binding	occurs_in(EMAPA:35651
GO:0005515	protein binding	occurs_in(EMAPA:35651
GO:0070625	zymogen granule exocytosis	occurs_in(EMAPA:35651
GO:0070625	zymogen granule exocytosis	occurs_in(EMAPA:35651
GO:0008277	regulation of G-protein coupled receptor protein signaling pathway	occurs_in(EMAPA:35651
GO:0001822	kidney development	occurs_in(EMAPA:35655)
GO:0033138	positive regulation of peptidyl-serine phosphorylation	occurs_in(EMAPA:35665
GO:0019915	lipid storage	occurs_in(EMAPA:35665
GO:0021979	hypothalamus cell differentiation	occurs_in(EMAPA:35665
GO:0007040	lysosome organization	occurs_in(EMAPA:35665
GO:0033138	positive regulation of peptidyl-serine phosphorylation	occurs_in(EMAPA:35665)
GO:0043525	positive regulation of neuron apoptotic process	occurs_in(EMAPA:35667
GO:0042462	eye photoreceptor cell development	occurs_in(EMAPA:35686
GO:0042073	intraciliary transport	occurs_in(EMAPA:35686
GO:0035089	establishment of apical/basal cell polarity	occurs_in(EMAPA:35686
GO:0042462	eye photoreceptor cell development	occurs_in(EMAPA:35686
GO:0045494	photoreceptor cell maintenance	occurs_in(EMAPA:35686)
GO:0046548	retinal rod cell development	occurs_in(EMAPA:35688
GO:0001829	trophectodermal cell differentiation	occurs_in(EMAPA:35689
GO:0001829	trophectodermal cell differentiation	occurs_in(EMAPA:35689
GO:0001570	vasculogenesis	occurs_in(EMAPA:35689)
GO:0004000	adenosine deaminase activity	occurs_in(EMAPA:35689)
GO:0046103	inosine biosynthetic process	occurs_in(EMAPA:35689)
GO:0060709	glycogen cell differentiation involved in embryonic placenta development	occurs_in(EMAPA:35689)
GO:0006878	cellular copper ion homeostasis	occurs_in(EMAPA:35689)
GO:0006157	deoxyadenosine catabolic process	occurs_in(EMAPA:35689)
GO:0019838	growth factor binding	occurs_in(EMAPA:35689)
GO:0003988	acetyl-CoA C-acyltransferase activity	occurs_in(EMAPA:35689)
GO:0010468	regulation of gene expression	occurs_in(EMAPA:35689)
GO:0005515	protein binding	occurs_in(EMAPA:35689)
GO:0001666	response to hypoxia	occurs_in(EMAPA:35689)
GO:0009437	carnitine metabolic process	occurs_in(EMAPA:35689)
GO:0006154	adenosine catabolic process	occurs_in(EMAPA:35689)
GO:0015758	glucose transport	occurs_in(EMAPA:35689)
GO:0043184	vascular endothelial growth factor receptor 2 binding	occurs_in(EMAPA:35689)
GO:0001829	trophectodermal cell differentiation	occurs_in(EMAPA:35689)
GO:0001831	trophectodermal cellular morphogenesis	occurs_in(EMAPA:35689)
GO:0015909	long-chain fatty acid transport	occurs_in(EMAPA:35689)
GO:0003857	3-hydroxyacyl-CoA dehydrogenase activity	occurs_in(EMAPA:35689)
GO:0006878	cellular copper ion homeostasis	occurs_in(EMAPA:35689)
GO:0016509	long-chain-3-hydroxyacyl-CoA dehydrogenase activity	occurs_in(EMAPA:35689)
GO:0004074	biliverdin reductase activity	occurs_in(EMAPA:35689)
GO:0015844	monoamine transport	occurs_in(EMAPA:35689)
GO:0006534	cysteine metabolic process	occurs_in(EMAPA:35690)
GO:0004111	creatine kinase activity	occurs_in(EMAPA:35690)
GO:0050801	ion homeostasis	occurs_in(EMAPA:35690)
GO:0001894	tissue homeostasis	occurs_in(EMAPA:35690)
GO:0070328	triglyceride homeostasis	occurs_in(EMAPA:35690)
GO:0004347	glucose-6-phosphate isomerase activity	occurs_in(EMAPA:35690)
GO:0004743	pyruvate kinase activity	occurs_in(EMAPA:35690)
GO:0045714	regulation of low-density lipoprotein particle receptor biosynthetic process	occurs_in(EMAPA:35690)
GO:0006641	triglyceride metabolic process	occurs_in(EMAPA:35690)
GO:2000188	regulation of cholesterol homeostasis	occurs_in(EMAPA:35690)
GO:0006089	lactate metabolic process	occurs_in(EMAPA:35690)
GO:0006956	complement activation	occurs_in(EMAPA:35690)
GO:0009101	glycoprotein biosynthetic process	occurs_in(EMAPA:35690)
GO:0042159	lipoprotein catabolic process	occurs_in(EMAPA:35690)
GO:2000189	positive regulation of cholesterol homeostasis	occurs_in(EMAPA:35690)
GO:0042157	lipoprotein metabolic process	occurs_in(EMAPA:35690)
GO:0004347	glucose-6-phosphate isomerase activity	occurs_in(EMAPA:35690)
GO:0006083	acetate metabolic process	occurs_in(EMAPA:35690)
GO:0050667	homocysteine metabolic process	occurs_in(EMAPA:35690)
GO:0006749	glutathione metabolic process	occurs_in(EMAPA:35690)
GO:0008203	cholesterol metabolic process	occurs_in(EMAPA:35690)
GO:0050714	positive regulation of protein secretion	occurs_in(EMAPA:35690)
GO:0005507	copper ion binding	occurs_in(EMAPA:35690)
GO:0004322	ferroxidase activity	occurs_in(EMAPA:35690)
GO:0034370	triglyceride-rich lipoprotein particle remodeling	occurs_in(EMAPA:35690)
GO:0001764	neuron migration	occurs_in(EMAPA:35692
GO:0044267	cellular protein metabolic process	occurs_in(EMAPA:35692
GO:0044267	cellular protein metabolic process	occurs_in(EMAPA:35692
GO:0019915	lipid storage	occurs_in(EMAPA:35704
GO:0007040	lysosome organization	occurs_in(EMAPA:35704
GO:0019915	lipid storage	occurs_in(EMAPA:35706
GO:0007040	lysosome organization	occurs_in(EMAPA:35706
GO:0019915	lipid storage	occurs_in(EMAPA:35706
GO:0060736	prostate gland growth	occurs_in(EMAPA:35710)
GO:0060736	prostate gland growth	occurs_in(EMAPA:35713)
GO:0060739	mesenchymal-epithelial cell signaling involved in prostate gland development	occurs_in(EMAPA:35713)
GO:0003168	Purkinje myocyte differentiation	occurs_in(EMAPA:35718
GO:0001508	action potential	occurs_in(EMAPA:35720
GO:0001508	action potential	occurs_in(EMAPA:35720
GO:0021953	central nervous system neuron differentiation	occurs_in(EMAPA:35724
GO:0021953	central nervous system neuron differentiation	occurs_in(EMAPA:35724
GO:0001822	kidney development	occurs_in(EMAPA:35727)
GO:0019228	neuronal action potential	occurs_in(EMAPA:35737
GO:0007214	gamma-aminobutyric acid signaling pathway	occurs_in(EMAPA:35737)
GO:0007040	lysosome organization	occurs_in(EMAPA:35739
GO:0043525	positive regulation of neuron apoptotic process	occurs_in(EMAPA:35739
GO:0043525	positive regulation of neuron apoptotic process	occurs_in(EMAPA:35739
GO:0007040	lysosome organization	occurs_in(EMAPA:35739
GO:0048813	dendrite morphogenesis	occurs_in(EMAPA:35739
GO:0071230	cellular response to amino acid stimulus	occurs_in(EMAPA:35739)
GO:0000904	cell morphogenesis involved in differentiation	occurs_in(EMAPA:35741
GO:0048666	neuron development	occurs_in(EMAPA:35741
GO:0060040	retinal bipolar neuron differentiation	occurs_in(EMAPA:35741
GO:0048813	dendrite morphogenesis	occurs_in(EMAPA:35741
GO:0001764	neuron migration	occurs_in(EMAPA:35742
GO:0007416	synapse assembly	occurs_in(EMAPA:35742
GO:0007009	plasma membrane organization	occurs_in(EMAPA:35742)
GO:0050908	detection of light stimulus involved in visual perception	occurs_in(EMAPA:35742)
GO:0016062	adaptation of rhodopsin mediated signaling	occurs_in(EMAPA:35742)
GO:0009416	response to light stimulus	occurs_in(EMAPA:35742)
GO:0006874	cellular calcium ion homeostasis	occurs_in(EMAPA:35744)
GO:0007040	lysosome organization	occurs_in(EMAPA:35745
GO:0019915	lipid storage	occurs_in(EMAPA:35756
GO:0007040	lysosome organization	occurs_in(EMAPA:35756
GO:0007411	axon guidance	occurs_in(EMAPA:35756)
GO:0002064	epithelial cell development	occurs_in(EMAPA:35761
GO:0071711	basement membrane organization	occurs_in(EMAPA:35761)
GO:0003823	antigen binding	occurs_in(EMAPA:35770)
GO:0030252	growth hormone secretion	occurs_in(EMAPA:35770)
GO:0006641	triglyceride metabolic process	occurs_in(EMAPA:35770)
GO:0046061	dATP catabolic process	occurs_in(EMAPA:35770)
GO:0051259	protein oligomerization	occurs_in(EMAPA:35770)
GO:0055072	iron ion homeostasis	occurs_in(EMAPA:35770)
GO:0042701	progesterone secretion	occurs_in(EMAPA:35770)
GO:0052689	carboxylic ester hydrolase activity	occurs_in(EMAPA:35770)
GO:0009437	carnitine metabolic process	occurs_in(EMAPA:35770)
GO:0008209	androgen metabolic process	occurs_in(EMAPA:35770)
GO:0070206	protein trimerization	occurs_in(EMAPA:35770)
GO:0071608	macrophage inflammatory protein-1 alpha production	occurs_in(EMAPA:35770)
GO:0006154	adenosine catabolic process	occurs_in(EMAPA:35770)
GO:0006157	deoxyadenosine catabolic process	occurs_in(EMAPA:35770)
GO:0016788	hydrolase activity, acting on ester bonds	occurs_in(EMAPA:35770)
GO:0006089	lactate metabolic process	occurs_in(EMAPA:35770)
GO:0086046	membrane depolarization during SA node cell action potential	occurs_in(EMAPA:35772
GO:0070588	calcium ion transmembrane transport	occurs_in(EMAPA:35772
GO:0086059	voltage-gated calcium channel activity involved SA node cell action potential	occurs_in(EMAPA:35772
GO:0086063	voltage-gated sodium channel activity involved in SA node cell action potential	occurs_in(EMAPA:35772
GO:0008332	low voltage-gated calcium channel activity	occurs_in(EMAPA:35772)
GO:0007040	lysosome organization	occurs_in(EMAPA:35773
GO:0007040	lysosome organization	occurs_in(EMAPA:35773
GO:0007040	lysosome organization	occurs_in(EMAPA:35773
GO:0007040	lysosome organization	occurs_in(EMAPA:35773
GO:0007040	lysosome organization	occurs_in(EMAPA:35773
GO:0007040	lysosome organization	occurs_in(EMAPA:35773
GO:0003682	chromatin binding	occurs_in(EMAPA:35777
GO:0003682	chromatin binding	occurs_in(EMAPA:35777
GO:0048469	cell maturation	occurs_in(EMAPA:35777
GO:0000281	mitotic cytokinesis	occurs_in(EMAPA:35777)
GO:0035019	somatic stem cell population maintenance	occurs_in(EMAPA:35777)
GO:0060576	intestinal epithelial cell development	occurs_in(EMAPA:35778
GO:0060576	intestinal epithelial cell development	occurs_in(EMAPA:35778
GO:0016477	cell migration	occurs_in(EMAPA:35778
GO:0000122	negative regulation of transcription from RNA polymerase II promoter	occurs_in(EMAPA:35778
GO:0000122	negative regulation of transcription from RNA polymerase II promoter	occurs_in(EMAPA:35778
GO:0002548	monocyte chemotaxis	occurs_in(EMAPA:35779)
GO:0002426	immunoglobulin production in mucosal tissue	occurs_in(EMAPA:35779)
GO:0030154	cell differentiation	occurs_in(EMAPA:35784
GO:0060574	intestinal epithelial cell maturation	occurs_in(EMAPA:35784
GO:0002064	epithelial cell development	occurs_in(EMAPA:35784
GO:0042127	regulation of cell proliferation	occurs_in(EMAPA:35784)
GO:0007009	plasma membrane organization	occurs_in(EMAPA:35786
GO:0006874	cellular calcium ion homeostasis	occurs_in(EMAPA:35786)
GO:0055002	striated muscle cell development	occurs_in(EMAPA:35786)
GO:0006941	striated muscle contraction	occurs_in(EMAPA:35786)
GO:0001894	tissue homeostasis	occurs_in(EMAPA:35786)
GO:0014873	response to muscle activity involved in regulation of muscle adaptation	occurs_in(EMAPA:35786)
GO:0046716	muscle cell cellular homeostasis	occurs_in(EMAPA:35786)
GO:0048741	skeletal muscle fiber development	occurs_in(EMAPA:35786)
GO:0046716	muscle cell cellular homeostasis	occurs_in(EMAPA:35786)
GO:0046716	muscle cell cellular homeostasis	occurs_in(EMAPA:35786)
GO:0004972	NMDA glutamate receptor activity	occurs_in(EMAPA:35790
GO:0015277	kainate selective glutamate receptor activity	occurs_in(EMAPA:35790
GO:0060999	positive regulation of dendritic spine development	occurs_in(EMAPA:35790
GO:0060080	inhibitory postsynaptic potential	occurs_in(EMAPA:35790
GO:0048663	neuron fate commitment	occurs_in(EMAPA:35790
GO:0009612	response to mechanical stimulus	occurs_in(EMAPA:35790)
GO:0048168	regulation of neuronal synaptic plasticity	occurs_in(EMAPA:35790)
GO:0060999	positive regulation of dendritic spine development	occurs_in(EMAPA:35790)
GO:0060999	positive regulation of dendritic spine development	occurs_in(EMAPA:35790)
GO:1900273	positive regulation of long-term synaptic potentiation	occurs_in(EMAPA:35790)
GO:0060999	positive regulation of dendritic spine development	occurs_in(EMAPA:35790)
GO:0048168	regulation of neuronal synaptic plasticity	occurs_in(EMAPA:35790)
GO:0048168	regulation of neuronal synaptic plasticity	occurs_in(EMAPA:35790)
GO:0061368	behavioral response to formalin induced pain	occurs_in(EMAPA:35790)
GO:0019915	lipid storage	occurs_in(EMAPA:35792)
GO:0019915	lipid storage	occurs_in(EMAPA:35792)
GO:0007040	lysosome organization	occurs_in(EMAPA:35792)
GO:0007040	lysosome organization	occurs_in(EMAPA:35792)
GO:0060052	neurofilament cytoskeleton organization	occurs_in(EMAPA:35794
GO:0060052	neurofilament cytoskeleton organization	occurs_in(EMAPA:35794
GO:0016934	extracellular-glycine-gated chloride channel activity	occurs_in(EMAPA:35794
GO:0042552	myelination	occurs_in(EMAPA:35794)
GO:0048713	regulation of oligodendrocyte differentiation	occurs_in(EMAPA:35795)
GO:0030154	cell differentiation	occurs_in(EMAPA:35798
GO:0042493	response to drug	occurs_in(EMAPA:35800
GO:0002268	follicular dendritic cell differentiation	occurs_in(EMAPA:35803
GO:0072148	epithelial cell fate commitment	occurs_in(EMAPA:35810
GO:0042060	wound healing	occurs_in(EMAPA:35817)
GO:0030154	cell differentiation	occurs_in(EMAPA:35817)
GO:0051145	smooth muscle cell differentiation	occurs_in(EMAPA:35823
GO:0030154	cell differentiation	occurs_in(EMAPA:35827
GO:0055078	sodium ion homeostasis	occurs_in(EMAPA:35830
GO:0005272	sodium channel activity	occurs_in(EMAPA:35830
GO:0019915	lipid storage	occurs_in(EMAPA:35832
GO:0007040	lysosome organization	occurs_in(EMAPA:35832
GO:0044267	cellular protein metabolic process	occurs_in(EMAPA:35832
GO:0044267	cellular protein metabolic process	occurs_in(EMAPA:35832
GO:0060999	positive regulation of dendritic spine development	occurs_in(EMAPA:35832)
GO:0019915	lipid storage	occurs_in(EMAPA:35835
GO:0007040	lysosome organization	occurs_in(EMAPA:35835
GO:0010467	gene expression	occurs_in(EMAPA:35835
GO:0044267	cellular protein metabolic process	occurs_in(EMAPA:35835
GO:0044267	cellular protein metabolic process	occurs_in(EMAPA:35835
GO:0019915	lipid storage	occurs_in(EMAPA:35835
GO:0042416	dopamine biosynthetic process	occurs_in(EMAPA:35835)
GO:0008331	high voltage-gated calcium channel activity	occurs_in(EMAPA:35840)
GO:0007623	circadian rhythm	occurs_in(EMAPA:35841)
GO:0019228	neuronal action potential	occurs_in(EMAPA:35841)
GO:0019915	lipid storage	occurs_in(EMAPA:35843
GO:0021979	hypothalamus cell differentiation	occurs_in(EMAPA:35843
GO:0007040	lysosome organization	occurs_in(EMAPA:35843
GO:0030199	collagen fibril organization	occurs_in(EMAPA:35851)
GO:0030199	collagen fibril organization	occurs_in(EMAPA:35854)
GO:0030199	collagen fibril organization	occurs_in(EMAPA:35854)
GO:0048741	skeletal muscle fiber development	occurs_in(EMAPA:35866
GO:0045944	positive regulation of transcription from RNA polymerase II promoter	occurs_in(EMAPA:35866
GO:0014835	myoblast differentiation involved in skeletal muscle regeneration	occurs_in(EMAPA:35866
GO:0045944	positive regulation of transcription from RNA polymerase II promoter	occurs_in(EMAPA:35866
GO:0007005	mitochondrion organization	occurs_in(EMAPA:35866)
GO:0001894	tissue homeostasis	occurs_in(EMAPA:35866)
GO:0048741	skeletal muscle fiber development	occurs_in(EMAPA:35866)
GO:0043403	skeletal muscle tissue regeneration	occurs_in(EMAPA:35866)
GO:0000122	negative regulation of transcription from RNA polymerase II promoter	occurs_in(EMAPA:35867
GO:0045671	negative regulation of osteoclast differentiation	occurs_in(EMAPA:35873
GO:0030199	collagen fibril organization	occurs_in(EMAPA:35875)
GO:0030182	neuron differentiation	occurs_in(EMAPA:35883
GO:0043524	negative regulation of neuron apoptotic process	occurs_in(EMAPA:35883)
GO:0004972	NMDA glutamate receptor activity	occurs_in(EMAPA:35883)
GO:0051402	neuron apoptotic process	occurs_in(EMAPA:35883)
GO:0035249	synaptic transmission, glutamatergic	occurs_in(EMAPA:35883)
GO:0006833	water transport	occurs_in(EMAPA:35896)
GO:0015840	urea transport	occurs_in(EMAPA:35896)
GO:0007411	axon guidance	occurs_in(EMAPA:35912)
GO:0010467	gene expression	occurs_in(EMAPA:35914
GO:0042416	dopamine biosynthetic process	occurs_in(EMAPA:35914)
GO:0022848	acetylcholine-gated cation-selective channel activity	occurs_in(EMAPA:35914)
GO:0007040	lysosome organization	occurs_in(EMAPA:35915
GO:0019915	lipid storage	occurs_in(EMAPA:35916
GO:0019915	lipid storage	occurs_in(EMAPA:35916
GO:0007040	lysosome organization	occurs_in(EMAPA:35916
GO:0007040	lysosome organization	occurs_in(EMAPA:35916
GO:0050901	leukocyte tethering or rolling	occurs_in(EMAPA:35917
GO:0045598	regulation of fat cell differentiation	occurs_in(EMAPA:35926
GO:0045598	regulation of fat cell differentiation	occurs_in(EMAPA:35926
GO:0050995	negative regulation of lipid catabolic process	occurs_in(EMAPA:35926
GO:0050872	white fat cell differentiation	occurs_in(EMAPA:35926
GO:0050872	white fat cell differentiation	occurs_in(EMAPA:35926
GO:0045444	fat cell differentiation	occurs_in(EMAPA:35926
GO:0045600	positive regulation of fat cell differentiation	occurs_in(EMAPA:35926
GO:0006112	energy reserve metabolic process	occurs_in(EMAPA:35926)
GO:0050872	white fat cell differentiation	occurs_in(EMAPA:35926)
GO:0030730	sequestering of triglyceride	occurs_in(EMAPA:35926)
GO:0052689	carboxylic ester hydrolase activity	occurs_in(EMAPA:35926)
GO:0022010	central nervous system myelination	occurs_in(EMAPA:35927)
GO:1902857	positive regulation of non-motile cilium assembly	occurs_in(EMAPA:35944)
GO:1905515	non-motile cilium assembly	occurs_in(EMAPA:35944)
GO:2000467	positive regulation of glycogen (starch) synthase activity	occurs_in(EMAPA:35988
GO:0007014	actin ubiquitination	occurs_in(EMAPA:35988)
GO:0034604	pyruvate dehydrogenase (NAD+) activity	occurs_in(EMAPA:35988)
GO:0061732	mitochondrial acetyl-CoA biosynthetic process from pyruvate	occurs_in(EMAPA:35988)
GO:0003700	transcription factor activity, sequence-specific DNA binding	occurs_in(EMAPA:35998
GO:0048469	cell maturation	occurs_in(EMAPA:35998
GO:0030154	cell differentiation	occurs_in(EMAPA:35998
GO:0030154	cell differentiation	occurs_in(EMAPA:35998
GO:0003700	transcription factor activity, sequence-specific DNA binding	occurs_in(EMAPA:35998
GO:0003700	transcription factor activity, sequence-specific DNA binding	occurs_in(EMAPA:35998
GO:0042445	hormone metabolic process	occurs_in(EMAPA:35998
GO:0042445	hormone metabolic process	occurs_in(EMAPA:35998
GO:0006590	thyroid hormone generation	occurs_in(EMAPA:35998)
GO:0001591	dopamine neurotransmitter receptor activity, coupled via Gi/Go	occurs_in(EMAPA:35998)
GO:0046884	follicle-stimulating hormone secretion	occurs_in(EMAPA:35998)
GO:0032869	cellular response to insulin stimulus	occurs_in(EMAPA:35998)
GO:0032275	luteinizing hormone secretion	occurs_in(EMAPA:35998)
GO:0030252	growth hormone secretion	occurs_in(EMAPA:35998)
GO:0048856	anatomical structure development	occurs_in(EMAPA:35998)
GO:0004180	carboxypeptidase activity	occurs_in(EMAPA:35998)
GO:0007413	axonal fasciculation	occurs_in(EMAPA:36031)
GO:0001825	blastocyst formation	occurs_in(EMAPA:36032)
GO:0001830	trophectodermal cell fate commitment	occurs_in(EMAPA:36032)
GO:0030010	establishment of cell polarity	occurs_in(EMAPA:36032)
GO:0043065	positive regulation of apoptotic process	occurs_in(EMAPA:36159
GO:0030198	extracellular matrix organization	occurs_in(EMAPA:36159)
GO:0006874	cellular calcium ion homeostasis	occurs_in(EMAPA:36191)
GO:0006941	striated muscle contraction	occurs_in(EMAPA:36191)
GO:0019896	axonal transport of mitochondrion	occurs_in(EMAPA:36231
GO:0007409	axonogenesis	occurs_in(EMAPA:36231
GO:0007412	axon target recognition	occurs_in(EMAPA:36231)
GO:0006941	striated muscle contraction	occurs_in(EMAPA:36262)
GO:0007040	lysosome organization	occurs_in(EMAPA:36262)
GO:0046716	muscle cell cellular homeostasis	occurs_in(EMAPA:36262)
GO:0005245	voltage-gated calcium channel activity	occurs_in(EMAPA:36285
GO:0006833	water transport	occurs_in(EMAPA:36292
GO:0043542	endothelial cell migration	occurs_in(EMAPA:36292
GO:0014823	response to activity	occurs_in(EMAPA:36390)
GO:0007224	smoothened signaling pathway	occurs_in(EMAPA:36437)
GO:0004601	peroxidase activity	occurs_in(EMAPA:36497)
GO:0006308	DNA catabolic process	occurs_in(EMAPA:36498
GO:0030198	extracellular matrix organization	occurs_in(EMAPA:36498)
GO:0045598	regulation of fat cell differentiation	occurs_in(EMAPA:36499
GO:0019915	lipid storage	occurs_in(EMAPA:36499)
GO:0001570	vasculogenesis	occurs_in(EMAPA:36500)
GO:0001666	response to hypoxia	occurs_in(EMAPA:36500)
GO:0032331	negative regulation of chondrocyte differentiation	occurs_in(EMAPA:36501
GO:0045597	positive regulation of cell differentiation	occurs_in(EMAPA:36501
GO:0043473	pigmentation	occurs_in(EMAPA:36502)
GO:0007040	lysosome organization	occurs_in(EMAPA:36503
GO:0002412	antigen transcytosis by M cells in mucosal-associated lymphoid tissue	occurs_in(EMAPA:36506
GO:0030199	collagen fibril organization	occurs_in(EMAPA:36509)
GO:0030199	collagen fibril organization	occurs_in(EMAPA:36509)
GO:0060079	excitatory postsynaptic potential	occurs_in(EMAPA:36510
GO:0006874	cellular calcium ion homeostasis	occurs_in(EMAPA:36510
GO:0032288	myelin assembly	occurs_in(EMAPA:36511)
GO:0043542	endothelial cell migration	occurs_in(EMAPA:36520
GO:0002043	blood vessel endothelial cell proliferation involved in sprouting angiogenesis	occurs_in(EMAPA:36520
GO:0002042	cell migration involved in sprouting angiogenesis	occurs_in(EMAPA:36520
GO:0001666	response to hypoxia	occurs_in(EMAPA:36520)
GO:0042981	regulation of apoptotic process	occurs_in(EMAPA:36520)
GO:0001569	branching involved in blood vessel morphogenesis	occurs_in(EMAPA:36520)
GO:0008233	peptidase activity	occurs_in(EMAPA:36525
GO:0045636	positive regulation of melanocyte differentiation	occurs_in(EMAPA:36528
GO:0048873	homeostasis of number of cells within a tissue	occurs_in(EMAPA:36528)
GO:0001666	response to hypoxia	occurs_in(EMAPA:36529)
GO:0006878	cellular copper ion homeostasis	occurs_in(EMAPA:36540)
GO:0045735	nutrient reservoir activity	occurs_in(EMAPA:36540)
GO:0005989	lactose biosynthetic process	occurs_in(EMAPA:36540)
GO:0004867	serine-type endopeptidase inhibitor activity	occurs_in(EMAPA:36546)
GO:0006536	glutamate metabolic process	occurs_in(EMAPA:36549)
GO:0003351	epithelial cilium movement	occurs_in(EMAPA:36552
GO:0003351	epithelial cilium movement	occurs_in(EMAPA:36552
GO:0003351	epithelial cilium movement	occurs_in(EMAPA:36552
GO:0003351	epithelial cilium movement	occurs_in(EMAPA:36552
GO:0003351	epithelial cilium movement	occurs_in(EMAPA:36552
GO:0046115	guanosine catabolic process	occurs_in(EMAPA:36554)
GO:0006520	cellular amino acid metabolic process	occurs_in(EMAPA:36554)
GO:0006148	inosine catabolic process	occurs_in(EMAPA:36554)
GO:0033299	secretion of lysosomal enzymes	occurs_in(EMAPA:36554)
GO:0005550	pheromone binding	occurs_in(EMAPA:36554)
GO:0006161	deoxyguanosine catabolic process	occurs_in(EMAPA:36554)
GO:0034418	urate biosynthetic process	occurs_in(EMAPA:36554)
GO:0032869	cellular response to insulin stimulus	occurs_in(EMAPA:36555
GO:0031532	actin cytoskeleton reorganization	occurs_in(EMAPA:36555
GO:0031529	ruffle organization	occurs_in(EMAPA:36555
GO:0022848	acetylcholine-gated cation-selective channel activity	occurs_in(EMAPA:36556)
GO:0022848	acetylcholine-gated cation-selective channel activity	occurs_in(EMAPA:36556)
GO:0001508	action potential	occurs_in(EMAPA:36557
GO:0060075	regulation of resting membrane potential	occurs_in(EMAPA:36557
GO:0001508	action potential	occurs_in(EMAPA:36557
GO:0006833	water transport	occurs_in(EMAPA:36560)
GO:0060689	cell differentiation involved in salivary gland development	occurs_in(EMAPA:36563
GO:0005247	voltage-gated chloride channel activity	occurs_in(EMAPA:36563
GO:0019722	calcium-mediated signaling	occurs_in(EMAPA:36563)
GO:0060689	cell differentiation involved in salivary gland development	occurs_in(EMAPA:36564
GO:0060644	mammary gland epithelial cell differentiation	occurs_in(EMAPA:36566
GO:0033598	mammary gland epithelial cell proliferation	occurs_in(EMAPA:36566
GO:0030857	negative regulation of epithelial cell differentiation	occurs_in(EMAPA:36566
GO:0061030	epithelial cell differentiation involved in mammary gland alveolus development	occurs_in(EMAPA:36566
GO:0060638	mesenchymal-epithelial cell signaling	occurs_in(EMAPA:36566)
GO:0007259	JAK-STAT cascade	occurs_in(EMAPA:36566)
GO:0043065	positive regulation of apoptotic process	occurs_in(EMAPA:36566)
GO:0042127	regulation of cell proliferation	occurs_in(EMAPA:36566)
GO:0002093	auditory receptor cell morphogenesis	occurs_in(EMAPA:36569
GO:0019228	neuronal action potential	occurs_in(EMAPA:36575
GO:0006493	protein O-linked glycosylation	occurs_in(EMAPA:36591
GO:0072678	T cell migration	occurs_in(EMAPA:36592)
GO:0072678	T cell migration	occurs_in(EMAPA:36592)
GO:0051402	neuron apoptotic process	occurs_in(EMAPA:36596
GO:0048667	cell morphogenesis involved in neuron differentiation	occurs_in(EMAPA:36596
GO:0030182	neuron differentiation	occurs_in(EMAPA:36596
GO:0031175	neuron projection development	occurs_in(EMAPA:36596
GO:0042551	neuron maturation	occurs_in(EMAPA:36596
GO:0060079	excitatory postsynaptic potential	occurs_in(EMAPA:36597
GO:0060079	excitatory postsynaptic potential	occurs_in(EMAPA:36597
GO:0060079	excitatory postsynaptic potential	occurs_in(EMAPA:36597
GO:0060079	excitatory postsynaptic potential	occurs_in(EMAPA:36597
GO:0048251	elastic fiber assembly	occurs_in(EMAPA:36598)
GO:0030198	extracellular matrix organization	occurs_in(EMAPA:36608)
GO:0007040	lysosome organization	occurs_in(EMAPA:36609
GO:0007040	lysosome organization	occurs_in(EMAPA:36609
GO:0007040	lysosome organization	occurs_in(EMAPA:36609
GO:0007040	lysosome organization	occurs_in(EMAPA:36609
GO:0048251	elastic fiber assembly	occurs_in(EMAPA:36610)
GO:0001666	response to hypoxia	occurs_in(EMAPA:36611)
GO:0030163	protein catabolic process	occurs_in(EMAPA:36612)
GO:0007040	lysosome organization	occurs_in(EMAPA:36613
GO:0001649	osteoblast differentiation	occurs_in(EMAPA:36615
GO:0001958	endochondral ossification	occurs_in(EMAPA:36618)
GO:0022848	acetylcholine-gated cation-selective channel activity	occurs_in(EMAPA:36622
GO:0008331	high voltage-gated calcium channel activity	occurs_in(EMAPA:36627
GO:0007040	lysosome organization	occurs_in(EMAPA:36630
GO:0030855	epithelial cell differentiation	occurs_in(EMAPA:36631
GO:0060087	relaxation of vascular smooth muscle	occurs_in(EMAPA:36632)
GO:0007189	adenylate cyclase-activating G-protein coupled receptor signaling pathway	occurs_in(EMAPA:36632)
GO:0042127	regulation of cell proliferation	occurs_in(EMAPA:36634)
GO:0006833	water transport	occurs_in(EMAPA:36636
GO:0006833	water transport	occurs_in(EMAPA:36637
GO:0006833	water transport	occurs_in(EMAPA:36638
GO:0030198	extracellular matrix organization	occurs_in(EMAPA:36650)
GO:0005515	protein binding	occurs_in(GO:0000118)
GO:0005515	protein binding	occurs_in(GO:0000118)
GO:0005515	protein binding	occurs_in(GO:0000119)
GO:0005515	protein binding	occurs_in(GO:0000119)
GO:0005515	protein binding	occurs_in(GO:0000123)
GO:0005515	protein binding	occurs_in(GO:0000123)
GO:0005515	protein binding	occurs_in(GO:0000123)
GO:0005515	protein binding	occurs_in(GO:0000124)
GO:0005515	protein binding	occurs_in(GO:0000124)
GO:0005515	protein binding	occurs_in(GO:0000125)
GO:0005515	protein binding	occurs_in(GO:0000139)
GO:0005515	protein binding	occurs_in(GO:0000139)
GO:0005515	protein binding	occurs_in(GO:0000145)
GO:0005515	protein binding	occurs_in(GO:0000151)
GO:0005515	protein binding	occurs_in(GO:0000151)
GO:0005515	protein binding	occurs_in(GO:0000172)
GO:0005515	protein binding	occurs_in(GO:0000178)
GO:0005515	protein binding	occurs_in(GO:0000242)
GO:0005515	protein binding	occurs_in(GO:0000307)
GO:0005515	protein binding	occurs_in(GO:0000323)
GO:0005515	protein binding	occurs_in(GO:0000324)
GO:0005515	protein binding	occurs_in(GO:0000408)
GO:0005515	protein binding	occurs_in(GO:0000500)
GO:0005515	protein binding	occurs_in(GO:0000775)
GO:0005515	protein binding	occurs_in(GO:0000775)
GO:0005515	protein binding	occurs_in(GO:0000775)
GO:0005515	protein binding	occurs_in(GO:0000775)
GO:0005515	protein binding	occurs_in(GO:0000776)
GO:0005515	protein binding	occurs_in(GO:0000776)
GO:0005515	protein binding	occurs_in(GO:0000776)
GO:0042802	identical protein binding	occurs_in(GO:0000776)
GO:0005515	protein binding	occurs_in(GO:0000776)
GO:0005515	protein binding	occurs_in(GO:0000776)
GO:0005515	protein binding	occurs_in(GO:0000778)
GO:0005515	protein binding	occurs_in(GO:0000778)
GO:0005515	protein binding	occurs_in(GO:0000778)
GO:0005515	protein binding	occurs_in(GO:0000778)
GO:0005515	protein binding	occurs_in(GO:0000778)
GO:0005515	protein binding	occurs_in(GO:0000780)
GO:0005515	protein binding	occurs_in(GO:0000781)
GO:0005515	protein binding	occurs_in(GO:0000784)
GO:1990426	mitotic recombination-dependent replication fork processing	occurs_in(GO:0000784)
GO:0005515	protein binding	occurs_in(GO:0000785)
GO:0005515	protein binding	occurs_in(GO:0000785)
GO:0005515	protein binding	occurs_in(GO:0000785)
GO:0042802	identical protein binding	occurs_in(GO:0000785)
GO:0042800	histone methyltransferase activity (H3-K4 specific)	occurs_in(GO:0000790)
GO:1904501	positive regulation of chromatin-mediated maintenance of transcription	occurs_in(GO:0000790)
GO:0005515	protein binding	occurs_in(GO:0000790)
GO:0048096	chromatin-mediated maintenance of transcription	occurs_in(GO:0000790)
GO:0042800	histone methyltransferase activity (H3-K4 specific)	occurs_in(GO:0000790)
GO:0042800	histone methyltransferase activity (H3-K4 specific)	occurs_in(GO:0000790)
GO:0005515	protein binding	occurs_in(GO:0000790)
GO:0051568	histone H3-K4 methylation	occurs_in(GO:0000790)
GO:0005515	protein binding	occurs_in(GO:0000791)
GO:0005515	protein binding	occurs_in(GO:0000791)
GO:0005515	protein binding	occurs_in(GO:0000794)
GO:0005515	protein binding	occurs_in(GO:0000808)
GO:0005515	protein binding	occurs_in(GO:0000808)
GO:0005515	protein binding	occurs_in(GO:0000813)
GO:0005515	protein binding	occurs_in(GO:0000817)
GO:0005515	protein binding	occurs_in(GO:0000817)
GO:0005515	protein binding	occurs_in(GO:0000932)
GO:0005515	protein binding	occurs_in(GO:0000932)
GO:0005515	protein binding	occurs_in(GO:0000974)
GO:0005515	protein binding	occurs_in(GO:0001725)
GO:0045184	establishment of protein localization	occurs_in(GO:0001726
GO:0045184	establishment of protein localization	occurs_in(GO:0001726
GO:0005515	protein binding	occurs_in(GO:0001726)
GO:0005515	protein binding	occurs_in(GO:0001726)
GO:0005515	protein binding	occurs_in(GO:0001726)
GO:0005515	protein binding	occurs_in(GO:0001726)
GO:0005515	protein binding	occurs_in(GO:0001726)
GO:0005515	protein binding	occurs_in(GO:0001726)
GO:0034629	cellular protein complex localization	occurs_in(GO:0001772
GO:0032956	regulation of actin cytoskeleton organization	occurs_in(GO:0001772
GO:0005515	protein binding	occurs_in(GO:0001772)
GO:0050860	negative regulation of T cell receptor signaling pathway	occurs_in(GO:0001772)
GO:0050852	T cell receptor signaling pathway	occurs_in(GO:0001772)
GO:0043622	cortical microtubule organization	occurs_in(GO:0001772)
GO:0005515	protein binding	occurs_in(GO:0001772)
GO:0005515	protein binding	occurs_in(GO:0001931)
GO:0030177	positive regulation of Wnt signaling pathway	occurs_in(GO:0005576)
GO:0006508	proteolysis	occurs_in(GO:0005576)
GO:0006508	proteolysis	occurs_in(GO:0005576)
GO:0005515	protein binding	occurs_in(GO:0005576)
GO:0005515	protein binding	occurs_in(GO:0005605)
GO:0003950	NAD+ ADP-ribosyltransferase activity	occurs_in(GO:0005615
GO:0003950	NAD+ ADP-ribosyltransferase activity	occurs_in(GO:0005615
GO:0048018	receptor agonist activity	occurs_in(GO:0005615
GO:0048018	receptor agonist activity	occurs_in(GO:0005615
GO:0048018	receptor agonist activity	occurs_in(GO:0005615
GO:0005515	protein binding	occurs_in(GO:0005615)
GO:0048143	astrocyte activation	occurs_in(GO:0005615)
GO:0001774	microglial cell activation	occurs_in(GO:0005615)
GO:0045851	pH reduction	occurs_in(GO:0005615)
GO:0005515	protein binding	occurs_in(GO:0005618)
GO:0005515	protein binding	occurs_in(GO:0005618)
GO:0005515	protein binding	occurs_in(GO:0005622)
GO:0005515	protein binding	occurs_in(GO:0005622)
GO:0008285	negative regulation of cell proliferation	occurs_in(GO:0005622)
GO:0005515	protein binding	occurs_in(GO:0005622)
GO:0010628	positive regulation of gene expression	occurs_in(GO:0005623
GO:0051607	defense response to virus	occurs_in(GO:0005623
GO:1904972	negative regulation of viral translation	occurs_in(GO:0005623
GO:0033142	progesterone receptor binding	occurs_in(GO:0005634
GO:1990188	euchromatin binding	occurs_in(GO:0005634
GO:0046982	protein heterodimerization activity	occurs_in(GO:0005634
GO:0032091	negative regulation of protein binding	occurs_in(GO:0005634
GO:1901984	negative regulation of protein acetylation	occurs_in(GO:0005634
GO:0060416	response to growth hormone	occurs_in(GO:0005634
GO:0004143	diacylglycerol kinase activity	occurs_in(GO:0005634
GO:0030544	Hsp70 protein binding	occurs_in(GO:0005634
GO:0001205	transcriptional activator activity, RNA polymerase II distal enhancer sequence-specific binding	occurs_in(GO:0005634
GO:1990226	histone methyltransferase binding	occurs_in(GO:0005634
GO:0042787	protein ubiquitination involved in ubiquitin-dependent protein catabolic process	occurs_in(GO:0005634
GO:1904798	positive regulation of core promoter binding	occurs_in(GO:0005634
GO:1904798	positive regulation of core promoter binding	occurs_in(GO:0005634
GO:1904798	positive regulation of core promoter binding	occurs_in(GO:0005634
GO:0031490	chromatin DNA binding	occurs_in(GO:0005634
GO:0042805	actinin binding	occurs_in(GO:0005634
GO:1990226	histone methyltransferase binding	occurs_in(GO:0005634
GO:0010628	positive regulation of gene expression	occurs_in(GO:0005634
GO:0045944	positive regulation of transcription from RNA polymerase II promoter	occurs_in(GO:0005634
GO:0008134	transcription factor binding	occurs_in(GO:0005634
GO:0008013	beta-catenin binding	occurs_in(GO:0005634
GO:0008013	beta-catenin binding	occurs_in(GO:0005634
GO:0005515	protein binding	occurs_in(GO:0005634
GO:1904798	positive regulation of core promoter binding	occurs_in(GO:0005634
GO:0000987	core promoter proximal region sequence-specific DNA binding	occurs_in(GO:0005634
GO:0005515	protein binding	occurs_in(GO:0005634)
GO:0005515	protein binding	occurs_in(GO:0005634)
GO:0005515	protein binding	occurs_in(GO:0005634)
GO:0005515	protein binding	occurs_in(GO:0005634)
GO:0004252	serine-type endopeptidase activity	occurs_in(GO:0005634)
GO:0043066	negative regulation of apoptotic process	occurs_in(GO:0005634)
GO:1903827	regulation of cellular protein localization	occurs_in(GO:0005634)
GO:0008013	beta-catenin binding	occurs_in(GO:0005634)
GO:0090266	regulation of mitotic cell cycle spindle assembly checkpoint	occurs_in(GO:0005634)
GO:0090218	positive regulation of lipid kinase activity	occurs_in(GO:0005634)
GO:0005515	protein binding	occurs_in(GO:0005634)
GO:0005515	protein binding	occurs_in(GO:0005634)
GO:0005515	protein binding	occurs_in(GO:0005634)
GO:0005515	protein binding	occurs_in(GO:0005634)
GO:0005515	protein binding	occurs_in(GO:0005634)
GO:0005515	protein binding	occurs_in(GO:0005634)
GO:0045786	negative regulation of cell cycle	occurs_in(GO:0005634)
GO:0019901	protein kinase binding	occurs_in(GO:0005634)
GO:0045648	positive regulation of erythrocyte differentiation	occurs_in(GO:0005634)
GO:0046777	protein autophosphorylation	occurs_in(GO:0005634)
GO:0098770	FBXO family protein binding	occurs_in(GO:0005634)
GO:0000122	negative regulation of transcription from RNA polymerase II promoter	occurs_in(GO:0005634)
GO:0090090	negative regulation of canonical Wnt signaling pathway	occurs_in(GO:0005634)
GO:0032507	maintenance of protein location in cell	occurs_in(GO:0005634)
GO:0001047	core promoter binding	occurs_in(GO:0005634)
GO:0005515	protein binding	occurs_in(GO:0005634)
GO:0005515	protein binding	occurs_in(GO:0005634)
GO:0005515	protein binding	occurs_in(GO:0005634)
GO:0005515	protein binding	occurs_in(GO:0005634)
GO:0005515	protein binding	occurs_in(GO:0005634)
GO:0005515	protein binding	occurs_in(GO:0005634)
GO:0005515	protein binding	occurs_in(GO:0005634)
GO:2000377	regulation of reactive oxygen species metabolic process	occurs_in(GO:0005634)
GO:0010628	positive regulation of gene expression	occurs_in(GO:0005634)
GO:0005515	protein binding	occurs_in(GO:0005634)
GO:0005515	protein binding	occurs_in(GO:0005634)
GO:0005515	protein binding	occurs_in(GO:0005634)
GO:0005515	protein binding	occurs_in(GO:0005634)
GO:0005515	protein binding	occurs_in(GO:0005634)
GO:0005515	protein binding	occurs_in(GO:0005634)
GO:0007050	cell cycle arrest	occurs_in(GO:0005634)
GO:0001047	core promoter binding	occurs_in(GO:0005634)
GO:0004252	serine-type endopeptidase activity	occurs_in(GO:0005634)
GO:0004252	serine-type endopeptidase activity	occurs_in(GO:0005634)
GO:0005515	protein binding	occurs_in(GO:0005634)
GO:0016246	RNA interference	occurs_in(GO:0005634)
GO:0008013	beta-catenin binding	occurs_in(GO:0005634)
GO:0050681	androgen receptor binding	occurs_in(GO:0005634)
GO:0031625	ubiquitin protein ligase binding	occurs_in(GO:0005634)
GO:0005515	protein binding	occurs_in(GO:0005634)
GO:0005515	protein binding	occurs_in(GO:0005634)
GO:0005515	protein binding	occurs_in(GO:0005634)
GO:0005515	protein binding	occurs_in(GO:0005634)
GO:0005515	protein binding	occurs_in(GO:0005634)
GO:0010629	negative regulation of gene expression	occurs_in(GO:0005634)
GO:0045648	positive regulation of erythrocyte differentiation	occurs_in(GO:0005634)
GO:0046982	protein heterodimerization activity	occurs_in(GO:0005634)
GO:0003934	GTP cyclohydrolase I activity	occurs_in(GO:0005634)
GO:0008340	determination of adult lifespan	occurs_in(GO:0005634)
GO:0003700	transcription factor activity, sequence-specific DNA binding	occurs_in(GO:0005634)
GO:0042826	histone deacetylase binding	occurs_in(GO:0005634)
GO:0031625	ubiquitin protein ligase binding	occurs_in(GO:0005634)
GO:0042802	identical protein binding	occurs_in(GO:0005634)
GO:0005515	protein binding	occurs_in(GO:0005634)
GO:1902596	negative regulation of DNA replication origin binding	occurs_in(GO:0005634)
GO:0043066	negative regulation of apoptotic process	occurs_in(GO:0005634)
GO:0018107	peptidyl-threonine phosphorylation	occurs_in(GO:0005634)
GO:0018107	peptidyl-threonine phosphorylation	occurs_in(GO:0005634)
GO:0044212	transcription regulatory region DNA binding	occurs_in(GO:0005634)
GO:0008134	transcription factor binding	occurs_in(GO:0005634)
GO:1990188	euchromatin binding	occurs_in(GO:0005634)
GO:0005515	protein binding	occurs_in(GO:0005634)
GO:0005515	protein binding	occurs_in(GO:0005634)
GO:0005515	protein binding	occurs_in(GO:0005634)
GO:0005515	protein binding	occurs_in(GO:0005634)
GO:0005515	protein binding	occurs_in(GO:0005634)
GO:0005515	protein binding	occurs_in(GO:0005634)
GO:0001085	RNA polymerase II transcription factor binding	occurs_in(GO:0005634)
GO:0001046	core promoter sequence-specific DNA binding	occurs_in(GO:0005634)
GO:0001227	transcriptional repressor activity, RNA polymerase II transcription regulatory region sequence-specific binding	occurs_in(GO:0005634)
GO:0005515	protein binding	occurs_in(GO:0005634)
GO:0005515	protein binding	occurs_in(GO:0005634)
GO:0005515	protein binding	occurs_in(GO:0005634)
GO:0005515	protein binding	occurs_in(GO:0005634)
GO:0005515	protein binding	occurs_in(GO:0005634)
GO:0005515	protein binding	occurs_in(GO:0005634)
GO:0005515	protein binding	occurs_in(GO:0005634)
GO:0005515	protein binding	occurs_in(GO:0005634)
GO:0042802	identical protein binding	occurs_in(GO:0005634)
GO:0005515	protein binding	occurs_in(GO:0005634)
GO:0005515	protein binding	occurs_in(GO:0005634)
GO:0005515	protein binding	occurs_in(GO:0005634)
GO:0005515	protein binding	occurs_in(GO:0005634)
GO:0008134	transcription factor binding	occurs_in(GO:0005634)
GO:1990841	promoter-specific chromatin binding	occurs_in(GO:0005634)
GO:0032091	negative regulation of protein binding	occurs_in(GO:0005634)
GO:0005515	protein binding	occurs_in(GO:0005635)
GO:0005515	protein binding	occurs_in(GO:0005635)
GO:0005515	protein binding	occurs_in(GO:0005635)
GO:0005515	protein binding	occurs_in(GO:0005635)
GO:0005515	protein binding	occurs_in(GO:0005635)
GO:0005515	protein binding	occurs_in(GO:0005635)
GO:0005515	protein binding	occurs_in(GO:0005635)
GO:0005515	protein binding	occurs_in(GO:0005640)
GO:0005515	protein binding	occurs_in(GO:0005641)
GO:0001540	beta-amyloid binding	occurs_in(GO:0005641)
GO:0005515	protein binding	occurs_in(GO:0005642)
GO:0005515	protein binding	occurs_in(GO:0005643)
GO:0005515	protein binding	occurs_in(GO:0005654)
GO:0005515	protein binding	occurs_in(GO:0005654)
GO:0005515	protein binding	occurs_in(GO:0005654)
GO:0005515	protein binding	occurs_in(GO:0005654)
GO:0005515	protein binding	occurs_in(GO:0005656)
GO:0005515	protein binding	occurs_in(GO:0005657)
GO:0005515	protein binding	occurs_in(GO:0005657)
GO:0005515	protein binding	occurs_in(GO:0005658)
GO:0005515	protein binding	occurs_in(GO:0005659)
GO:0005515	protein binding	occurs_in(GO:0005662)
GO:0005515	protein binding	occurs_in(GO:0005663)
GO:0042802	identical protein binding	occurs_in(GO:0005667)
GO:0005515	protein binding	occurs_in(GO:0005667)
GO:0005515	protein binding	occurs_in(GO:0005669)
GO:0005515	protein binding	occurs_in(GO:0005671)
GO:0005515	protein binding	occurs_in(GO:0005680)
GO:0005515	protein binding	occurs_in(GO:0005681)
GO:0005515	protein binding	occurs_in(GO:0005681)
GO:0005515	protein binding	occurs_in(GO:0005682)
GO:0005515	protein binding	occurs_in(GO:0005686)
GO:0005515	protein binding	occurs_in(GO:0005694)
GO:0005515	protein binding	occurs_in(GO:0005700)
GO:0005515	protein binding	occurs_in(GO:0005700)
GO:0005515	protein binding	occurs_in(GO:0005700)
GO:0005515	protein binding	occurs_in(GO:0005730)
GO:0005515	protein binding	occurs_in(GO:0005730)
GO:1990258	histone glutamine methylation	occurs_in(GO:0005730)
GO:0005515	protein binding	occurs_in(GO:0005730)
GO:0005515	protein binding	occurs_in(GO:0005730)
GO:0005515	protein binding	occurs_in(GO:0005730)
GO:0005515	protein binding	occurs_in(GO:0005730)
GO:0019901	protein kinase binding	occurs_in(GO:0005737
GO:1903364	positive regulation of cellular protein catabolic process	occurs_in(GO:0005737
GO:0003723	RNA binding	occurs_in(GO:0005737
GO:0005515	protein binding	occurs_in(GO:0005737
GO:1904713	beta-catenin destruction complex binding	occurs_in(GO:0005737
GO:0005515	protein binding	occurs_in(GO:0005737)
GO:0005515	protein binding	occurs_in(GO:0005737)
GO:0005515	protein binding	occurs_in(GO:0005737)
GO:0004565	beta-galactosidase activity	occurs_in(GO:0005737)
GO:0008013	beta-catenin binding	occurs_in(GO:0005737)
GO:1903770	negative regulation of beta-galactosidase activity	occurs_in(GO:0005737)
GO:0042802	identical protein binding	occurs_in(GO:0005737)
GO:0005515	protein binding	occurs_in(GO:0005737)
GO:0005515	protein binding	occurs_in(GO:0005737)
GO:0098770	FBXO family protein binding	occurs_in(GO:0005737)
GO:0035198	miRNA binding	occurs_in(GO:0005737)
GO:0005515	protein binding	occurs_in(GO:0005737)
GO:0005515	protein binding	occurs_in(GO:0005737)
GO:0005515	protein binding	occurs_in(GO:0005737)
GO:0005515	protein binding	occurs_in(GO:0005737)
GO:0005515	protein binding	occurs_in(GO:0005737)
GO:0003725	double-stranded RNA binding	occurs_in(GO:0005737)
GO:0050913	sensory perception of bitter taste	occurs_in(GO:0005737)
GO:0005515	protein binding	occurs_in(GO:0005737)
GO:0005515	protein binding	occurs_in(GO:0005737)
GO:0005515	protein binding	occurs_in(GO:0005737)
GO:0005515	protein binding	occurs_in(GO:0005737)
GO:0005515	protein binding	occurs_in(GO:0005737)
GO:0005515	protein binding	occurs_in(GO:0005737)
GO:0042802	identical protein binding	occurs_in(GO:0005737)
GO:0042787	protein ubiquitination involved in ubiquitin-dependent protein catabolic process	occurs_in(GO:0005737)
GO:0005515	protein binding	occurs_in(GO:0005737)
GO:0031625	ubiquitin protein ligase binding	occurs_in(GO:0005737)
GO:0005515	protein binding	occurs_in(GO:0005737)
GO:0005515	protein binding	occurs_in(GO:0005737)
GO:0005515	protein binding	occurs_in(GO:0005737)
GO:0005515	protein binding	occurs_in(GO:0005737)
GO:0005515	protein binding	occurs_in(GO:0005737)
GO:0005515	protein binding	occurs_in(GO:0005737)
GO:0005515	protein binding	occurs_in(GO:0005737)
GO:0042802	identical protein binding	occurs_in(GO:0005737)
GO:0007635	chemosensory behavior	occurs_in(GO:0005737)
GO:0005515	protein binding	occurs_in(GO:0005737)
GO:0005515	protein binding	occurs_in(GO:0005737)
GO:0005515	protein binding	occurs_in(GO:0005737)
GO:0003677	DNA binding	occurs_in(GO:0005737)
GO:0005516	calmodulin binding	occurs_in(GO:0005737)
GO:0005515	protein binding	occurs_in(GO:0005737)
GO:0005515	protein binding	occurs_in(GO:0005737)
GO:0005515	protein binding	occurs_in(GO:0005737)
GO:0005515	protein binding	occurs_in(GO:0005737)
GO:0005515	protein binding	occurs_in(GO:0005737)
GO:0005515	protein binding	occurs_in(GO:0005737)
GO:0005515	protein binding	occurs_in(GO:0005737)
GO:0042787	protein ubiquitination involved in ubiquitin-dependent protein catabolic process	occurs_in(GO:0005737)
GO:0044262	cellular carbohydrate metabolic process	occurs_in(GO:0005737)
GO:0005515	protein binding	occurs_in(GO:0005737)
GO:0005515	protein binding	occurs_in(GO:0005737)
GO:0005515	protein binding	occurs_in(GO:0005737)
GO:0005515	protein binding	occurs_in(GO:0005737)
GO:0042802	identical protein binding	occurs_in(GO:0005737)
GO:0007067	mitotic nuclear division	occurs_in(GO:0005737)
GO:0032467	positive regulation of cytokinesis	occurs_in(GO:0005737)
GO:1990214	negative regulation by symbiont of host protein levels	occurs_in(GO:0005737)
GO:0051928	positive regulation of calcium ion transport	occurs_in(GO:0005739
GO:0005515	protein binding	occurs_in(GO:0005739
GO:0046322	negative regulation of fatty acid oxidation	occurs_in(GO:0005739
GO:0045739	positive regulation of DNA repair	occurs_in(GO:0005739
GO:0035278	miRNA mediated inhibition of translation	occurs_in(GO:0005739
GO:2000379	positive regulation of reactive oxygen species metabolic process	occurs_in(GO:0005739
GO:0019725	cellular homeostasis	occurs_in(GO:0005739)
GO:0006744	ubiquinone biosynthetic process	occurs_in(GO:0005739)
GO:1903578	regulation of ATP metabolic process	occurs_in(GO:0005739)
GO:0003677	DNA binding	occurs_in(GO:0005739)
GO:0000104	succinate dehydrogenase activity	occurs_in(GO:0005739)
GO:1901215	negative regulation of neuron death	occurs_in(GO:0005739)
GO:0055114	oxidation-reduction process	occurs_in(GO:0005739)
GO:0042769	DNA damage response, detection of DNA damage	occurs_in(GO:0005739)
GO:0070301	cellular response to hydrogen peroxide	occurs_in(GO:0005739)
GO:0003910	DNA ligase (ATP) activity	occurs_in(GO:0005739)
GO:0006288	base-excision repair, DNA ligation	occurs_in(GO:0005739)
GO:0016310	phosphorylation	occurs_in(GO:0005739)
GO:0016567	protein ubiquitination	occurs_in(GO:0005739)
GO:0043623	cellular protein complex assembly	occurs_in(GO:0005739)
GO:0031647	regulation of protein stability	occurs_in(GO:0005739)
GO:0005515	protein binding	occurs_in(GO:0005739)
GO:0000150	recombinase activity	occurs_in(GO:0005739)
GO:0060340	positive regulation of type I interferon-mediated signaling pathway	occurs_in(GO:0005739)
GO:0015937	coenzyme A biosynthetic process	occurs_in(GO:0005739)
GO:0005542	folic acid binding	occurs_in(GO:0005739)
GO:0030272	5-formyltetrahydrofolate cyclo-ligase activity	occurs_in(GO:0005739)
GO:0031397	negative regulation of protein ubiquitination	occurs_in(GO:0005739)
GO:0005515	protein binding	occurs_in(GO:0005739)
GO:0005515	protein binding	occurs_in(GO:0005739)
GO:0004364	glutathione transferase activity	occurs_in(GO:0005739)
GO:0004722	protein serine/threonine phosphatase activity	occurs_in(GO:0005739)
GO:0003909	DNA ligase activity	occurs_in(GO:0005739)
GO:1903579	negative regulation of ATP metabolic process	occurs_in(GO:0005739)
GO:0005515	protein binding	occurs_in(GO:0005739)
GO:0031397	negative regulation of protein ubiquitination	occurs_in(GO:0005739)
GO:0006979	response to oxidative stress	occurs_in(GO:0005739)
GO:0006979	response to oxidative stress	occurs_in(GO:0005739)
GO:0051882	mitochondrial depolarization	occurs_in(GO:0005739)
GO:0005515	protein binding	occurs_in(GO:0005739)
GO:0005515	protein binding	occurs_in(GO:0005739)
GO:0005515	protein binding	occurs_in(GO:0005739)
GO:0042802	identical protein binding	occurs_in(GO:0005739)
GO:0046653	tetrahydrofolate metabolic process	occurs_in(GO:0005739)
GO:0008517	folic acid transporter activity	occurs_in(GO:0005739)
GO:0033138	positive regulation of peptidyl-serine phosphorylation	occurs_in(GO:0005739)
GO:0004594	pantothenate kinase activity	occurs_in(GO:0005739)
GO:0005515	protein binding	occurs_in(GO:0005739)
GO:0005515	protein binding	occurs_in(GO:0005742)
GO:0005515	protein binding	occurs_in(GO:0005742)
GO:0004175	endopeptidase activity	occurs_in(GO:0005743)
GO:0006508	proteolysis	occurs_in(GO:0005743)
GO:0005515	protein binding	occurs_in(GO:0005746)
GO:0006457	protein folding	occurs_in(GO:0005758)
GO:0005515	protein binding	occurs_in(GO:0005759)
GO:0000049	tRNA binding	occurs_in(GO:0005759)
GO:0004810	tRNA adenylyltransferase activity	occurs_in(GO:0005759)
GO:0046899	nucleoside triphosphate adenylate kinase activity	occurs_in(GO:0005759)
GO:0005515	protein binding	occurs_in(GO:0005760)
GO:0006879	cellular iron ion homeostasis	occurs_in(GO:0005764
GO:0005515	protein binding	occurs_in(GO:0005764)
GO:0015811	L-cystine transport	occurs_in(GO:0005764)
GO:0005515	protein binding	occurs_in(GO:0005764)
GO:0005515	protein binding	occurs_in(GO:0005764)
GO:0005515	protein binding	occurs_in(GO:0005764)
GO:0051604	protein maturation	occurs_in(GO:0005764)
GO:0005515	protein binding	occurs_in(GO:0005768)
GO:0005515	protein binding	occurs_in(GO:0005768)
GO:1902311	regulation of copper ion transmembrane transport	occurs_in(GO:0005768)
GO:0005515	protein binding	occurs_in(GO:0005768)
GO:0005515	protein binding	occurs_in(GO:0005768)
GO:0005515	protein binding	occurs_in(GO:0005768)
GO:0051036	regulation of endosome size	occurs_in(GO:0005769)
GO:0005515	protein binding	occurs_in(GO:0005769)
GO:0005515	protein binding	occurs_in(GO:0005769)
GO:0072594	establishment of protein localization to organelle	occurs_in(GO:0005770)
GO:0005515	protein binding	occurs_in(GO:0005770)
GO:0005515	protein binding	occurs_in(GO:0005770)
GO:0005515	protein binding	occurs_in(GO:0005770)
GO:0070676	intralumenal vesicle formation	occurs_in(GO:0005770)
GO:0005515	protein binding	occurs_in(GO:0005771)
GO:0005515	protein binding	occurs_in(GO:0005776)
GO:0005515	protein binding	occurs_in(GO:0005777)
GO:0042802	identical protein binding	occurs_in(GO:0005777)
GO:0006635	fatty acid beta-oxidation	occurs_in(GO:0005777)
GO:0005515	protein binding	occurs_in(GO:0005778)
GO:0005515	protein binding	occurs_in(GO:0005778)
GO:0046982	protein heterodimerization activity	occurs_in(GO:0005783
GO:0046982	protein heterodimerization activity	occurs_in(GO:0005783
GO:0046982	protein heterodimerization activity	occurs_in(GO:0005783
GO:0046982	protein heterodimerization activity	occurs_in(GO:0005783
GO:0046982	protein heterodimerization activity	occurs_in(GO:0005783
GO:0046982	protein heterodimerization activity	occurs_in(GO:0005783
GO:0046982	protein heterodimerization activity	occurs_in(GO:0005783
GO:0046982	protein heterodimerization activity	occurs_in(GO:0005783
GO:0005515	protein binding	occurs_in(GO:0005783)
GO:0036066	protein O-linked fucosylation	occurs_in(GO:0005783)
GO:0005515	protein binding	occurs_in(GO:0005783)
GO:0046922	peptide-O-fucosyltransferase activity	occurs_in(GO:0005783)
GO:0051087	chaperone binding	occurs_in(GO:0005783)
GO:0005515	protein binding	occurs_in(GO:0005783)
GO:0042803	protein homodimerization activity	occurs_in(GO:0005783)
GO:0032403	protein complex binding	occurs_in(GO:0005783)
GO:0005515	protein binding	occurs_in(GO:0005783)
GO:0005515	protein binding	occurs_in(GO:0005783)
GO:0005515	protein binding	occurs_in(GO:0005783)
GO:0005515	protein binding	occurs_in(GO:0005783)
GO:0005388	calcium-transporting ATPase activity	occurs_in(GO:0005783)
GO:0017147	Wnt-protein binding	occurs_in(GO:0005783)
GO:1904382	mannose trimming involved in glycoprotein ERAD pathway	occurs_in(GO:0005783)
GO:0005515	protein binding	occurs_in(GO:0005783)
GO:0046977	TAP binding	occurs_in(GO:0005783)
GO:0051259	protein oligomerization	occurs_in(GO:0005783)
GO:0051117	ATPase binding	occurs_in(GO:0005789)
GO:0005515	protein binding	occurs_in(GO:0005789)
GO:0006663	platelet activating factor biosynthetic process	occurs_in(GO:0005789)
GO:0047179	platelet-activating factor acetyltransferase activity	occurs_in(GO:0005789)
GO:1990381	ubiquitin-specific protease binding	occurs_in(GO:0005789)
GO:0005515	protein binding	occurs_in(GO:0005793)
GO:0005515	protein binding	occurs_in(GO:0005793)
GO:0005515	protein binding	occurs_in(GO:0005794)
GO:0042802	identical protein binding	occurs_in(GO:0005794)
GO:0005515	protein binding	occurs_in(GO:0005794)
GO:0005515	protein binding	occurs_in(GO:0005794)
GO:0043085	positive regulation of catalytic activity	occurs_in(GO:0005794)
GO:0005515	protein binding	occurs_in(GO:0005795)
GO:0043085	positive regulation of catalytic activity	occurs_in(GO:0005802
GO:0005515	protein binding	occurs_in(GO:0005802)
GO:0005515	protein binding	occurs_in(GO:0005802)
GO:0005515	protein binding	occurs_in(GO:0005802)
GO:0005515	protein binding	occurs_in(GO:0005802)
GO:0005515	protein binding	occurs_in(GO:0005802)
GO:0005515	protein binding	occurs_in(GO:0005802)
GO:0005515	protein binding	occurs_in(GO:0005811)
GO:0005515	protein binding	occurs_in(GO:0005811)
GO:0005515	protein binding	occurs_in(GO:0005811)
GO:0005515	protein binding	occurs_in(GO:0005813)
GO:0033365	protein localization to organelle	occurs_in(GO:0005813)
GO:0005515	protein binding	occurs_in(GO:0005813)
GO:0005515	protein binding	occurs_in(GO:0005813)
GO:0033365	protein localization to organelle	occurs_in(GO:0005813)
GO:0033365	protein localization to organelle	occurs_in(GO:0005813)
GO:0033365	protein localization to organelle	occurs_in(GO:0005813)
GO:0033365	protein localization to organelle	occurs_in(GO:0005813)
GO:0005515	protein binding	occurs_in(GO:0005813)
GO:0005515	protein binding	occurs_in(GO:0005813)
GO:0005515	protein binding	occurs_in(GO:0005813)
GO:0005515	protein binding	occurs_in(GO:0005813)
GO:0005515	protein binding	occurs_in(GO:0005814)
GO:0005515	protein binding	occurs_in(GO:0005814)
GO:0005515	protein binding	occurs_in(GO:0005815)
GO:0005515	protein binding	occurs_in(GO:0005815)
GO:0005515	protein binding	occurs_in(GO:0005816)
GO:0005515	protein binding	occurs_in(GO:0005819)
GO:0005515	protein binding	occurs_in(GO:0005829
GO:0034599	cellular response to oxidative stress	occurs_in(GO:0005829
GO:0005515	protein binding	occurs_in(GO:0005829)
GO:0042802	identical protein binding	occurs_in(GO:0005829)
GO:0005515	protein binding	occurs_in(GO:0005829)
GO:0005515	protein binding	occurs_in(GO:0005829)
GO:0005515	protein binding	occurs_in(GO:0005829)
GO:0005524	ATP binding	occurs_in(GO:0005829)
GO:0033142	progesterone receptor binding	occurs_in(GO:0005829)
GO:0005515	protein binding	occurs_in(GO:0005829)
GO:0005515	protein binding	occurs_in(GO:0005829)
GO:0043065	positive regulation of apoptotic process	occurs_in(GO:0005829)
GO:0051879	Hsp90 protein binding	occurs_in(GO:0005829)
GO:0042420	dopamine catabolic process	occurs_in(GO:0005829)
GO:0042787	protein ubiquitination involved in ubiquitin-dependent protein catabolic process	occurs_in(GO:0005829)
GO:0005515	protein binding	occurs_in(GO:0005829)
GO:1904288	BAT3 complex binding	occurs_in(GO:0005829)
GO:0005515	protein binding	occurs_in(GO:0005829)
GO:0030544	Hsp70 protein binding	occurs_in(GO:0005829)
GO:0005515	protein binding	occurs_in(GO:0005829)
GO:0019899	enzyme binding	occurs_in(GO:0005829)
GO:0005515	protein binding	occurs_in(GO:0005829)
GO:0005515	protein binding	occurs_in(GO:0005829)
GO:0005515	protein binding	occurs_in(GO:0005829)
GO:0005515	protein binding	occurs_in(GO:0005829)
GO:0005515	protein binding	occurs_in(GO:0005829)
GO:0005515	protein binding	occurs_in(GO:0005829)
GO:0005515	protein binding	occurs_in(GO:0005829)
GO:0005515	protein binding	occurs_in(GO:0005829)
GO:0043235	receptor complex	occurs_in(GO:0005829)
GO:0033142	progesterone receptor binding	occurs_in(GO:0005829)
GO:0005515	protein binding	occurs_in(GO:0005829)
GO:0005515	protein binding	occurs_in(GO:0005829)
GO:0042802	identical protein binding	occurs_in(GO:0005829)
GO:0019900	kinase binding	occurs_in(GO:0005829)
GO:0005515	protein binding	occurs_in(GO:0005840)
GO:0005515	protein binding	occurs_in(GO:0005856)
GO:0005515	protein binding	occurs_in(GO:0005856)
GO:0005515	protein binding	occurs_in(GO:0005856)
GO:0005515	protein binding	occurs_in(GO:0005856)
GO:0005515	protein binding	occurs_in(GO:0005874)
GO:0005515	protein binding	occurs_in(GO:0005874)
GO:0005515	protein binding	occurs_in(GO:0005874)
GO:0005515	protein binding	occurs_in(GO:0005876)
GO:0005515	protein binding	occurs_in(GO:0005881)
GO:0005515	protein binding	occurs_in(GO:0005882)
GO:0005515	protein binding	occurs_in(GO:0005884)
GO:0005515	protein binding	occurs_in(GO:0005884)
GO:0005515	protein binding	occurs_in(GO:0005886)
GO:0005515	protein binding	occurs_in(GO:0005886)
GO:0005515	protein binding	occurs_in(GO:0005886)
GO:0005515	protein binding	occurs_in(GO:0005886)
GO:0005515	protein binding	occurs_in(GO:0005886)
GO:0005515	protein binding	occurs_in(GO:0005886)
GO:0031201	SNARE complex	occurs_in(GO:0005886)
GO:0005515	protein binding	occurs_in(GO:0005886)
GO:0005515	protein binding	occurs_in(GO:0005886)
GO:0005515	protein binding	occurs_in(GO:0005886)
GO:0005515	protein binding	occurs_in(GO:0005886)
GO:0042802	identical protein binding	occurs_in(GO:0005886)
GO:0005515	protein binding	occurs_in(GO:0005886)
GO:0042030	ATPase inhibitor activity	occurs_in(GO:0005886)
GO:0005515	protein binding	occurs_in(GO:0005886)
GO:0005515	protein binding	occurs_in(GO:0005886)
GO:0005515	protein binding	occurs_in(GO:0005886)
GO:0005515	protein binding	occurs_in(GO:0005886)
GO:0005515	protein binding	occurs_in(GO:0005886)
GO:0005515	protein binding	occurs_in(GO:0005886)
GO:0005515	protein binding	occurs_in(GO:0005886)
GO:0005515	protein binding	occurs_in(GO:0005886)
GO:1903407	negative regulation of sodium:potassium-exchanging ATPase activity	occurs_in(GO:0005886)
GO:0005515	protein binding	occurs_in(GO:0005886)
GO:0005515	protein binding	occurs_in(GO:0005886)
GO:0005515	protein binding	occurs_in(GO:0005886)
GO:0005515	protein binding	occurs_in(GO:0005886)
GO:0005515	protein binding	occurs_in(GO:0005886)
GO:0006663	platelet activating factor biosynthetic process	occurs_in(GO:0005886)
GO:0042802	identical protein binding	occurs_in(GO:0005886)
GO:0005515	protein binding	occurs_in(GO:0005886)
GO:0005515	protein binding	occurs_in(GO:0005886)
GO:0005515	protein binding	occurs_in(GO:0005886)
GO:0005515	protein binding	occurs_in(GO:0005886)
GO:0005515	protein binding	occurs_in(GO:0005886)
GO:0047179	platelet-activating factor acetyltransferase activity	occurs_in(GO:0005886)
GO:0005515	protein binding	occurs_in(GO:0005887)
GO:0005515	protein binding	occurs_in(GO:0005901)
GO:0005515	protein binding	occurs_in(GO:0005902)
GO:0005515	protein binding	occurs_in(GO:0005902)
GO:0090004	positive regulation of establishment of protein localization to plasma membrane	occurs_in(GO:0005903
GO:0005515	protein binding	occurs_in(GO:0005911)
GO:0005515	protein binding	occurs_in(GO:0005911)
GO:0005515	protein binding	occurs_in(GO:0005911)
GO:0005515	protein binding	occurs_in(GO:0005911)
GO:0005515	protein binding	occurs_in(GO:0005912)
GO:0005515	protein binding	occurs_in(GO:0005921)
GO:0005515	protein binding	occurs_in(GO:0005923)
GO:0090002	establishment of protein localization to plasma membrane	occurs_in(GO:0005923)
GO:0005515	protein binding	occurs_in(GO:0005925)
GO:0042802	identical protein binding	occurs_in(GO:0005925)
GO:0005515	protein binding	occurs_in(GO:0005925)
GO:0005515	protein binding	occurs_in(GO:0005925)
GO:0005515	protein binding	occurs_in(GO:0005925)
GO:0005515	protein binding	occurs_in(GO:0005929)
GO:0005515	protein binding	occurs_in(GO:0005929)
GO:0005515	protein binding	occurs_in(GO:0005935)
GO:0005515	protein binding	occurs_in(GO:0005935)
GO:0005515	protein binding	occurs_in(GO:0005937)
GO:0042802	identical protein binding	occurs_in(GO:0005938)
GO:0005515	protein binding	occurs_in(GO:0005938)
GO:0003924	GTPase activity	occurs_in(GO:0005938)
GO:0071786	endoplasmic reticulum tubular network organization	occurs_in(GO:0005938)
GO:0005515	protein binding	occurs_in(GO:0005938)
GO:1990809	endoplasmic reticulum tubular network membrane organization	occurs_in(GO:0005938)
GO:0005515	protein binding	occurs_in(GO:0005938)
GO:0005515	protein binding	occurs_in(GO:0008021)
GO:0005515	protein binding	occurs_in(GO:0008021)
GO:0005515	protein binding	occurs_in(GO:0008023)
GO:0005515	protein binding	occurs_in(GO:0008180)
GO:0005515	protein binding	occurs_in(GO:0008250)
GO:0005515	protein binding	occurs_in(GO:0008303)
GO:0005515	protein binding	occurs_in(GO:0008541)
GO:0005515	protein binding	occurs_in(GO:0008623)
GO:0042802	identical protein binding	occurs_in(GO:0009279)
GO:0005515	protein binding	occurs_in(GO:0009319)
GO:0042802	identical protein binding	occurs_in(GO:0009360)
GO:0005515	protein binding	occurs_in(GO:0009360)
GO:0005515	protein binding	occurs_in(GO:0009360)
GO:0005515	protein binding	occurs_in(GO:0009360)
GO:0005515	protein binding	occurs_in(GO:0009504)
GO:0005515	protein binding	occurs_in(GO:0009507)
GO:0005515	protein binding	occurs_in(GO:0009507)
GO:0042802	identical protein binding	occurs_in(GO:0009507)
GO:0005515	protein binding	occurs_in(GO:0009524)
GO:0005515	protein binding	occurs_in(GO:0009524)
GO:0005515	protein binding	occurs_in(GO:0009543)
GO:0005515	protein binding	occurs_in(GO:0009574)
GO:0005515	protein binding	occurs_in(GO:0009705)
GO:0005515	protein binding	occurs_in(GO:0009897)
GO:0005515	protein binding	occurs_in(GO:0009941)
GO:0005515	protein binding	occurs_in(GO:0009986)
GO:0005515	protein binding	occurs_in(GO:0009986)
GO:0005515	protein binding	occurs_in(GO:0009986)
GO:0005515	protein binding	occurs_in(GO:0009986)
GO:0005515	protein binding	occurs_in(GO:0010006)
GO:0005515	protein binding	occurs_in(GO:0010006)
GO:0005515	protein binding	occurs_in(GO:0010008)
GO:0005515	protein binding	occurs_in(GO:0010008)
GO:0005515	protein binding	occurs_in(GO:0010494)
GO:0005515	protein binding	occurs_in(GO:0010494)
GO:0005515	protein binding	occurs_in(GO:0012505)
GO:0005515	protein binding	occurs_in(GO:0012506)
GO:0005515	protein binding	occurs_in(GO:0014704)
GO:0014808	release of sequestered calcium ion into cytosol by sarcoplasmic reticulum	occurs_in(GO:0014802)
GO:0071166	ribonucleoprotein complex localization	occurs_in(GO:0015030
GO:0048254	snoRNA localization	occurs_in(GO:0015030)
GO:0005515	protein binding	occurs_in(GO:0015030)
GO:0005515	protein binding	occurs_in(GO:0015629)
GO:0009651	response to salt stress	occurs_in(GO:0016020
GO:0005515	protein binding	occurs_in(GO:0016020)
GO:0017137	Rab GTPase binding	occurs_in(GO:0016020)
GO:0035650	AP-1 adaptor complex binding	occurs_in(GO:0016020)
GO:0005515	protein binding	occurs_in(GO:0016020)
GO:0005515	protein binding	occurs_in(GO:0016020)
GO:0042802	identical protein binding	occurs_in(GO:0016020)
GO:0030742	GTP-dependent protein binding	occurs_in(GO:0016020)
GO:1904288	BAT3 complex binding	occurs_in(GO:0016020)
GO:0005515	protein binding	occurs_in(GO:0016020)
GO:0005515	protein binding	occurs_in(GO:0016020)
GO:0005515	protein binding	occurs_in(GO:0016020)
GO:0005515	protein binding	occurs_in(GO:0016020)
GO:0070063	RNA polymerase binding	occurs_in(GO:0016020)
GO:0005515	protein binding	occurs_in(GO:0016020)
GO:0042802	identical protein binding	occurs_in(GO:0016020)
GO:0009651	response to salt stress	occurs_in(GO:0016020)
GO:0005515	protein binding	occurs_in(GO:0016020)
GO:0005515	protein binding	occurs_in(GO:0016020)
GO:0005515	protein binding	occurs_in(GO:0016020)
GO:0035651	AP-3 adaptor complex binding	occurs_in(GO:0016020)
GO:0036461	BLOC-2 complex binding	occurs_in(GO:0016020)
GO:0005515	protein binding	occurs_in(GO:0016020)
GO:0042802	identical protein binding	occurs_in(GO:0016020)
GO:0005515	protein binding	occurs_in(GO:0016021)
GO:0005515	protein binding	occurs_in(GO:0016023)
GO:0005515	protein binding	occurs_in(GO:0016035)
GO:0005515	protein binding	occurs_in(GO:0016234)
GO:0005515	protein binding	occurs_in(GO:0016234)
GO:0044860	protein localization to plasma membrane raft	occurs_in(GO:0016323)
GO:0005515	protein binding	occurs_in(GO:0016323)
GO:0070836	caveola assembly	occurs_in(GO:0016323)
GO:0050714	positive regulation of protein secretion	occurs_in(GO:0016324
GO:0005515	protein binding	occurs_in(GO:0016324)
GO:0005515	protein binding	occurs_in(GO:0016324)
GO:0004143	diacylglycerol kinase activity	occurs_in(GO:0016363
GO:0005515	protein binding	occurs_in(GO:0016363)
GO:0005515	protein binding	occurs_in(GO:0016442)
GO:0005515	protein binding	occurs_in(GO:0016514)
GO:0005515	protein binding	occurs_in(GO:0016514)
GO:0005515	protein binding	occurs_in(GO:0016528)
GO:0051208	sequestering of calcium ion	occurs_in(GO:0016529
GO:0005515	protein binding	occurs_in(GO:0016529
GO:0060314	regulation of ryanodine-sensitive calcium-release channel activity	occurs_in(GO:0016529)
GO:0032469	endoplasmic reticulum calcium ion homeostasis	occurs_in(GO:0016529)
GO:0005515	protein binding	occurs_in(GO:0016529)
GO:0044325	ion channel binding	occurs_in(GO:0016529)
GO:0005515	protein binding	occurs_in(GO:0016586)
GO:0005515	protein binding	occurs_in(GO:0016587)
GO:0005515	protein binding	occurs_in(GO:0016602)
GO:0051457	maintenance of protein location in nucleus	occurs_in(GO:0016604)
GO:0005515	protein binding	occurs_in(GO:0016604)
GO:0005515	protein binding	occurs_in(GO:0016604)
GO:0005515	protein binding	occurs_in(GO:0016604)
GO:0005515	protein binding	occurs_in(GO:0016605)
GO:0005515	protein binding	occurs_in(GO:0016605)
GO:0005515	protein binding	occurs_in(GO:0016607)
GO:0005515	protein binding	occurs_in(GO:0016607)
GO:0005515	protein binding	occurs_in(GO:0016607)
GO:0071166	ribonucleoprotein complex localization	occurs_in(GO:0016607)
GO:0005515	protein binding	occurs_in(GO:0017053)
GO:0005515	protein binding	occurs_in(GO:0017119)
GO:0005515	protein binding	occurs_in(GO:0019005)
GO:0005515	protein binding	occurs_in(GO:0019034)
GO:0005515	protein binding	occurs_in(GO:0019898)
GO:0005515	protein binding	occurs_in(GO:0020002)
GO:0005515	protein binding	occurs_in(GO:0030008)
GO:0005515	protein binding	occurs_in(GO:0030015)
GO:0005515	protein binding	occurs_in(GO:0030017)
GO:0005515	protein binding	occurs_in(GO:0030018)
GO:0005515	protein binding	occurs_in(GO:0030018)
GO:0005515	protein binding	occurs_in(GO:0030027)
GO:0005515	protein binding	occurs_in(GO:0030027)
GO:0005515	protein binding	occurs_in(GO:0030027)
GO:0042802	identical protein binding	occurs_in(GO:0030027)
GO:0045296	cadherin binding	occurs_in(GO:0030027)
GO:0005515	protein binding	occurs_in(GO:0030027)
GO:0005515	protein binding	occurs_in(GO:0030027)
GO:0005515	protein binding	occurs_in(GO:0030054)
GO:0005515	protein binding	occurs_in(GO:0030056)
GO:0005515	protein binding	occurs_in(GO:0030075)
GO:0005515	protein binding	occurs_in(GO:0030126)
GO:0005515	protein binding	occurs_in(GO:0030133)
GO:0005515	protein binding	occurs_in(GO:0030134)
GO:0005515	protein binding	occurs_in(GO:0030136)
GO:0005515	protein binding	occurs_in(GO:0030175)
GO:0005515	protein binding	occurs_in(GO:0030175)
GO:0005515	protein binding	occurs_in(GO:0030175)
GO:0005515	protein binding	occurs_in(GO:0030175)
GO:0051646	mitochondrion localization	occurs_in(GO:0030424)
GO:0005515	protein binding	occurs_in(GO:0030424)
GO:0033693	neurofilament bundle assembly	occurs_in(GO:0030424)
GO:0051646	mitochondrion localization	occurs_in(GO:0030424)
GO:0030031	cell projection assembly	occurs_in(GO:0030424)
GO:0033693	neurofilament bundle assembly	occurs_in(GO:0030424)
GO:0005515	protein binding	occurs_in(GO:0030424)
GO:1904811	positive regulation of dense core granule transport	occurs_in(GO:0030424)
GO:0005515	protein binding	occurs_in(GO:0030424)
GO:0007005	mitochondrion organization	occurs_in(GO:0030424)
GO:0097112	gamma-aminobutyric acid receptor clustering	occurs_in(GO:0030425
GO:0097112	gamma-aminobutyric acid receptor clustering	occurs_in(GO:0030425
GO:0005515	protein binding	occurs_in(GO:0030425)
GO:0097688	glutamate receptor clustering	occurs_in(GO:0030425)
GO:2000809	positive regulation of synaptic vesicle clustering	occurs_in(GO:0030425)
GO:0005515	protein binding	occurs_in(GO:0030425)
GO:0097091	synaptic vesicle clustering	occurs_in(GO:0030425)
GO:0005515	protein binding	occurs_in(GO:0030425)
GO:0005515	protein binding	occurs_in(GO:0030425)
GO:0097118	neuroligin clustering involved in postsynaptic membrane assembly	occurs_in(GO:0030425)
GO:0005515	protein binding	occurs_in(GO:0030425)
GO:0034613	cellular protein localization	occurs_in(GO:0030425)
GO:0034613	cellular protein localization	occurs_in(GO:0030425)
GO:1904810	negative regulation of dense core granule transport	occurs_in(GO:0030425)
GO:2000809	positive regulation of synaptic vesicle clustering	occurs_in(GO:0030425)
GO:1990048	anterograde neuronal dense core vesicle transport	occurs_in(GO:0030425)
GO:0005515	protein binding	occurs_in(GO:0030426)
GO:0005515	protein binding	occurs_in(GO:0030426)
GO:0005515	protein binding	occurs_in(GO:0030428)
GO:0042802	identical protein binding	occurs_in(GO:0030428)
GO:0005515	protein binding	occurs_in(GO:0030430)
GO:0005515	protein binding	occurs_in(GO:0030430)
GO:0005515	protein binding	occurs_in(GO:0030430)
GO:0005515	protein binding	occurs_in(GO:0030430)
GO:0005515	protein binding	occurs_in(GO:0030430)
GO:0005515	protein binding	occurs_in(GO:0030430)
GO:0005515	protein binding	occurs_in(GO:0030479)
GO:0005515	protein binding	occurs_in(GO:0030496)
GO:0005515	protein binding	occurs_in(GO:0030496)
GO:0005515	protein binding	occurs_in(GO:0030496)
GO:0005515	protein binding	occurs_in(GO:0030496)
GO:0005515	protein binding	occurs_in(GO:0030529)
GO:0005515	protein binding	occurs_in(GO:0030660)
GO:0018105	peptidyl-serine phosphorylation	occurs_in(GO:0030877)
GO:0018107	peptidyl-threonine phosphorylation	occurs_in(GO:0030877)
GO:0004674	protein serine/threonine kinase activity	occurs_in(GO:0030877)
GO:0004674	protein serine/threonine kinase activity	occurs_in(GO:0030877)
GO:0090090	negative regulation of canonical Wnt signaling pathway	occurs_in(GO:0030877)
GO:0018105	peptidyl-serine phosphorylation	occurs_in(GO:0030877)
GO:0042802	identical protein binding	occurs_in(GO:0030894)
GO:0005515	protein binding	occurs_in(GO:0030894)
GO:0005515	protein binding	occurs_in(GO:0030894)
GO:0042802	identical protein binding	occurs_in(GO:0030894)
GO:0005515	protein binding	occurs_in(GO:0030894)
GO:0005515	protein binding	occurs_in(GO:0030894)
GO:0005515	protein binding	occurs_in(GO:0030897)
GO:0005515	protein binding	occurs_in(GO:0030904
GO:0005515	protein binding	occurs_in(GO:0030904)
GO:0046982	protein heterodimerization activity	occurs_in(GO:0030905
GO:0046982	protein heterodimerization activity	occurs_in(GO:0030905
GO:0046982	protein heterodimerization activity	occurs_in(GO:0030905
GO:0046982	protein heterodimerization activity	occurs_in(GO:0030905
GO:0005515	protein binding	occurs_in(GO:0030914)
GO:0005515	protein binding	occurs_in(GO:0030915)
GO:0005515	protein binding	occurs_in(GO:0030915)
GO:0042802	identical protein binding	occurs_in(GO:0031083)
GO:0005515	protein binding	occurs_in(GO:0031083)
GO:0005515	protein binding	occurs_in(GO:0031213)
GO:0051683	establishment of Golgi localization	occurs_in(GO:0031252
GO:0090168	Golgi reassembly	occurs_in(GO:0031252
GO:0005515	protein binding	occurs_in(GO:0031252)
GO:0005515	protein binding	occurs_in(GO:0031252)
GO:0005515	protein binding	occurs_in(GO:0031253)
GO:0005515	protein binding	occurs_in(GO:0031254)
GO:0005515	protein binding	occurs_in(GO:0031262)
GO:0005515	protein binding	occurs_in(GO:0031262)
GO:0005515	protein binding	occurs_in(GO:0031262)
GO:0005515	protein binding	occurs_in(GO:0031262)
GO:0005515	protein binding	occurs_in(GO:0031265)
GO:0005515	protein binding	occurs_in(GO:0031410)
GO:0005515	protein binding	occurs_in(GO:0031410)
GO:0005515	protein binding	occurs_in(GO:0031410)
GO:0005515	protein binding	occurs_in(GO:0031436)
GO:0005515	protein binding	occurs_in(GO:0031465)
GO:0005515	protein binding	occurs_in(GO:0031465)
GO:0005515	protein binding	occurs_in(GO:0031470)
GO:0005515	protein binding	occurs_in(GO:0031514)
GO:0097104	postsynaptic membrane assembly	occurs_in(GO:0031594)
GO:0097105	presynaptic membrane assembly	occurs_in(GO:0031594)
GO:0005515	protein binding	occurs_in(GO:0031597)
GO:0005515	protein binding	occurs_in(GO:0031616)
GO:0005515	protein binding	occurs_in(GO:0031618)
GO:0005515	protein binding	occurs_in(GO:0031674)
GO:0005515	protein binding	occurs_in(GO:0031902)
GO:0005515	protein binding	occurs_in(GO:0031902)
GO:0005515	protein binding	occurs_in(GO:0031965)
GO:0005515	protein binding	occurs_in(GO:0031965)
GO:0005515	protein binding	occurs_in(GO:0031965)
GO:0005515	protein binding	occurs_in(GO:0031965)
GO:0042802	identical protein binding	occurs_in(GO:0031965)
GO:0005515	protein binding	occurs_in(GO:0031966)
GO:0005515	protein binding	occurs_in(GO:0031966)
GO:0005515	protein binding	occurs_in(GO:0031966)
GO:0005515	protein binding	occurs_in(GO:0031982)
GO:0005515	protein binding	occurs_in(GO:0031982)
GO:0005515	protein binding	occurs_in(GO:0031982)
GO:0005515	protein binding	occurs_in(GO:0031982)
GO:0005515	protein binding	occurs_in(GO:0031982)
GO:0005515	protein binding	occurs_in(GO:0031988)
GO:0005515	protein binding	occurs_in(GO:0032010)
GO:0005515	protein binding	occurs_in(GO:0032021)
GO:0005515	protein binding	occurs_in(GO:0032153)
GO:0005515	protein binding	occurs_in(GO:0032154)
GO:0005515	protein binding	occurs_in(GO:0032541)
GO:0005515	protein binding	occurs_in(GO:0032587)
GO:0005515	protein binding	occurs_in(GO:0032587)
GO:0005515	protein binding	occurs_in(GO:0032587)
GO:0007015	actin filament organization	occurs_in(GO:0032588)
GO:0005515	protein binding	occurs_in(GO:0032809)
GO:0005515	protein binding	occurs_in(GO:0032838)
GO:0005515	protein binding	occurs_in(GO:0032839)
GO:0005515	protein binding	occurs_in(GO:0032937)
GO:0035195	gene silencing by miRNA	occurs_in(GO:0033093
GO:0005515	protein binding	occurs_in(GO:0033100)
GO:0005515	protein binding	occurs_in(GO:0033185)
GO:0042802	identical protein binding	occurs_in(GO:0033202)
GO:0005515	protein binding	occurs_in(GO:0033267)
GO:0005515	protein binding	occurs_in(GO:0033267)
GO:0005515	protein binding	occurs_in(GO:0033644)
GO:0005515	protein binding	occurs_in(GO:0033644)
GO:0005515	protein binding	occurs_in(GO:0033648)
GO:0005515	protein binding	occurs_in(GO:0033648)
GO:0005515	protein binding	occurs_in(GO:0033650)
GO:0005515	protein binding	occurs_in(GO:0034045)
GO:0003847	1-alkyl-2-acetylglycerophosphocholine esterase activity	occurs_in(GO:0034362)
GO:0003847	1-alkyl-2-acetylglycerophosphocholine esterase activity	occurs_in(GO:0034362)
GO:0046469	platelet activating factor metabolic process	occurs_in(GO:0034362)
GO:0045056	transcytosis	occurs_in(GO:0034364)
GO:0005515	protein binding	occurs_in(GO:0034399)
GO:0005515	protein binding	occurs_in(GO:0034451)
GO:0005515	protein binding	occurs_in(GO:0034592)
GO:0005515	protein binding	occurs_in(GO:0035098)
GO:0042802	identical protein binding	occurs_in(GO:0035098)
GO:0005515	protein binding	occurs_in(GO:0035145)
GO:0005515	protein binding	occurs_in(GO:0035145)
GO:0005515	protein binding	occurs_in(GO:0035267)
GO:0005515	protein binding	occurs_in(GO:0035861)
GO:0033365	protein localization to organelle	occurs_in(GO:0036019)
GO:0071346	cellular response to interferon-gamma	occurs_in(GO:0036019)
GO:0010628	positive regulation of gene expression	occurs_in(GO:0036019)
GO:0003677	DNA binding	occurs_in(GO:0036019)
GO:0005515	protein binding	occurs_in(GO:0036038)
GO:0014057	positive regulation of acetylcholine secretion, neurotransmission	occurs_in(GO:0036062)
GO:0005515	protein binding	occurs_in(GO:0042025)
GO:0005515	protein binding	occurs_in(GO:0042025)
GO:0005515	protein binding	occurs_in(GO:0042025)
GO:0005515	protein binding	occurs_in(GO:0042025)
GO:0005515	protein binding	occurs_in(GO:0042383)
GO:0044325	ion channel binding	occurs_in(GO:0042383)
GO:0042030	ATPase inhibitor activity	occurs_in(GO:0042383)
GO:0042030	ATPase inhibitor activity	occurs_in(GO:0042383)
GO:1903407	negative regulation of sodium:potassium-exchanging ATPase activity	occurs_in(GO:0042383)
GO:1903407	negative regulation of sodium:potassium-exchanging ATPase activity	occurs_in(GO:0042383)
GO:0005515	protein binding	occurs_in(GO:0042383)
GO:0005515	protein binding	occurs_in(GO:0042383)
GO:0005515	protein binding	occurs_in(GO:0042405)
GO:0005515	protein binding	occurs_in(GO:0042555)
GO:0035864	response to potassium ion	occurs_in(GO:0042583)
GO:0097159	organic cyclic compound binding	occurs_in(GO:0042583)
GO:0005515	protein binding	occurs_in(GO:0042584)
GO:0005515	protein binding	occurs_in(GO:0042589)
GO:0005515	protein binding	occurs_in(GO:0042644)
GO:0003677	DNA binding	occurs_in(GO:0042645)
GO:0005515	protein binding	occurs_in(GO:0042651)
GO:0005515	protein binding	occurs_in(GO:0042729)
GO:0005515	protein binding	occurs_in(GO:0042729)
GO:0005515	protein binding	occurs_in(GO:0042729)
GO:0005515	protein binding	occurs_in(GO:0043005)
GO:0005515	protein binding	occurs_in(GO:0043005)
GO:0005515	protein binding	occurs_in(GO:0043005)
GO:0005515	protein binding	occurs_in(GO:0043005)
GO:0005515	protein binding	occurs_in(GO:0043005)
GO:0005515	protein binding	occurs_in(GO:0043005)
GO:0005515	protein binding	occurs_in(GO:0043005)
GO:0005515	protein binding	occurs_in(GO:0043005)
GO:0005515	protein binding	occurs_in(GO:0043025)
GO:0005515	protein binding	occurs_in(GO:0043025)
GO:0005515	protein binding	occurs_in(GO:0043025)
GO:0005515	protein binding	occurs_in(GO:0043186)
GO:1902803	regulation of synaptic vesicle transport	occurs_in(GO:0043195
GO:0005515	protein binding	occurs_in(GO:0043197)
GO:0005515	protein binding	occurs_in(GO:0043197)
GO:0005515	protein binding	occurs_in(GO:0043197)
GO:0005515	protein binding	occurs_in(GO:0043197)
GO:0043254	regulation of protein complex assembly	occurs_in(GO:0043202
GO:1904014	response to serotonin	occurs_in(GO:0043204)
GO:0043279	response to alkaloid	occurs_in(GO:0043204)
GO:0005515	protein binding	occurs_in(GO:0043222)
GO:0005515	protein binding	occurs_in(GO:0043222)
GO:0042802	identical protein binding	occurs_in(GO:0043234)
GO:0042802	identical protein binding	occurs_in(GO:0043234)
GO:0005515	protein binding	occurs_in(GO:0043234)
GO:0005515	protein binding	occurs_in(GO:0043234)
GO:0005515	protein binding	occurs_in(GO:0043235)
GO:0005515	protein binding	occurs_in(GO:0043293)
GO:0005515	protein binding	occurs_in(GO:0043293)
GO:0005515	protein binding	occurs_in(GO:0043332)
GO:0005515	protein binding	occurs_in(GO:0043596)
GO:0005515	protein binding	occurs_in(GO:0043626)
GO:0042802	identical protein binding	occurs_in(GO:0043626)
GO:0005515	protein binding	occurs_in(GO:0043679)
GO:0005515	protein binding	occurs_in(GO:0043845)
GO:0005515	protein binding	occurs_in(GO:0043845)
GO:0005515	protein binding	occurs_in(GO:0043846)
GO:0005515	protein binding	occurs_in(GO:0043846)
GO:0005515	protein binding	occurs_in(GO:0043846)
GO:0042802	identical protein binding	occurs_in(GO:0043846)
GO:0005515	protein binding	occurs_in(GO:0043847)
GO:0005515	protein binding	occurs_in(GO:0044095)
GO:0005515	protein binding	occurs_in(GO:0044165)
GO:0005515	protein binding	occurs_in(GO:0044165)
GO:0005515	protein binding	occurs_in(GO:0044165)
GO:0005515	protein binding	occurs_in(GO:0044165)
GO:0005515	protein binding	occurs_in(GO:0044165)
GO:0005515	protein binding	occurs_in(GO:0044167)
GO:0005515	protein binding	occurs_in(GO:0044174)
GO:0005515	protein binding	occurs_in(GO:0044177)
GO:0072594	establishment of protein localization to organelle	occurs_in(GO:0044194)
GO:0005515	protein binding	occurs_in(GO:0044194)
GO:0090160	Golgi to lysosome transport	occurs_in(GO:0044194)
GO:0005515	protein binding	occurs_in(GO:0044220)
GO:0005515	protein binding	occurs_in(GO:0044220)
GO:0005515	protein binding	occurs_in(GO:0044220)
GO:0005515	protein binding	occurs_in(GO:0044220)
GO:0005515	protein binding	occurs_in(GO:0044220)
GO:0005515	protein binding	occurs_in(GO:0044220)
GO:0005515	protein binding	occurs_in(GO:0044220)
GO:0005515	protein binding	occurs_in(GO:0044220)
GO:0005515	protein binding	occurs_in(GO:0044220)
GO:0005515	protein binding	occurs_in(GO:0044228)
GO:0042834	peptidoglycan binding	occurs_in(GO:0044229)
GO:0005515	protein binding	occurs_in(GO:0044232)
GO:0005515	protein binding	occurs_in(GO:0044291)
GO:2000009	negative regulation of protein localization to cell surface	occurs_in(GO:0044295
GO:2000009	negative regulation of protein localization to cell surface	occurs_in(GO:0044295
GO:0032956	regulation of actin cytoskeleton organization	occurs_in(GO:0044295)
GO:0030516	regulation of axon extension	occurs_in(GO:0044295)
GO:0030516	regulation of axon extension	occurs_in(GO:0044295)
GO:0031113	regulation of microtubule polymerization	occurs_in(GO:0044295)
GO:0031113	regulation of microtubule polymerization	occurs_in(GO:0044295)
GO:1990535	neuron projection maintenance	occurs_in(GO:0044295)
GO:0032956	regulation of actin cytoskeleton organization	occurs_in(GO:0044295)
GO:0005515	protein binding	occurs_in(GO:0044295)
GO:0005515	protein binding	occurs_in(GO:0044295)
GO:0005515	protein binding	occurs_in(GO:0044297)
GO:0005515	protein binding	occurs_in(GO:0044297)
GO:0005515	protein binding	occurs_in(GO:0044297)
GO:0005515	protein binding	occurs_in(GO:0044297)
GO:0005515	protein binding	occurs_in(GO:0044297)
GO:0005515	protein binding	occurs_in(GO:0044297)
GO:0005515	protein binding	occurs_in(GO:0044297)
GO:0016082	synaptic vesicle priming	occurs_in(GO:0044305)
GO:0005515	protein binding	occurs_in(GO:0044306)
GO:0005515	protein binding	occurs_in(GO:0044309)
GO:1904382	mannose trimming involved in glycoprotein ERAD pathway	occurs_in(GO:0044322)
GO:1903988	ferrous iron export	occurs_in(GO:0044354)
GO:0005515	protein binding	occurs_in(GO:0044444)
GO:0005515	protein binding	occurs_in(GO:0044445)
GO:0034629	cellular protein complex localization	occurs_in(GO:0044449)
GO:0005515	protein binding	occurs_in(GO:0044452)
GO:0005515	protein binding	occurs_in(GO:0045095)
GO:0005515	protein binding	occurs_in(GO:0045121)
GO:0005515	protein binding	occurs_in(GO:0045121)
GO:0005515	protein binding	occurs_in(GO:0045121)
GO:0005515	protein binding	occurs_in(GO:0045171)
GO:0030862	positive regulation of polarized epithelial cell differentiation	occurs_in(GO:0045177)
GO:0070625	zymogen granule exocytosis	occurs_in(GO:0045178)
GO:0070507	regulation of microtubule cytoskeleton organization	occurs_in(GO:0045180
GO:0005515	protein binding	occurs_in(GO:0045202)
GO:0005515	protein binding	occurs_in(GO:0045202)
GO:0005515	protein binding	occurs_in(GO:0045202)
GO:0005515	protein binding	occurs_in(GO:0045211)
GO:0005515	protein binding	occurs_in(GO:0045259)
GO:0005515	protein binding	occurs_in(GO:0045282)
GO:0005515	protein binding	occurs_in(GO:0045298)
GO:0005515	protein binding	occurs_in(GO:0045335)
GO:0005515	protein binding	occurs_in(GO:0046695)
GO:0005515	protein binding	occurs_in(GO:0046695)
GO:0005515	protein binding	occurs_in(GO:0048188)
GO:0031625	ubiquitin protein ligase binding	occurs_in(GO:0048471
GO:0008134	transcription factor binding	occurs_in(GO:0048471
GO:0005515	protein binding	occurs_in(GO:0048471)
GO:0005515	protein binding	occurs_in(GO:0048471)
GO:0042802	identical protein binding	occurs_in(GO:0048471)
GO:0005515	protein binding	occurs_in(GO:0048471)
GO:0005515	protein binding	occurs_in(GO:0048471)
GO:0034629	cellular protein complex localization	occurs_in(GO:0048471)
GO:0005515	protein binding	occurs_in(GO:0048471)
GO:0005515	protein binding	occurs_in(GO:0048471)
GO:0005515	protein binding	occurs_in(GO:0048471)
GO:0005515	protein binding	occurs_in(GO:0048471)
GO:0005515	protein binding	occurs_in(GO:0048471)
GO:0005515	protein binding	occurs_in(GO:0048471)
GO:0005515	protein binding	occurs_in(GO:0048471)
GO:0005515	protein binding	occurs_in(GO:0048471)
GO:0005515	protein binding	occurs_in(GO:0048471)
GO:0005515	protein binding	occurs_in(GO:0048471)
GO:0005515	protein binding	occurs_in(GO:0048471)
GO:0005515	protein binding	occurs_in(GO:0048471)
GO:0005515	protein binding	occurs_in(GO:0048471)
GO:0005515	protein binding	occurs_in(GO:0048476)
GO:0005515	protein binding	occurs_in(GO:0048500)
GO:2000809	positive regulation of synaptic vesicle clustering	occurs_in(GO:0048786
GO:0097091	synaptic vesicle clustering	occurs_in(GO:0048786
GO:0005515	protein binding	occurs_in(GO:0051233)
GO:0005515	protein binding	occurs_in(GO:0051233)
GO:0005515	protein binding	occurs_in(GO:0051285)
GO:0005515	protein binding	occurs_in(GO:0051286)
GO:0071940	fungal-type cell wall assembly	occurs_in(GO:0051286)
GO:0005515	protein binding	occurs_in(GO:0055037)
GO:0005515	protein binding	occurs_in(GO:0055037)
GO:1903422	negative regulation of synaptic vesicle recycling	occurs_in(GO:0060076)
GO:2000463	positive regulation of excitatory postsynaptic potential	occurs_in(GO:0060076)
GO:0005515	protein binding	occurs_in(GO:0060076)
GO:0005515	protein binding	occurs_in(GO:0060076)
GO:0060076	excitatory synapse	occurs_in(GO:0060076)
GO:0061669	spontaneous neurotransmitter secretion	occurs_in(GO:0060076)
GO:1904050	positive regulation of spontaneous neurotransmitter secretion	occurs_in(GO:0060076)
GO:0099553	trans-synaptic signaling by endocannabinoid, modulating synaptic transmission	occurs_in(GO:0060077
GO:0061669	spontaneous neurotransmitter secretion	occurs_in(GO:0060077)
GO:1904050	positive regulation of spontaneous neurotransmitter secretion	occurs_in(GO:0060077)
GO:0007160	cell-matrix adhesion	occurs_in(GO:0060102)
GO:0003924	GTPase activity	occurs_in(GO:0060187)
GO:0005515	protein binding	occurs_in(GO:0060187)
GO:0005515	protein binding	occurs_in(GO:0070090)
GO:0005515	protein binding	occurs_in(GO:0070852)
GO:0005515	protein binding	occurs_in(GO:0070852)
GO:0005515	protein binding	occurs_in(GO:0070971)
GO:0072595	maintenance of protein localization in organelle	occurs_in(GO:0070971)
GO:0072595	maintenance of protein localization in organelle	occurs_in(GO:0070971)
GO:0005515	protein binding	occurs_in(GO:0070971)
GO:0005515	protein binding	occurs_in(GO:0071437)
GO:0005515	protein binding	occurs_in(GO:0071944)
GO:0032231	regulation of actin filament bundle assembly	occurs_in(GO:0071944)
GO:0005515	protein binding	occurs_in(GO:0071944)
GO:0005515	protein binding	occurs_in(GO:0071944)
GO:0005515	protein binding	occurs_in(GO:0072686)
GO:0005515	protein binding	occurs_in(GO:0072687)
GO:0005515	protein binding	occurs_in(GO:0075341)
GO:0005515	protein binding	occurs_in(GO:0097038)
GO:0005515	protein binding	occurs_in(GO:0097060)
GO:0005515	protein binding	occurs_in(GO:0097225)
GO:0042802	identical protein binding	occurs_in(GO:0097413)
GO:0005515	protein binding	occurs_in(GO:0097413)
GO:0005515	protein binding	occurs_in(GO:0097413)
GO:0005515	protein binding	occurs_in(GO:0097422)
GO:0005515	protein binding	occurs_in(GO:0097427)
GO:0005515	protein binding	occurs_in(GO:0097440)
GO:0005515	protein binding	occurs_in(GO:0097457)
GO:0005515	protein binding	occurs_in(GO:0097458)
GO:0005515	protein binding	occurs_in(GO:0097708)
GO:0017137	Rab GTPase binding	occurs_in(GO:0098548)
GO:0008066	glutamate receptor activity	occurs_in(GO:0098793)
GO:0005515	protein binding	occurs_in(GO:0098793)
GO:0050807	regulation of synapse organization	occurs_in(GO:0098793)
GO:0090394	negative regulation of excitatory postsynaptic potential	occurs_in(GO:0098793)
GO:0090394	negative regulation of excitatory postsynaptic potential	occurs_in(GO:0098794)
GO:0051017	actin filament bundle assembly	occurs_in(GO:0098860)
GO:1903422	negative regulation of synaptic vesicle recycling	occurs_in(GO:0098978
GO:1904050	positive regulation of spontaneous neurotransmitter secretion	occurs_in(GO:0098978
GO:1904050	positive regulation of spontaneous neurotransmitter secretion	occurs_in(GO:0098982
GO:0048167	regulation of synaptic plasticity	occurs_in(GO:1990021)
GO:0005515	protein binding	occurs_in(GO:1990033)
GO:0070625	zymogen granule exocytosis	occurs_in(GO:1990794)
GO:0009749	response to glucose	occurs_in(UBERON:0000006
GO:0003857	3-hydroxyacyl-CoA dehydrogenase activity	occurs_in(UBERON:0000006)
GO:0004340	glucokinase activity	occurs_in(UBERON:0000006)
GO:0042132	fructose 1,6-bisphosphate 1-phosphatase activity	occurs_in(UBERON:0000006)
GO:0090275	negative regulation of somatostatin secretion	occurs_in(UBERON:0000006)
GO:0032868	response to insulin	occurs_in(UBERON:0000006)
GO:0009749	response to glucose	occurs_in(UBERON:0000006)
GO:0004095	carnitine O-palmitoyltransferase activity	occurs_in(UBERON:0000006)
GO:0004095	carnitine O-palmitoyltransferase activity	occurs_in(UBERON:0000006)
GO:0009749	response to glucose	occurs_in(UBERON:0000006)
GO:0090274	positive regulation of somatostatin secretion	occurs_in(UBERON:0000006)
GO:0006703	estrogen biosynthetic process	occurs_in(UBERON:0000007
GO:0070330	aromatase activity	occurs_in(UBERON:0000007
GO:0009416	response to light stimulus	occurs_in(UBERON:0000007)
GO:0061477	response to aromatase inhibitor	occurs_in(UBERON:0000007)
GO:0008285	negative regulation of cell proliferation	occurs_in(UBERON:0000007)
GO:0033574	response to testosterone	occurs_in(UBERON:0000007)
GO:0001046	core promoter sequence-specific DNA binding	occurs_in(UBERON:0000007)
GO:1903350	response to dopamine	occurs_in(UBERON:0000007)
GO:0010628	positive regulation of gene expression	occurs_in(UBERON:0000007)
GO:0048545	response to steroid hormone	occurs_in(UBERON:0000007)
GO:0045162	clustering of voltage-gated sodium channels	occurs_in(UBERON:0000010
GO:0090002	establishment of protein localization to plasma membrane	occurs_in(UBERON:0000010)
GO:0050830	defense response to Gram-positive bacterium	occurs_in(UBERON:0000014)
GO:0045087	innate immune response	occurs_in(UBERON:0000014)
GO:0050829	defense response to Gram-negative bacterium	occurs_in(UBERON:0000014)
GO:1900004	negative regulation of serine-type endopeptidase activity	occurs_in(UBERON:0000014)
GO:0002803	positive regulation of antibacterial peptide production	occurs_in(UBERON:0000014)
GO:0002787	negative regulation of antibacterial peptide production	occurs_in(UBERON:0000014)
GO:0031581	hemidesmosome assembly	occurs_in(UBERON:0000014)
GO:0008233	peptidase activity	occurs_in(UBERON:0000014)
GO:0002544	chronic inflammatory response	occurs_in(UBERON:0000014)
GO:0004340	glucokinase activity	occurs_in(UBERON:0000016)
GO:0004743	pyruvate kinase activity	occurs_in(UBERON:0000016)
GO:0005198	structural molecule activity	occurs_in(UBERON:0000022)
GO:0003677	DNA binding	occurs_in(UBERON:0000023
GO:0045591	positive regulation of regulatory T cell differentiation	occurs_in(UBERON:0000030
GO:0090263	positive regulation of canonical Wnt signaling pathway	occurs_in(UBERON:0000033)
GO:0030902	hindbrain development	occurs_in(UBERON:0000033)
GO:1905302	negative regulation of macropinocytosis	occurs_in(UBERON:0000044
GO:1905154	negative regulation of membrane invagination	occurs_in(UBERON:0000044
GO:0010977	negative regulation of neuron projection development	occurs_in(UBERON:0000044
GO:0048842	positive regulation of axon extension involved in axon guidance	occurs_in(UBERON:0000044)
GO:1900243	negative regulation of synaptic vesicle endocytosis	occurs_in(UBERON:0000044)
GO:1900186	negative regulation of clathrin-dependent endocytosis	occurs_in(UBERON:0000044)
GO:0010628	positive regulation of gene expression	occurs_in(UBERON:0000068
GO:0035195	gene silencing by miRNA	occurs_in(UBERON:0000068
GO:1904747	positive regulation of apoptotic process involved in development	occurs_in(UBERON:0000068
GO:0010629	negative regulation of gene expression	occurs_in(UBERON:0000068
GO:0010629	negative regulation of gene expression	occurs_in(UBERON:0000068
GO:0060045	positive regulation of cardiac muscle cell proliferation	occurs_in(UBERON:0000068)
GO:0035278	miRNA mediated inhibition of translation	occurs_in(UBERON:0000068)
GO:1901295	regulation of canonical Wnt signaling pathway involved in cardiac muscle cell fate commitment	occurs_in(UBERON:0000068)
GO:0008284	positive regulation of cell proliferation	occurs_in(UBERON:0000068)
GO:0010628	positive regulation of gene expression	occurs_in(UBERON:0000068)
GO:0051897	positive regulation of protein kinase B signaling	occurs_in(UBERON:0000068)
GO:0051897	positive regulation of protein kinase B signaling	occurs_in(UBERON:0000068)
GO:0060044	negative regulation of cardiac muscle cell proliferation	occurs_in(UBERON:0000068)
GO:0072089	stem cell proliferation	occurs_in(UBERON:0000069)
GO:0017145	stem cell division	occurs_in(UBERON:0000069)
GO:0048863	stem cell differentiation	occurs_in(UBERON:0000069)
GO:1990000	amyloid fibril formation	occurs_in(UBERON:0000074)
GO:0005515	protein binding	occurs_in(UBERON:0000074)
GO:0042805	actinin binding	occurs_in(UBERON:0000074)
GO:0008105	asymmetric protein localization	occurs_in(UBERON:0000106)
GO:0060045	positive regulation of cardiac muscle cell proliferation	occurs_in(UBERON:0000113)
GO:0010628	positive regulation of gene expression	occurs_in(UBERON:0000155
GO:0010629	negative regulation of gene expression	occurs_in(UBERON:0000155
GO:0010629	negative regulation of gene expression	occurs_in(UBERON:0000155
GO:0004396	hexokinase activity	occurs_in(UBERON:0000160
GO:0042742	defense response to bacterium	occurs_in(UBERON:0000160
GO:0090559	regulation of membrane permeability	occurs_in(UBERON:0000160)
GO:0004396	hexokinase activity	occurs_in(UBERON:0000160)
GO:0004497	monooxygenase activity	occurs_in(UBERON:0000160)
GO:0042574	retinal metabolic process	occurs_in(UBERON:0000160)
GO:0050680	negative regulation of epithelial cell proliferation	occurs_in(UBERON:0000160)
GO:0032094	response to food	occurs_in(UBERON:0000160)
GO:0032526	response to retinoic acid	occurs_in(UBERON:0000160)
GO:0050679	positive regulation of epithelial cell proliferation	occurs_in(UBERON:0000160)
GO:0050821	protein stabilization	occurs_in(UBERON:0000160)
GO:0009636	response to toxic substance	occurs_in(UBERON:0000160)
GO:0042538	hyperosmotic salinity response	occurs_in(UBERON:0000160)
GO:0005515	protein binding	occurs_in(UBERON:0000160)
GO:1901810	beta-carotene metabolic process	occurs_in(UBERON:0000160)
GO:0050830	defense response to Gram-positive bacterium	occurs_in(UBERON:0000173)
GO:0045087	innate immune response	occurs_in(UBERON:0000173)
GO:0019731	antibacterial humoral response	occurs_in(UBERON:0000173)
GO:0004089	carbonate dehydratase activity	occurs_in(UBERON:0000178
GO:0060548	negative regulation of cell death	occurs_in(UBERON:0000178
GO:0045919	positive regulation of cytolysis	occurs_in(UBERON:0000178
GO:0001782	B cell homeostasis	occurs_in(UBERON:0000178
GO:0071222	cellular response to lipopolysaccharide	occurs_in(UBERON:0000178
GO:1904628	cellular response to phorbol 13-acetate 12-myristate	occurs_in(UBERON:0000178
GO:0000987	core promoter proximal region sequence-specific DNA binding	occurs_in(UBERON:0000178
GO:0071217	cellular response to external biotic stimulus	occurs_in(UBERON:0000178
GO:1990858	cellular response to lectin	occurs_in(UBERON:0000178
GO:0046651	lymphocyte proliferation	occurs_in(UBERON:0000178)
GO:0048246	macrophage chemotaxis	occurs_in(UBERON:0000178)
GO:0010629	negative regulation of gene expression	occurs_in(UBERON:0000178)
GO:0071222	cellular response to lipopolysaccharide	occurs_in(UBERON:0000178)
GO:1903076	regulation of protein localization to plasma membrane	occurs_in(UBERON:0000201
GO:1903076	regulation of protein localization to plasma membrane	occurs_in(UBERON:0000201
GO:0045056	transcytosis	occurs_in(UBERON:0000201
GO:0010875	positive regulation of cholesterol efflux	occurs_in(UBERON:0000201
GO:0050714	positive regulation of protein secretion	occurs_in(UBERON:0000201
GO:0070506	high-density lipoprotein particle receptor activity	occurs_in(UBERON:0000201)
GO:0033344	cholesterol efflux	occurs_in(UBERON:0000201)
GO:0034375	high-density lipoprotein particle remodeling	occurs_in(UBERON:0000201)
GO:0010875	positive regulation of cholesterol efflux	occurs_in(UBERON:0000201)
GO:0090108	positive regulation of high-density lipoprotein particle assembly	occurs_in(UBERON:0000201)
GO:0032385	positive regulation of intracellular cholesterol transport	occurs_in(UBERON:0000201)
GO:0051180	vitamin transport	occurs_in(UBERON:0000201)
GO:0051603	proteolysis involved in cellular protein catabolic process	occurs_in(UBERON:0000313)
GO:0051603	proteolysis involved in cellular protein catabolic process	occurs_in(UBERON:0000313)
GO:0010628	positive regulation of gene expression	occurs_in(UBERON:0000317
GO:0010629	negative regulation of gene expression	occurs_in(UBERON:0000317
GO:0050830	defense response to Gram-positive bacterium	occurs_in(UBERON:0000317)
GO:0019731	antibacterial humoral response	occurs_in(UBERON:0000317)
GO:0002227	innate immune response in mucosa	occurs_in(UBERON:0000317)
GO:0002903	negative regulation of B cell apoptotic process	occurs_in(UBERON:0000323
GO:0035195	gene silencing by miRNA	occurs_in(UBERON:0000323
GO:0060547	negative regulation of necrotic cell death	occurs_in(UBERON:0000323)
GO:0010940	positive regulation of necrotic cell death	occurs_in(UBERON:0000323)
GO:1903206	negative regulation of hydrogen peroxide-induced cell death	occurs_in(UBERON:0000323)
GO:1905206	positive regulation of hydrogen peroxide-induced cell death	occurs_in(UBERON:0000323)
GO:0010468	regulation of gene expression	occurs_in(UBERON:0000358)
GO:1990573	potassium ion import across plasma membrane	occurs_in(UBERON:0000362)
GO:0005515	protein binding	occurs_in(UBERON:0000362)
GO:0010248	establishment or maintenance of transmembrane electrochemical gradient	occurs_in(UBERON:0000362)
GO:0030955	potassium ion binding	occurs_in(UBERON:0000362)
GO:0036376	sodium ion export from cell	occurs_in(UBERON:0000362)
GO:0005391	sodium:potassium-exchanging ATPase activity	occurs_in(UBERON:0000362)
GO:0005524	ATP binding	occurs_in(UBERON:0000362)
GO:0004768	stearoyl-CoA 9-desaturase activity	occurs_in(UBERON:0000392)
GO:0070542	response to fatty acid	occurs_in(UBERON:0000392)
GO:0042327	positive regulation of phosphorylation	occurs_in(UBERON:0000435)
GO:1904980	positive regulation of endosome organization	occurs_in(UBERON:0000451)
GO:0070050	neuron cellular homeostasis	occurs_in(UBERON:0000451)
GO:0017046	peptide hormone binding	occurs_in(UBERON:0000473
GO:0005131	growth hormone receptor binding	occurs_in(UBERON:0000473
GO:0009888	tissue development	occurs_in(UBERON:0000473)
GO:2000836	positive regulation of androgen secretion	occurs_in(UBERON:0000473)
GO:0007160	cell-matrix adhesion	occurs_in(UBERON:0000482)
GO:0070542	response to fatty acid	occurs_in(UBERON:0000483
GO:1904274	tricellular tight junction assembly	occurs_in(UBERON:0000483)
GO:0051414	response to cortisol	occurs_in(UBERON:0000483)
GO:0007155	cell adhesion	occurs_in(UBERON:0000483)
GO:0005516	calmodulin binding	occurs_in(UBERON:0000922
GO:1902895	positive regulation of pri-miRNA transcription from RNA polymerase II promoter	occurs_in(UBERON:0000922
GO:0004348	glucosylceramidase activity	occurs_in(UBERON:0000922
GO:0045214	sarcomere organization	occurs_in(UBERON:0000922
GO:0000146	microfilament motor activity	occurs_in(UBERON:0000922
GO:0003009	skeletal muscle contraction	occurs_in(UBERON:0000922
GO:0042623	ATPase activity, coupled	occurs_in(UBERON:0000922
GO:0051015	actin filament binding	occurs_in(UBERON:0000922
GO:0060325	face morphogenesis	occurs_in(UBERON:0000922
GO:1902895	positive regulation of pri-miRNA transcription from RNA polymerase II promoter	occurs_in(UBERON:0000922
GO:0030901	midbrain development	occurs_in(UBERON:0000922)
GO:0010459	negative regulation of heart rate	occurs_in(UBERON:0000922)
GO:0003210	cardiac atrium formation	occurs_in(UBERON:0000922)
GO:0043395	heparan sulfate proteoglycan binding	occurs_in(UBERON:0000922)
GO:0019899	enzyme binding	occurs_in(UBERON:0000922)
GO:1905067	negative regulation of canonical Wnt signaling pathway involved in heart development	occurs_in(UBERON:0000922)
GO:0009950	dorsal/ventral axis specification	occurs_in(UBERON:0000922)
GO:0035195	gene silencing by miRNA	occurs_in(UBERON:0000922)
GO:0005515	protein binding	occurs_in(UBERON:0000922)
GO:0003151	outflow tract morphogenesis	occurs_in(UBERON:0000922)
GO:0035195	gene silencing by miRNA	occurs_in(UBERON:0000922)
GO:0044325	ion channel binding	occurs_in(UBERON:0000922)
GO:0043425	bHLH transcription factor binding	occurs_in(UBERON:0000925)
GO:0060974	cell migration involved in heart formation	occurs_in(UBERON:0000925)
GO:0008134	transcription factor binding	occurs_in(UBERON:0000925)
GO:0060974	cell migration involved in heart formation	occurs_in(UBERON:0000926
GO:0003677	DNA binding	occurs_in(UBERON:0000939
GO:0010629	negative regulation of gene expression	occurs_in(UBERON:0000939)
GO:0042742	defense response to bacterium	occurs_in(UBERON:0000945
GO:1904707	positive regulation of vascular smooth muscle cell proliferation	occurs_in(UBERON:0000947
GO:0035195	gene silencing by miRNA	occurs_in(UBERON:0000947
GO:1900087	positive regulation of G1/S transition of mitotic cell cycle	occurs_in(UBERON:0000947
GO:1904707	positive regulation of vascular smooth muscle cell proliferation	occurs_in(UBERON:0000947
GO:1904754	positive regulation of vascular associated smooth muscle cell migration	occurs_in(UBERON:0000947
GO:0060312	regulation of blood vessel remodeling	occurs_in(UBERON:0000947)
GO:0006940	regulation of smooth muscle contraction	occurs_in(UBERON:0000947)
GO:0010628	positive regulation of gene expression	occurs_in(UBERON:0000947)
GO:0061044	negative regulation of vascular wound healing	occurs_in(UBERON:0000947)
GO:1904753	negative regulation of vascular associated smooth muscle cell migration	occurs_in(UBERON:0000947)
GO:0035195	gene silencing by miRNA	occurs_in(UBERON:0000947)
GO:1904707	positive regulation of vascular smooth muscle cell proliferation	occurs_in(UBERON:0000947)
GO:0010628	positive regulation of gene expression	occurs_in(UBERON:0000947)
GO:0010628	positive regulation of gene expression	occurs_in(UBERON:0000947)
GO:0032966	negative regulation of collagen biosynthetic process	occurs_in(UBERON:0000947)
GO:0045907	positive regulation of vasoconstriction	occurs_in(UBERON:0000947)
GO:0060385	axonogenesis involved in innervation	occurs_in(UBERON:0000947)
GO:0071672	negative regulation of smooth muscle cell chemotaxis	occurs_in(UBERON:0000947)
GO:0035195	gene silencing by miRNA	occurs_in(UBERON:0000947)
GO:0035195	gene silencing by miRNA	occurs_in(UBERON:0000947)
GO:0035195	gene silencing by miRNA	occurs_in(UBERON:0000947)
GO:0035195	gene silencing by miRNA	occurs_in(UBERON:0000947)
GO:0035195	gene silencing by miRNA	occurs_in(UBERON:0000947)
GO:0035195	gene silencing by miRNA	occurs_in(UBERON:0000947)
GO:0035195	gene silencing by miRNA	occurs_in(UBERON:0000947)
GO:0035195	gene silencing by miRNA	occurs_in(UBERON:0000947)
GO:0035195	gene silencing by miRNA	occurs_in(UBERON:0000947)
GO:0035195	gene silencing by miRNA	occurs_in(UBERON:0000947)
GO:0035195	gene silencing by miRNA	occurs_in(UBERON:0000947)
GO:0035195	gene silencing by miRNA	occurs_in(UBERON:0000947)
GO:0035195	gene silencing by miRNA	occurs_in(UBERON:0000947)
GO:0035195	gene silencing by miRNA	occurs_in(UBERON:0000947)
GO:1904706	negative regulation of vascular smooth muscle cell proliferation	occurs_in(UBERON:0000947)
GO:0035195	gene silencing by miRNA	occurs_in(UBERON:0000947)
GO:0035195	gene silencing by miRNA	occurs_in(UBERON:0000947)
GO:0035195	gene silencing by miRNA	occurs_in(UBERON:0000947)
GO:0035195	gene silencing by miRNA	occurs_in(UBERON:0000947)
GO:0035195	gene silencing by miRNA	occurs_in(UBERON:0000947)
GO:0035195	gene silencing by miRNA	occurs_in(UBERON:0000947)
GO:0035195	gene silencing by miRNA	occurs_in(UBERON:0000947)
GO:0035195	gene silencing by miRNA	occurs_in(UBERON:0000947)
GO:0035195	gene silencing by miRNA	occurs_in(UBERON:0000947)
GO:0048010	vascular endothelial growth factor receptor signaling pathway	occurs_in(UBERON:0000948
GO:0004396	hexokinase activity	occurs_in(UBERON:0000948
GO:0033365	protein localization to organelle	occurs_in(UBERON:0000948
GO:0010629	negative regulation of gene expression	occurs_in(UBERON:0000948
GO:0010629	negative regulation of gene expression	occurs_in(UBERON:0000948
GO:0010629	negative regulation of gene expression	occurs_in(UBERON:0000948
GO:0010629	negative regulation of gene expression	occurs_in(UBERON:0000948
GO:0010629	negative regulation of gene expression	occurs_in(UBERON:0000948
GO:0045944	positive regulation of transcription from RNA polymerase II promoter	occurs_in(UBERON:0000948
GO:0045944	positive regulation of transcription from RNA polymerase II promoter	occurs_in(UBERON:0000948
GO:0045944	positive regulation of transcription from RNA polymerase II promoter	occurs_in(UBERON:0000948
GO:0045944	positive regulation of transcription from RNA polymerase II promoter	occurs_in(UBERON:0000948
GO:0045944	positive regulation of transcription from RNA polymerase II promoter	occurs_in(UBERON:0000948
GO:0045944	positive regulation of transcription from RNA polymerase II promoter	occurs_in(UBERON:0000948
GO:0045944	positive regulation of transcription from RNA polymerase II promoter	occurs_in(UBERON:0000948
GO:0050729	positive regulation of inflammatory response	occurs_in(UBERON:0000948
GO:0010821	regulation of mitochondrion organization	occurs_in(UBERON:0000948
GO:0044325	ion channel binding	occurs_in(UBERON:0000948
GO:0005515	protein binding	occurs_in(UBERON:0000948
GO:0033137	negative regulation of peptidyl-serine phosphorylation	occurs_in(UBERON:0000948
GO:1905205	positive regulation of connective tissue replacement	occurs_in(UBERON:0000948
GO:1905205	positive regulation of connective tissue replacement	occurs_in(UBERON:0000948
GO:0039656	modulation by virus of host gene expression	occurs_in(UBERON:0000948
GO:0039656	modulation by virus of host gene expression	occurs_in(UBERON:0000948
GO:0070374	positive regulation of ERK1 and ERK2 cascade	occurs_in(UBERON:0000948
GO:0045944	positive regulation of transcription from RNA polymerase II promoter	occurs_in(UBERON:0000948
GO:0070588	calcium ion transmembrane transport	occurs_in(UBERON:0000948
GO:0035195	gene silencing by miRNA	occurs_in(UBERON:0000948
GO:0010629	negative regulation of gene expression	occurs_in(UBERON:0000948
GO:0038190	VEGF-activated neuropilin signaling pathway	occurs_in(UBERON:0000948
GO:0046322	negative regulation of fatty acid oxidation	occurs_in(UBERON:0000948
GO:0034105	positive regulation of tissue remodeling	occurs_in(UBERON:0000948
GO:0005515	protein binding	occurs_in(UBERON:0000948
GO:0044325	ion channel binding	occurs_in(UBERON:0000948
GO:0010629	negative regulation of gene expression	occurs_in(UBERON:0000948
GO:0032947	protein complex scaffold	occurs_in(UBERON:0000948
GO:1903799	negative regulation of production of miRNAs involved in gene silencing by miRNA	occurs_in(UBERON:0000948
GO:1903799	negative regulation of production of miRNAs involved in gene silencing by miRNA	occurs_in(UBERON:0000948
GO:1903799	negative regulation of production of miRNAs involved in gene silencing by miRNA	occurs_in(UBERON:0000948
GO:0002686	negative regulation of leukocyte migration	occurs_in(UBERON:0000948
GO:1905205	positive regulation of connective tissue replacement	occurs_in(UBERON:0000948
GO:1905205	positive regulation of connective tissue replacement	occurs_in(UBERON:0000948
GO:0010628	positive regulation of gene expression	occurs_in(UBERON:0000948
GO:0010628	positive regulation of gene expression	occurs_in(UBERON:0000948
GO:0010628	positive regulation of gene expression	occurs_in(UBERON:0000948
GO:0010628	positive regulation of gene expression	occurs_in(UBERON:0000948
GO:0010628	positive regulation of gene expression	occurs_in(UBERON:0000948
GO:0045944	positive regulation of transcription from RNA polymerase II promoter	occurs_in(UBERON:0000948
GO:0010107	potassium ion import	occurs_in(UBERON:0000948)
GO:0036376	sodium ion export from cell	occurs_in(UBERON:0000948)
GO:0055074	calcium ion homeostasis	occurs_in(UBERON:0000948)
GO:0043268	positive regulation of potassium ion transport	occurs_in(UBERON:0000948)
GO:0071253	connexin binding	occurs_in(UBERON:0000948)
GO:0034605	cellular response to heat	occurs_in(UBERON:0000948)
GO:0006476	protein deacetylation	occurs_in(UBERON:0000948)
GO:0051721	protein phosphatase 2A binding	occurs_in(UBERON:0000948)
GO:2000649	regulation of sodium ion transmembrane transporter activity	occurs_in(UBERON:0000948)
GO:0004598	peptidylamidoglycolate lyase activity	occurs_in(UBERON:0000948)
GO:0010942	positive regulation of cell death	occurs_in(UBERON:0000948)
GO:0010629	negative regulation of gene expression	occurs_in(UBERON:0000948)
GO:0009408	response to heat	occurs_in(UBERON:0000948)
GO:0060314	regulation of ryanodine-sensitive calcium-release channel activity	occurs_in(UBERON:0000948)
GO:0030506	ankyrin binding	occurs_in(UBERON:0000948)
GO:0071313	cellular response to caffeine	occurs_in(UBERON:0000948)
GO:0051481	negative regulation of cytosolic calcium ion concentration	occurs_in(UBERON:0000948)
GO:0070509	calcium ion import	occurs_in(UBERON:0000948)
GO:0060314	regulation of ryanodine-sensitive calcium-release channel activity	occurs_in(UBERON:0000948)
GO:0042803	protein homodimerization activity	occurs_in(UBERON:0000948)
GO:0070374	positive regulation of ERK1 and ERK2 cascade	occurs_in(UBERON:0000948)
GO:1900015	regulation of cytokine production involved in inflammatory response	occurs_in(UBERON:0000948)
GO:0010629	negative regulation of gene expression	occurs_in(UBERON:0000948)
GO:0051898	negative regulation of protein kinase B signaling	occurs_in(UBERON:0000948)
GO:0034340	response to type I interferon	occurs_in(UBERON:0000948)
GO:0061734	parkin-mediated mitophagy in response to mitochondrial depolarization	occurs_in(UBERON:0000948)
GO:0005179	hormone activity	occurs_in(UBERON:0000948)
GO:0060298	positive regulation of sarcomere organization	occurs_in(UBERON:0000948)
GO:0070296	sarcoplasmic reticulum calcium ion transport	occurs_in(UBERON:0000948)
GO:0045944	positive regulation of transcription from RNA polymerase II promoter	occurs_in(UBERON:0000948)
GO:0045944	positive regulation of transcription from RNA polymerase II promoter	occurs_in(UBERON:0000948)
GO:0045944	positive regulation of transcription from RNA polymerase II promoter	occurs_in(UBERON:0000948)
GO:0045944	positive regulation of transcription from RNA polymerase II promoter	occurs_in(UBERON:0000948)
GO:0008157	protein phosphatase 1 binding	occurs_in(UBERON:0000948)
GO:0034605	cellular response to heat	occurs_in(UBERON:0000948)
GO:0004222	metalloendopeptidase activity	occurs_in(UBERON:0000948)
GO:0002934	desmosome organization	occurs_in(UBERON:0000948)
GO:0016525	negative regulation of angiogenesis	occurs_in(UBERON:0000948)
GO:0035195	gene silencing by miRNA	occurs_in(UBERON:0000948)
GO:0035195	gene silencing by miRNA	occurs_in(UBERON:0000948)
GO:0004683	calmodulin-dependent protein kinase activity	occurs_in(UBERON:0000948)
GO:0051393	alpha-actinin binding	occurs_in(UBERON:0000948)
GO:0045019	negative regulation of nitric oxide biosynthetic process	occurs_in(UBERON:0000948)
GO:0071872	cellular response to epinephrine stimulus	occurs_in(UBERON:0000948)
GO:0034236	protein kinase A catalytic subunit binding	occurs_in(UBERON:0000948)
GO:0042803	protein homodimerization activity	occurs_in(UBERON:0000948)
GO:0051018	protein kinase A binding	occurs_in(UBERON:0000948)
GO:0010628	positive regulation of gene expression	occurs_in(UBERON:0000948)
GO:0010628	positive regulation of gene expression	occurs_in(UBERON:0000948)
GO:0010628	positive regulation of gene expression	occurs_in(UBERON:0000948)
GO:0035195	gene silencing by miRNA	occurs_in(UBERON:0000948)
GO:0035195	gene silencing by miRNA	occurs_in(UBERON:0000948)
GO:0004115	3',5'-cyclic-AMP phosphodiesterase activity	occurs_in(UBERON:0000948)
GO:0006198	cAMP catabolic process	occurs_in(UBERON:0000948)
GO:0009409	response to cold	occurs_in(UBERON:0000948)
GO:0017080	sodium channel regulator activity	occurs_in(UBERON:0000948)
GO:0060385	axonogenesis involved in innervation	occurs_in(UBERON:0000948)
GO:2000650	negative regulation of sodium ion transmembrane transporter activity	occurs_in(UBERON:0000948)
GO:0044539	long-chain fatty acid import	occurs_in(UBERON:0000948)
GO:0050821	protein stabilization	occurs_in(UBERON:0000948)
GO:0006468	protein phosphorylation	occurs_in(UBERON:0000948)
GO:0051001	negative regulation of nitric-oxide synthase activity	occurs_in(UBERON:0000948)
GO:1900082	negative regulation of arginine catabolic process	occurs_in(UBERON:0000948)
GO:0045944	positive regulation of transcription from RNA polymerase II promoter	occurs_in(UBERON:0000948)
GO:2001259	positive regulation of cation channel activity	occurs_in(UBERON:0000948)
GO:0042632	cholesterol homeostasis	occurs_in(UBERON:0000948)
GO:0070328	triglyceride homeostasis	occurs_in(UBERON:0000948)
GO:1905205	positive regulation of connective tissue replacement	occurs_in(UBERON:0000948)
GO:0010628	positive regulation of gene expression	occurs_in(UBERON:0000948)
GO:0010628	positive regulation of gene expression	occurs_in(UBERON:0000948)
GO:0010628	positive regulation of gene expression	occurs_in(UBERON:0000948)
GO:0010628	positive regulation of gene expression	occurs_in(UBERON:0000948)
GO:1903671	negative regulation of sprouting angiogenesis	occurs_in(UBERON:0000948)
GO:1990036	calcium ion import into sarcoplasmic reticulum	occurs_in(UBERON:0000948)
GO:0005391	sodium:potassium-exchanging ATPase activity	occurs_in(UBERON:0000948)
GO:0010468	regulation of gene expression	occurs_in(UBERON:0000948)
GO:0035584	calcium-mediated signaling using intracellular calcium source	occurs_in(UBERON:0000948)
GO:0071281	cellular response to iron ion	occurs_in(UBERON:0000948)
GO:0051117	ATPase binding	occurs_in(UBERON:0000948)
GO:0005432	calcium:sodium antiporter activity	occurs_in(UBERON:0000948)
GO:0033353	S-adenosylmethionine cycle	occurs_in(UBERON:0000948)
GO:0004504	peptidylglycine monooxygenase activity	occurs_in(UBERON:0000948)
GO:0035195	gene silencing by miRNA	occurs_in(UBERON:0000948)
GO:0035195	gene silencing by miRNA	occurs_in(UBERON:0000948)
GO:0035195	gene silencing by miRNA	occurs_in(UBERON:0000948)
GO:0010629	negative regulation of gene expression	occurs_in(UBERON:0000948)
GO:0097110	scaffold protein binding	occurs_in(UBERON:0000948)
GO:0044325	ion channel binding	occurs_in(UBERON:0000948)
GO:0019901	protein kinase binding	occurs_in(UBERON:0000948)
GO:0060385	axonogenesis involved in innervation	occurs_in(UBERON:0000948)
GO:0051480	regulation of cytosolic calcium ion concentration	occurs_in(UBERON:0000948)
GO:0071872	cellular response to epinephrine stimulus	occurs_in(UBERON:0000948)
GO:0034237	protein kinase A regulatory subunit binding	occurs_in(UBERON:0000948)
GO:0060402	calcium ion transport into cytosol	occurs_in(UBERON:0000948)
GO:0071436	sodium ion export	occurs_in(UBERON:0000948)
GO:0010880	regulation of release of sequestered calcium ion into cytosol by sarcoplasmic reticulum	occurs_in(UBERON:0000948)
GO:0032947	protein complex scaffold	occurs_in(UBERON:0000948)
GO:0032713	negative regulation of interleukin-4 production	occurs_in(UBERON:0000948)
GO:0032729	positive regulation of interferon-gamma production	occurs_in(UBERON:0000948)
GO:0035195	gene silencing by miRNA	occurs_in(UBERON:0000948)
GO:0035195	gene silencing by miRNA	occurs_in(UBERON:0000948)
GO:0035195	gene silencing by miRNA	occurs_in(UBERON:0000948)
GO:1900016	negative regulation of cytokine production involved in inflammatory response	occurs_in(UBERON:0000948)
GO:0035195	gene silencing by miRNA	occurs_in(UBERON:0000948)
GO:0035195	gene silencing by miRNA	occurs_in(UBERON:0000948)
GO:0035195	gene silencing by miRNA	occurs_in(UBERON:0000948)
GO:0035195	gene silencing by miRNA	occurs_in(UBERON:0000948)
GO:0035195	gene silencing by miRNA	occurs_in(UBERON:0000948)
GO:0035195	gene silencing by miRNA	occurs_in(UBERON:0000948)
GO:0002675	positive regulation of acute inflammatory response	occurs_in(UBERON:0000948)
GO:0010628	positive regulation of gene expression	occurs_in(UBERON:0000948)
GO:0035195	gene silencing by miRNA	occurs_in(UBERON:0000948)
GO:0019899	enzyme binding	occurs_in(UBERON:0000948)
GO:0048844	artery morphogenesis	occurs_in(UBERON:0000948)
GO:0016176	superoxide-generating NADPH oxidase activator activity	occurs_in(UBERON:0000948)
GO:0005515	protein binding	occurs_in(UBERON:0000948)
GO:0006879	cellular iron ion homeostasis	occurs_in(UBERON:0000948)
GO:2000481	positive regulation of cAMP-dependent protein kinase activity	occurs_in(UBERON:0000948)
GO:1901896	positive regulation of calcium-transporting ATPase activity	occurs_in(UBERON:0000948)
GO:0030674	protein binding, bridging	occurs_in(UBERON:0000948)
GO:1901018	positive regulation of potassium ion transmembrane transporter activity	occurs_in(UBERON:0000948)
GO:0045944	positive regulation of transcription from RNA polymerase II promoter	occurs_in(UBERON:0000948)
GO:0030586	[methionine synthase] reductase activity	occurs_in(UBERON:0000948)
GO:1900745	positive regulation of p38MAPK cascade	occurs_in(UBERON:0000948)
GO:0032696	negative regulation of interleukin-13 production	occurs_in(UBERON:0000948)
GO:0050729	positive regulation of inflammatory response	occurs_in(UBERON:0000948)
GO:0010628	positive regulation of gene expression	occurs_in(UBERON:0000948)
GO:0035195	gene silencing by miRNA	occurs_in(UBERON:0000948)
GO:0071636	positive regulation of transforming growth factor beta production	occurs_in(UBERON:0000955
GO:1901215	negative regulation of neuron death	occurs_in(UBERON:0000955
GO:0004396	hexokinase activity	occurs_in(UBERON:0000955
GO:0005515	protein binding	occurs_in(UBERON:0000955
GO:1901800	positive regulation of proteasomal protein catabolic process	occurs_in(UBERON:0000955
GO:1900035	negative regulation of cellular response to heat	occurs_in(UBERON:0000955
GO:0043547	positive regulation of GTPase activity	occurs_in(UBERON:0000955
GO:0006703	estrogen biosynthetic process	occurs_in(UBERON:0000955
GO:0045019	negative regulation of nitric oxide biosynthetic process	occurs_in(UBERON:0000955
GO:1900038	negative regulation of cellular response to hypoxia	occurs_in(UBERON:0000955
GO:0060416	response to growth hormone	occurs_in(UBERON:0000955
GO:0042030	ATPase inhibitor activity	occurs_in(UBERON:0000955
GO:0032403	protein complex binding	occurs_in(UBERON:0000955
GO:1901800	positive regulation of proteasomal protein catabolic process	occurs_in(UBERON:0000955
GO:0033673	negative regulation of kinase activity	occurs_in(UBERON:0000955
GO:0008217	regulation of blood pressure	occurs_in(UBERON:0000955
GO:0032720	negative regulation of tumor necrosis factor production	occurs_in(UBERON:0000955
GO:1903407	negative regulation of sodium:potassium-exchanging ATPase activity	occurs_in(UBERON:0000955
GO:0030195	negative regulation of blood coagulation	occurs_in(UBERON:0000955
GO:0032733	positive regulation of interleukin-10 production	occurs_in(UBERON:0000955
GO:0070330	aromatase activity	occurs_in(UBERON:0000955
GO:0017075	syntaxin-1 binding	occurs_in(UBERON:0000955
GO:0010628	positive regulation of gene expression	occurs_in(UBERON:0000955
GO:0050821	protein stabilization	occurs_in(UBERON:0000955
GO:0044539	long-chain fatty acid import	occurs_in(UBERON:0000955
GO:0010628	positive regulation of gene expression	occurs_in(UBERON:0000955)
GO:0070936	protein K48-linked ubiquitination	occurs_in(UBERON:0000955)
GO:0000149	SNARE binding	occurs_in(UBERON:0000955)
GO:0045794	negative regulation of cell volume	occurs_in(UBERON:0000955)
GO:0005515	protein binding	occurs_in(UBERON:0000955)
GO:0001948	glycoprotein binding	occurs_in(UBERON:0000955)
GO:0032091	negative regulation of protein binding	occurs_in(UBERON:0000955)
GO:0008445	D-aspartate oxidase activity	occurs_in(UBERON:0000955)
GO:0043547	positive regulation of GTPase activity	occurs_in(UBERON:0000955)
GO:0034976	response to endoplasmic reticulum stress	occurs_in(UBERON:0000955)
GO:0019901	protein kinase binding	occurs_in(UBERON:0000955)
GO:0061630	ubiquitin protein ligase activity	occurs_in(UBERON:0000955)
GO:1903378	positive regulation of oxidative stress-induced neuron intrinsic apoptotic signaling pathway	occurs_in(UBERON:0000955)
GO:0003779	actin binding	occurs_in(UBERON:0000955)
GO:0017137	Rab GTPase binding	occurs_in(UBERON:0000955)
GO:0005102	receptor binding	occurs_in(UBERON:0000955)
GO:1990525	BIR domain binding	occurs_in(UBERON:0000955)
GO:0005515	protein binding	occurs_in(UBERON:0000955)
GO:0043393	regulation of protein binding	occurs_in(UBERON:0000955)
GO:0042632	cholesterol homeostasis	occurs_in(UBERON:0000955)
GO:0055091	phospholipid homeostasis	occurs_in(UBERON:0000955)
GO:0043395	heparan sulfate proteoglycan binding	occurs_in(UBERON:0000955)
GO:0015245	fatty acid transporter activity	occurs_in(UBERON:0000955)
GO:0031625	ubiquitin protein ligase binding	occurs_in(UBERON:0000955)
GO:0060416	response to growth hormone	occurs_in(UBERON:0000955)
GO:0001933	negative regulation of protein phosphorylation	occurs_in(UBERON:0000955)
GO:0048306	calcium-dependent protein binding	occurs_in(UBERON:0000955)
GO:0042803	protein homodimerization activity	occurs_in(UBERON:0000955)
GO:0051260	protein homooligomerization	occurs_in(UBERON:0000955)
GO:0004674	protein serine/threonine kinase activity	occurs_in(UBERON:0000955)
GO:0001934	positive regulation of protein phosphorylation	occurs_in(UBERON:0000955)
GO:0034103	regulation of tissue remodeling	occurs_in(UBERON:0000955)
GO:0051721	protein phosphatase 2A binding	occurs_in(UBERON:0000955)
GO:0017075	syntaxin-1 binding	occurs_in(UBERON:0000955)
GO:0008017	microtubule binding	occurs_in(UBERON:0000955)
GO:0004111	creatine kinase activity	occurs_in(UBERON:0000955)
GO:1902304	positive regulation of potassium ion export	occurs_in(UBERON:0000955)
GO:0089720	caspase binding	occurs_in(UBERON:0000955)
GO:0008013	beta-catenin binding	occurs_in(UBERON:0000955)
GO:0005515	protein binding	occurs_in(UBERON:0000955)
GO:0030276	clathrin binding	occurs_in(UBERON:0000955)
GO:0070374	positive regulation of ERK1 and ERK2 cascade	occurs_in(UBERON:0000955)
GO:0032436	positive regulation of proteasomal ubiquitin-dependent protein catabolic process	occurs_in(UBERON:0000955)
GO:0042282	hydroxymethylglutaryl-CoA reductase activity	occurs_in(UBERON:0000955)
GO:0044325	ion channel binding	occurs_in(UBERON:0000955)
GO:0019901	protein kinase binding	occurs_in(UBERON:0000955)
GO:0048514	blood vessel morphogenesis	occurs_in(UBERON:0000955)
GO:0050891	multicellular organismal water homeostasis	occurs_in(UBERON:0000955)
GO:0005515	protein binding	occurs_in(UBERON:0000955)
GO:1904713	beta-catenin destruction complex binding	occurs_in(UBERON:0000955)
GO:0030586	[methionine synthase] reductase activity	occurs_in(UBERON:0000955)
GO:0019899	enzyme binding	occurs_in(UBERON:0000955)
GO:0051291	protein heterooligomerization	occurs_in(UBERON:0000955)
GO:0030182	neuron differentiation	occurs_in(UBERON:0000956
GO:0070374	positive regulation of ERK1 and ERK2 cascade	occurs_in(UBERON:0000956
GO:1903233	regulation of calcium ion-dependent exocytosis of neurotransmitter	occurs_in(UBERON:0000956
GO:0030332	cyclin binding	occurs_in(UBERON:0000956)
GO:0030949	positive regulation of vascular endothelial growth factor receptor signaling pathway	occurs_in(UBERON:0000956)
GO:0045893	positive regulation of transcription, DNA-templated	occurs_in(UBERON:0000956)
GO:0045162	clustering of voltage-gated sodium channels	occurs_in(UBERON:0000956)
GO:0035254	glutamate receptor binding	occurs_in(UBERON:0000956)
GO:0023019	signal transduction involved in regulation of gene expression	occurs_in(UBERON:0000956)
GO:0001934	positive regulation of protein phosphorylation	occurs_in(UBERON:0000956)
GO:0050821	protein stabilization	occurs_in(UBERON:0000956)
GO:1990226	histone methyltransferase binding	occurs_in(UBERON:0000956)
GO:0051965	positive regulation of synapse assembly	occurs_in(UBERON:0000956)
GO:0031625	ubiquitin protein ligase binding	occurs_in(UBERON:0000956)
GO:0005515	protein binding	occurs_in(UBERON:0000956)
GO:0097110	scaffold protein binding	occurs_in(UBERON:0000956)
GO:0090002	establishment of protein localization to plasma membrane	occurs_in(UBERON:0000956)
GO:0031812	P2Y1 nucleotide receptor binding	occurs_in(UBERON:0000956)
GO:0061646	positive regulation of glutamate neurotransmitter secretion in response to membrane depolarization	occurs_in(UBERON:0000956)
GO:0090394	negative regulation of excitatory postsynaptic potential	occurs_in(UBERON:0000956)
GO:0010628	positive regulation of gene expression	occurs_in(UBERON:0000956)
GO:0032148	activation of protein kinase B activity	occurs_in(UBERON:0000956)
GO:0030819	positive regulation of cAMP biosynthetic process	occurs_in(UBERON:0000956)
GO:0061003	positive regulation of dendritic spine morphogenesis	occurs_in(UBERON:0000956)
GO:0030295	protein kinase activator activity	occurs_in(UBERON:0000956)
GO:0090259	regulation of retinal ganglion cell axon guidance	occurs_in(UBERON:0000959)
GO:0048842	positive regulation of axon extension involved in axon guidance	occurs_in(UBERON:0000959)
GO:0071679	commissural neuron axon guidance	occurs_in(UBERON:0000959)
GO:0045765	regulation of angiogenesis	occurs_in(UBERON:0000964)
GO:0015867	ATP transport	occurs_in(UBERON:0000965)
GO:0060785	regulation of apoptosis involved in tissue homeostasis	occurs_in(UBERON:0000966)
GO:0001159	core promoter proximal region DNA binding	occurs_in(UBERON:0000966)
GO:0002046	opsin binding	occurs_in(UBERON:0000966)
GO:0002046	opsin binding	occurs_in(UBERON:0000966)
GO:0001525	angiogenesis	occurs_in(UBERON:0000966)
GO:0001569	branching involved in blood vessel morphogenesis	occurs_in(UBERON:0000966)
GO:0002042	cell migration involved in sprouting angiogenesis	occurs_in(UBERON:0000966)
GO:0002046	opsin binding	occurs_in(UBERON:0000966)
GO:0032926	negative regulation of activin receptor signaling pathway	occurs_in(UBERON:0000966)
GO:0001569	branching involved in blood vessel morphogenesis	occurs_in(UBERON:0000966)
GO:0001965	G-protein alpha-subunit binding	occurs_in(UBERON:0000966)
GO:0001965	G-protein alpha-subunit binding	occurs_in(UBERON:0000966)
GO:0001965	G-protein alpha-subunit binding	occurs_in(UBERON:0000966)
GO:0031490	chromatin DNA binding	occurs_in(UBERON:0000966)
GO:0042060	wound healing	occurs_in(UBERON:0000970)
GO:0001894	tissue homeostasis	occurs_in(UBERON:0000970)
GO:1905123	regulation of glucosylceramidase activity	occurs_in(UBERON:0000988)
GO:0004508	steroid 17-alpha-monooxygenase activity	occurs_in(UBERON:0000991
GO:0006703	estrogen biosynthetic process	occurs_in(UBERON:0000991
GO:0042448	progesterone metabolic process	occurs_in(UBERON:0000991)
GO:0061370	testosterone biosynthetic process	occurs_in(UBERON:0000991)
GO:1903449	androst-4-ene-3,17-dione biosynthetic process	occurs_in(UBERON:0000991)
GO:0061477	response to aromatase inhibitor	occurs_in(UBERON:0000991)
GO:0006703	estrogen biosynthetic process	occurs_in(UBERON:0000992
GO:0070330	aromatase activity	occurs_in(UBERON:0000992
GO:2000872	positive regulation of progesterone secretion	occurs_in(UBERON:0000992)
GO:0010629	negative regulation of gene expression	occurs_in(UBERON:0000992)
GO:0010628	positive regulation of gene expression	occurs_in(UBERON:0000992)
GO:2000866	positive regulation of estradiol secretion	occurs_in(UBERON:0000992)
GO:0048525	negative regulation of viral process	occurs_in(UBERON:0000992)
GO:0005524	ATP binding	occurs_in(UBERON:0000993
GO:0033142	progesterone receptor binding	occurs_in(UBERON:0000993
GO:0033142	progesterone receptor binding	occurs_in(UBERON:0000993
GO:1990239	steroid hormone binding	occurs_in(UBERON:0000993
GO:0051879	Hsp90 protein binding	occurs_in(UBERON:0000993
GO:0030544	Hsp70 protein binding	occurs_in(UBERON:0000993
GO:0030544	Hsp70 protein binding	occurs_in(UBERON:0000993
GO:0043235	receptor complex	occurs_in(UBERON:0000993
GO:0033142	progesterone receptor binding	occurs_in(UBERON:0000993
GO:0032570	response to progesterone	occurs_in(UBERON:0000993)
GO:0045987	positive regulation of smooth muscle contraction	occurs_in(UBERON:0000994
GO:0045087	innate immune response	occurs_in(UBERON:0000996)
GO:0097324	melanocyte migration	occurs_in(UBERON:0001003)
GO:0010629	negative regulation of gene expression	occurs_in(UBERON:0001013
GO:0045723	positive regulation of fatty acid biosynthetic process	occurs_in(UBERON:0001013
GO:0071073	positive regulation of phospholipid biosynthetic process	occurs_in(UBERON:0001013
GO:0050729	positive regulation of inflammatory response	occurs_in(UBERON:0001013
GO:0035195	gene silencing by miRNA	occurs_in(UBERON:0001013
GO:0004465	lipoprotein lipase activity	occurs_in(UBERON:0001013
GO:0004465	lipoprotein lipase activity	occurs_in(UBERON:0001013)
GO:0032868	response to insulin	occurs_in(UBERON:0001013)
GO:0010759	positive regulation of macrophage chemotaxis	occurs_in(UBERON:0001013)
GO:0009749	response to glucose	occurs_in(UBERON:0001013)
GO:0009267	cellular response to starvation	occurs_in(UBERON:0001013)
GO:0004465	lipoprotein lipase activity	occurs_in(UBERON:0001013)
GO:0071711	basement membrane organization	occurs_in(UBERON:0001016)
GO:0071711	basement membrane organization	occurs_in(UBERON:0001016)
GO:0033128	negative regulation of histone phosphorylation	occurs_in(UBERON:0001044)
GO:0036032	neural crest cell delamination	occurs_in(UBERON:0001049
GO:0001841	neural tube formation	occurs_in(UBERON:0001049
GO:0010629	negative regulation of gene expression	occurs_in(UBERON:0001049)
GO:0010628	positive regulation of gene expression	occurs_in(UBERON:0001049)
GO:0045944	positive regulation of transcription from RNA polymerase II promoter	occurs_in(UBERON:0001081)
GO:0045944	positive regulation of transcription from RNA polymerase II promoter	occurs_in(UBERON:0001081)
GO:0060940	epithelial to mesenchymal transition involved in cardiac fibroblast development	occurs_in(UBERON:0001082)
GO:0035195	gene silencing by miRNA	occurs_in(UBERON:0001082)
GO:0035195	gene silencing by miRNA	occurs_in(UBERON:0001082)
GO:0036166	phenotypic switching	occurs_in(UBERON:0001082)
GO:0035195	gene silencing by miRNA	occurs_in(UBERON:0001082)
GO:0035195	gene silencing by miRNA	occurs_in(UBERON:0001082)
GO:0044325	ion channel binding	occurs_in(UBERON:0001083)
GO:0097110	scaffold protein binding	occurs_in(UBERON:0001083)
GO:0019901	protein kinase binding	occurs_in(UBERON:0001083)
GO:0046777	protein autophosphorylation	occurs_in(UBERON:0001112
GO:0035994	response to muscle stretch	occurs_in(UBERON:0001112
GO:0035994	response to muscle stretch	occurs_in(UBERON:0001112)
GO:0004111	creatine kinase activity	occurs_in(UBERON:0001133
GO:0036309	protein localization to M-band	occurs_in(UBERON:0001133
GO:0000122	negative regulation of transcription from RNA polymerase II promoter	occurs_in(UBERON:0001133
GO:0000122	negative regulation of transcription from RNA polymerase II promoter	occurs_in(UBERON:0001133
GO:0000122	negative regulation of transcription from RNA polymerase II promoter	occurs_in(UBERON:0001133
GO:0000122	negative regulation of transcription from RNA polymerase II promoter	occurs_in(UBERON:0001133
GO:0000122	negative regulation of transcription from RNA polymerase II promoter	occurs_in(UBERON:0001133
GO:0000122	negative regulation of transcription from RNA polymerase II promoter	occurs_in(UBERON:0001133
GO:0035994	response to muscle stretch	occurs_in(UBERON:0001133)
GO:0036309	protein localization to M-band	occurs_in(UBERON:0001133)
GO:0034613	cellular protein localization	occurs_in(UBERON:0001133)
GO:1903281	positive regulation of calcium:sodium antiporter activity	occurs_in(UBERON:0001133)
GO:0007005	mitochondrion organization	occurs_in(UBERON:0001133)
GO:0015643	toxic substance binding	occurs_in(UBERON:0001134
GO:0034613	cellular protein localization	occurs_in(UBERON:0001134
GO:1902083	negative regulation of peptidyl-cysteine S-nitrosylation	occurs_in(UBERON:0001134
GO:0014808	release of sequestered calcium ion into cytosol by sarcoplasmic reticulum	occurs_in(UBERON:0001134
GO:0004111	creatine kinase activity	occurs_in(UBERON:0001134
GO:0034613	cellular protein localization	occurs_in(UBERON:0001134
GO:0019899	enzyme binding	occurs_in(UBERON:0001134)
GO:0010629	negative regulation of gene expression	occurs_in(UBERON:0001134)
GO:0004111	creatine kinase activity	occurs_in(UBERON:0001134)
GO:0097493	structural molecule activity conferring elasticity	occurs_in(UBERON:0001134)
GO:0043623	cellular protein complex assembly	occurs_in(UBERON:0001134)
GO:0036440	citrate synthase activity	occurs_in(UBERON:0001134)
GO:0010880	regulation of release of sequestered calcium ion into cytosol by sarcoplasmic reticulum	occurs_in(UBERON:0001134)
GO:0044325	ion channel binding	occurs_in(UBERON:0001134)
GO:0000976	transcription regulatory region sequence-specific DNA binding	occurs_in(UBERON:0001134)
GO:1901740	negative regulation of myoblast fusion	occurs_in(UBERON:0001134)
GO:0051281	positive regulation of release of sequestered calcium ion into cytosol	occurs_in(UBERON:0001134)
GO:0005522	profilin binding	occurs_in(UBERON:0001135
GO:0005515	protein binding	occurs_in(UBERON:0001135
GO:0060976	coronary vasculature development	occurs_in(UBERON:0001135)
GO:0010628	positive regulation of gene expression	occurs_in(UBERON:0001136)
GO:0042448	progesterone metabolic process	occurs_in(UBERON:0001153
GO:0050649	testosterone 6-beta-hydroxylase activity	occurs_in(UBERON:0001153
GO:0032094	response to food	occurs_in(UBERON:0001153
GO:0042594	response to starvation	occurs_in(UBERON:0001153
GO:0009651	response to salt stress	occurs_in(UBERON:0001153)
GO:0050728	negative regulation of inflammatory response	occurs_in(UBERON:0001155)
GO:0050729	positive regulation of inflammatory response	occurs_in(UBERON:0001155)
GO:0002685	regulation of leukocyte migration	occurs_in(UBERON:0001155)
GO:0060429	epithelium development	occurs_in(UBERON:0001155)
GO:0032094	response to food	occurs_in(UBERON:0001166)
GO:0042594	response to starvation	occurs_in(UBERON:0001166)
GO:0030183	B cell differentiation	occurs_in(UBERON:0001179
GO:0010759	positive regulation of macrophage chemotaxis	occurs_in(UBERON:0001179
GO:0090073	positive regulation of protein homodimerization activity	occurs_in(UBERON:0001179
GO:1902624	positive regulation of neutrophil migration	occurs_in(UBERON:0001179)
GO:0010628	positive regulation of gene expression	occurs_in(UBERON:0001204)
GO:0045591	positive regulation of regulatory T cell differentiation	occurs_in(UBERON:0001211
GO:1902740	negative regulation of interferon-alpha secretion	occurs_in(UBERON:0001211)
GO:1905205	positive regulation of connective tissue replacement	occurs_in(UBERON:0001231)
GO:0071711	basement membrane organization	occurs_in(UBERON:0001231)
GO:0035195	gene silencing by miRNA	occurs_in(UBERON:0001235)
GO:0035195	gene silencing by miRNA	occurs_in(UBERON:0001235)
GO:1902237	positive regulation of endoplasmic reticulum stress-induced intrinsic apoptotic signaling pathway	occurs_in(UBERON:0001264)
GO:1903899	positive regulation of PERK-mediated unfolded protein response	occurs_in(UBERON:0001264)
GO:0032094	response to food	occurs_in(UBERON:0001264)
GO:1903898	negative regulation of PERK-mediated unfolded protein response	occurs_in(UBERON:0001264)
GO:0061099	negative regulation of protein tyrosine kinase activity	occurs_in(UBERON:0001264)
GO:0042594	response to starvation	occurs_in(UBERON:0001264)
GO:0061098	positive regulation of protein tyrosine kinase activity	occurs_in(UBERON:0001264)
GO:1902236	negative regulation of endoplasmic reticulum stress-induced intrinsic apoptotic signaling pathway	occurs_in(UBERON:0001264)
GO:0051607	defense response to virus	occurs_in(UBERON:0001277)
GO:0002385	mucosal immune response	occurs_in(UBERON:0001277)
GO:0031392	regulation of prostaglandin biosynthetic process	occurs_in(UBERON:0001295
GO:0045893	positive regulation of transcription, DNA-templated	occurs_in(UBERON:0001295
GO:0031394	positive regulation of prostaglandin biosynthetic process	occurs_in(UBERON:0001295
GO:0031394	positive regulation of prostaglandin biosynthetic process	occurs_in(UBERON:0001295
GO:0035195	gene silencing by miRNA	occurs_in(UBERON:0001301)
GO:0010628	positive regulation of gene expression	occurs_in(UBERON:0001305)
GO:2000866	positive regulation of estradiol secretion	occurs_in(UBERON:0001305)
GO:0043066	negative regulation of apoptotic process	occurs_in(UBERON:0001305)
GO:0019227	neuronal action potential propagation	occurs_in(UBERON:0001322)
GO:0008114	phosphogluconate 2-dehydrogenase activity	occurs_in(UBERON:0001347
GO:0004470	malic enzyme activity	occurs_in(UBERON:0001347
GO:0016829	lyase activity	occurs_in(UBERON:0001347
GO:0004345	glucose-6-phosphate dehydrogenase activity	occurs_in(UBERON:0001347
GO:0004312	fatty acid synthase activity	occurs_in(UBERON:0001347
GO:0050729	positive regulation of inflammatory response	occurs_in(UBERON:0001347)
GO:0060907	positive regulation of macrophage cytokine production	occurs_in(UBERON:0001347)
GO:0043123	positive regulation of I-kappaB kinase/NF-kappaB signaling	occurs_in(UBERON:0001347)
GO:0033002	muscle cell proliferation	occurs_in(UBERON:0001374)
GO:1904927	cellular response to palmitoleic acid	occurs_in(UBERON:0001375)
GO:0004089	carbonate dehydratase activity	occurs_in(UBERON:0001383)
GO:0070050	neuron cellular homeostasis	occurs_in(UBERON:0001384)
GO:0031999	negative regulation of fatty acid beta-oxidation	occurs_in(UBERON:0001389
GO:0003009	skeletal muscle contraction	occurs_in(UBERON:0001389)
GO:0014728	regulation of the force of skeletal muscle contraction	occurs_in(UBERON:0001389)
GO:0031449	regulation of slow-twitch skeletal muscle fiber contraction	occurs_in(UBERON:0001389)
GO:0014883	transition between fast and slow fiber	occurs_in(UBERON:0001389)
GO:0048842	positive regulation of axon extension involved in axon guidance	occurs_in(UBERON:0001492)
GO:0010629	negative regulation of gene expression	occurs_in(UBERON:0001495
GO:0010628	positive regulation of gene expression	occurs_in(UBERON:0001495
GO:0030835	negative regulation of actin filament depolymerization	occurs_in(UBERON:0001495)
GO:0009791	post-embryonic development	occurs_in(UBERON:0001495)
GO:0010628	positive regulation of gene expression	occurs_in(UBERON:0001508)
GO:0071398	cellular response to fatty acid	occurs_in(UBERON:0001508)
GO:0010629	negative regulation of gene expression	occurs_in(UBERON:0001508)
GO:0010628	positive regulation of gene expression	occurs_in(UBERON:0001508)
GO:0035195	gene silencing by miRNA	occurs_in(UBERON:0001515)
GO:1904999	positive regulation of leukocyte adhesion to arterial endothelial cell	occurs_in(UBERON:0001516)
GO:1904685	positive regulation of metalloendopeptidase activity	occurs_in(UBERON:0001516)
GO:0060312	regulation of blood vessel remodeling	occurs_in(UBERON:0001516)
GO:0000122	negative regulation of transcription from RNA polymerase II promoter	occurs_in(UBERON:0001621
GO:0048661	positive regulation of smooth muscle cell proliferation	occurs_in(UBERON:0001621)
GO:0048662	negative regulation of smooth muscle cell proliferation	occurs_in(UBERON:0001621)
GO:0045944	positive regulation of transcription from RNA polymerase II promoter	occurs_in(UBERON:0001621)
GO:0045944	positive regulation of transcription from RNA polymerase II promoter	occurs_in(UBERON:0001621)
GO:0045944	positive regulation of transcription from RNA polymerase II promoter	occurs_in(UBERON:0001621)
GO:0045944	positive regulation of transcription from RNA polymerase II promoter	occurs_in(UBERON:0001621)
GO:0045944	positive regulation of transcription from RNA polymerase II promoter	occurs_in(UBERON:0001621)
GO:0090324	negative regulation of oxidative phosphorylation	occurs_in(UBERON:0001630)
GO:0070265	necrotic cell death	occurs_in(UBERON:0001630)
GO:0032869	cellular response to insulin stimulus	occurs_in(UBERON:0001630)
GO:0070885	negative regulation of calcineurin-NFAT signaling cascade	occurs_in(UBERON:0001630)
GO:0048842	positive regulation of axon extension involved in axon guidance	occurs_in(UBERON:0001645)
GO:0007405	neuroblast proliferation	occurs_in(UBERON:0001648)
GO:0043524	negative regulation of neuron apoptotic process	occurs_in(UBERON:0001648)
GO:0003351	epithelial cilium movement	occurs_in(UBERON:0001707)
GO:0003356	regulation of cilium beat frequency	occurs_in(UBERON:0001707)
GO:2001214	positive regulation of vasculogenesis	occurs_in(UBERON:0001754)
GO:0001894	tissue homeostasis	occurs_in(UBERON:0001754)
GO:0045766	positive regulation of angiogenesis	occurs_in(UBERON:0001754)
GO:0000977	RNA polymerase II regulatory region sequence-specific DNA binding	occurs_in(UBERON:0001754)
GO:0048842	positive regulation of axon extension involved in axon guidance	occurs_in(UBERON:0001759)
GO:0010669	epithelial structure maintenance	occurs_in(UBERON:0001772)
GO:0016239	positive regulation of macroautophagy	occurs_in(UBERON:0001772)
GO:0043066	negative regulation of apoptotic process	occurs_in(UBERON:0001772)
GO:0031665	negative regulation of lipopolysaccharide-mediated signaling pathway	occurs_in(UBERON:0001772)
GO:0006473	protein acetylation	occurs_in(UBERON:0001772)
GO:0060573	cell fate specification involved in pattern specification	occurs_in(UBERON:0001782)
GO:1902873	negative regulation of horizontal cell localization	occurs_in(UBERON:0001791)
GO:1902870	negative regulation of amacrine cell differentiation	occurs_in(UBERON:0001791)
GO:0010977	negative regulation of neuron projection development	occurs_in(UBERON:0001795)
GO:0008284	positive regulation of cell proliferation	occurs_in(UBERON:0001795)
GO:0007204	positive regulation of cytosolic calcium ion concentration	occurs_in(UBERON:0001803
GO:0061098	positive regulation of protein tyrosine kinase activity	occurs_in(UBERON:0001803
GO:1903408	positive regulation of sodium:potassium-exchanging ATPase activity	occurs_in(UBERON:0001803
GO:0005515	protein binding	occurs_in(UBERON:0001870)
GO:0031625	ubiquitin protein ligase binding	occurs_in(UBERON:0001870)
GO:1990444	F-box domain binding	occurs_in(UBERON:0001870)
GO:0031624	ubiquitin conjugating enzyme binding	occurs_in(UBERON:0001870)
GO:0001878	response to yeast	occurs_in(UBERON:0001871
GO:0019732	antifungal humoral response	occurs_in(UBERON:0001871
GO:0045087	innate immune response	occurs_in(UBERON:0001871
GO:0009409	response to cold	occurs_in(UBERON:0001876)
GO:0042594	response to starvation	occurs_in(UBERON:0001876)
GO:0009414	response to water deprivation	occurs_in(UBERON:0001876)
GO:0009612	response to mechanical stimulus	occurs_in(UBERON:0001876)
GO:0033555	multicellular organismal response to stress	occurs_in(UBERON:0001876)
GO:0035902	response to immobilization stress	occurs_in(UBERON:0001876)
GO:0009408	response to heat	occurs_in(UBERON:0001876)
GO:0014070	response to organic cyclic compound	occurs_in(UBERON:0001880
GO:0021761	limbic system development	occurs_in(UBERON:0001880
GO:0009636	response to toxic substance	occurs_in(UBERON:0001880
GO:0071314	cellular response to cocaine	occurs_in(UBERON:0001880
GO:2000311	regulation of alpha-amino-3-hydroxy-5-methyl-4-isoxazole propionate selective glutamate receptor activity	occurs_in(UBERON:0001885)
GO:0046928	regulation of neurotransmitter secretion	occurs_in(UBERON:0001885)
GO:0060079	excitatory postsynaptic potential	occurs_in(UBERON:0001885)
GO:0060998	regulation of dendritic spine development	occurs_in(UBERON:0001885)
GO:0051963	regulation of synapse assembly	occurs_in(UBERON:0001885)
GO:0051966	regulation of synaptic transmission, glutamatergic	occurs_in(UBERON:0001885)
GO:2000310	regulation of N-methyl-D-aspartate selective glutamate receptor activity	occurs_in(UBERON:0001885)
GO:1902004	positive regulation of beta-amyloid formation	occurs_in(UBERON:0001885)
GO:0042923	neuropeptide binding	occurs_in(UBERON:0001890
GO:0097159	organic cyclic compound binding	occurs_in(UBERON:0001890
GO:0097159	organic cyclic compound binding	occurs_in(UBERON:0001890
GO:0060159	regulation of dopamine receptor signaling pathway	occurs_in(UBERON:0001890)
GO:0043066	negative regulation of apoptotic process	occurs_in(UBERON:0001890)
GO:0045892	negative regulation of transcription, DNA-templated	occurs_in(UBERON:0001890)
GO:0042923	neuropeptide binding	occurs_in(UBERON:0001890)
GO:0001933	negative regulation of protein phosphorylation	occurs_in(UBERON:0001890)
GO:0008285	negative regulation of cell proliferation	occurs_in(UBERON:0001890)
GO:0045944	positive regulation of transcription from RNA polymerase II promoter	occurs_in(UBERON:0001891
GO:0045944	positive regulation of transcription from RNA polymerase II promoter	occurs_in(UBERON:0001891
GO:0045944	positive regulation of transcription from RNA polymerase II promoter	occurs_in(UBERON:0001891
GO:0045944	positive regulation of transcription from RNA polymerase II promoter	occurs_in(UBERON:0001891
GO:0045944	positive regulation of transcription from RNA polymerase II promoter	occurs_in(UBERON:0001891
GO:0045944	positive regulation of transcription from RNA polymerase II promoter	occurs_in(UBERON:0001891
GO:0045944	positive regulation of transcription from RNA polymerase II promoter	occurs_in(UBERON:0001891
GO:0045944	positive regulation of transcription from RNA polymerase II promoter	occurs_in(UBERON:0001891
GO:0045944	positive regulation of transcription from RNA polymerase II promoter	occurs_in(UBERON:0001891
GO:0045944	positive regulation of transcription from RNA polymerase II promoter	occurs_in(UBERON:0001891
GO:0045944	positive regulation of transcription from RNA polymerase II promoter	occurs_in(UBERON:0001891
GO:0045944	positive regulation of transcription from RNA polymerase II promoter	occurs_in(UBERON:0001891
GO:0045944	positive regulation of transcription from RNA polymerase II promoter	occurs_in(UBERON:0001891
GO:0045944	positive regulation of transcription from RNA polymerase II promoter	occurs_in(UBERON:0001891
GO:0045944	positive regulation of transcription from RNA polymerase II promoter	occurs_in(UBERON:0001891
GO:0045944	positive regulation of transcription from RNA polymerase II promoter	occurs_in(UBERON:0001891
GO:0045944	positive regulation of transcription from RNA polymerase II promoter	occurs_in(UBERON:0001891
GO:0045944	positive regulation of transcription from RNA polymerase II promoter	occurs_in(UBERON:0001891
GO:0045944	positive regulation of transcription from RNA polymerase II promoter	occurs_in(UBERON:0001891
GO:0004396	hexokinase activity	occurs_in(UBERON:0001891
GO:0009267	cellular response to starvation	occurs_in(UBERON:0001891
GO:0032463	negative regulation of protein homooligomerization	occurs_in(UBERON:0001891
GO:0035567	non-canonical Wnt signaling pathway	occurs_in(UBERON:0001891
GO:0048812	neuron projection morphogenesis	occurs_in(UBERON:0001891
GO:0035567	non-canonical Wnt signaling pathway	occurs_in(UBERON:0001891
GO:0004743	pyruvate kinase activity	occurs_in(UBERON:0001891
GO:0051246	regulation of protein metabolic process	occurs_in(UBERON:0001891
GO:0031648	protein destabilization	occurs_in(UBERON:0001891
GO:1904925	positive regulation of mitophagy in response to mitochondrial depolarization	occurs_in(UBERON:0001891
GO:1904925	positive regulation of mitophagy in response to mitochondrial depolarization	occurs_in(UBERON:0001891
GO:0045944	positive regulation of transcription from RNA polymerase II promoter	occurs_in(UBERON:0001891)
GO:0045944	positive regulation of transcription from RNA polymerase II promoter	occurs_in(UBERON:0001891)
GO:0045944	positive regulation of transcription from RNA polymerase II promoter	occurs_in(UBERON:0001891)
GO:0045944	positive regulation of transcription from RNA polymerase II promoter	occurs_in(UBERON:0001891)
GO:0045944	positive regulation of transcription from RNA polymerase II promoter	occurs_in(UBERON:0001891)
GO:0045944	positive regulation of transcription from RNA polymerase II promoter	occurs_in(UBERON:0001891)
GO:0030182	neuron differentiation	occurs_in(UBERON:0001891)
GO:0010629	negative regulation of gene expression	occurs_in(UBERON:0001891)
GO:0048812	neuron projection morphogenesis	occurs_in(UBERON:0001891)
GO:1903204	negative regulation of oxidative stress-induced neuron death	occurs_in(UBERON:0001891)
GO:1905123	regulation of glucosylceramidase activity	occurs_in(UBERON:0001891)
GO:0007409	axonogenesis	occurs_in(UBERON:0001891)
GO:1904339	negative regulation of dopaminergic neuron differentiation	occurs_in(UBERON:0001891)
GO:0005515	protein binding	occurs_in(UBERON:0001891)
GO:0044257	cellular protein catabolic process	occurs_in(UBERON:0001891)
GO:0031748	D1 dopamine receptor binding	occurs_in(UBERON:0001891)
GO:0007411	axon guidance	occurs_in(UBERON:0001891)
GO:0036520	astrocyte-dopaminergic neuron signaling	occurs_in(UBERON:0001891)
GO:0036518	chemorepulsion of dopaminergic neuron axon	occurs_in(UBERON:0001891)
GO:0022008	neurogenesis	occurs_in(UBERON:0001891)
GO:0043524	negative regulation of neuron apoptotic process	occurs_in(UBERON:0001891)
GO:0032436	positive regulation of proteasomal ubiquitin-dependent protein catabolic process	occurs_in(UBERON:0001891)
GO:0004340	glucokinase activity	occurs_in(UBERON:0001891)
GO:0010628	positive regulation of gene expression	occurs_in(UBERON:0001891)
GO:0006703	estrogen biosynthetic process	occurs_in(UBERON:0001893
GO:0003865	3-oxo-5-alpha-steroid 4-dehydrogenase activity	occurs_in(UBERON:0001893
GO:0003865	3-oxo-5-alpha-steroid 4-dehydrogenase activity	occurs_in(UBERON:0001893
GO:0006702	androgen biosynthetic process	occurs_in(UBERON:0001893
GO:0008284	positive regulation of cell proliferation	occurs_in(UBERON:0001893
GO:0070330	aromatase activity	occurs_in(UBERON:0001893
GO:0006703	estrogen biosynthetic process	occurs_in(UBERON:0001893
GO:1905355	spine apparatus assembly	occurs_in(UBERON:0001893
GO:0006702	androgen biosynthetic process	occurs_in(UBERON:0001893
GO:0004340	glucokinase activity	occurs_in(UBERON:0001893
GO:0070330	aromatase activity	occurs_in(UBERON:0001893
GO:0050769	positive regulation of neurogenesis	occurs_in(UBERON:0001893)
GO:0004511	tyrosine 3-monooxygenase activity	occurs_in(UBERON:0001893)
GO:0008543	fibroblast growth factor receptor signaling pathway	occurs_in(UBERON:0001893)
GO:0004743	pyruvate kinase activity	occurs_in(UBERON:0001893)
GO:2001224	positive regulation of neuron migration	occurs_in(UBERON:0001893)
GO:0071542	dopaminergic neuron differentiation	occurs_in(UBERON:0001894)
GO:0006703	estrogen biosynthetic process	occurs_in(UBERON:0001898
GO:0010629	negative regulation of gene expression	occurs_in(UBERON:0001898
GO:0004340	glucokinase activity	occurs_in(UBERON:0001898
GO:0046626	regulation of insulin receptor signaling pathway	occurs_in(UBERON:0001898
GO:0010628	positive regulation of gene expression	occurs_in(UBERON:0001898
GO:0010629	negative regulation of gene expression	occurs_in(UBERON:0001898
GO:0004743	pyruvate kinase activity	occurs_in(UBERON:0001898
GO:0010628	positive regulation of gene expression	occurs_in(UBERON:0001898
GO:0004340	glucokinase activity	occurs_in(UBERON:0001898
GO:0010629	negative regulation of gene expression	occurs_in(UBERON:0001898
GO:0070330	aromatase activity	occurs_in(UBERON:0001898
GO:0004095	carnitine O-palmitoyltransferase activity	occurs_in(UBERON:0001898)
GO:0004396	hexokinase activity	occurs_in(UBERON:0001898)
GO:0010628	positive regulation of gene expression	occurs_in(UBERON:0001898)
GO:0045893	positive regulation of transcription, DNA-templated	occurs_in(UBERON:0001898)
GO:0004511	tyrosine 3-monooxygenase activity	occurs_in(UBERON:0001898)
GO:0042594	response to starvation	occurs_in(UBERON:0001898)
GO:0043491	protein kinase B signaling	occurs_in(UBERON:0001898)
GO:0009267	cellular response to starvation	occurs_in(UBERON:0001898)
GO:0014065	phosphatidylinositol 3-kinase signaling	occurs_in(UBERON:0001898)
GO:0004743	pyruvate kinase activity	occurs_in(UBERON:0001898)
GO:0010629	negative regulation of gene expression	occurs_in(UBERON:0001898)
GO:0032148	activation of protein kinase B activity	occurs_in(UBERON:0001898)
GO:0044320	cellular response to leptin stimulus	occurs_in(UBERON:0001898)
GO:0046887	positive regulation of hormone secretion	occurs_in(UBERON:0001905)
GO:0071492	cellular response to UV-A	occurs_in(UBERON:0001905)
GO:0004059	aralkylamine N-acetyltransferase activity	occurs_in(UBERON:0001905)
GO:0010628	positive regulation of gene expression	occurs_in(UBERON:0001911
GO:0045723	positive regulation of fatty acid biosynthetic process	occurs_in(UBERON:0001911
GO:1900482	positive regulation of diacylglycerol biosynthetic process	occurs_in(UBERON:0001911
GO:0043066	negative regulation of apoptotic process	occurs_in(UBERON:0001911
GO:1903524	positive regulation of blood circulation	occurs_in(UBERON:0001911
GO:1903496	response to 11-deoxycorticosterone	occurs_in(UBERON:0001911
GO:0032355	response to estradiol	occurs_in(UBERON:0001911
GO:0005158	insulin receptor binding	occurs_in(UBERON:0001911
GO:0043559	insulin binding	occurs_in(UBERON:0001911
GO:0043066	negative regulation of apoptotic process	occurs_in(UBERON:0001911
GO:0045542	positive regulation of cholesterol biosynthetic process	occurs_in(UBERON:0001911
GO:0032570	response to progesterone	occurs_in(UBERON:0001911
GO:0010867	positive regulation of triglyceride biosynthetic process	occurs_in(UBERON:0001911
GO:0004674	protein serine/threonine kinase activity	occurs_in(UBERON:0001911
GO:0018105	peptidyl-serine phosphorylation	occurs_in(UBERON:0001911
GO:0009058	biosynthetic process	occurs_in(UBERON:0001911
GO:1903494	response to dehydroepiandrosterone	occurs_in(UBERON:0001911
GO:0045723	positive regulation of fatty acid biosynthetic process	occurs_in(UBERON:0001911
GO:0045723	positive regulation of fatty acid biosynthetic process	occurs_in(UBERON:0001911
GO:0045717	negative regulation of fatty acid biosynthetic process	occurs_in(UBERON:0001911
GO:0050995	negative regulation of lipid catabolic process	occurs_in(UBERON:0001911
GO:0043066	negative regulation of apoptotic process	occurs_in(UBERON:0001911
GO:0043066	negative regulation of apoptotic process	occurs_in(UBERON:0001911
GO:1903496	response to 11-deoxycorticosterone	occurs_in(UBERON:0001911)
GO:0004768	stearoyl-CoA 9-desaturase activity	occurs_in(UBERON:0001911)
GO:1903494	response to dehydroepiandrosterone	occurs_in(UBERON:0001911)
GO:0005520	insulin-like growth factor binding	occurs_in(UBERON:0001911)
GO:0005159	insulin-like growth factor receptor binding	occurs_in(UBERON:0001911)
GO:0009058	biosynthetic process	occurs_in(UBERON:0001911)
GO:0009408	response to heat	occurs_in(UBERON:0001913)
GO:0006703	estrogen biosynthetic process	occurs_in(UBERON:0001928
GO:0070330	aromatase activity	occurs_in(UBERON:0001928
GO:0001046	core promoter sequence-specific DNA binding	occurs_in(UBERON:0001928)
GO:0009408	response to heat	occurs_in(UBERON:0001928)
GO:0032496	response to lipopolysaccharide	occurs_in(UBERON:0001928)
GO:0003002	regionalization	occurs_in(UBERON:0001945)
GO:0007164	establishment of tissue polarity	occurs_in(UBERON:0001945)
GO:0030901	midbrain development	occurs_in(UBERON:0001945)
GO:0048729	tissue morphogenesis	occurs_in(UBERON:0001945)
GO:0001709	cell fate determination	occurs_in(UBERON:0001945)
GO:0048859	formation of anatomical boundary	occurs_in(UBERON:0001945)
GO:0042476	odontogenesis	occurs_in(UBERON:0001949
GO:0009611	response to wounding	occurs_in(UBERON:0001949)
GO:0090263	positive regulation of canonical Wnt signaling pathway	occurs_in(UBERON:0001950
GO:0045666	positive regulation of neuron differentiation	occurs_in(UBERON:0001950
GO:0051965	positive regulation of synapse assembly	occurs_in(UBERON:0001954)
GO:0061003	positive regulation of dendritic spine morphogenesis	occurs_in(UBERON:0001954)
GO:0032463	negative regulation of protein homooligomerization	occurs_in(UBERON:0001965
GO:0010996	response to auditory stimulus	occurs_in(UBERON:0001965)
GO:1901215	negative regulation of neuron death	occurs_in(UBERON:0001966)
GO:0045656	negative regulation of monocyte differentiation	occurs_in(UBERON:0001969
GO:0010629	negative regulation of gene expression	occurs_in(UBERON:0001969
GO:0032403	protein complex binding	occurs_in(UBERON:0001969)
GO:0009069	serine family amino acid metabolic process	occurs_in(UBERON:0001969)
GO:0005515	protein binding	occurs_in(UBERON:0001969)
GO:0005131	growth hormone receptor binding	occurs_in(UBERON:0001969)
GO:0006555	methionine metabolic process	occurs_in(UBERON:0001969)
GO:0010613	positive regulation of cardiac muscle hypertrophy	occurs_in(UBERON:0001969)
GO:1901731	positive regulation of platelet aggregation	occurs_in(UBERON:0001969)
GO:0017046	peptide hormone binding	occurs_in(UBERON:0001969)
GO:0051607	defense response to virus	occurs_in(UBERON:0001977)
GO:0003796	lysozyme activity	occurs_in(UBERON:0001977)
GO:0046597	negative regulation of viral entry into host cell	occurs_in(UBERON:0001977)
GO:0045907	positive regulation of vasoconstriction	occurs_in(UBERON:0001980
GO:1905111	positive regulation of pulmonary blood vessel remodeling	occurs_in(UBERON:0001980)
GO:0010629	negative regulation of gene expression	occurs_in(UBERON:0001981
GO:0010629	negative regulation of gene expression	occurs_in(UBERON:0001981
GO:0005198	structural molecule activity	occurs_in(UBERON:0001981
GO:1904996	positive regulation of leukocyte adhesion to vascular endothelial cell	occurs_in(UBERON:0001981)
GO:0010628	positive regulation of gene expression	occurs_in(UBERON:0001986)
GO:0016287	glycerone-phosphate O-acyltransferase activity	occurs_in(UBERON:0001987)
GO:0005542	folic acid binding	occurs_in(UBERON:0001987)
GO:0061714	folic acid receptor activity	occurs_in(UBERON:0001987)
GO:0016477	cell migration	occurs_in(UBERON:0001987)
GO:0004467	long-chain fatty acid-CoA ligase activity	occurs_in(UBERON:0001987)
GO:0010468	regulation of gene expression	occurs_in(UBERON:0001987)
GO:1904707	positive regulation of vascular smooth muscle cell proliferation	occurs_in(UBERON:0002012
GO:1904707	positive regulation of vascular smooth muscle cell proliferation	occurs_in(UBERON:0002012
GO:0045944	positive regulation of transcription from RNA polymerase II promoter	occurs_in(UBERON:0002012
GO:1905149	positive regulation of smooth muscle hypertrophy	occurs_in(UBERON:0002012
GO:1905149	positive regulation of smooth muscle hypertrophy	occurs_in(UBERON:0002012
GO:1905111	positive regulation of pulmonary blood vessel remodeling	occurs_in(UBERON:0002012
GO:1905111	positive regulation of pulmonary blood vessel remodeling	occurs_in(UBERON:0002012
GO:0035195	gene silencing by miRNA	occurs_in(UBERON:0002012
GO:0035195	gene silencing by miRNA	occurs_in(UBERON:0002012
GO:0010629	negative regulation of gene expression	occurs_in(UBERON:0002012
GO:1904754	positive regulation of vascular associated smooth muscle cell migration	occurs_in(UBERON:0002012
GO:0045944	positive regulation of transcription from RNA polymerase II promoter	occurs_in(UBERON:0002012)
GO:1904754	positive regulation of vascular associated smooth muscle cell migration	occurs_in(UBERON:0002012)
GO:1905111	positive regulation of pulmonary blood vessel remodeling	occurs_in(UBERON:0002012)
GO:0051481	negative regulation of cytosolic calcium ion concentration	occurs_in(UBERON:0002012)
GO:0051481	negative regulation of cytosolic calcium ion concentration	occurs_in(UBERON:0002012)
GO:0035195	gene silencing by miRNA	occurs_in(UBERON:0002012)
GO:0035195	gene silencing by miRNA	occurs_in(UBERON:0002012)
GO:0035195	gene silencing by miRNA	occurs_in(UBERON:0002012)
GO:0045019	negative regulation of nitric oxide biosynthetic process	occurs_in(UBERON:0002012)
GO:0045019	negative regulation of nitric oxide biosynthetic process	occurs_in(UBERON:0002012)
GO:0048662	negative regulation of smooth muscle cell proliferation	occurs_in(UBERON:0002012)
GO:1904707	positive regulation of vascular smooth muscle cell proliferation	occurs_in(UBERON:0002012)
GO:1904598	positive regulation of connective tissue replacement involved in inflammatory response wound healing	occurs_in(UBERON:0002012)
GO:0014912	negative regulation of smooth muscle cell migration	occurs_in(UBERON:0002012)
GO:0061766	positive regulation of lung blood pressure	occurs_in(UBERON:0002012)
GO:0045429	positive regulation of nitric oxide biosynthetic process	occurs_in(UBERON:0002012)
GO:0045429	positive regulation of nitric oxide biosynthetic process	occurs_in(UBERON:0002012)
GO:2000353	positive regulation of endothelial cell apoptotic process	occurs_in(UBERON:0002012)
GO:1904707	positive regulation of vascular smooth muscle cell proliferation	occurs_in(UBERON:0002012)
GO:0007204	positive regulation of cytosolic calcium ion concentration	occurs_in(UBERON:0002012)
GO:0007204	positive regulation of cytosolic calcium ion concentration	occurs_in(UBERON:0002012)
GO:0004340	glucokinase activity	occurs_in(UBERON:0002028
GO:0004743	pyruvate kinase activity	occurs_in(UBERON:0002028
GO:0004340	glucokinase activity	occurs_in(UBERON:0002028
GO:0004340	glucokinase activity	occurs_in(UBERON:0002028
GO:0004095	carnitine O-palmitoyltransferase activity	occurs_in(UBERON:0002028)
GO:0036515	serotonergic neuron axon guidance	occurs_in(UBERON:0002028)
GO:0001569	branching involved in blood vessel morphogenesis	occurs_in(UBERON:0002028)
GO:0014070	response to organic cyclic compound	occurs_in(UBERON:0002035
GO:0009636	response to toxic substance	occurs_in(UBERON:0002035
GO:0021761	limbic system development	occurs_in(UBERON:0002035)
GO:0031648	protein destabilization	occurs_in(UBERON:0002036)
GO:0099054	presynapse assembly	occurs_in(UBERON:0002037)
GO:0001878	response to yeast	occurs_in(UBERON:0002037)
GO:0019732	antifungal humoral response	occurs_in(UBERON:0002037)
GO:0043066	negative regulation of apoptotic process	occurs_in(UBERON:0002037)
GO:0007409	axonogenesis	occurs_in(UBERON:0002037)
GO:0045087	innate immune response	occurs_in(UBERON:0002037)
GO:0099068	postsynapse assembly	occurs_in(UBERON:0002037)
GO:1902430	negative regulation of beta-amyloid formation	occurs_in(UBERON:0002037)
GO:1901216	positive regulation of neuron death	occurs_in(UBERON:0002038
GO:0044212	transcription regulatory region DNA binding	occurs_in(UBERON:0002038
GO:0043653	mitochondrial fragmentation involved in apoptotic process	occurs_in(UBERON:0002038
GO:0044257	cellular protein catabolic process	occurs_in(UBERON:0002038)
GO:0045944	positive regulation of transcription from RNA polymerase II promoter	occurs_in(UBERON:0002038)
GO:0010629	negative regulation of gene expression	occurs_in(UBERON:0002038)
GO:1901214	regulation of neuron death	occurs_in(UBERON:0002038)
GO:0001819	positive regulation of cytokine production	occurs_in(UBERON:0002048
GO:0036435	K48-linked polyubiquitin binding	occurs_in(UBERON:0002048
GO:0045089	positive regulation of innate immune response	occurs_in(UBERON:0002048
GO:1904685	positive regulation of metalloendopeptidase activity	occurs_in(UBERON:0002048
GO:1904685	positive regulation of metalloendopeptidase activity	occurs_in(UBERON:0002048
GO:0032722	positive regulation of chemokine production	occurs_in(UBERON:0002048
GO:1900426	positive regulation of defense response to bacterium	occurs_in(UBERON:0002048
GO:0010628	positive regulation of gene expression	occurs_in(UBERON:0002048
GO:0019901	protein kinase binding	occurs_in(UBERON:0002048
GO:0032732	positive regulation of interleukin-1 production	occurs_in(UBERON:0002048
GO:0043032	positive regulation of macrophage activation	occurs_in(UBERON:0002048
GO:0031625	ubiquitin protein ligase binding	occurs_in(UBERON:0002048
GO:0010628	positive regulation of gene expression	occurs_in(UBERON:0002048
GO:0034340	response to type I interferon	occurs_in(UBERON:0002048)
GO:0019901	protein kinase binding	occurs_in(UBERON:0002048)
GO:0097110	scaffold protein binding	occurs_in(UBERON:0002048)
GO:0010629	negative regulation of gene expression	occurs_in(UBERON:0002048)
GO:0004713	protein tyrosine kinase activity	occurs_in(UBERON:0002048)
GO:0016310	phosphorylation	occurs_in(UBERON:0002048)
GO:0071711	basement membrane organization	occurs_in(UBERON:0002048)
GO:0045987	positive regulation of smooth muscle contraction	occurs_in(UBERON:0002048)
GO:0045071	negative regulation of viral genome replication	occurs_in(UBERON:0002048)
GO:0098586	cellular response to virus	occurs_in(UBERON:0002048)
GO:0045429	positive regulation of nitric oxide biosynthetic process	occurs_in(UBERON:0002048)
GO:0071711	basement membrane organization	occurs_in(UBERON:0002048)
GO:0060340	positive regulation of type I interferon-mediated signaling pathway	occurs_in(UBERON:0002048)
GO:0035195	gene silencing by miRNA	occurs_in(UBERON:0002048)
GO:0045019	negative regulation of nitric oxide biosynthetic process	occurs_in(UBERON:0002048)
GO:0010468	regulation of gene expression	occurs_in(UBERON:0002048)
GO:2000224	regulation of testosterone biosynthetic process	occurs_in(UBERON:0002055)
GO:0071384	cellular response to corticosteroid stimulus	occurs_in(UBERON:0002055)
GO:0061550	cranial ganglion development	occurs_in(UBERON:0002058)
GO:0043525	positive regulation of neuron apoptotic process	occurs_in(UBERON:0002058)
GO:0035278	miRNA mediated inhibition of translation	occurs_in(UBERON:0002060
GO:0035278	miRNA mediated inhibition of translation	occurs_in(UBERON:0002060
GO:0035278	miRNA mediated inhibition of translation	occurs_in(UBERON:0002060
GO:1904753	negative regulation of vascular associated smooth muscle cell migration	occurs_in(UBERON:0002060)
GO:0010628	positive regulation of gene expression	occurs_in(UBERON:0002060)
GO:1904706	negative regulation of vascular smooth muscle cell proliferation	occurs_in(UBERON:0002060)
GO:0008360	regulation of cell shape	occurs_in(UBERON:0002060)
GO:0045907	positive regulation of vasoconstriction	occurs_in(UBERON:0002060)
GO:1903231	mRNA binding involved in posttranscriptional gene silencing	occurs_in(UBERON:0002060)
GO:1904754	positive regulation of vascular associated smooth muscle cell migration	occurs_in(UBERON:0002060)
GO:1904707	positive regulation of vascular smooth muscle cell proliferation	occurs_in(UBERON:0002060)
GO:0045944	positive regulation of transcription from RNA polymerase II promoter	occurs_in(UBERON:0002062
GO:0010628	positive regulation of gene expression	occurs_in(UBERON:0002062
GO:0010629	negative regulation of gene expression	occurs_in(UBERON:0002062
GO:2000793	cell proliferation involved in heart valve development	occurs_in(UBERON:0002062)
GO:0008284	positive regulation of cell proliferation	occurs_in(UBERON:0002062)
GO:0030335	positive regulation of cell migration	occurs_in(UBERON:0002062)
GO:0060973	cell migration involved in heart development	occurs_in(UBERON:0002062)
GO:0010629	negative regulation of gene expression	occurs_in(UBERON:0002062)
GO:0010628	positive regulation of gene expression	occurs_in(UBERON:0002062)
GO:0006809	nitric oxide biosynthetic process	occurs_in(UBERON:0002065
GO:0033604	negative regulation of catecholamine secretion	occurs_in(UBERON:0002065
GO:0001666	response to hypoxia	occurs_in(UBERON:0002065
GO:0090002	establishment of protein localization to plasma membrane	occurs_in(UBERON:0002066
GO:0048023	positive regulation of melanin biosynthetic process	occurs_in(UBERON:0002073)
GO:0031424	keratinization	occurs_in(UBERON:0002073)
GO:0010838	positive regulation of keratinocyte proliferation	occurs_in(UBERON:0002073)
GO:0032912	negative regulation of transforming growth factor beta2 production	occurs_in(UBERON:0002073)
GO:0010628	positive regulation of gene expression	occurs_in(UBERON:0002073)
GO:0010628	positive regulation of gene expression	occurs_in(UBERON:0002073)
GO:0010628	positive regulation of gene expression	occurs_in(UBERON:0002073)
GO:0010628	positive regulation of gene expression	occurs_in(UBERON:0002073)
GO:0010628	positive regulation of gene expression	occurs_in(UBERON:0002073)
GO:0010628	positive regulation of gene expression	occurs_in(UBERON:0002073)
GO:0043568	positive regulation of insulin-like growth factor receptor signaling pathway	occurs_in(UBERON:0002073)
GO:0032773	positive regulation of monophenol monooxygenase activity	occurs_in(UBERON:0002073)
GO:0035195	gene silencing by miRNA	occurs_in(UBERON:0002079)
GO:0035195	gene silencing by miRNA	occurs_in(UBERON:0002079)
GO:0035195	gene silencing by miRNA	occurs_in(UBERON:0002079)
GO:1902632	positive regulation of membrane hyperpolarization	occurs_in(UBERON:0002080)
GO:1902632	positive regulation of membrane hyperpolarization	occurs_in(UBERON:0002080)
GO:1903243	negative regulation of cardiac muscle hypertrophy in response to stress	occurs_in(UBERON:0002080)
GO:1903244	positive regulation of cardiac muscle hypertrophy in response to stress	occurs_in(UBERON:0002080)
GO:1903244	positive regulation of cardiac muscle hypertrophy in response to stress	occurs_in(UBERON:0002080)
GO:0045777	positive regulation of blood pressure	occurs_in(UBERON:0002080)
GO:0086007	voltage-gated calcium channel activity involved in cardiac muscle cell action potential	occurs_in(UBERON:0002081)
GO:0044325	ion channel binding	occurs_in(UBERON:0002081)
GO:0097110	scaffold protein binding	occurs_in(UBERON:0002081)
GO:0035195	gene silencing by miRNA	occurs_in(UBERON:0002081)
GO:0018105	peptidyl-serine phosphorylation	occurs_in(UBERON:0002082
GO:0060394	negative regulation of pathway-restricted SMAD protein phosphorylation	occurs_in(UBERON:0002082
GO:0042030	ATPase inhibitor activity	occurs_in(UBERON:0002082
GO:1903407	negative regulation of sodium:potassium-exchanging ATPase activity	occurs_in(UBERON:0002082
GO:0018107	peptidyl-threonine phosphorylation	occurs_in(UBERON:0002082
GO:0010667	negative regulation of cardiac muscle cell apoptotic process	occurs_in(UBERON:0002082
GO:0004683	calmodulin-dependent protein kinase activity	occurs_in(UBERON:0002082
GO:0004683	calmodulin-dependent protein kinase activity	occurs_in(UBERON:0002082
GO:0000122	negative regulation of transcription from RNA polymerase II promoter	occurs_in(UBERON:0002082)
GO:1902895	positive regulation of pri-miRNA transcription from RNA polymerase II promoter	occurs_in(UBERON:0002082)
GO:1902895	positive regulation of pri-miRNA transcription from RNA polymerase II promoter	occurs_in(UBERON:0002082)
GO:1902895	positive regulation of pri-miRNA transcription from RNA polymerase II promoter	occurs_in(UBERON:0002082)
GO:0035195	gene silencing by miRNA	occurs_in(UBERON:0002082)
GO:0044325	ion channel binding	occurs_in(UBERON:0002082)
GO:0002027	regulation of heart rate	occurs_in(UBERON:0002082)
GO:0009612	response to mechanical stimulus	occurs_in(UBERON:0002082)
GO:0008016	regulation of heart contraction	occurs_in(UBERON:0002082)
GO:0035195	gene silencing by miRNA	occurs_in(UBERON:0002082)
GO:0055119	relaxation of cardiac muscle	occurs_in(UBERON:0002082)
GO:0086003	cardiac muscle cell contraction	occurs_in(UBERON:0002082)
GO:0033292	T-tubule organization	occurs_in(UBERON:0002082)
GO:1902894	negative regulation of pri-miRNA transcription from RNA polymerase II promoter	occurs_in(UBERON:0002082)
GO:1902894	negative regulation of pri-miRNA transcription from RNA polymerase II promoter	occurs_in(UBERON:0002082)
GO:1902894	negative regulation of pri-miRNA transcription from RNA polymerase II promoter	occurs_in(UBERON:0002082)
GO:0019901	protein kinase binding	occurs_in(UBERON:0002082)
GO:0000122	negative regulation of transcription from RNA polymerase II promoter	occurs_in(UBERON:0002082)
GO:0061099	negative regulation of protein tyrosine kinase activity	occurs_in(UBERON:0002084
GO:0010629	negative regulation of gene expression	occurs_in(UBERON:0002084
GO:0071456	cellular response to hypoxia	occurs_in(UBERON:0002084
GO:0010628	positive regulation of gene expression	occurs_in(UBERON:0002084
GO:0035195	gene silencing by miRNA	occurs_in(UBERON:0002084
GO:0071375	cellular response to peptide hormone stimulus	occurs_in(UBERON:0002084
GO:0050998	nitric-oxide synthase binding	occurs_in(UBERON:0002084
GO:1903598	positive regulation of gap junction assembly	occurs_in(UBERON:0002084
GO:0097110	scaffold protein binding	occurs_in(UBERON:0002084
GO:0032091	negative regulation of protein binding	occurs_in(UBERON:0002084
GO:1900086	positive regulation of peptidyl-tyrosine autophosphorylation	occurs_in(UBERON:0002084
GO:0035195	gene silencing by miRNA	occurs_in(UBERON:0002084
GO:0032092	positive regulation of protein binding	occurs_in(UBERON:0002084
GO:1903597	negative regulation of gap junction assembly	occurs_in(UBERON:0002084
GO:2000170	positive regulation of peptidyl-cysteine S-nitrosylation	occurs_in(UBERON:0002084
GO:0019901	protein kinase binding	occurs_in(UBERON:0002084
GO:0010608	posttranscriptional regulation of gene expression	occurs_in(UBERON:0002084
GO:0010629	negative regulation of gene expression	occurs_in(UBERON:0002084
GO:0061098	positive regulation of protein tyrosine kinase activity	occurs_in(UBERON:0002084
GO:1900085	negative regulation of peptidyl-tyrosine autophosphorylation	occurs_in(UBERON:0002084
GO:0035195	gene silencing by miRNA	occurs_in(UBERON:0002084
GO:1905050	positive regulation of metallopeptidase activity	occurs_in(UBERON:0002084)
GO:0010614	negative regulation of cardiac muscle hypertrophy	occurs_in(UBERON:0002084)
GO:0034103	regulation of tissue remodeling	occurs_in(UBERON:0002084)
GO:0005515	protein binding	occurs_in(UBERON:0002084)
GO:1905024	regulation of membrane repolarization during ventricular cardiac muscle cell action potential	occurs_in(UBERON:0002084)
GO:1901077	regulation of relaxation of muscle	occurs_in(UBERON:0002084)
GO:0032966	negative regulation of collagen biosynthetic process	occurs_in(UBERON:0002084)
GO:1904027	negative regulation of collagen fibril organization	occurs_in(UBERON:0002084)
GO:1905007	positive regulation of epithelial to mesenchymal transition involved in endocardial cushion formation	occurs_in(UBERON:0002087
GO:1905007	positive regulation of epithelial to mesenchymal transition involved in endocardial cushion formation	occurs_in(UBERON:0002087)
GO:0003198	epithelial to mesenchymal transition involved in endocardial cushion formation	occurs_in(UBERON:0002087)
GO:1905007	positive regulation of epithelial to mesenchymal transition involved in endocardial cushion formation	occurs_in(UBERON:0002087)
GO:0003274	endocardial cushion fusion	occurs_in(UBERON:0002087)
GO:0010718	positive regulation of epithelial to mesenchymal transition	occurs_in(UBERON:0002087)
GO:0060317	cardiac epithelial to mesenchymal transition	occurs_in(UBERON:0002087)
GO:0045944	positive regulation of transcription from RNA polymerase II promoter	occurs_in(UBERON:0002087)
GO:0046580	negative regulation of Ras protein signal transduction	occurs_in(UBERON:0002087)
GO:1905006	negative regulation of epithelial to mesenchymal transition involved in endocardial cushion formation	occurs_in(UBERON:0002087)
GO:0003190	atrioventricular valve formation	occurs_in(UBERON:0002087)
GO:0003203	endocardial cushion morphogenesis	occurs_in(UBERON:0002087)
GO:0003203	endocardial cushion morphogenesis	occurs_in(UBERON:0002087)
GO:0009650	UV protection	occurs_in(UBERON:0002097
GO:0071493	cellular response to UV-B	occurs_in(UBERON:0002097)
GO:0071711	basement membrane organization	occurs_in(UBERON:0002097)
GO:0071711	basement membrane organization	occurs_in(UBERON:0002097)
GO:0071711	basement membrane organization	occurs_in(UBERON:0002097)
GO:0048844	artery morphogenesis	occurs_in(UBERON:0002103)
GO:0035457	cellular response to interferon-alpha	occurs_in(UBERON:0002106
GO:0050829	defense response to Gram-negative bacterium	occurs_in(UBERON:0002106
GO:0050829	defense response to Gram-negative bacterium	occurs_in(UBERON:0002106
GO:0001819	positive regulation of cytokine production	occurs_in(UBERON:0002106
GO:0032815	negative regulation of natural killer cell activation	occurs_in(UBERON:0002106
GO:0090026	positive regulation of monocyte chemotaxis	occurs_in(UBERON:0002106
GO:0090026	positive regulation of monocyte chemotaxis	occurs_in(UBERON:0002106
GO:0030183	B cell differentiation	occurs_in(UBERON:0002106
GO:0032823	regulation of natural killer cell differentiation	occurs_in(UBERON:0002106
GO:0090073	positive regulation of protein homodimerization activity	occurs_in(UBERON:0002106
GO:0001782	B cell homeostasis	occurs_in(UBERON:0002106
GO:0010628	positive regulation of gene expression	occurs_in(UBERON:0002106
GO:0045089	positive regulation of innate immune response	occurs_in(UBERON:0002106
GO:2000562	negative regulation of CD4-positive, alpha-beta T cell proliferation	occurs_in(UBERON:0002106
GO:0010628	positive regulation of gene expression	occurs_in(UBERON:0002106
GO:0032722	positive regulation of chemokine production	occurs_in(UBERON:0002106
GO:1900426	positive regulation of defense response to bacterium	occurs_in(UBERON:0002106
GO:0071346	cellular response to interferon-gamma	occurs_in(UBERON:0002106
GO:0032732	positive regulation of interleukin-1 production	occurs_in(UBERON:0002106
GO:0043032	positive regulation of macrophage activation	occurs_in(UBERON:0002106
GO:0035278	miRNA mediated inhibition of translation	occurs_in(UBERON:0002106
GO:0006879	cellular iron ion homeostasis	occurs_in(UBERON:0002106)
GO:0050864	regulation of B cell activation	occurs_in(UBERON:0002106)
GO:0010628	positive regulation of gene expression	occurs_in(UBERON:0002106)
GO:0060548	negative regulation of cell death	occurs_in(UBERON:0002106)
GO:0050829	defense response to Gram-negative bacterium	occurs_in(UBERON:0002106)
GO:0003857	3-hydroxyacyl-CoA dehydrogenase activity	occurs_in(UBERON:0002107
GO:0045944	positive regulation of transcription from RNA polymerase II promoter	occurs_in(UBERON:0002107
GO:0060391	positive regulation of SMAD protein import into nucleus	occurs_in(UBERON:0002107
GO:0060391	positive regulation of SMAD protein import into nucleus	occurs_in(UBERON:0002107
GO:0060391	positive regulation of SMAD protein import into nucleus	occurs_in(UBERON:0002107
GO:0004396	hexokinase activity	occurs_in(UBERON:0002107
GO:0004396	hexokinase activity	occurs_in(UBERON:0002107
GO:0034605	cellular response to heat	occurs_in(UBERON:0002107
GO:0000122	negative regulation of transcription from RNA polymerase II promoter	occurs_in(UBERON:0002107
GO:0000122	negative regulation of transcription from RNA polymerase II promoter	occurs_in(UBERON:0002107
GO:0000122	negative regulation of transcription from RNA polymerase II promoter	occurs_in(UBERON:0002107
GO:0000122	negative regulation of transcription from RNA polymerase II promoter	occurs_in(UBERON:0002107
GO:0016597	amino acid binding	occurs_in(UBERON:0002107
GO:0004517	nitric-oxide synthase activity	occurs_in(UBERON:0002107
GO:0050829	defense response to Gram-negative bacterium	occurs_in(UBERON:0002107
GO:0009408	response to heat	occurs_in(UBERON:0002107
GO:0030509	BMP signaling pathway	occurs_in(UBERON:0002107
GO:0010862	positive regulation of pathway-restricted SMAD protein phosphorylation	occurs_in(UBERON:0002107
GO:0010862	positive regulation of pathway-restricted SMAD protein phosphorylation	occurs_in(UBERON:0002107
GO:0010862	positive regulation of pathway-restricted SMAD protein phosphorylation	occurs_in(UBERON:0002107
GO:0000122	negative regulation of transcription from RNA polymerase II promoter	occurs_in(UBERON:0002107
GO:0034340	response to type I interferon	occurs_in(UBERON:0002107
GO:0042493	response to drug	occurs_in(UBERON:0002107
GO:0042493	response to drug	occurs_in(UBERON:0002107
GO:0042493	response to drug	occurs_in(UBERON:0002107
GO:0045944	positive regulation of transcription from RNA polymerase II promoter	occurs_in(UBERON:0002107
GO:0045944	positive regulation of transcription from RNA polymerase II promoter	occurs_in(UBERON:0002107
GO:0045944	positive regulation of transcription from RNA polymerase II promoter	occurs_in(UBERON:0002107
GO:0045944	positive regulation of transcription from RNA polymerase II promoter	occurs_in(UBERON:0002107
GO:0010628	positive regulation of gene expression	occurs_in(UBERON:0002107
GO:0010628	positive regulation of gene expression	occurs_in(UBERON:0002107
GO:0001228	transcriptional activator activity, RNA polymerase II transcription regulatory region sequence-specific binding	occurs_in(UBERON:0002107
GO:0045944	positive regulation of transcription from RNA polymerase II promoter	occurs_in(UBERON:0002107
GO:0042132	fructose 1,6-bisphosphate 1-phosphatase activity	occurs_in(UBERON:0002107
GO:0000122	negative regulation of transcription from RNA polymerase II promoter	occurs_in(UBERON:0002107
GO:0010629	negative regulation of gene expression	occurs_in(UBERON:0002107
GO:0045944	positive regulation of transcription from RNA polymerase II promoter	occurs_in(UBERON:0002107
GO:0045944	positive regulation of transcription from RNA polymerase II promoter	occurs_in(UBERON:0002107
GO:0036440	citrate synthase activity	occurs_in(UBERON:0002107
GO:0004743	pyruvate kinase activity	occurs_in(UBERON:0002107
GO:0009749	response to glucose	occurs_in(UBERON:0002107
GO:0004095	carnitine O-palmitoyltransferase activity	occurs_in(UBERON:0002107
GO:0010862	positive regulation of pathway-restricted SMAD protein phosphorylation	occurs_in(UBERON:0002107
GO:0010862	positive regulation of pathway-restricted SMAD protein phosphorylation	occurs_in(UBERON:0002107
GO:0010862	positive regulation of pathway-restricted SMAD protein phosphorylation	occurs_in(UBERON:0002107
GO:0030272	5-formyltetrahydrofolate cyclo-ligase activity	occurs_in(UBERON:0002107
GO:0045944	positive regulation of transcription from RNA polymerase II promoter	occurs_in(UBERON:0002107
GO:0009749	response to glucose	occurs_in(UBERON:0002107
GO:0010628	positive regulation of gene expression	occurs_in(UBERON:0002107
GO:0008111	alpha-methylacyl-CoA racemase activity	occurs_in(UBERON:0002107
GO:0090664	response to high population density	occurs_in(UBERON:0002107
GO:0045944	positive regulation of transcription from RNA polymerase II promoter	occurs_in(UBERON:0002107
GO:0045944	positive regulation of transcription from RNA polymerase II promoter	occurs_in(UBERON:0002107
GO:0045944	positive regulation of transcription from RNA polymerase II promoter	occurs_in(UBERON:0002107
GO:0045944	positive regulation of transcription from RNA polymerase II promoter	occurs_in(UBERON:0002107
GO:0060391	positive regulation of SMAD protein import into nucleus	occurs_in(UBERON:0002107
GO:0060391	positive regulation of SMAD protein import into nucleus	occurs_in(UBERON:0002107
GO:0060391	positive regulation of SMAD protein import into nucleus	occurs_in(UBERON:0002107
GO:0000122	negative regulation of transcription from RNA polymerase II promoter	occurs_in(UBERON:0002107
GO:0000122	negative regulation of transcription from RNA polymerase II promoter	occurs_in(UBERON:0002107
GO:0004743	pyruvate kinase activity	occurs_in(UBERON:0002107
GO:0010628	positive regulation of gene expression	occurs_in(UBERON:0002107
GO:0045944	positive regulation of transcription from RNA polymerase II promoter	occurs_in(UBERON:0002107
GO:0000122	negative regulation of transcription from RNA polymerase II promoter	occurs_in(UBERON:0002107
GO:0001077	transcriptional activator activity, RNA polymerase II core promoter proximal region sequence-specific binding	occurs_in(UBERON:0002107
GO:0000122	negative regulation of transcription from RNA polymerase II promoter	occurs_in(UBERON:0002107
GO:0000122	negative regulation of transcription from RNA polymerase II promoter	occurs_in(UBERON:0002107
GO:0000122	negative regulation of transcription from RNA polymerase II promoter	occurs_in(UBERON:0002107
GO:0000122	negative regulation of transcription from RNA polymerase II promoter	occurs_in(UBERON:0002107
GO:0019825	oxygen binding	occurs_in(UBERON:0002107
GO:0060395	SMAD protein signal transduction	occurs_in(UBERON:0002107
GO:0004340	glucokinase activity	occurs_in(UBERON:0002107
GO:0004340	glucokinase activity	occurs_in(UBERON:0002107
GO:0045944	positive regulation of transcription from RNA polymerase II promoter	occurs_in(UBERON:0002107
GO:0045944	positive regulation of transcription from RNA polymerase II promoter	occurs_in(UBERON:0002107
GO:0045944	positive regulation of transcription from RNA polymerase II promoter	occurs_in(UBERON:0002107
GO:0045944	positive regulation of transcription from RNA polymerase II promoter	occurs_in(UBERON:0002107
GO:0045944	positive regulation of transcription from RNA polymerase II promoter	occurs_in(UBERON:0002107
GO:0045944	positive regulation of transcription from RNA polymerase II promoter	occurs_in(UBERON:0002107
GO:0032868	response to insulin	occurs_in(UBERON:0002107
GO:0045944	positive regulation of transcription from RNA polymerase II promoter	occurs_in(UBERON:0002107
GO:0045944	positive regulation of transcription from RNA polymerase II promoter	occurs_in(UBERON:0002107
GO:0045944	positive regulation of transcription from RNA polymerase II promoter	occurs_in(UBERON:0002107
GO:0045944	positive regulation of transcription from RNA polymerase II promoter	occurs_in(UBERON:0002107
GO:0045944	positive regulation of transcription from RNA polymerase II promoter	occurs_in(UBERON:0002107
GO:0046653	tetrahydrofolate metabolic process	occurs_in(UBERON:0002107
GO:0004300	enoyl-CoA hydratase activity	occurs_in(UBERON:0002107)
GO:0009409	response to cold	occurs_in(UBERON:0002107)
GO:0004874	aryl hydrocarbon receptor activity	occurs_in(UBERON:0002107)
GO:0032924	activin receptor signaling pathway	occurs_in(UBERON:0002107)
GO:0006879	cellular iron ion homeostasis	occurs_in(UBERON:0002107)
GO:0019346	transsulfuration	occurs_in(UBERON:0002107)
GO:0045944	positive regulation of transcription from RNA polymerase II promoter	occurs_in(UBERON:0002107)
GO:0009011	starch synthase activity	occurs_in(UBERON:0002107)
GO:0017046	peptide hormone binding	occurs_in(UBERON:0002107)
GO:0017046	peptide hormone binding	occurs_in(UBERON:0002107)
GO:0042448	progesterone metabolic process	occurs_in(UBERON:0002107)
GO:0004457	lactate dehydrogenase activity	occurs_in(UBERON:0002107)
GO:0032815	negative regulation of natural killer cell activation	occurs_in(UBERON:0002107)
GO:0002020	protease binding	occurs_in(UBERON:0002107)
GO:0006633	fatty acid biosynthetic process	occurs_in(UBERON:0002107)
GO:0042742	defense response to bacterium	occurs_in(UBERON:0002107)
GO:0004743	pyruvate kinase activity	occurs_in(UBERON:0002107)
GO:0005131	growth hormone receptor binding	occurs_in(UBERON:0002107)
GO:1901984	negative regulation of protein acetylation	occurs_in(UBERON:0002107)
GO:0060416	response to growth hormone	occurs_in(UBERON:0002107)
GO:0017046	peptide hormone binding	occurs_in(UBERON:0002107)
GO:0050649	testosterone 6-beta-hydroxylase activity	occurs_in(UBERON:0002107)
GO:0032496	response to lipopolysaccharide	occurs_in(UBERON:0002107)
GO:0071615	oxidative deethylation	occurs_in(UBERON:0002107)
GO:0032823	regulation of natural killer cell differentiation	occurs_in(UBERON:0002107)
GO:0010629	negative regulation of gene expression	occurs_in(UBERON:0002107)
GO:0006231	dTMP biosynthetic process	occurs_in(UBERON:0002107)
GO:0016508	long-chain-enoyl-CoA hydratase activity	occurs_in(UBERON:0002107)
GO:0034605	cellular response to heat	occurs_in(UBERON:0002107)
GO:0045944	positive regulation of transcription from RNA polymerase II promoter	occurs_in(UBERON:0002107)
GO:0045944	positive regulation of transcription from RNA polymerase II promoter	occurs_in(UBERON:0002107)
GO:0045944	positive regulation of transcription from RNA polymerase II promoter	occurs_in(UBERON:0002107)
GO:0016209	antioxidant activity	occurs_in(UBERON:0002107)
GO:0009635	response to herbicide	occurs_in(UBERON:0002107)
GO:0034145	positive regulation of toll-like receptor 4 signaling pathway	occurs_in(UBERON:0002107)
GO:0005515	protein binding	occurs_in(UBERON:0002107)
GO:0036101	leukotriene B4 catabolic process	occurs_in(UBERON:0002107)
GO:0006879	cellular iron ion homeostasis	occurs_in(UBERON:0002107)
GO:0060416	response to growth hormone	occurs_in(UBERON:0002107)
GO:0004345	glucose-6-phosphate dehydrogenase activity	occurs_in(UBERON:0002107)
GO:0000052	citrulline metabolic process	occurs_in(UBERON:0002107)
GO:0004095	carnitine O-palmitoyltransferase activity	occurs_in(UBERON:0002107)
GO:0090664	response to high population density	occurs_in(UBERON:0002107)
GO:0031490	chromatin DNA binding	occurs_in(UBERON:0002107)
GO:0004346	glucose-6-phosphatase activity	occurs_in(UBERON:0002107)
GO:0009408	response to heat	occurs_in(UBERON:0002107)
GO:0051087	chaperone binding	occurs_in(UBERON:0002107)
GO:0034599	cellular response to oxidative stress	occurs_in(UBERON:0002107)
GO:0045944	positive regulation of transcription from RNA polymerase II promoter	occurs_in(UBERON:0002107)
GO:0035999	tetrahydrofolate interconversion	occurs_in(UBERON:0002107)
GO:0001934	positive regulation of protein phosphorylation	occurs_in(UBERON:0002107)
GO:0032868	response to insulin	occurs_in(UBERON:0002107)
GO:0043627	response to estrogen	occurs_in(UBERON:0002107)
GO:0003857	3-hydroxyacyl-CoA dehydrogenase activity	occurs_in(UBERON:0002107)
GO:0034141	positive regulation of toll-like receptor 3 signaling pathway	occurs_in(UBERON:0002107)
GO:0050051	leukotriene-B4 20-monooxygenase activity	occurs_in(UBERON:0002107)
GO:0045944	positive regulation of transcription from RNA polymerase II promoter	occurs_in(UBERON:0002107)
GO:0034605	cellular response to heat	occurs_in(UBERON:0002107)
GO:0042132	fructose 1,6-bisphosphate 1-phosphatase activity	occurs_in(UBERON:0002107)
GO:0004329	formate-tetrahydrofolate ligase activity	occurs_in(UBERON:0002107)
GO:0004611	phosphoenolpyruvate carboxykinase activity	occurs_in(UBERON:0002107)
GO:0004055	argininosuccinate synthase activity	occurs_in(UBERON:0002107)
GO:0006531	aspartate metabolic process	occurs_in(UBERON:0002107)
GO:0035195	gene silencing by miRNA	occurs_in(UBERON:0002107)
GO:0035195	gene silencing by miRNA	occurs_in(UBERON:0002107)
GO:0002903	negative regulation of B cell apoptotic process	occurs_in(UBERON:0002107)
GO:0005131	growth hormone receptor binding	occurs_in(UBERON:0002107)
GO:0004784	superoxide dismutase activity	occurs_in(UBERON:0002107)
GO:0098586	cellular response to virus	occurs_in(UBERON:0002107)
GO:0006720	isoprenoid metabolic process	occurs_in(UBERON:0002107)
GO:0005131	growth hormone receptor binding	occurs_in(UBERON:0002107)
GO:0035897	proteolysis in other organism	occurs_in(UBERON:0002107)
GO:0006695	cholesterol biosynthetic process	occurs_in(UBERON:0002107)
GO:0004487	methylenetetrahydrofolate dehydrogenase (NAD+) activity	occurs_in(UBERON:0002107)
GO:0000053	argininosuccinate metabolic process	occurs_in(UBERON:0002107)
GO:0042282	hydroxymethylglutaryl-CoA reductase activity	occurs_in(UBERON:0002107)
GO:0009749	response to glucose	occurs_in(UBERON:0002107)
GO:0000987	core promoter proximal region sequence-specific DNA binding	occurs_in(UBERON:0002107)
GO:0071773	cellular response to BMP stimulus	occurs_in(UBERON:0002107)
GO:0030509	BMP signaling pathway	occurs_in(UBERON:0002107)
GO:0046907	intracellular transport	occurs_in(UBERON:0002107)
GO:0070102	interleukin-6-mediated signaling pathway	occurs_in(UBERON:0002107)
GO:0005131	growth hormone receptor binding	occurs_in(UBERON:0002107)
GO:0004092	carnitine O-acetyltransferase activity	occurs_in(UBERON:0002107)
GO:0017046	peptide hormone binding	occurs_in(UBERON:0002107)
GO:0030586	[methionine synthase] reductase activity	occurs_in(UBERON:0002107)
GO:1904927	cellular response to palmitoleic acid	occurs_in(UBERON:0002107)
GO:0045944	positive regulation of transcription from RNA polymerase II promoter	occurs_in(UBERON:0002111
GO:0045944	positive regulation of transcription from RNA polymerase II promoter	occurs_in(UBERON:0002111)
GO:0004874	aryl hydrocarbon receptor activity	occurs_in(UBERON:0002113
GO:0004396	hexokinase activity	occurs_in(UBERON:0002113
GO:0004396	hexokinase activity	occurs_in(UBERON:0002113
GO:0009408	response to heat	occurs_in(UBERON:0002113
GO:0071615	oxidative deethylation	occurs_in(UBERON:0002113
GO:0060416	response to growth hormone	occurs_in(UBERON:0002113
GO:0070576	vitamin D 24-hydroxylase activity	occurs_in(UBERON:0002113
GO:1901754	vitamin D3 catabolic process	occurs_in(UBERON:0002113
GO:0004743	pyruvate kinase activity	occurs_in(UBERON:0002113
GO:0035195	gene silencing by miRNA	occurs_in(UBERON:0002113
GO:0019825	oxygen binding	occurs_in(UBERON:0002113
GO:0004340	glucokinase activity	occurs_in(UBERON:0002113
GO:0008234	cysteine-type peptidase activity	occurs_in(UBERON:0002113)
GO:0050829	defense response to Gram-negative bacterium	occurs_in(UBERON:0002113)
GO:0050829	defense response to Gram-negative bacterium	occurs_in(UBERON:0002113)
GO:0010037	response to carbon dioxide	occurs_in(UBERON:0002113)
GO:0051117	ATPase binding	occurs_in(UBERON:0002113)
GO:0055074	calcium ion homeostasis	occurs_in(UBERON:0002113)
GO:0004511	tyrosine 3-monooxygenase activity	occurs_in(UBERON:0002113)
GO:0010628	positive regulation of gene expression	occurs_in(UBERON:0002113)
GO:0051414	response to cortisol	occurs_in(UBERON:0002113)
GO:0006508	proteolysis	occurs_in(UBERON:0002113)
GO:0042132	fructose 1,6-bisphosphate 1-phosphatase activity	occurs_in(UBERON:0002113)
GO:0010628	positive regulation of gene expression	occurs_in(UBERON:0002113)
GO:0035195	gene silencing by miRNA	occurs_in(UBERON:0002113)
GO:0035195	gene silencing by miRNA	occurs_in(UBERON:0002113)
GO:0030586	[methionine synthase] reductase activity	occurs_in(UBERON:0002113)
GO:0000122	negative regulation of transcription from RNA polymerase II promoter	occurs_in(UBERON:0002114
GO:0000122	negative regulation of transcription from RNA polymerase II promoter	occurs_in(UBERON:0002114
GO:0000122	negative regulation of transcription from RNA polymerase II promoter	occurs_in(UBERON:0002114
GO:0000122	negative regulation of transcription from RNA polymerase II promoter	occurs_in(UBERON:0002114
GO:0000122	negative regulation of transcription from RNA polymerase II promoter	occurs_in(UBERON:0002114
GO:0000122	negative regulation of transcription from RNA polymerase II promoter	occurs_in(UBERON:0002114
GO:0000122	negative regulation of transcription from RNA polymerase II promoter	occurs_in(UBERON:0002114)
GO:0000122	negative regulation of transcription from RNA polymerase II promoter	occurs_in(UBERON:0002114)
GO:0000122	negative regulation of transcription from RNA polymerase II promoter	occurs_in(UBERON:0002114)
GO:0030881	beta-2-microglobulin binding	occurs_in(UBERON:0002114)
GO:0001948	glycoprotein binding	occurs_in(UBERON:0002114)
GO:0000122	negative regulation of transcription from RNA polymerase II promoter	occurs_in(UBERON:0002114)
GO:0000122	negative regulation of transcription from RNA polymerase II promoter	occurs_in(UBERON:0002114)
GO:0000122	negative regulation of transcription from RNA polymerase II promoter	occurs_in(UBERON:0002114)
GO:2000008	regulation of protein localization to cell surface	occurs_in(UBERON:0002114)
GO:1990712	HFE-transferrin receptor complex	occurs_in(UBERON:0002114)
GO:1990459	transferrin receptor binding	occurs_in(UBERON:0002114)
GO:0009651	response to salt stress	occurs_in(UBERON:0002115
GO:0006663	platelet activating factor biosynthetic process	occurs_in(UBERON:0002120
GO:0006663	platelet activating factor biosynthetic process	occurs_in(UBERON:0002120
GO:0047179	platelet-activating factor acetyltransferase activity	occurs_in(UBERON:0002120
GO:0047179	platelet-activating factor acetyltransferase activity	occurs_in(UBERON:0002120
GO:0097211	cellular response to gonadotropin-releasing hormone	occurs_in(UBERON:0002129)
GO:0045944	positive regulation of transcription from RNA polymerase II promoter	occurs_in(UBERON:0002133
GO:0048842	positive regulation of axon extension involved in axon guidance	occurs_in(UBERON:0002138)
GO:1905007	positive regulation of epithelial to mesenchymal transition involved in endocardial cushion formation	occurs_in(UBERON:0002165)
GO:0003198	epithelial to mesenchymal transition involved in endocardial cushion formation	occurs_in(UBERON:0002165)
GO:0045944	positive regulation of transcription from RNA polymerase II promoter	occurs_in(UBERON:0002165)
GO:0045944	positive regulation of transcription from RNA polymerase II promoter	occurs_in(UBERON:0002165)
GO:0045944	positive regulation of transcription from RNA polymerase II promoter	occurs_in(UBERON:0002165)
GO:0045944	positive regulation of transcription from RNA polymerase II promoter	occurs_in(UBERON:0002165)
GO:0045944	positive regulation of transcription from RNA polymerase II promoter	occurs_in(UBERON:0002165)
GO:0045944	positive regulation of transcription from RNA polymerase II promoter	occurs_in(UBERON:0002165)
GO:0000122	negative regulation of transcription from RNA polymerase II promoter	occurs_in(UBERON:0002190
GO:1903444	negative regulation of brown fat cell differentiation	occurs_in(UBERON:0002190)
GO:0004768	stearoyl-CoA 9-desaturase activity	occurs_in(UBERON:0002190)
GO:0070542	response to fatty acid	occurs_in(UBERON:0002190)
GO:1904927	cellular response to palmitoleic acid	occurs_in(UBERON:0002190)
GO:0010628	positive regulation of gene expression	occurs_in(UBERON:0002217
GO:0010629	negative regulation of gene expression	occurs_in(UBERON:0002217
GO:0002685	regulation of leukocyte migration	occurs_in(UBERON:0002217
GO:0034141	positive regulation of toll-like receptor 3 signaling pathway	occurs_in(UBERON:0002217)
GO:1902738	regulation of chondrocyte differentiation involved in endochondral bone morphogenesis	occurs_in(UBERON:0002222)
GO:0045664	regulation of neuron differentiation	occurs_in(UBERON:0002227)
GO:0097195	pilomotor reflex	occurs_in(UBERON:0002233)
GO:0097156	fasciculation of motor neuron axon	occurs_in(UBERON:0002240)
GO:0021915	neural tube development	occurs_in(UBERON:0002240)
GO:0060416	response to growth hormone	occurs_in(UBERON:0002240)
GO:0008045	motor neuron axon guidance	occurs_in(UBERON:0002240)
GO:0004102	choline O-acetyltransferase activity	occurs_in(UBERON:0002240)
GO:0043565	sequence-specific DNA binding	occurs_in(UBERON:0002240)
GO:0050767	regulation of neurogenesis	occurs_in(UBERON:0002256)
GO:0042327	positive regulation of phosphorylation	occurs_in(UBERON:0002271)
GO:0016264	gap junction assembly	occurs_in(UBERON:0002302
GO:0005515	protein binding	occurs_in(UBERON:0002305
GO:0005515	protein binding	occurs_in(UBERON:0002305
GO:0006357	regulation of transcription from RNA polymerase II promoter	occurs_in(UBERON:0002305)
GO:0006357	regulation of transcription from RNA polymerase II promoter	occurs_in(UBERON:0002305)
GO:0010996	response to auditory stimulus	occurs_in(UBERON:0002308)
GO:0032355	response to estradiol	occurs_in(UBERON:0002308)
GO:0032286	central nervous system myelin maintenance	occurs_in(UBERON:0002316)
GO:0010468	regulation of gene expression	occurs_in(UBERON:0002329
GO:0050679	positive regulation of epithelial cell proliferation	occurs_in(UBERON:0002329
GO:0045176	apical protein localization	occurs_in(UBERON:0002329
GO:0010468	regulation of gene expression	occurs_in(UBERON:0002329)
GO:0090245	axis elongation involved in somitogenesis	occurs_in(UBERON:0002329)
GO:0098609	cell-cell adhesion	occurs_in(UBERON:0002329)
GO:0010468	regulation of gene expression	occurs_in(UBERON:0002329)
GO:0007411	axon guidance	occurs_in(UBERON:0002336)
GO:0071347	cellular response to interleukin-1	occurs_in(UBERON:0002337)
GO:0072089	stem cell proliferation	occurs_in(UBERON:0002346)
GO:0051301	cell division	occurs_in(UBERON:0002346)
GO:0007179	transforming growth factor beta receptor signaling pathway	occurs_in(UBERON:0002348
GO:0010718	positive regulation of epithelial to mesenchymal transition	occurs_in(UBERON:0002348)
GO:1905075	positive regulation of occluding junction disassembly	occurs_in(UBERON:0002348)
GO:2001135	regulation of endocytic recycling	occurs_in(UBERON:0002348)
GO:0051496	positive regulation of stress fiber assembly	occurs_in(UBERON:0002348)
GO:1901201	regulation of extracellular matrix assembly	occurs_in(UBERON:0002348)
GO:0060973	cell migration involved in heart development	occurs_in(UBERON:0002348)
GO:0048278	vesicle docking	occurs_in(UBERON:0002348)
GO:0060314	regulation of ryanodine-sensitive calcium-release channel activity	occurs_in(UBERON:0002349
GO:0035195	gene silencing by miRNA	occurs_in(UBERON:0002349
GO:0043032	positive regulation of macrophage activation	occurs_in(UBERON:0002349
GO:0035195	gene silencing by miRNA	occurs_in(UBERON:0002349
GO:0010628	positive regulation of gene expression	occurs_in(UBERON:0002349
GO:0010628	positive regulation of gene expression	occurs_in(UBERON:0002349
GO:0010628	positive regulation of gene expression	occurs_in(UBERON:0002349
GO:0010628	positive regulation of gene expression	occurs_in(UBERON:0002349
GO:0010628	positive regulation of gene expression	occurs_in(UBERON:0002349
GO:0010628	positive regulation of gene expression	occurs_in(UBERON:0002349
GO:0010628	positive regulation of gene expression	occurs_in(UBERON:0002349
GO:0010628	positive regulation of gene expression	occurs_in(UBERON:0002349
GO:0010628	positive regulation of gene expression	occurs_in(UBERON:0002349
GO:0010628	positive regulation of gene expression	occurs_in(UBERON:0002349
GO:0010628	positive regulation of gene expression	occurs_in(UBERON:0002349
GO:0050728	negative regulation of inflammatory response	occurs_in(UBERON:0002349
GO:0010628	positive regulation of gene expression	occurs_in(UBERON:0002349
GO:0010628	positive regulation of gene expression	occurs_in(UBERON:0002349
GO:0002696	positive regulation of leukocyte activation	occurs_in(UBERON:0002349
GO:0050870	positive regulation of T cell activation	occurs_in(UBERON:0002349
GO:1902565	positive regulation of neutrophil activation	occurs_in(UBERON:0002349
GO:0010628	positive regulation of gene expression	occurs_in(UBERON:0002349
GO:0032914	positive regulation of transforming growth factor beta1 production	occurs_in(UBERON:0002349
GO:0032967	positive regulation of collagen biosynthetic process	occurs_in(UBERON:0002349)
GO:0010940	positive regulation of necrotic cell death	occurs_in(UBERON:0002349)
GO:0060412	ventricular septum morphogenesis	occurs_in(UBERON:0002349)
GO:0050729	positive regulation of inflammatory response	occurs_in(UBERON:0002349)
GO:1905205	positive regulation of connective tissue replacement	occurs_in(UBERON:0002349)
GO:0045766	positive regulation of angiogenesis	occurs_in(UBERON:0002349)
GO:0031647	regulation of protein stability	occurs_in(UBERON:0002351)
GO:0072659	protein localization to plasma membrane	occurs_in(UBERON:0002351)
GO:1901021	positive regulation of calcium ion transmembrane transporter activity	occurs_in(UBERON:0002351)
GO:0010628	positive regulation of gene expression	occurs_in(UBERON:0002351)
GO:0030183	B cell differentiation	occurs_in(UBERON:0002371
GO:0010628	positive regulation of gene expression	occurs_in(UBERON:0002371
GO:0010628	positive regulation of gene expression	occurs_in(UBERON:0002371
GO:0002903	negative regulation of B cell apoptotic process	occurs_in(UBERON:0002371
GO:0000422	mitophagy	occurs_in(UBERON:0002371)
GO:0051496	positive regulation of stress fiber assembly	occurs_in(UBERON:0002371)
GO:0033002	muscle cell proliferation	occurs_in(UBERON:0002381
GO:0009408	response to heat	occurs_in(UBERON:0002381)
GO:0046677	response to antibiotic	occurs_in(UBERON:0002381)
GO:0001894	tissue homeostasis	occurs_in(UBERON:0002384)
GO:0071711	basement membrane organization	occurs_in(UBERON:0002385)
GO:0071711	basement membrane organization	occurs_in(UBERON:0002385)
GO:0035195	gene silencing by miRNA	occurs_in(UBERON:0002418)
GO:0004952	dopamine neurotransmitter receptor activity	occurs_in(UBERON:0002420)
GO:2000481	positive regulation of cAMP-dependent protein kinase activity	occurs_in(UBERON:0002420)
GO:0007191	adenylate cyclase-activating dopamine receptor signaling pathway	occurs_in(UBERON:0002420)
GO:1904782	negative regulation of NMDA glutamate receptor activity	occurs_in(UBERON:0002420)
GO:0010579	positive regulation of adenylate cyclase activity involved in G-protein coupled receptor signaling pathway	occurs_in(UBERON:0002420)
GO:0060168	positive regulation of adenosine receptor signaling pathway	occurs_in(UBERON:0002420)
GO:0051967	negative regulation of synaptic transmission, glutamatergic	occurs_in(UBERON:0002420)
GO:0097159	organic cyclic compound binding	occurs_in(UBERON:0002421
GO:0097159	organic cyclic compound binding	occurs_in(UBERON:0002421
GO:0007613	memory	occurs_in(UBERON:0002421
GO:0071392	cellular response to estradiol stimulus	occurs_in(UBERON:0002421)
GO:0050807	regulation of synapse organization	occurs_in(UBERON:0002435
GO:0044257	cellular protein catabolic process	occurs_in(UBERON:0002435)
GO:0044257	cellular protein catabolic process	occurs_in(UBERON:0002435)
GO:0044212	transcription regulatory region DNA binding	occurs_in(UBERON:0002435)
GO:0034599	cellular response to oxidative stress	occurs_in(UBERON:0002435)
GO:0045944	positive regulation of transcription from RNA polymerase II promoter	occurs_in(UBERON:0002435)
GO:0006879	cellular iron ion homeostasis	occurs_in(UBERON:0002435)
GO:0022904	respiratory electron transport chain	occurs_in(UBERON:0002435)
GO:0008307	structural constituent of muscle	occurs_in(UBERON:0002494)
GO:0010759	positive regulation of macrophage chemotaxis	occurs_in(UBERON:0002509
GO:2000329	negative regulation of T-helper 17 cell lineage commitment	occurs_in(UBERON:0002509
GO:2000508	regulation of dendritic cell chemotaxis	occurs_in(UBERON:0002509
GO:0004396	hexokinase activity	occurs_in(UBERON:0002535
GO:1904274	tricellular tight junction assembly	occurs_in(UBERON:0002535
GO:0051414	response to cortisol	occurs_in(UBERON:0002535
GO:0008284	positive regulation of cell proliferation	occurs_in(UBERON:0002535
GO:0051117	ATPase binding	occurs_in(UBERON:0002535)
GO:0009743	response to carbohydrate	occurs_in(UBERON:0002535)
GO:0042538	hyperosmotic salinity response	occurs_in(UBERON:0002535)
GO:0060416	response to growth hormone	occurs_in(UBERON:0002535)
GO:0010629	negative regulation of gene expression	occurs_in(UBERON:0002535)
GO:0005391	sodium:potassium-exchanging ATPase activity	occurs_in(UBERON:0002535)
GO:0004743	pyruvate kinase activity	occurs_in(UBERON:0002535)
GO:0098750	FYXD domain binding	occurs_in(UBERON:0002535)
GO:0070542	response to fatty acid	occurs_in(UBERON:0002535)
GO:0010628	positive regulation of gene expression	occurs_in(UBERON:0002535)
GO:0051414	response to cortisol	occurs_in(UBERON:0002535)
GO:0005131	growth hormone receptor binding	occurs_in(UBERON:0002535)
GO:0017046	peptide hormone binding	occurs_in(UBERON:0002535)
GO:0060394	negative regulation of pathway-restricted SMAD protein phosphorylation	occurs_in(UBERON:0002539
GO:0045944	positive regulation of transcription from RNA polymerase II promoter	occurs_in(UBERON:0002539
GO:0004222	metalloendopeptidase activity	occurs_in(UBERON:0002539)
GO:0010628	positive regulation of gene expression	occurs_in(UBERON:0002548)
GO:0010629	negative regulation of gene expression	occurs_in(UBERON:0002548)
GO:0010628	positive regulation of gene expression	occurs_in(UBERON:0002548)
GO:0010996	response to auditory stimulus	occurs_in(UBERON:0002597)
GO:0045944	positive regulation of transcription from RNA polymerase II promoter	occurs_in(UBERON:0002667)
GO:0010996	response to auditory stimulus	occurs_in(UBERON:0002691)
GO:1903859	regulation of dendrite extension	occurs_in(UBERON:0002830)
GO:0005244	voltage-gated ion channel activity	occurs_in(UBERON:0002830)
GO:0010996	response to auditory stimulus	occurs_in(UBERON:0002873)
GO:0071314	cellular response to cocaine	occurs_in(UBERON:0002883)
GO:0071314	cellular response to cocaine	occurs_in(UBERON:0002883)
GO:0005515	protein binding	occurs_in(UBERON:0002979)
GO:0019904	protein domain specific binding	occurs_in(UBERON:0002979)
GO:0010996	response to auditory stimulus	occurs_in(UBERON:0003040)
GO:0010996	response to auditory stimulus	occurs_in(UBERON:0003040)
GO:0008283	cell proliferation	occurs_in(UBERON:0003051)
GO:0010467	gene expression	occurs_in(UBERON:0003051)
GO:0045944	positive regulation of transcription from RNA polymerase II promoter	occurs_in(UBERON:0003052
GO:0060997	dendritic spine morphogenesis	occurs_in(UBERON:0003053)
GO:0008285	negative regulation of cell proliferation	occurs_in(UBERON:0003053)
GO:0008284	positive regulation of cell proliferation	occurs_in(UBERON:0003053)
GO:0045176	apical protein localization	occurs_in(UBERON:0003059
GO:0090245	axis elongation involved in somitogenesis	occurs_in(UBERON:0003059)
GO:2000177	regulation of neural precursor cell proliferation	occurs_in(UBERON:0003065)
GO:0001895	retina homeostasis	occurs_in(UBERON:0003065)
GO:0090301	negative regulation of neural crest formation	occurs_in(UBERON:0003066)
GO:2000314	negative regulation of fibroblast growth factor receptor signaling pathway involved in neural plate anterior/posterior pattern formation	occurs_in(UBERON:0003066)
GO:0051491	positive regulation of filopodium assembly	occurs_in(UBERON:0003066)
GO:0061561	trigeminal ganglion formation	occurs_in(UBERON:0003070)
GO:0061563	trigeminal ganglion structural organization	occurs_in(UBERON:0003070)
GO:0010629	negative regulation of gene expression	occurs_in(UBERON:0003079
GO:0050679	positive regulation of epithelial cell proliferation	occurs_in(UBERON:0003082)
GO:0001755	neural crest cell migration	occurs_in(UBERON:0003089)
GO:0010628	positive regulation of gene expression	occurs_in(UBERON:0003089)
GO:0045596	negative regulation of cell differentiation	occurs_in(UBERON:0003089)
GO:1904706	negative regulation of vascular smooth muscle cell proliferation	occurs_in(UBERON:0003100
GO:0035278	miRNA mediated inhibition of translation	occurs_in(UBERON:0003100
GO:1904707	positive regulation of vascular smooth muscle cell proliferation	occurs_in(UBERON:0003100
GO:0008285	negative regulation of cell proliferation	occurs_in(UBERON:0003107)
GO:1903683	positive regulation of epithelial cell-cell adhesion involved in epithelium migration	occurs_in(UBERON:0003199)
GO:1903077	negative regulation of protein localization to plasma membrane	occurs_in(UBERON:0003199)
GO:1903387	positive regulation of homophilic cell adhesion	occurs_in(UBERON:0003199)
GO:2000365	negative regulation of STAT protein import into nucleus	occurs_in(UBERON:0003199)
GO:0046329	negative regulation of JNK cascade	occurs_in(UBERON:0003199)
GO:0010629	negative regulation of gene expression	occurs_in(UBERON:0003244)
GO:0050731	positive regulation of peptidyl-tyrosine phosphorylation	occurs_in(UBERON:0003244)
GO:0060416	response to growth hormone	occurs_in(UBERON:0003244)
GO:0010800	positive regulation of peptidyl-threonine phosphorylation	occurs_in(UBERON:0003244)
GO:1990418	response to insulin-like growth factor stimulus	occurs_in(UBERON:0003244)
GO:1904948	midbrain dopaminergic neuron differentiation	occurs_in(UBERON:0003307)
GO:0090270	regulation of fibroblast growth factor production	occurs_in(UBERON:0003372)
GO:0090270	regulation of fibroblast growth factor production	occurs_in(UBERON:0003372)
GO:0030509	BMP signaling pathway	occurs_in(UBERON:0003495
GO:0010628	positive regulation of gene expression	occurs_in(UBERON:0003495
GO:0010628	positive regulation of gene expression	occurs_in(UBERON:0003495
GO:0035195	gene silencing by miRNA	occurs_in(UBERON:0003495
GO:0035195	gene silencing by miRNA	occurs_in(UBERON:0003495
GO:0030514	negative regulation of BMP signaling pathway	occurs_in(UBERON:0003495)
GO:0071398	cellular response to fatty acid	occurs_in(UBERON:0003707)
GO:0042476	odontogenesis	occurs_in(UBERON:0003843
GO:0045944	positive regulation of transcription from RNA polymerase II promoter	occurs_in(UBERON:0003843
GO:0045944	positive regulation of transcription from RNA polymerase II promoter	occurs_in(UBERON:0003856
GO:0045944	positive regulation of transcription from RNA polymerase II promoter	occurs_in(UBERON:0003856
GO:1902430	negative regulation of beta-amyloid formation	occurs_in(UBERON:0003876)
GO:1902430	negative regulation of beta-amyloid formation	occurs_in(UBERON:0003876)
GO:0005515	protein binding	occurs_in(UBERON:0003881
GO:0043524	negative regulation of neuron apoptotic process	occurs_in(UBERON:0003881
GO:0043406	positive regulation of MAP kinase activity	occurs_in(UBERON:0003881
GO:0006882	cellular zinc ion homeostasis	occurs_in(UBERON:0003881)
GO:0043524	negative regulation of neuron apoptotic process	occurs_in(UBERON:0003881)
GO:2000310	regulation of N-methyl-D-aspartate selective glutamate receptor activity	occurs_in(UBERON:0003881)
GO:0048167	regulation of synaptic plasticity	occurs_in(UBERON:0003881)
GO:0007416	synapse assembly	occurs_in(UBERON:0003881)
GO:0060079	excitatory postsynaptic potential	occurs_in(UBERON:0003881)
GO:0048172	regulation of short-term neuronal synaptic plasticity	occurs_in(UBERON:0003881)
GO:0051966	regulation of synaptic transmission, glutamatergic	occurs_in(UBERON:0003881)
GO:0002931	response to ischemia	occurs_in(UBERON:0003881)
GO:0060025	regulation of synaptic activity	occurs_in(UBERON:0003881)
GO:0006829	zinc II ion transport	occurs_in(UBERON:0003881)
GO:1900271	regulation of long-term synaptic potentiation	occurs_in(UBERON:0003881)
GO:2000311	regulation of alpha-amino-3-hydroxy-5-methyl-4-isoxazole propionate selective glutamate receptor activity	occurs_in(UBERON:0003881)
GO:1903233	regulation of calcium ion-dependent exocytosis of neurotransmitter	occurs_in(UBERON:0003881)
GO:0060291	long-term synaptic potentiation	occurs_in(UBERON:0003881)
GO:0060292	long term synaptic depression	occurs_in(UBERON:0003881)
GO:0061001	regulation of dendritic spine morphogenesis	occurs_in(UBERON:0003881)
GO:2000331	regulation of terminal button organization	occurs_in(UBERON:0003881)
GO:1903364	positive regulation of cellular protein catabolic process	occurs_in(UBERON:0003883
GO:0097118	neuroligin clustering involved in postsynaptic membrane assembly	occurs_in(UBERON:0003883)
GO:0060079	excitatory postsynaptic potential	occurs_in(UBERON:0003883)
GO:0010628	positive regulation of gene expression	occurs_in(UBERON:0003917
GO:0051571	positive regulation of histone H3-K4 methylation	occurs_in(UBERON:0003917
GO:0045944	positive regulation of transcription from RNA polymerase II promoter	occurs_in(UBERON:0003930
GO:0010862	positive regulation of pathway-restricted SMAD protein phosphorylation	occurs_in(UBERON:0003930)
GO:0010862	positive regulation of pathway-restricted SMAD protein phosphorylation	occurs_in(UBERON:0003930)
GO:0010821	regulation of mitochondrion organization	occurs_in(UBERON:0003946
GO:1902882	regulation of response to oxidative stress	occurs_in(UBERON:0003946
GO:0010821	regulation of mitochondrion organization	occurs_in(UBERON:0003972
GO:1902882	regulation of response to oxidative stress	occurs_in(UBERON:0003972
GO:0045199	maintenance of epithelial cell apical/basal polarity	occurs_in(UBERON:0004022)
GO:0072657	protein localization to membrane	occurs_in(UBERON:0004057)
GO:0045600	positive regulation of fat cell differentiation	occurs_in(UBERON:0004088)
GO:0010628	positive regulation of gene expression	occurs_in(UBERON:0004124
GO:0010628	positive regulation of gene expression	occurs_in(UBERON:0004124
GO:0045944	positive regulation of transcription from RNA polymerase II promoter	occurs_in(UBERON:0004124)
GO:0045944	positive regulation of transcription from RNA polymerase II promoter	occurs_in(UBERON:0004124)
GO:0010628	positive regulation of gene expression	occurs_in(UBERON:0004125)
GO:0009408	response to heat	occurs_in(UBERON:0004125)
GO:0010628	positive regulation of gene expression	occurs_in(UBERON:0004125)
GO:0097254	renal tubular secretion	occurs_in(UBERON:0004134)
GO:0008514	organic anion transmembrane transporter activity	occurs_in(UBERON:0004134)
GO:0015711	organic anion transport	occurs_in(UBERON:0004134)
GO:0003203	endocardial cushion morphogenesis	occurs_in(UBERON:0004145
GO:0060394	negative regulation of pathway-restricted SMAD protein phosphorylation	occurs_in(UBERON:0004145)
GO:0003198	epithelial to mesenchymal transition involved in endocardial cushion formation	occurs_in(UBERON:0004145)
GO:0030279	negative regulation of ossification	occurs_in(UBERON:0004145)
GO:2001237	negative regulation of extrinsic apoptotic signaling pathway	occurs_in(UBERON:0004145)
GO:0055007	cardiac muscle cell differentiation	occurs_in(UBERON:0004145)
GO:0010628	positive regulation of gene expression	occurs_in(UBERON:0004160
GO:0045944	positive regulation of transcription from RNA polymerase II promoter	occurs_in(UBERON:0004160
GO:0090132	epithelium migration	occurs_in(UBERON:0004160)
GO:0045944	positive regulation of transcription from RNA polymerase II promoter	occurs_in(UBERON:0004160)
GO:0045944	positive regulation of transcription from RNA polymerase II promoter	occurs_in(UBERON:0004160)
GO:0003201	epithelial to mesenchymal transition involved in coronary vasculature morphogenesis	occurs_in(UBERON:0004160)
GO:0060421	positive regulation of heart growth	occurs_in(UBERON:0004160)
GO:0031646	positive regulation of neurological system process	occurs_in(UBERON:0004167
GO:0070374	positive regulation of ERK1 and ERK2 cascade	occurs_in(UBERON:0004167)
GO:0014829	vascular smooth muscle contraction	occurs_in(UBERON:0004178)
GO:0044557	relaxation of smooth muscle	occurs_in(UBERON:0004178)
GO:0030072	peptide hormone secretion	occurs_in(UBERON:0004180
GO:0044333	Wnt signaling pathway involved in digestive tract morphogenesis	occurs_in(UBERON:0004185
GO:2000057	negative regulation of Wnt signaling pathway involved in digestive tract morphogenesis	occurs_in(UBERON:0004185
GO:0051782	negative regulation of cell division	occurs_in(UBERON:0004185
GO:0051782	negative regulation of cell division	occurs_in(UBERON:0004185)
GO:0051781	positive regulation of cell division	occurs_in(UBERON:0004185)
GO:0004332	fructose-bisphosphate aldolase activity	occurs_in(UBERON:0004222)
GO:1900073	regulation of neuromuscular synaptic transmission	occurs_in(UBERON:0004230)
GO:0035195	gene silencing by miRNA	occurs_in(UBERON:0004237)
GO:0000122	negative regulation of transcription from RNA polymerase II promoter	occurs_in(UBERON:0004265)
GO:0045944	positive regulation of transcription from RNA polymerase II promoter	occurs_in(UBERON:0004265)
GO:0045944	positive regulation of transcription from RNA polymerase II promoter	occurs_in(UBERON:0004265)
GO:0045944	positive regulation of transcription from RNA polymerase II promoter	occurs_in(UBERON:0004265)
GO:0045944	positive regulation of transcription from RNA polymerase II promoter	occurs_in(UBERON:0004265)
GO:0050679	positive regulation of epithelial cell proliferation	occurs_in(UBERON:0004290
GO:0016477	cell migration	occurs_in(UBERON:0004290)
GO:0043589	skin morphogenesis	occurs_in(UBERON:0004290)
GO:0010629	negative regulation of gene expression	occurs_in(UBERON:0004290)
GO:0010628	positive regulation of gene expression	occurs_in(UBERON:0004290)
GO:0045165	cell fate commitment	occurs_in(UBERON:0004290)
GO:1902027	positive regulation of cartilage condensation	occurs_in(UBERON:0004290)
GO:0001837	epithelial to mesenchymal transition	occurs_in(UBERON:0004290)
GO:0010628	positive regulation of gene expression	occurs_in(UBERON:0004290)
GO:0032967	positive regulation of collagen biosynthetic process	occurs_in(UBERON:0004290)
GO:0010718	positive regulation of epithelial to mesenchymal transition	occurs_in(UBERON:0004341)
GO:0009949	polarity specification of anterior/posterior axis	occurs_in(UBERON:0004347)
GO:0090301	negative regulation of neural crest formation	occurs_in(UBERON:0004362
GO:2000314	negative regulation of fibroblast growth factor receptor signaling pathway involved in neural plate anterior/posterior pattern formation	occurs_in(UBERON:0004362
GO:0072659	protein localization to plasma membrane	occurs_in(UBERON:0004490
GO:1901019	regulation of calcium ion transmembrane transporter activity	occurs_in(UBERON:0004490)
GO:0045944	positive regulation of transcription from RNA polymerase II promoter	occurs_in(UBERON:0004537)
GO:0045944	positive regulation of transcription from RNA polymerase II promoter	occurs_in(UBERON:0004537)
GO:0060085	smooth muscle relaxation of the bladder outlet	occurs_in(UBERON:0004645)
GO:0019371	cyclooxygenase pathway	occurs_in(UBERON:0004645)
GO:2000504	positive regulation of blood vessel remodeling	occurs_in(UBERON:0004663)
GO:1904684	negative regulation of metalloendopeptidase activity	occurs_in(UBERON:0004663)
GO:1904685	positive regulation of metalloendopeptidase activity	occurs_in(UBERON:0004663)
GO:1904707	positive regulation of vascular smooth muscle cell proliferation	occurs_in(UBERON:0004663)
GO:0045944	positive regulation of transcription from RNA polymerase II promoter	occurs_in(UBERON:0004663)
GO:0045944	positive regulation of transcription from RNA polymerase II promoter	occurs_in(UBERON:0004663)
GO:1904685	positive regulation of metalloendopeptidase activity	occurs_in(UBERON:0004663)
GO:1904684	negative regulation of metalloendopeptidase activity	occurs_in(UBERON:0004663)
GO:0060982	coronary artery morphogenesis	occurs_in(UBERON:0004695)
GO:0047676	arachidonate-CoA ligase activity	occurs_in(UBERON:0004695)
GO:0003197	endocardial cushion development	occurs_in(UBERON:0004699)
GO:0045944	positive regulation of transcription from RNA polymerase II promoter	occurs_in(UBERON:0004703)
GO:0044212	transcription regulatory region DNA binding	occurs_in(UBERON:0004703)
GO:0072011	glomerular endothelium development	occurs_in(UBERON:0004736)
GO:0071333	cellular response to glucose stimulus	occurs_in(UBERON:0004736)
GO:0002862	negative regulation of inflammatory response to antigenic stimulus	occurs_in(UBERON:0004736)
GO:0045893	positive regulation of transcription, DNA-templated	occurs_in(UBERON:0004737)
GO:0045893	positive regulation of transcription, DNA-templated	occurs_in(UBERON:0004737)
GO:0001933	negative regulation of protein phosphorylation	occurs_in(UBERON:0004737)
GO:0035810	positive regulation of urine volume	occurs_in(UBERON:0004737)
GO:2000562	negative regulation of CD4-positive, alpha-beta T cell proliferation	occurs_in(UBERON:0004780
GO:0034103	regulation of tissue remodeling	occurs_in(UBERON:0004784
GO:0060045	positive regulation of cardiac muscle cell proliferation	occurs_in(UBERON:0004784
GO:0061561	trigeminal ganglion formation	occurs_in(UBERON:0005085
GO:0061563	trigeminal ganglion structural organization	occurs_in(UBERON:0005085
GO:0061042	vascular wound healing	occurs_in(UBERON:0005144
GO:0006703	estrogen biosynthetic process	occurs_in(UBERON:0005170
GO:0010629	negative regulation of gene expression	occurs_in(UBERON:0005170
GO:0070330	aromatase activity	occurs_in(UBERON:0005170
GO:0010628	positive regulation of gene expression	occurs_in(UBERON:0005170)
GO:0010629	negative regulation of gene expression	occurs_in(UBERON:0005170)
GO:0048536	spleen development	occurs_in(UBERON:0005196
GO:0030214	hyaluronan catabolic process	occurs_in(UBERON:0005270)
GO:0030213	hyaluronan biosynthetic process	occurs_in(UBERON:0005270)
GO:0070295	renal water absorption	occurs_in(UBERON:0005270)
GO:0033906	hyaluronoglucuronidase activity	occurs_in(UBERON:0005270)
GO:0050501	hyaluronan synthase activity	occurs_in(UBERON:0005270)
GO:0035810	positive regulation of urine volume	occurs_in(UBERON:0005270)
GO:0004511	tyrosine 3-monooxygenase activity	occurs_in(UBERON:0005290)
GO:0035195	gene silencing by miRNA	occurs_in(UBERON:0005291)
GO:0060271	cilium assembly	occurs_in(UBERON:0005310)
GO:0001525	angiogenesis	occurs_in(UBERON:0005335)
GO:0002548	monocyte chemotaxis	occurs_in(UBERON:0005335)
GO:0048246	macrophage chemotaxis	occurs_in(UBERON:0005335)
GO:0048247	lymphocyte chemotaxis	occurs_in(UBERON:0005335)
GO:0021852	pyramidal neuron migration	occurs_in(UBERON:0005343)
GO:0097159	organic cyclic compound binding	occurs_in(UBERON:0005383)
GO:0097159	organic cyclic compound binding	occurs_in(UBERON:0005383)
GO:0003356	regulation of cilium beat frequency	occurs_in(UBERON:0005384)
GO:0000977	RNA polymerase II regulatory region sequence-specific DNA binding	occurs_in(UBERON:0005391
GO:0010628	positive regulation of gene expression	occurs_in(UBERON:0005391
GO:0010628	positive regulation of gene expression	occurs_in(UBERON:0005391
GO:0000977	RNA polymerase II regulatory region sequence-specific DNA binding	occurs_in(UBERON:0005391)
GO:0061003	positive regulation of dendritic spine morphogenesis	occurs_in(UBERON:0005391)
GO:2000463	positive regulation of excitatory postsynaptic potential	occurs_in(UBERON:0005391)
GO:0010628	positive regulation of gene expression	occurs_in(UBERON:0005391)
GO:0050775	positive regulation of dendrite morphogenesis	occurs_in(UBERON:0005391)
GO:0051965	positive regulation of synapse assembly	occurs_in(UBERON:0005391)
GO:0000977	RNA polymerase II regulatory region sequence-specific DNA binding	occurs_in(UBERON:0005392
GO:0010628	positive regulation of gene expression	occurs_in(UBERON:0005392
GO:0010628	positive regulation of gene expression	occurs_in(UBERON:0005392
GO:0000977	RNA polymerase II regulatory region sequence-specific DNA binding	occurs_in(UBERON:0005392)
GO:0061003	positive regulation of dendritic spine morphogenesis	occurs_in(UBERON:0005392)
GO:2000463	positive regulation of excitatory postsynaptic potential	occurs_in(UBERON:0005392)
GO:0010628	positive regulation of gene expression	occurs_in(UBERON:0005392)
GO:0050775	positive regulation of dendrite morphogenesis	occurs_in(UBERON:0005392)
GO:0051965	positive regulation of synapse assembly	occurs_in(UBERON:0005392)
GO:0010628	positive regulation of gene expression	occurs_in(UBERON:0005396)
GO:0008285	negative regulation of cell proliferation	occurs_in(UBERON:0005396)
GO:1900239	regulation of phenotypic switching	occurs_in(UBERON:0005396)
GO:0045445	myoblast differentiation	occurs_in(UBERON:0005417
GO:0010628	positive regulation of gene expression	occurs_in(UBERON:0005417
GO:0035278	miRNA mediated inhibition of translation	occurs_in(UBERON:0005616
GO:1905658	negative regulation of relaxation of vascular smooth muscle	occurs_in(UBERON:0005616)
GO:1903817	negative regulation of voltage-gated potassium channel activity	occurs_in(UBERON:0005616)
GO:0003252	negative regulation of cell proliferation involved in heart valve morphogenesis	occurs_in(UBERON:0005623)
GO:0090270	regulation of fibroblast growth factor production	occurs_in(UBERON:0005730)
GO:0090270	regulation of fibroblast growth factor production	occurs_in(UBERON:0005730)
GO:0045944	positive regulation of transcription from RNA polymerase II promoter	occurs_in(UBERON:0005967)
GO:0045944	positive regulation of transcription from RNA polymerase II promoter	occurs_in(UBERON:0005967)
GO:0043066	negative regulation of apoptotic process	occurs_in(UBERON:0006012)
GO:0033554	cellular response to stress	occurs_in(UBERON:0006107)
GO:0030031	cell projection assembly	occurs_in(UBERON:0006215)
GO:0097485	neuron projection guidance	occurs_in(UBERON:0006215)
GO:0010629	negative regulation of gene expression	occurs_in(UBERON:0006296
GO:0010629	negative regulation of gene expression	occurs_in(UBERON:0006296
GO:0010629	negative regulation of gene expression	occurs_in(UBERON:0006296)
GO:0010629	negative regulation of gene expression	occurs_in(UBERON:0006296)
GO:0004190	aspartic-type endopeptidase activity	occurs_in(UBERON:0006530
GO:0051291	protein heterooligomerization	occurs_in(UBERON:0006530
GO:0051291	protein heterooligomerization	occurs_in(UBERON:0006530
GO:0002020	protease binding	occurs_in(UBERON:0006530)
GO:0050817	coagulation	occurs_in(UBERON:0006530)
GO:0050817	coagulation	occurs_in(UBERON:0006530)
GO:0002803	positive regulation of antibacterial peptide production	occurs_in(UBERON:0006530)
GO:0019731	antibacterial humoral response	occurs_in(UBERON:0006530)
GO:0005515	protein binding	occurs_in(UBERON:0006530)
GO:0032190	acrosin binding	occurs_in(UBERON:0006530)
GO:0071281	cellular response to iron ion	occurs_in(UBERON:0006534)
GO:0006879	cellular iron ion homeostasis	occurs_in(UBERON:0006534)
GO:0045907	positive regulation of vasoconstriction	occurs_in(UBERON:0006544)
GO:0045909	positive regulation of vasodilation	occurs_in(UBERON:0006544)
GO:0010614	negative regulation of cardiac muscle hypertrophy	occurs_in(UBERON:0006566)
GO:0071320	cellular response to cAMP	occurs_in(UBERON:0006680)
GO:0071872	cellular response to epinephrine stimulus	occurs_in(UBERON:0006680)
GO:0004115	3',5'-cyclic-AMP phosphodiesterase activity	occurs_in(UBERON:0006680)
GO:0097156	fasciculation of motor neuron axon	occurs_in(UBERON:0006838
GO:0008045	motor neuron axon guidance	occurs_in(UBERON:0006839
GO:0004300	enoyl-CoA hydratase activity	occurs_in(UBERON:0006907)
GO:0008443	phosphofructokinase activity	occurs_in(UBERON:0006907)
GO:0036440	citrate synthase activity	occurs_in(UBERON:0006907)
GO:0004465	lipoprotein lipase activity	occurs_in(UBERON:0006907)
GO:0004129	cytochrome-c oxidase activity	occurs_in(UBERON:0006907)
GO:0004396	hexokinase activity	occurs_in(UBERON:0006908
GO:0004300	enoyl-CoA hydratase activity	occurs_in(UBERON:0006908)
GO:0031448	positive regulation of fast-twitch skeletal muscle fiber contraction	occurs_in(UBERON:0006908)
GO:0032496	response to lipopolysaccharide	occurs_in(UBERON:0006908)
GO:0008443	phosphofructokinase activity	occurs_in(UBERON:0006908)
GO:1901078	negative regulation of relaxation of muscle	occurs_in(UBERON:0006908)
GO:0036440	citrate synthase activity	occurs_in(UBERON:0006908)
GO:0014858	positive regulation of skeletal muscle cell proliferation	occurs_in(UBERON:0006908)
GO:1902811	positive regulation of skeletal muscle fiber differentiation	occurs_in(UBERON:0006908)
GO:0090324	negative regulation of oxidative phosphorylation	occurs_in(UBERON:0006908)
GO:0004340	glucokinase activity	occurs_in(UBERON:0006908)
GO:0004340	glucokinase activity	occurs_in(UBERON:0006908)
GO:0004465	lipoprotein lipase activity	occurs_in(UBERON:0006908)
GO:0004129	cytochrome-c oxidase activity	occurs_in(UBERON:0006908)
GO:0048839	inner ear development	occurs_in(UBERON:0006937
GO:0051461	positive regulation of corticotropin secretion	occurs_in(UBERON:0006964)
GO:0060978	angiogenesis involved in coronary vascular morphogenesis	occurs_in(UBERON:0006966)
GO:0070374	positive regulation of ERK1 and ERK2 cascade	occurs_in(UBERON:0007023
GO:0035278	miRNA mediated inhibition of translation	occurs_in(UBERON:0007023
GO:0010613	positive regulation of cardiac muscle hypertrophy	occurs_in(UBERON:0007023
GO:0032463	negative regulation of protein homooligomerization	occurs_in(UBERON:0007023
GO:1905205	positive regulation of connective tissue replacement	occurs_in(UBERON:0007023
GO:1900745	positive regulation of p38MAPK cascade	occurs_in(UBERON:0007023
GO:0010667	negative regulation of cardiac muscle cell apoptotic process	occurs_in(UBERON:0007023)
GO:0043395	heparan sulfate proteoglycan binding	occurs_in(UBERON:0007023)
GO:0051897	positive regulation of protein kinase B signaling	occurs_in(UBERON:0007023)
GO:0039656	modulation by virus of host gene expression	occurs_in(UBERON:0007023)
GO:0039656	modulation by virus of host gene expression	occurs_in(UBERON:0007023)
GO:0010667	negative regulation of cardiac muscle cell apoptotic process	occurs_in(UBERON:0007023)
GO:0051897	positive regulation of protein kinase B signaling	occurs_in(UBERON:0007023)
GO:1903243	negative regulation of cardiac muscle hypertrophy in response to stress	occurs_in(UBERON:0007023)
GO:0010628	positive regulation of gene expression	occurs_in(UBERON:0007023)
GO:0044325	ion channel binding	occurs_in(UBERON:0007023)
GO:0035457	cellular response to interferon-alpha	occurs_in(UBERON:0007132
GO:0071345	cellular response to cytokine stimulus	occurs_in(UBERON:0007132
GO:0009743	response to carbohydrate	occurs_in(UBERON:0007132
GO:0004517	nitric-oxide synthase activity	occurs_in(UBERON:0007132
GO:0071222	cellular response to lipopolysaccharide	occurs_in(UBERON:0007132
GO:0033365	protein localization to organelle	occurs_in(UBERON:0007132
GO:0071615	oxidative deethylation	occurs_in(UBERON:0007132
GO:0008228	opsonization	occurs_in(UBERON:0007132
GO:0002679	respiratory burst involved in defense response	occurs_in(UBERON:0007132
GO:0006911	phagocytosis, engulfment	occurs_in(UBERON:0007132
GO:0003796	lysozyme activity	occurs_in(UBERON:0007132
GO:0071346	cellular response to interferon-gamma	occurs_in(UBERON:0007132
GO:0003677	DNA binding	occurs_in(UBERON:0007132
GO:0010628	positive regulation of gene expression	occurs_in(UBERON:0007132
GO:0010628	positive regulation of gene expression	occurs_in(UBERON:0007132
GO:0010628	positive regulation of gene expression	occurs_in(UBERON:0007132
GO:0050766	positive regulation of phagocytosis	occurs_in(UBERON:0007132
GO:0032496	response to lipopolysaccharide	occurs_in(UBERON:0007132
GO:0071346	cellular response to interferon-gamma	occurs_in(UBERON:0007132
GO:0003677	DNA binding	occurs_in(UBERON:0007132
GO:1903592	positive regulation of lysozyme activity	occurs_in(UBERON:0007132
GO:0010628	positive regulation of gene expression	occurs_in(UBERON:0007132
GO:0060267	positive regulation of respiratory burst	occurs_in(UBERON:0007132
GO:0032930	positive regulation of superoxide anion generation	occurs_in(UBERON:0007132
GO:0071346	cellular response to interferon-gamma	occurs_in(UBERON:0007132)
GO:0010629	negative regulation of gene expression	occurs_in(UBERON:0007132)
GO:0050829	defense response to Gram-negative bacterium	occurs_in(UBERON:0007132)
GO:0010628	positive regulation of gene expression	occurs_in(UBERON:0007132)
GO:0010628	positive regulation of gene expression	occurs_in(UBERON:0007132)
GO:0035457	cellular response to interferon-alpha	occurs_in(UBERON:0007132)
GO:0045919	positive regulation of cytolysis	occurs_in(UBERON:0007132)
GO:0010628	positive regulation of gene expression	occurs_in(UBERON:0007132)
GO:0071222	cellular response to lipopolysaccharide	occurs_in(UBERON:0007132)
GO:0060267	positive regulation of respiratory burst	occurs_in(UBERON:0007132)
GO:0010628	positive regulation of gene expression	occurs_in(UBERON:0007132)
GO:1904972	negative regulation of viral translation	occurs_in(UBERON:0007132)
GO:0003677	DNA binding	occurs_in(UBERON:0007132)
GO:0010628	positive regulation of gene expression	occurs_in(UBERON:0007132)
GO:0045806	negative regulation of endocytosis	occurs_in(UBERON:0007132)
GO:1903901	negative regulation of viral life cycle	occurs_in(UBERON:0007132)
GO:0010759	positive regulation of macrophage chemotaxis	occurs_in(UBERON:0007177
GO:2000508	regulation of dendritic cell chemotaxis	occurs_in(UBERON:0007177
GO:0045944	positive regulation of transcription from RNA polymerase II promoter	occurs_in(UBERON:0007221
GO:0045944	positive regulation of transcription from RNA polymerase II promoter	occurs_in(UBERON:0007221
GO:0010613	positive regulation of cardiac muscle hypertrophy	occurs_in(UBERON:0007221
GO:0035195	gene silencing by miRNA	occurs_in(UBERON:0007221
GO:0035195	gene silencing by miRNA	occurs_in(UBERON:0007221
GO:0010666	positive regulation of cardiac muscle cell apoptotic process	occurs_in(UBERON:0007221
GO:0035195	gene silencing by miRNA	occurs_in(UBERON:0007221
GO:0039656	modulation by virus of host gene expression	occurs_in(UBERON:0007221
GO:0039656	modulation by virus of host gene expression	occurs_in(UBERON:0007221
GO:0035195	gene silencing by miRNA	occurs_in(UBERON:0007221
GO:0035195	gene silencing by miRNA	occurs_in(UBERON:0007221
GO:0035195	gene silencing by miRNA	occurs_in(UBERON:0007221
GO:0035195	gene silencing by miRNA	occurs_in(UBERON:0007221
GO:0010666	positive regulation of cardiac muscle cell apoptotic process	occurs_in(UBERON:0007221
GO:0035195	gene silencing by miRNA	occurs_in(UBERON:0007221
GO:0010614	negative regulation of cardiac muscle hypertrophy	occurs_in(UBERON:0007221
GO:0010667	negative regulation of cardiac muscle cell apoptotic process	occurs_in(UBERON:0007221
GO:0051091	positive regulation of sequence-specific DNA binding transcription factor activity	occurs_in(UBERON:0007221
GO:0035195	gene silencing by miRNA	occurs_in(UBERON:0007221)
GO:1901300	positive regulation of hydrogen peroxide-mediated programmed cell death	occurs_in(UBERON:0007221)
GO:0010629	negative regulation of gene expression	occurs_in(UBERON:0007221)
GO:0010629	negative regulation of gene expression	occurs_in(UBERON:0007221)
GO:0071456	cellular response to hypoxia	occurs_in(UBERON:0007221)
GO:0061051	positive regulation of cell growth involved in cardiac muscle cell development	occurs_in(UBERON:0007221)
GO:0060045	positive regulation of cardiac muscle cell proliferation	occurs_in(UBERON:0007221)
GO:0035195	gene silencing by miRNA	occurs_in(UBERON:0007221)
GO:0045893	positive regulation of transcription, DNA-templated	occurs_in(UBERON:0007221)
GO:1900826	negative regulation of membrane depolarization during cardiac muscle cell action potential	occurs_in(UBERON:0007221)
GO:0010613	positive regulation of cardiac muscle hypertrophy	occurs_in(UBERON:0007221)
GO:0035195	gene silencing by miRNA	occurs_in(UBERON:0007221)
GO:0035195	gene silencing by miRNA	occurs_in(UBERON:0007221)
GO:0042347	negative regulation of NF-kappaB import into nucleus	occurs_in(UBERON:0007221)
GO:1903427	negative regulation of reactive oxygen species biosynthetic process	occurs_in(UBERON:0007221)
GO:0060299	negative regulation of sarcomere organization	occurs_in(UBERON:0007221)
GO:0035195	gene silencing by miRNA	occurs_in(UBERON:0007221)
GO:0035195	gene silencing by miRNA	occurs_in(UBERON:0007221)
GO:0010667	negative regulation of cardiac muscle cell apoptotic process	occurs_in(UBERON:0007221)
GO:0045893	positive regulation of transcription, DNA-templated	occurs_in(UBERON:0007221)
GO:0035995	detection of muscle stretch	occurs_in(UBERON:0007221)
GO:0035195	gene silencing by miRNA	occurs_in(UBERON:0007221)
GO:0010455	positive regulation of cell fate commitment	occurs_in(UBERON:0007221)
GO:0010667	negative regulation of cardiac muscle cell apoptotic process	occurs_in(UBERON:0007221)
GO:0010455	positive regulation of cell fate commitment	occurs_in(UBERON:0007221)
GO:0010629	negative regulation of gene expression	occurs_in(UBERON:0007221)
GO:0035195	gene silencing by miRNA	occurs_in(UBERON:0007221)
GO:0010629	negative regulation of gene expression	occurs_in(UBERON:0007221)
GO:0010614	negative regulation of cardiac muscle hypertrophy	occurs_in(UBERON:0007221)
GO:1900165	negative regulation of interleukin-6 secretion	occurs_in(UBERON:0007221)
GO:0035195	gene silencing by miRNA	occurs_in(UBERON:0007221)
GO:1901299	negative regulation of hydrogen peroxide-mediated programmed cell death	occurs_in(UBERON:0007221)
GO:0038166	angiotensin-activated signaling pathway	occurs_in(UBERON:0007221)
GO:0050713	negative regulation of interleukin-1 beta secretion	occurs_in(UBERON:0007221)
GO:0010629	negative regulation of gene expression	occurs_in(UBERON:0007221)
GO:0010629	negative regulation of gene expression	occurs_in(UBERON:0007221)
GO:0035195	gene silencing by miRNA	occurs_in(UBERON:0007221)
GO:0035195	gene silencing by miRNA	occurs_in(UBERON:0007221)
GO:0055022	negative regulation of cardiac muscle tissue growth	occurs_in(UBERON:0007221)
GO:0035195	gene silencing by miRNA	occurs_in(UBERON:0007222
GO:1902461	negative regulation of mesenchymal stem cell proliferation	occurs_in(UBERON:0007222
GO:0010628	positive regulation of gene expression	occurs_in(UBERON:0007222
GO:0035195	gene silencing by miRNA	occurs_in(UBERON:0007222
GO:0010628	positive regulation of gene expression	occurs_in(UBERON:0007222
GO:0010629	negative regulation of gene expression	occurs_in(UBERON:0007222
GO:0032211	negative regulation of telomere maintenance via telomerase	occurs_in(UBERON:0007222)
GO:2000774	positive regulation of cellular senescence	occurs_in(UBERON:0007222)
GO:0043065	positive regulation of apoptotic process	occurs_in(UBERON:0007222)
GO:0051897	positive regulation of protein kinase B signaling	occurs_in(UBERON:0007318
GO:0014068	positive regulation of phosphatidylinositol 3-kinase signaling	occurs_in(UBERON:0007318)
GO:0035655	interleukin-18-mediated signaling pathway	occurs_in(UBERON:0007318)
GO:0048661	positive regulation of smooth muscle cell proliferation	occurs_in(UBERON:0007318)
GO:0014065	phosphatidylinositol 3-kinase signaling	occurs_in(UBERON:0007318)
GO:0032148	activation of protein kinase B activity	occurs_in(UBERON:0007318)
GO:0046959	habituation	occurs_in(UBERON:0007334
GO:0010996	response to auditory stimulus	occurs_in(UBERON:0007334
GO:0010996	response to auditory stimulus	occurs_in(UBERON:0007334)
GO:1903295	negative regulation of glutamate secretion, neurotransmission	occurs_in(UBERON:0007334)
GO:0010996	response to auditory stimulus	occurs_in(UBERON:0007334)
GO:0050910	detection of mechanical stimulus involved in sensory perception of sound	occurs_in(UBERON:0007334)
GO:0010996	response to auditory stimulus	occurs_in(UBERON:0007334)
GO:0010996	response to auditory stimulus	occurs_in(UBERON:0007334)
GO:0061743	motor learning	occurs_in(UBERON:0007334)
GO:0032355	response to estradiol	occurs_in(UBERON:0007334)
GO:0010996	response to auditory stimulus	occurs_in(UBERON:0007349)
GO:0010996	response to auditory stimulus	occurs_in(UBERON:0007350
GO:0032355	response to estradiol	occurs_in(UBERON:0007350
GO:0009888	tissue development	occurs_in(UBERON:0007350)
GO:0008284	positive regulation of cell proliferation	occurs_in(UBERON:0007350)
GO:0071394	cellular response to testosterone stimulus	occurs_in(UBERON:0007350)
GO:0007420	brain development	occurs_in(UBERON:0007350)
GO:0005319	lipid transporter activity	occurs_in(UBERON:0007376
GO:0006869	lipid transport	occurs_in(UBERON:0007376
GO:0034040	lipid-transporting ATPase activity	occurs_in(UBERON:0007376
GO:0045055	regulated exocytosis	occurs_in(UBERON:0007376
GO:0097497	blood vessel endothelial cell delamination	occurs_in(UBERON:0007777)
GO:0010628	positive regulation of gene expression	occurs_in(UBERON:0007808
GO:0010629	negative regulation of gene expression	occurs_in(UBERON:0007808
GO:0010629	negative regulation of gene expression	occurs_in(UBERON:0007808)
GO:0010629	negative regulation of gene expression	occurs_in(UBERON:0007808)
GO:0010628	positive regulation of gene expression	occurs_in(UBERON:0007808)
GO:0035195	gene silencing by miRNA	occurs_in(UBERON:0008266
GO:0035195	gene silencing by miRNA	occurs_in(UBERON:0008266
GO:0035195	gene silencing by miRNA	occurs_in(UBERON:0008266
GO:0045944	positive regulation of transcription from RNA polymerase II promoter	occurs_in(UBERON:0008281
GO:0045944	positive regulation of transcription from RNA polymerase II promoter	occurs_in(UBERON:0008281
GO:0045944	positive regulation of transcription from RNA polymerase II promoter	occurs_in(UBERON:0008281
GO:0000122	negative regulation of transcription from RNA polymerase II promoter	occurs_in(UBERON:0008281
GO:0000122	negative regulation of transcription from RNA polymerase II promoter	occurs_in(UBERON:0008281
GO:0000122	negative regulation of transcription from RNA polymerase II promoter	occurs_in(UBERON:0008281
GO:0005198	structural molecule activity	occurs_in(UBERON:0008288)
GO:0006915	apoptotic process	occurs_in(UBERON:0008288)
GO:1905007	positive regulation of epithelial to mesenchymal transition involved in endocardial cushion formation	occurs_in(UBERON:0008307)
GO:0001947	heart looping	occurs_in(UBERON:0008307)
GO:0045907	positive regulation of vasoconstriction	occurs_in(UBERON:0008488)
GO:0060080	inhibitory postsynaptic potential	occurs_in(UBERON:0008930)
GO:0051412	response to corticosterone	occurs_in(UBERON:0008944)
GO:0010628	positive regulation of gene expression	occurs_in(UBERON:0008975)
GO:0043066	negative regulation of apoptotic process	occurs_in(UBERON:0008975)
GO:0048747	muscle fiber development	occurs_in(UBERON:0009074)
GO:0005391	sodium:potassium-exchanging ATPase activity	occurs_in(UBERON:0009120
GO:1903407	negative regulation of sodium:potassium-exchanging ATPase activity	occurs_in(UBERON:0009120
GO:0046688	response to copper ion	occurs_in(UBERON:0009120
GO:0008511	sodium:potassium:chloride symporter activity	occurs_in(UBERON:0009120
GO:1903407	negative regulation of sodium:potassium-exchanging ATPase activity	occurs_in(UBERON:0009120
GO:0004517	nitric-oxide synthase activity	occurs_in(UBERON:0009120
GO:0004517	nitric-oxide synthase activity	occurs_in(UBERON:0009120
GO:0042538	hyperosmotic salinity response	occurs_in(UBERON:0009120
GO:0048703	embryonic viscerocranium morphogenesis	occurs_in(UBERON:0009526)
GO:1903929	primary palate development	occurs_in(UBERON:0009526)
GO:0008285	negative regulation of cell proliferation	occurs_in(UBERON:0009526)
GO:0060325	face morphogenesis	occurs_in(UBERON:0009526)
GO:0090090	negative regulation of canonical Wnt signaling pathway	occurs_in(UBERON:0009526)
GO:0060071	Wnt signaling pathway, planar cell polarity pathway	occurs_in(UBERON:0009526)
GO:0042056	chemoattractant activity	occurs_in(UBERON:0009526)
GO:0010628	positive regulation of gene expression	occurs_in(UBERON:0009526)
GO:0051895	negative regulation of focal adhesion assembly	occurs_in(UBERON:0009749
GO:0004222	metalloendopeptidase activity	occurs_in(UBERON:0009749
GO:0010468	regulation of gene expression	occurs_in(UBERON:0009881)
GO:0000122	negative regulation of transcription from RNA polymerase II promoter	occurs_in(UBERON:0009889)
GO:0042030	ATPase inhibitor activity	occurs_in(UBERON:0009953
GO:1903407	negative regulation of sodium:potassium-exchanging ATPase activity	occurs_in(UBERON:0009953
GO:0042742	defense response to bacterium	occurs_in(UBERON:0010152)
GO:0010629	negative regulation of gene expression	occurs_in(UBERON:0010172)
GO:0008283	cell proliferation	occurs_in(UBERON:0010312)
GO:0030154	cell differentiation	occurs_in(UBERON:0010312)
GO:0010694	positive regulation of alkaline phosphatase activity	occurs_in(UBERON:0010328)
GO:0001649	osteoblast differentiation	occurs_in(UBERON:0010328)
GO:0002062	chondrocyte differentiation	occurs_in(UBERON:0010328)
GO:0071774	response to fibroblast growth factor	occurs_in(UBERON:0010328)
GO:0045445	myoblast differentiation	occurs_in(UBERON:0010328)
GO:0032331	negative regulation of chondrocyte differentiation	occurs_in(UBERON:0010328)
GO:0000122	negative regulation of transcription from RNA polymerase II promoter	occurs_in(UBERON:0010412
GO:1903408	positive regulation of sodium:potassium-exchanging ATPase activity	occurs_in(UBERON:0011150)
GO:0004396	hexokinase activity	occurs_in(UBERON:0011150)
GO:0042538	hyperosmotic salinity response	occurs_in(UBERON:0011150)
GO:0060416	response to growth hormone	occurs_in(UBERON:0011150)
GO:0005391	sodium:potassium-exchanging ATPase activity	occurs_in(UBERON:0011150)
GO:0060416	response to growth hormone	occurs_in(UBERON:0011150)
GO:0097155	fasciculation of sensory neuron axon	occurs_in(UBERON:0011191)
GO:0030274	LIM domain binding	occurs_in(UBERON:0011903)
GO:0031034	myosin filament assembly	occurs_in(UBERON:0011903)
GO:0042493	response to drug	occurs_in(UBERON:0011903)
GO:0016887	ATPase activity	occurs_in(UBERON:0011903)
GO:0051152	positive regulation of smooth muscle cell differentiation	occurs_in(UBERON:0011903)
GO:0051393	alpha-actinin binding	occurs_in(UBERON:0011903)
GO:0000146	microfilament motor activity	occurs_in(UBERON:0012101
GO:0003009	skeletal muscle contraction	occurs_in(UBERON:0012101
GO:0016887	ATPase activity	occurs_in(UBERON:0012101
GO:0051015	actin filament binding	occurs_in(UBERON:0012101
GO:0032027	myosin light chain binding	occurs_in(UBERON:0012101
GO:0030049	muscle filament sliding	occurs_in(UBERON:0012101
GO:0010628	positive regulation of gene expression	occurs_in(UBERON:0013516
GO:0010629	negative regulation of gene expression	occurs_in(UBERON:0013516
GO:0043066	negative regulation of apoptotic process	occurs_in(UBERON:0013516
GO:0097153	cysteine-type endopeptidase activity involved in apoptotic process	occurs_in(UBERON:0013516)
GO:0043066	negative regulation of apoptotic process	occurs_in(UBERON:0013519
GO:0010629	negative regulation of gene expression	occurs_in(UBERON:0013519)
GO:0035461	vitamin transmembrane transport	occurs_in(UBERON:0013694)
GO:0070508	cholesterol import	occurs_in(UBERON:0013694)
GO:0070506	high-density lipoprotein particle receptor activity	occurs_in(UBERON:0013694)
GO:0097084	vascular smooth muscle cell development	occurs_in(UBERON:0013768)
GO:0032269	negative regulation of cellular protein metabolic process	occurs_in(UBERON:0014169
GO:2000324	positive regulation of glucocorticoid receptor signaling pathway	occurs_in(UBERON:0014454)
GO:0016081	synaptic vesicle docking	occurs_in(UBERON:0014554)
GO:0048843	negative regulation of axon extension involved in axon guidance	occurs_in(UBERON:0014775)
GO:0070050	neuron cellular homeostasis	occurs_in(UBERON:0016634)
GO:0009888	tissue development	occurs_in(UBERON:0016855)
GO:0030514	negative regulation of BMP signaling pathway	occurs_in(UBERON:0016855)
GO:0002903	negative regulation of B cell apoptotic process	occurs_in(UBERON:0018241
GO:0002903	negative regulation of B cell apoptotic process	occurs_in(UBERON:0018241
GO:0001782	B cell homeostasis	occurs_in(UBERON:0018241)
GO:0001782	B cell homeostasis	occurs_in(UBERON:0018241)
GO:0010455	positive regulation of cell fate commitment	occurs_in(UBERON:0018241)
GO:0010455	positive regulation of cell fate commitment	occurs_in(UBERON:0018241)
GO:0005515	protein binding	occurs_in(UBERON:0035014
GO:1903295	negative regulation of glutamate secretion, neurotransmission	occurs_in(UBERON:0035785
GO:0016049	cell growth	occurs_in(UBERON:0035785)
GO:0010996	response to auditory stimulus	occurs_in(UBERON:0035785)
GO:0060997	dendritic spine morphogenesis	occurs_in(UBERON:0035785)
GO:0010996	response to auditory stimulus	occurs_in(UBERON:0035785)
GO:0071394	cellular response to testosterone stimulus	occurs_in(UBERON:0035785)
GO:0010996	response to auditory stimulus	occurs_in(UBERON:0035785)
GO:0032355	response to estradiol	occurs_in(UBERON:0035785)
GO:1904456	negative regulation of neuronal action potential	occurs_in(UBERON:0035807
GO:1904457	positive regulation of neuronal action potential	occurs_in(UBERON:0035807
GO:0008066	glutamate receptor activity	occurs_in(UBERON:0035807
GO:0060997	dendritic spine morphogenesis	occurs_in(UBERON:0035807
GO:0090394	negative regulation of excitatory postsynaptic potential	occurs_in(UBERON:0035807
GO:0004949	cannabinoid receptor activity	occurs_in(UBERON:0035807
GO:1903351	cellular response to dopamine	occurs_in(UBERON:0035807
GO:0090394	negative regulation of excitatory postsynaptic potential	occurs_in(UBERON:0035807
GO:0010628	positive regulation of gene expression	occurs_in(UBERON:0035807
GO:0071625	vocalization behavior	occurs_in(UBERON:0035807)
GO:0031915	positive regulation of synaptic plasticity	occurs_in(UBERON:0035807)
GO:0060997	dendritic spine morphogenesis	occurs_in(UBERON:0035807)
GO:0042297	vocal learning	occurs_in(UBERON:0035807)
GO:0051966	regulation of synaptic transmission, glutamatergic	occurs_in(UBERON:0035807)
GO:0035176	social behavior	occurs_in(UBERON:0035807)
GO:0007420	brain development	occurs_in(UBERON:0035807)
GO:1900454	positive regulation of long term synaptic depression	occurs_in(UBERON:0035807)
GO:0098583	learned vocalization behavior	occurs_in(UBERON:0035807)
GO:0099605	regulation of action potential firing rate	occurs_in(UBERON:0035808
GO:0010996	response to auditory stimulus	occurs_in(UBERON:0035808)
GO:0045944	positive regulation of transcription from RNA polymerase II promoter	occurs_in(UBERON:0036067
GO:0045944	positive regulation of transcription from RNA polymerase II promoter	occurs_in(UBERON:0036067
GO:0060087	relaxation of vascular smooth muscle	occurs_in(UBERON:2000202)
GO:1903407	negative regulation of sodium:potassium-exchanging ATPase activity	occurs_in(UBERON:2000211
GO:0004517	nitric-oxide synthase activity	occurs_in(UBERON:2000211
GO:0005391	sodium:potassium-exchanging ATPase activity	occurs_in(UBERON:2000211)
GO:0046688	response to copper ion	occurs_in(UBERON:2000211)
GO:0008511	sodium:potassium:chloride symporter activity	occurs_in(UBERON:2000211)
GO:0042538	hyperosmotic salinity response	occurs_in(UBERON:2000211)
GO:0042327	positive regulation of phosphorylation	occurs_in(UBERON:2000581)
GO:0045987	positive regulation of smooth muscle contraction	occurs_in(UBERON:3010524
GO:0008543	fibroblast growth factor receptor signaling pathway	occurs_in(UBERON:4000164)
GO:0008284	positive regulation of cell proliferation	occurs_in(UBERON:4000164)
GO:0050807	regulation of synapse organization	occurs_in(UBERON:6003624
GO:2000010	positive regulation of protein localization to cell surface	occurs_in(WBbt:0003679
GO:0014057	positive regulation of acetylcholine secretion, neurotransmission	occurs_in(WBbt:0003679
GO:2000010	positive regulation of protein localization to cell surface	occurs_in(WBbt:0003679
GO:0005515	protein binding	occurs_in(WBbt:0003679)
GO:0090325	regulation of locomotion involved in locomotory behavior	occurs_in(WBbt:0003679)
GO:0000122	negative regulation of transcription from RNA polymerase II promoter	occurs_in(WBbt:0003679)
GO:0045944	positive regulation of transcription from RNA polymerase II promoter	occurs_in(WBbt:0003679)
GO:0017137	Rab GTPase binding	occurs_in(WBbt:0003679)
GO:0045944	positive regulation of transcription from RNA polymerase II promoter	occurs_in(WBbt:0003681)
GO:1904081	positive regulation of transcription from RNA polymerase II promoter involved in neuron differentiation	occurs_in(WBbt:0003843)
GO:0097376	interneuron axon guidance	occurs_in(WBbt:0003845
GO:0097376	interneuron axon guidance	occurs_in(WBbt:0003850
GO:0050927	positive regulation of positive chemotaxis	occurs_in(WBbt:0003903)
GO:0050920	regulation of chemotaxis	occurs_in(WBbt:0003903)
GO:0035864	response to potassium ion	occurs_in(WBbt:0003903)
GO:1902074	response to salt	occurs_in(WBbt:0003903)
GO:0010035	response to inorganic substance	occurs_in(WBbt:0003903)
GO:0010035	response to inorganic substance	occurs_in(WBbt:0003903)
GO:0010035	response to inorganic substance	occurs_in(WBbt:0003903)
GO:0007635	chemosensory behavior	occurs_in(WBbt:0003903)
GO:0050850	positive regulation of calcium-mediated signaling	occurs_in(WBbt:0003903)
GO:0050850	positive regulation of calcium-mediated signaling	occurs_in(WBbt:0003903)
GO:0050850	positive regulation of calcium-mediated signaling	occurs_in(WBbt:0003903)
GO:0050850	positive regulation of calcium-mediated signaling	occurs_in(WBbt:0003903)
GO:0050850	positive regulation of calcium-mediated signaling	occurs_in(WBbt:0003904
GO:0050850	positive regulation of calcium-mediated signaling	occurs_in(WBbt:0003904
GO:0050850	positive regulation of calcium-mediated signaling	occurs_in(WBbt:0003904
GO:0050850	positive regulation of calcium-mediated signaling	occurs_in(WBbt:0003904
GO:0007635	chemosensory behavior	occurs_in(WBbt:0003904)
GO:0010446	response to alkaline pH	occurs_in(WBbt:0003904)
GO:0050850	positive regulation of calcium-mediated signaling	occurs_in(WBbt:0003904)
GO:0050850	positive regulation of calcium-mediated signaling	occurs_in(WBbt:0003904)
GO:0006935	chemotaxis	occurs_in(WBbt:0003904)
GO:0042803	protein homodimerization activity	occurs_in(WBbt:0003904)
GO:0019722	calcium-mediated signaling	occurs_in(WBbt:0003904)
GO:0010035	response to inorganic substance	occurs_in(WBbt:0003904)
GO:1902463	protein localization to cell leading edge	occurs_in(WBbt:0003927
GO:0001764	neuron migration	occurs_in(WBbt:0003927)
GO:0097402	neuroblast migration	occurs_in(WBbt:0003927)
GO:0010975	regulation of neuron projection development	occurs_in(WBbt:0003938)
GO:0097402	neuroblast migration	occurs_in(WBbt:0004054)
GO:0001764	neuron migration	occurs_in(WBbt:0004054)
GO:0097402	neuroblast migration	occurs_in(WBbt:0004056)
GO:0097402	neuroblast migration	occurs_in(WBbt:0004056)
GO:0001764	neuron migration	occurs_in(WBbt:0004056)
GO:0097376	interneuron axon guidance	occurs_in(WBbt:0004074
GO:0097376	interneuron axon guidance	occurs_in(WBbt:0004076)
GO:0097376	interneuron axon guidance	occurs_in(WBbt:0004078
GO:0097376	interneuron axon guidance	occurs_in(WBbt:0004078)
GO:0097376	interneuron axon guidance	occurs_in(WBbt:0004082
GO:1902160	negative regulation of cyclic nucleotide-gated ion channel activity	occurs_in(WBbt:0004096
GO:0051343	positive regulation of cyclic-nucleotide phosphodiesterase activity	occurs_in(WBbt:0004096
GO:0046069	cGMP catabolic process	occurs_in(WBbt:0004096)
GO:1902160	negative regulation of cyclic nucleotide-gated ion channel activity	occurs_in(WBbt:0004096)
GO:0019934	cGMP-mediated signaling	occurs_in(WBbt:0004096)
GO:0010753	positive regulation of cGMP-mediated signaling	occurs_in(WBbt:0004096)
GO:0001764	neuron migration	occurs_in(WBbt:0004096)
GO:0097402	neuroblast migration	occurs_in(WBbt:0004096)
GO:0010754	negative regulation of cGMP-mediated signaling	occurs_in(WBbt:0004096)
GO:0070482	response to oxygen levels	occurs_in(WBbt:0004096)
GO:0045807	positive regulation of endocytosis	occurs_in(WBbt:0004145
GO:1903863	P granule assembly	occurs_in(WBbt:0004421)
GO:0030866	cortical actin cytoskeleton organization	occurs_in(WBbt:0004422)
GO:0051661	maintenance of centrosome location	occurs_in(WBbt:0004422)
GO:1903864	P granule disassembly	occurs_in(WBbt:0004422)
GO:0008595	anterior/posterior axis specification, embryo	occurs_in(WBbt:0004422)
GO:1903863	P granule assembly	occurs_in(WBbt:0004422)
GO:0014019	neuroblast development	occurs_in(WBbt:0004467)
GO:0043065	positive regulation of apoptotic process	occurs_in(WBbt:0004467)
GO:0045944	positive regulation of transcription from RNA polymerase II promoter	occurs_in(WBbt:0004467)
GO:0043065	positive regulation of apoptotic process	occurs_in(WBbt:0004512)
GO:0043065	positive regulation of apoptotic process	occurs_in(WBbt:0004513
GO:0071850	mitotic cell cycle arrest	occurs_in(WBbt:0004522
GO:0071158	positive regulation of cell cycle arrest	occurs_in(WBbt:0004522
GO:0045944	positive regulation of transcription from RNA polymerase II promoter	occurs_in(WBbt:0004522)
GO:0030334	regulation of cell migration	occurs_in(WBbt:0004522)
GO:0045944	positive regulation of transcription from RNA polymerase II promoter	occurs_in(WBbt:0004522)
GO:0030154	cell differentiation	occurs_in(WBbt:0004522)
GO:0045595	regulation of cell differentiation	occurs_in(WBbt:0004522)
GO:0060290	transdifferentiation	occurs_in(WBbt:0004578)
GO:0008045	motor neuron axon guidance	occurs_in(WBbt:0004758)
GO:1904081	positive regulation of transcription from RNA polymerase II promoter involved in neuron differentiation	occurs_in(WBbt:0004822)
GO:0009786	regulation of asymmetric cell division	occurs_in(WBbt:0004944)
GO:0009786	regulation of asymmetric cell division	occurs_in(WBbt:0004946)
GO:0045944	positive regulation of transcription from RNA polymerase II promoter	occurs_in(WBbt:0005045)
GO:0045944	positive regulation of transcription from RNA polymerase II promoter	occurs_in(WBbt:0005045)
GO:1904081	positive regulation of transcription from RNA polymerase II promoter involved in neuron differentiation	occurs_in(WBbt:0005045)
GO:0030334	regulation of cell migration	occurs_in(WBbt:0005062)
GO:0010628	positive regulation of gene expression	occurs_in(WBbt:0005113
GO:0010628	positive regulation of gene expression	occurs_in(WBbt:0005113)
GO:0008283	cell proliferation	occurs_in(WBbt:0005137
GO:0010628	positive regulation of gene expression	occurs_in(WBbt:0005175
GO:0008406	gonad development	occurs_in(WBbt:0005175)
GO:0010629	negative regulation of gene expression	occurs_in(WBbt:0005175)
GO:1903910	negative regulation of receptor clustering	occurs_in(WBbt:0005190
GO:0031103	axon regeneration	occurs_in(WBbt:0005190)
GO:1903616	MAPK cascade involved in axon regeneration	occurs_in(WBbt:0005190)
GO:0008045	motor neuron axon guidance	occurs_in(WBbt:0005270
GO:0030951	establishment or maintenance of microtubule cytoskeleton polarity	occurs_in(WBbt:0005274
GO:1904811	positive regulation of dense core granule transport	occurs_in(WBbt:0005274
GO:1904810	negative regulation of dense core granule transport	occurs_in(WBbt:0005274
GO:1990048	anterograde neuronal dense core vesicle transport	occurs_in(WBbt:0005274
GO:1904810	negative regulation of dense core granule transport	occurs_in(WBbt:0005274)
GO:1904809	regulation of dense core granule transport	occurs_in(WBbt:0005274)
GO:1904810	negative regulation of dense core granule transport	occurs_in(WBbt:0005278)
GO:1902946	protein localization to early endosome	occurs_in(WBbt:0005300)
GO:0008045	motor neuron axon guidance	occurs_in(WBbt:0005303
GO:0010629	negative regulation of gene expression	occurs_in(WBbt:0005304)
GO:0010938	cytoplasmic microtubule depolymerization	occurs_in(WBbt:0005342)
GO:1902685	positive regulation of receptor localization to synapse	occurs_in(WBbt:0005400)
GO:0048755	branching morphogenesis of a nerve	occurs_in(WBbt:0005406)
GO:0001764	neuron migration	occurs_in(WBbt:0005406)
GO:1904811	positive regulation of dense core granule transport	occurs_in(WBbt:0005409
GO:1904811	positive regulation of dense core granule transport	occurs_in(WBbt:0005409
GO:1904811	positive regulation of dense core granule transport	occurs_in(WBbt:0005409
GO:1904811	positive regulation of dense core granule transport	occurs_in(WBbt:0005409
GO:1904811	positive regulation of dense core granule transport	occurs_in(WBbt:0005409
GO:1904811	positive regulation of dense core granule transport	occurs_in(WBbt:0005409
GO:1904810	negative regulation of dense core granule transport	occurs_in(WBbt:0005409
GO:1904811	positive regulation of dense core granule transport	occurs_in(WBbt:0005409
GO:1904811	positive regulation of dense core granule transport	occurs_in(WBbt:0005409
GO:1904811	positive regulation of dense core granule transport	occurs_in(WBbt:0005409
GO:1904811	positive regulation of dense core granule transport	occurs_in(WBbt:0005409
GO:1904811	positive regulation of dense core granule transport	occurs_in(WBbt:0005409
GO:1904810	negative regulation of dense core granule transport	occurs_in(WBbt:0005409)
GO:0014057	positive regulation of acetylcholine secretion, neurotransmission	occurs_in(WBbt:0005409)
GO:0031103	axon regeneration	occurs_in(WBbt:0005409)
GO:1904811	positive regulation of dense core granule transport	occurs_in(WBbt:0005409)
GO:1904081	positive regulation of transcription from RNA polymerase II promoter involved in neuron differentiation	occurs_in(WBbt:0005413)
GO:1904081	positive regulation of transcription from RNA polymerase II promoter involved in neuron differentiation	occurs_in(WBbt:0005413)
GO:1904081	positive regulation of transcription from RNA polymerase II promoter involved in neuron differentiation	occurs_in(WBbt:0005413)
GO:1904081	positive regulation of transcription from RNA polymerase II promoter involved in neuron differentiation	occurs_in(WBbt:0005413)
GO:1904081	positive regulation of transcription from RNA polymerase II promoter involved in neuron differentiation	occurs_in(WBbt:0005413)
GO:1904081	positive regulation of transcription from RNA polymerase II promoter involved in neuron differentiation	occurs_in(WBbt:0005413)
GO:1904081	positive regulation of transcription from RNA polymerase II promoter involved in neuron differentiation	occurs_in(WBbt:0005413)
GO:1904081	positive regulation of transcription from RNA polymerase II promoter involved in neuron differentiation	occurs_in(WBbt:0005413)
GO:1904081	positive regulation of transcription from RNA polymerase II promoter involved in neuron differentiation	occurs_in(WBbt:0005413)
GO:0048755	branching morphogenesis of a nerve	occurs_in(WBbt:0005490
GO:1902473	regulation of protein localization to synapse	occurs_in(WBbt:0005490)
GO:0051963	regulation of synapse assembly	occurs_in(WBbt:0005490)
GO:0055059	asymmetric neuroblast division	occurs_in(WBbt:0005490)
GO:0055059	asymmetric neuroblast division	occurs_in(WBbt:0005490)
GO:0016246	RNA interference	occurs_in(WBbt:0005549)
GO:0016048	detection of temperature stimulus	occurs_in(WBbt:0005662)
GO:1902855	regulation of non-motile cilium assembly	occurs_in(WBbt:0005662)
GO:0032528	microvillus organization	occurs_in(WBbt:0005662)
GO:0045944	positive regulation of transcription from RNA polymerase II promoter	occurs_in(WBbt:0005662)
GO:0045944	positive regulation of transcription from RNA polymerase II promoter	occurs_in(WBbt:0005662)
GO:0045944	positive regulation of transcription from RNA polymerase II promoter	occurs_in(WBbt:0005662)
GO:0045944	positive regulation of transcription from RNA polymerase II promoter	occurs_in(WBbt:0005662)
GO:0043052	thermotaxis	occurs_in(WBbt:0005662)
GO:0032534	regulation of microvillus assembly	occurs_in(WBbt:0005662)
GO:0030033	microvillus assembly	occurs_in(WBbt:0005662)
GO:0045944	positive regulation of transcription from RNA polymerase II promoter	occurs_in(WBbt:0005662)
GO:0045944	positive regulation of transcription from RNA polymerase II promoter	occurs_in(WBbt:0005662)
GO:0045944	positive regulation of transcription from RNA polymerase II promoter	occurs_in(WBbt:0005662)
GO:0045944	positive regulation of transcription from RNA polymerase II promoter	occurs_in(WBbt:0005662)
GO:0045944	positive regulation of transcription from RNA polymerase II promoter	occurs_in(WBbt:0005662)
GO:0040040	thermosensory behavior	occurs_in(WBbt:0005662)
GO:0045944	positive regulation of transcription from RNA polymerase II promoter	occurs_in(WBbt:0005662)
GO:0045944	positive regulation of transcription from RNA polymerase II promoter	occurs_in(WBbt:0005662)
GO:0045944	positive regulation of transcription from RNA polymerase II promoter	occurs_in(WBbt:0005662)
GO:0045944	positive regulation of transcription from RNA polymerase II promoter	occurs_in(WBbt:0005662)
GO:0045944	positive regulation of transcription from RNA polymerase II promoter	occurs_in(WBbt:0005662)
GO:0045944	positive regulation of transcription from RNA polymerase II promoter	occurs_in(WBbt:0005662)
GO:0007635	chemosensory behavior	occurs_in(WBbt:0005663)
GO:0050920	regulation of chemotaxis	occurs_in(WBbt:0005663)
GO:0050921	positive regulation of chemotaxis	occurs_in(WBbt:0005663)
GO:0050927	positive regulation of positive chemotaxis	occurs_in(WBbt:0005663)
GO:1902074	response to salt	occurs_in(WBbt:0005663)
GO:0050913	sensory perception of bitter taste	occurs_in(WBbt:0005665
GO:0050913	sensory perception of bitter taste	occurs_in(WBbt:0005665
GO:0007635	chemosensory behavior	occurs_in(WBbt:0005665
GO:0005262	calcium channel activity	occurs_in(WBbt:0005665)
GO:0007635	chemosensory behavior	occurs_in(WBbt:0005665)
GO:0050907	detection of chemical stimulus involved in sensory perception	occurs_in(WBbt:0005665)
GO:0050849	negative regulation of calcium-mediated signaling	occurs_in(WBbt:0005665)
GO:0050913	sensory perception of bitter taste	occurs_in(WBbt:0005665)
GO:0010628	positive regulation of gene expression	occurs_in(WBbt:0005666
GO:0045944	positive regulation of transcription from RNA polymerase II promoter	occurs_in(WBbt:0005666)
GO:0061065	regulation of dauer larval development	occurs_in(WBbt:0005666)
GO:0030536	larval feeding behavior	occurs_in(WBbt:0005666)
GO:0010628	positive regulation of gene expression	occurs_in(WBbt:0005666)
GO:1903998	regulation of eating behavior	occurs_in(WBbt:0005666)
GO:0010628	positive regulation of gene expression	occurs_in(WBbt:0005667
GO:0010628	positive regulation of gene expression	occurs_in(WBbt:0005667)
GO:0010628	positive regulation of gene expression	occurs_in(WBbt:0005667)
GO:0007602	phototransduction	occurs_in(WBbt:0005667)
GO:0007602	phototransduction	occurs_in(WBbt:0005667)
GO:0007199	G-protein coupled receptor signaling pathway coupled to cGMP nucleotide second messenger	occurs_in(WBbt:0005667)
GO:0016045	detection of bacterium	occurs_in(WBbt:0005667)
GO:0097500	receptor localization to non-motile cilium	occurs_in(WBbt:0005668)
GO:0097500	receptor localization to non-motile cilium	occurs_in(WBbt:0005668)
GO:0007602	phototransduction	occurs_in(WBbt:0005668)
GO:0097500	receptor localization to non-motile cilium	occurs_in(WBbt:0005668)
GO:0097500	receptor localization to non-motile cilium	occurs_in(WBbt:0005668)
GO:0050907	detection of chemical stimulus involved in sensory perception	occurs_in(WBbt:0005670)
GO:0097499	protein localization to non-motile cilium	occurs_in(WBbt:0005670)
GO:0097499	protein localization to non-motile cilium	occurs_in(WBbt:0005670)
GO:0097499	protein localization to non-motile cilium	occurs_in(WBbt:0005670)
GO:0097499	protein localization to non-motile cilium	occurs_in(WBbt:0005670)
GO:0097500	receptor localization to non-motile cilium	occurs_in(WBbt:0005671)
GO:0097500	receptor localization to non-motile cilium	occurs_in(WBbt:0005671)
GO:0097500	receptor localization to non-motile cilium	occurs_in(WBbt:0005671)
GO:0097500	receptor localization to non-motile cilium	occurs_in(WBbt:0005671)
GO:0097500	receptor localization to non-motile cilium	occurs_in(WBbt:0005671)
GO:0097500	receptor localization to non-motile cilium	occurs_in(WBbt:0005671)
GO:0097500	receptor localization to non-motile cilium	occurs_in(WBbt:0005671)
GO:0097500	receptor localization to non-motile cilium	occurs_in(WBbt:0005671)
GO:0008355	olfactory learning	occurs_in(WBbt:0005672)
GO:0045944	positive regulation of transcription from RNA polymerase II promoter	occurs_in(WBbt:0005672)
GO:0035545	determination of left/right asymmetry in nervous system	occurs_in(WBbt:0005672)
GO:0060271	cilium assembly	occurs_in(WBbt:0005672)
GO:0008355	olfactory learning	occurs_in(WBbt:0005672)
GO:0003387	neuron differentiation involved in amphid sensory organ development	occurs_in(WBbt:0005672)
GO:0045944	positive regulation of transcription from RNA polymerase II promoter	occurs_in(WBbt:0005672)
GO:0010628	positive regulation of gene expression	occurs_in(WBbt:0005672)
GO:0042048	olfactory behavior	occurs_in(WBbt:0005672)
GO:1990834	response to odorant	occurs_in(WBbt:0005672)
GO:0007160	cell-matrix adhesion	occurs_in(WBbt:0005733
GO:0016049	cell growth	occurs_in(WBbt:0005733
GO:0035414	negative regulation of catenin import into nucleus	occurs_in(WBbt:0005733
GO:0006972	hyperosmotic response	occurs_in(WBbt:0005733
GO:0050891	multicellular organismal water homeostasis	occurs_in(WBbt:0005733
GO:0050891	multicellular organismal water homeostasis	occurs_in(WBbt:0005733
GO:0009611	response to wounding	occurs_in(WBbt:0005733)
GO:0050830	defense response to Gram-positive bacterium	occurs_in(WBbt:0005733)
GO:0030308	negative regulation of cell growth	occurs_in(WBbt:0005733)
GO:0030307	positive regulation of cell growth	occurs_in(WBbt:0005733)
GO:0050832	defense response to fungus	occurs_in(WBbt:0005733)
GO:0046621	negative regulation of organ growth	occurs_in(WBbt:0005733)
GO:0060562	epithelial tube morphogenesis	occurs_in(WBbt:0005736)
GO:0006907	pinocytosis	occurs_in(WBbt:0005751)
GO:0000902	cell morphogenesis	occurs_in(WBbt:0005753)
GO:0051301	cell division	occurs_in(WBbt:0005753)
GO:0000122	negative regulation of transcription from RNA polymerase II promoter	occurs_in(WBbt:0005753)
GO:0051640	organelle localization	occurs_in(WBbt:0005772
GO:0030307	positive regulation of cell growth	occurs_in(WBbt:0005772
GO:0036369	transcription factor catabolic process	occurs_in(WBbt:0005772
GO:0036369	transcription factor catabolic process	occurs_in(WBbt:0005772
GO:0050891	multicellular organismal water homeostasis	occurs_in(WBbt:0005772
GO:0050891	multicellular organismal water homeostasis	occurs_in(WBbt:0005772
GO:0000303	response to superoxide	occurs_in(WBbt:0005772)
GO:0009408	response to heat	occurs_in(WBbt:0005772)
GO:0045944	positive regulation of transcription from RNA polymerase II promoter	occurs_in(WBbt:0005772)
GO:0045944	positive regulation of transcription from RNA polymerase II promoter	occurs_in(WBbt:0005772)
GO:0097235	positive regulation of fatty acid beta-oxidation by positive regulation of transcription from RNA polymerase II promoter	occurs_in(WBbt:0005772)
GO:0000302	response to reactive oxygen species	occurs_in(WBbt:0005772)
GO:0042811	pheromone biosynthetic process	occurs_in(WBbt:0005772)
GO:0030308	negative regulation of cell growth	occurs_in(WBbt:0005772)
GO:0050829	defense response to Gram-negative bacterium	occurs_in(WBbt:0005772)
GO:0006979	response to oxidative stress	occurs_in(WBbt:0005772)
GO:1900182	positive regulation of protein localization to nucleus	occurs_in(WBbt:0005772)
GO:0006637	acyl-CoA metabolic process	occurs_in(WBbt:0005772)
GO:0006972	hyperosmotic response	occurs_in(WBbt:0005772)
GO:0000038	very long-chain fatty acid metabolic process	occurs_in(WBbt:0005772)
GO:0010888	negative regulation of lipid storage	occurs_in(WBbt:0005772)
GO:0061408	positive regulation of transcription from RNA polymerase II promoter in response to heat stress	occurs_in(WBbt:0005772)
GO:0046621	negative regulation of organ growth	occurs_in(WBbt:0005772)
GO:0070508	cholesterol import	occurs_in(WBbt:0005772)
GO:0035150	regulation of tube size	occurs_in(WBbt:0005775)
GO:0036369	transcription factor catabolic process	occurs_in(WBbt:0005784
GO:0036369	transcription factor catabolic process	occurs_in(WBbt:0005784
GO:0040029	regulation of gene expression, epigenetic	occurs_in(WBbt:0005784)
GO:0090386	phagosome maturation involved in apoptotic cell clearance	occurs_in(WBbt:0005784)
GO:2000648	positive regulation of stem cell proliferation	occurs_in(WBbt:0005784)
GO:2000738	positive regulation of stem cell differentiation	occurs_in(WBbt:0005784)
GO:0016246	RNA interference	occurs_in(WBbt:0005784)
GO:2000737	negative regulation of stem cell differentiation	occurs_in(WBbt:0005784)
GO:0016246	RNA interference	occurs_in(WBbt:0005784)
GO:0048815	hermaphrodite genitalia morphogenesis	occurs_in(WBbt:0005785)
GO:0002119	nematode larval development	occurs_in(WBbt:0005792
GO:1902806	regulation of cell cycle G1/S phase transition	occurs_in(WBbt:0005792
GO:0044843	cell cycle G1/S phase transition	occurs_in(WBbt:0005792
GO:0032875	regulation of DNA endoreduplication	occurs_in(WBbt:0005792
GO:0032877	positive regulation of DNA endoreduplication	occurs_in(WBbt:0005792
GO:0032876	negative regulation of DNA endoreduplication	occurs_in(WBbt:0005792
GO:1902807	negative regulation of cell cycle G1/S phase transition	occurs_in(WBbt:0005792
GO:1990170	stress response to cadmium ion	occurs_in(WBbt:0005792)
GO:0008283	cell proliferation	occurs_in(WBbt:0005792)
GO:0045087	innate immune response	occurs_in(WBbt:0005792)
GO:0045199	maintenance of epithelial cell apical/basal polarity	occurs_in(WBbt:0005792)
GO:0000280	nuclear division	occurs_in(WBbt:0005792)
GO:0006979	response to oxidative stress	occurs_in(WBbt:0005792)
GO:0042992	negative regulation of transcription factor import into nucleus	occurs_in(WBbt:0005792)
GO:0016049	cell growth	occurs_in(WBbt:0005812)
GO:0048858	cell projection morphogenesis	occurs_in(WBbt:0005812)
GO:1904531	positive regulation of actin filament binding	occurs_in(WBbt:0005812)
GO:0031113	regulation of microtubule polymerization	occurs_in(WBbt:0005812)
GO:0072594	establishment of protein localization to organelle	occurs_in(WBbt:0005813
GO:1904901	positive regulation of myosin II filament organization	occurs_in(WBbt:0005813)
GO:0045987	positive regulation of smooth muscle contraction	occurs_in(WBbt:0005828
GO:0031032	actomyosin structure organization	occurs_in(WBbt:0005828)
GO:1900195	positive regulation of oocyte maturation	occurs_in(WBbt:0005828)
GO:0010628	positive regulation of gene expression	occurs_in(WBbt:0005829
GO:0004843	thiol-dependent ubiquitin-specific protease activity	occurs_in(WBbt:0005829
GO:0010628	positive regulation of gene expression	occurs_in(WBbt:0005829
GO:0010628	positive regulation of gene expression	occurs_in(WBbt:0005829)
GO:0016045	detection of bacterium	occurs_in(WBbt:0005835
GO:2000311	regulation of alpha-amino-3-hydroxy-5-methyl-4-isoxazole propionate selective glutamate receptor activity	occurs_in(WBbt:0005842
GO:2000310	regulation of N-methyl-D-aspartate selective glutamate receptor activity	occurs_in(WBbt:0005842)
GO:1902684	negative regulation of receptor localization to synapse	occurs_in(WBbt:0005842)
GO:1903743	negative regulation of anterograde synaptic vesicle transport	occurs_in(WBbt:0005842)
GO:0051968	positive regulation of synaptic transmission, glutamatergic	occurs_in(WBbt:0005842)
GO:2000311	regulation of alpha-amino-3-hydroxy-5-methyl-4-isoxazole propionate selective glutamate receptor activity	occurs_in(WBbt:0005842)
GO:2000311	regulation of alpha-amino-3-hydroxy-5-methyl-4-isoxazole propionate selective glutamate receptor activity	occurs_in(WBbt:0005842)
GO:0045944	positive regulation of transcription from RNA polymerase II promoter	occurs_in(WBbt:0005963
GO:0043065	positive regulation of apoptotic process	occurs_in(WBbt:0005963)
GO:0055059	asymmetric neuroblast division	occurs_in(WBbt:0006144)
GO:0055059	asymmetric neuroblast division	occurs_in(WBbt:0006144)
GO:0055059	asymmetric neuroblast division	occurs_in(WBbt:0006363)
GO:0055059	asymmetric neuroblast division	occurs_in(WBbt:0006434)
GO:0055059	asymmetric neuroblast division	occurs_in(WBbt:0006434)
GO:1904810	negative regulation of dense core granule transport	occurs_in(WBbt:0006750
GO:1904811	positive regulation of dense core granule transport	occurs_in(WBbt:0006750
GO:1904811	positive regulation of dense core granule transport	occurs_in(WBbt:0006750
GO:1904811	positive regulation of dense core granule transport	occurs_in(WBbt:0006750
GO:1904811	positive regulation of dense core granule transport	occurs_in(WBbt:0006750
GO:1904811	positive regulation of dense core granule transport	occurs_in(WBbt:0006750
GO:1904811	positive regulation of dense core granule transport	occurs_in(WBbt:0006750
GO:1904810	negative regulation of dense core granule transport	occurs_in(WBbt:0006750
GO:1904811	positive regulation of dense core granule transport	occurs_in(WBbt:0006750
GO:1904811	positive regulation of dense core granule transport	occurs_in(WBbt:0006750
GO:1904811	positive regulation of dense core granule transport	occurs_in(WBbt:0006750
GO:1904811	positive regulation of dense core granule transport	occurs_in(WBbt:0006750
GO:1904811	positive regulation of dense core granule transport	occurs_in(WBbt:0006750
GO:1904811	positive regulation of dense core granule transport	occurs_in(WBbt:0006750
GO:1904811	positive regulation of dense core granule transport	occurs_in(WBbt:0006751
GO:0009653	anatomical structure morphogenesis	occurs_in(WBbt:0006754)
GO:0045944	positive regulation of transcription from RNA polymerase II promoter	occurs_in(WBbt:0006754)
GO:0043518	negative regulation of DNA damage response, signal transduction by p53 class mediator	occurs_in(WBbt:0006796
GO:0043066	negative regulation of apoptotic process	occurs_in(WBbt:0006796
GO:0043066	negative regulation of apoptotic process	occurs_in(WBbt:0006796
GO:0043066	negative regulation of apoptotic process	occurs_in(WBbt:0006796
GO:0042770	signal transduction in response to DNA damage	occurs_in(WBbt:0006796
GO:0043518	negative regulation of DNA damage response, signal transduction by p53 class mediator	occurs_in(WBbt:0006796
GO:0010629	negative regulation of gene expression	occurs_in(WBbt:0006796
GO:0001708	cell fate specification	occurs_in(WBbt:0006796
GO:0043518	negative regulation of DNA damage response, signal transduction by p53 class mediator	occurs_in(WBbt:0006796
GO:0043518	negative regulation of DNA damage response, signal transduction by p53 class mediator	occurs_in(WBbt:0006796
GO:0010629	negative regulation of gene expression	occurs_in(WBbt:0006796
GO:0043518	negative regulation of DNA damage response, signal transduction by p53 class mediator	occurs_in(WBbt:0006796
GO:0051881	regulation of mitochondrial membrane potential	occurs_in(WBbt:0006796)
GO:1900181	negative regulation of protein localization to nucleus	occurs_in(WBbt:0006796)
GO:0000077	DNA damage checkpoint	occurs_in(WBbt:0006796)
GO:0042127	regulation of cell proliferation	occurs_in(WBbt:0006796)
GO:1900182	positive regulation of protein localization to nucleus	occurs_in(WBbt:0006796)
GO:0043518	negative regulation of DNA damage response, signal transduction by p53 class mediator	occurs_in(WBbt:0006796)
GO:1902230	negative regulation of intrinsic apoptotic signaling pathway in response to DNA damage	occurs_in(WBbt:0006796)
GO:0010212	response to ionizing radiation	occurs_in(WBbt:0006796)
GO:2000370	positive regulation of clathrin-dependent endocytosis	occurs_in(WBbt:0006797
GO:0071902	positive regulation of protein serine/threonine kinase activity	occurs_in(WBbt:0006797)
GO:0034501	protein localization to kinetochore	occurs_in(WBbt:0006797)
GO:0000266	mitochondrial fission	occurs_in(WBbt:0006804
GO:0000381	regulation of alternative mRNA splicing, via spliceosome	occurs_in(WBbt:0006804
GO:0097112	gamma-aminobutyric acid receptor clustering	occurs_in(WBbt:0006804
GO:0010636	positive regulation of mitochondrial fusion	occurs_in(WBbt:0006804
GO:0097120	receptor localization to synapse	occurs_in(WBbt:0006804)
GO:0097120	receptor localization to synapse	occurs_in(WBbt:0006804)
GO:0030308	negative regulation of cell growth	occurs_in(WBbt:0006804)
GO:0045214	sarcomere organization	occurs_in(WBbt:0006804)
GO:0071689	muscle thin filament assembly	occurs_in(WBbt:0006804)
GO:0014057	positive regulation of acetylcholine secretion, neurotransmission	occurs_in(WBbt:0006804)
GO:0046621	negative regulation of organ growth	occurs_in(WBbt:0006804)
GO:0050893	sensory processing	occurs_in(WBbt:0006812)
GO:0007606	sensory perception of chemical stimulus	occurs_in(WBbt:0006812)
GO:0003031	detection of carbon dioxide	occurs_in(WBbt:0006825
GO:0003031	detection of carbon dioxide	occurs_in(WBbt:0006825
GO:0019722	calcium-mediated signaling	occurs_in(WBbt:0006825
GO:0050907	detection of chemical stimulus involved in sensory perception	occurs_in(WBbt:0006825
GO:0045921	positive regulation of exocytosis	occurs_in(WBbt:0006825
GO:0050907	detection of chemical stimulus involved in sensory perception	occurs_in(WBbt:0006825
GO:1904457	positive regulation of neuronal action potential	occurs_in(WBbt:0006825
GO:0019722	calcium-mediated signaling	occurs_in(WBbt:0006825
GO:0071468	cellular response to acidic pH	occurs_in(WBbt:0006825)
GO:0048814	regulation of dendrite morphogenesis	occurs_in(WBbt:0006828)
GO:0051017	actin filament bundle assembly	occurs_in(WBbt:0006830
GO:1902474	positive regulation of protein localization to synapse	occurs_in(WBbt:0006830
GO:0007015	actin filament organization	occurs_in(WBbt:0006830
GO:0007015	actin filament organization	occurs_in(WBbt:0006830
GO:0048668	collateral sprouting	occurs_in(WBbt:0006830)
GO:0048489	synaptic vesicle transport	occurs_in(WBbt:0006830)
GO:0007416	synapse assembly	occurs_in(WBbt:0006830)
GO:0035418	protein localization to synapse	occurs_in(WBbt:0006830)
GO:0048814	regulation of dendrite morphogenesis	occurs_in(WBbt:0006831)
GO:0016045	detection of bacterium	occurs_in(WBbt:0006834)
GO:1904811	positive regulation of dense core granule transport	occurs_in(WBbt:0006840
GO:0051782	negative regulation of cell division	occurs_in(WBbt:0006865
GO:0040039	inductive cell migration	occurs_in(WBbt:0006865)
GO:0032956	regulation of actin cytoskeleton organization	occurs_in(WBbt:0006871)
GO:0060069	Wnt signaling pathway, regulating spindle positioning	occurs_in(WBbt:0006873)
GO:1903863	P granule assembly	occurs_in(WBbt:0006873)
GO:1903863	P granule assembly	occurs_in(WBbt:0006874)
GO:1903863	P granule assembly	occurs_in(WBbt:0006875)
GO:0060069	Wnt signaling pathway, regulating spindle positioning	occurs_in(WBbt:0006876)
GO:0000132	establishment of mitotic spindle orientation	occurs_in(WBbt:0006876)
GO:0043652	engulfment of apoptotic cell	occurs_in(WBbt:0006925)
GO:0045596	negative regulation of cell differentiation	occurs_in(WBbt:0007026
GO:0051782	negative regulation of cell division	occurs_in(WBbt:0007027
GO:0045596	negative regulation of cell differentiation	occurs_in(WBbt:0007027
GO:0051782	negative regulation of cell division	occurs_in(WBbt:0007027
GO:0006357	regulation of transcription from RNA polymerase II promoter	occurs_in(WBbt:0007274
GO:0055059	asymmetric neuroblast division	occurs_in(WBbt:0007276)
GO:0055059	asymmetric neuroblast division	occurs_in(WBbt:0007276)
GO:0055059	asymmetric neuroblast division	occurs_in(WBbt:0007276)
GO:0006357	regulation of transcription from RNA polymerase II promoter	occurs_in(WBbt:0007276)
GO:0055059	asymmetric neuroblast division	occurs_in(WBbt:0007281)
GO:0055059	asymmetric neuroblast division	occurs_in(WBbt:0007281)
GO:0045596	negative regulation of cell differentiation	occurs_in(WBbt:0007790
GO:0051782	negative regulation of cell division	occurs_in(WBbt:0007790)
GO:0051782	negative regulation of cell division	occurs_in(WBbt:0007790)
GO:1901076	positive regulation of engulfment of apoptotic cell	occurs_in(WBbt:0007803)
GO:0043652	engulfment of apoptotic cell	occurs_in(WBbt:0007803)
GO:0097376	interneuron axon guidance	occurs_in(WBbt:0007804
GO:1901076	positive regulation of engulfment of apoptotic cell	occurs_in(WBbt:0007810)
GO:0010629	negative regulation of gene expression	occurs_in(WBbt:0007846)
GO:0042308	negative regulation of protein import into nucleus	occurs_in(WBbt:0007846)
GO:0031122	cytoplasmic microtubule organization	occurs_in(WBbt:0007846)
GO:0036258	multivesicular body assembly	occurs_in(WBbt:0007846)
GO:0032876	negative regulation of DNA endoreduplication	occurs_in(WBbt:0007846)
GO:0030334	regulation of cell migration	occurs_in(WBbt:0007846)
GO:1990182	exosomal secretion	occurs_in(WBbt:0007846)
GO:0045176	apical protein localization	occurs_in(WBbt:0007846)
GO:0009653	anatomical structure morphogenesis	occurs_in(WBbt:0008379)
GO:0031117	positive regulation of microtubule depolymerization	occurs_in(WBbt:0008603)
GO:0005886	plasma membrane	part_of(CL:0000000)
GO:0005634	nucleus	part_of(CL:0000001)
GO:0005764	lysosome	part_of(CL:0000001)
GO:0044200	host cell nuclear membrane	part_of(CL:0000002)
GO:0016607	nuclear speck	part_of(CL:0000007
GO:0016607	nuclear speck	part_of(CL:0000007
GO:0016607	nuclear speck	part_of(CL:0000007
GO:0016607	nuclear speck	part_of(CL:0000007
GO:0005634	nucleus	part_of(CL:0000007
GO:0016607	nuclear speck	part_of(CL:0000007)
GO:0016607	nuclear speck	part_of(CL:0000007)
GO:0016607	nuclear speck	part_of(CL:0000007)
GO:0016607	nuclear speck	part_of(CL:0000007)
GO:0016607	nuclear speck	part_of(CL:0000007)
GO:0016607	nuclear speck	part_of(CL:0000007)
GO:0000922	spindle pole	part_of(CL:0000007)
GO:0005634	nucleus	part_of(CL:0000007)
GO:0005902	microvillus	part_of(CL:0000007)
GO:0005634	nucleus	part_of(CL:0000007)
GO:0005634	nucleus	part_of(CL:0000007)
GO:0005634	nucleus	part_of(CL:0000007)
GO:0005634	nucleus	part_of(CL:0000007)
GO:0005634	nucleus	part_of(CL:0000007)
GO:0005634	nucleus	part_of(CL:0000007)
GO:0005634	nucleus	part_of(CL:0000007)
GO:0005634	nucleus	part_of(CL:0000007)
GO:0005634	nucleus	part_of(CL:0000007)
GO:0000792	heterochromatin	part_of(CL:0000007)
GO:0005737	cytoplasm	part_of(CL:0000007)
GO:0019897	extrinsic component of plasma membrane	part_of(CL:0000007)
GO:0019897	extrinsic component of plasma membrane	part_of(CL:0000007)
GO:0005730	nucleolus	part_of(CL:0000007)
GO:0005730	nucleolus	part_of(CL:0000007)
GO:0005634	nucleus	part_of(CL:0000007)
GO:0005634	nucleus	part_of(CL:0000007)
GO:0005634	nucleus	part_of(CL:0000007)
GO:0005634	nucleus	part_of(CL:0000007)
GO:0005634	nucleus	part_of(CL:0000007)
GO:0005634	nucleus	part_of(CL:0000007)
GO:0005634	nucleus	part_of(CL:0000007)
GO:0005634	nucleus	part_of(CL:0000007)
GO:0005634	nucleus	part_of(CL:0000007)
GO:0005634	nucleus	part_of(CL:0000007)
GO:0005634	nucleus	part_of(CL:0000007)
GO:0005886	plasma membrane	part_of(CL:0000007)
GO:0005923	bicellular tight junction	part_of(CL:0000007)
GO:0005923	bicellular tight junction	part_of(CL:0000007)
GO:0005737	cytoplasm	part_of(CL:0000007)
GO:0005938	cell cortex	part_of(CL:0000007)
GO:0005634	nucleus	part_of(CL:0000007)
GO:0005634	nucleus	part_of(CL:0000007)
GO:0005634	nucleus	part_of(CL:0000007)
GO:0005634	nucleus	part_of(CL:0000007)
GO:0005783	endoplasmic reticulum	part_of(CL:0000007)
GO:0005783	endoplasmic reticulum	part_of(CL:0000007)
GO:0000792	heterochromatin	part_of(CL:0000007)
GO:0030496	midbody	part_of(CL:0000007)
GO:0005911	cell-cell junction	part_of(CL:0000007)
GO:0016324	apical plasma membrane	part_of(CL:0000007)
GO:0031410	cytoplasmic vesicle	part_of(CL:0000007)
GO:0031410	cytoplasmic vesicle	part_of(CL:0000007)
GO:0031410	cytoplasmic vesicle	part_of(CL:0000007)
GO:0031410	cytoplasmic vesicle	part_of(CL:0000007)
GO:0005783	endoplasmic reticulum	part_of(CL:0000007)
GO:0005783	endoplasmic reticulum	part_of(CL:0000007)
GO:0005634	nucleus	part_of(CL:0000007)
GO:0000794	condensed nuclear chromosome	part_of(CL:0000007)
GO:0005886	plasma membrane	part_of(CL:0000007)
GO:0005634	nucleus	part_of(CL:0000007)
GO:0016328	lateral plasma membrane	part_of(CL:0000007)
GO:0005634	nucleus	part_of(CL:0000007)
GO:0005634	nucleus	part_of(CL:0000007)
GO:0005634	nucleus	part_of(CL:0000007)
GO:0005634	nucleus	part_of(CL:0000007)
GO:0005634	nucleus	part_of(CL:0000007)
GO:0005634	nucleus	part_of(CL:0000007)
GO:0005634	nucleus	part_of(CL:0000007)
GO:0005634	nucleus	part_of(CL:0000007)
GO:0005634	nucleus	part_of(CL:0000007)
GO:0005634	nucleus	part_of(CL:0000007)
GO:0005634	nucleus	part_of(CL:0000007)
GO:0005634	nucleus	part_of(CL:0000007)
GO:0015630	microtubule cytoskeleton	part_of(CL:0000007)
GO:0015630	microtubule cytoskeleton	part_of(CL:0000007)
GO:0015630	microtubule cytoskeleton	part_of(CL:0000007)
GO:0015630	microtubule cytoskeleton	part_of(CL:0000007)
GO:0015630	microtubule cytoskeleton	part_of(CL:0000007)
GO:0045177	apical part of cell	part_of(CL:0000007)
GO:0045177	apical part of cell	part_of(CL:0000007)
GO:0005923	bicellular tight junction	part_of(CL:0000007)
GO:0005829	cytosol	part_of(CL:0000007)
GO:0005634	nucleus	part_of(CL:0000007)
GO:0005923	bicellular tight junction	part_of(CL:0000007)
GO:0005634	nucleus	part_of(CL:0000007)
GO:0005634	nucleus	part_of(CL:0000007)
GO:0005578	proteinaceous extracellular matrix	part_of(CL:0000007)
GO:0005622	intracellular	part_of(CL:0000007)
GO:0000793	condensed chromosome	part_of(CL:0000007)
GO:0005923	bicellular tight junction	part_of(CL:0000007)
GO:0005923	bicellular tight junction	part_of(CL:0000007)
GO:0005737	cytoplasm	part_of(CL:0000007)
GO:0005938	cell cortex	part_of(CL:0000007)
GO:0005938	cell cortex	part_of(CL:0000007)
GO:0005737	cytoplasm	part_of(CL:0000007)
GO:0005737	cytoplasm	part_of(CL:0000007)
GO:0005634	nucleus	part_of(CL:0000007)
GO:0005634	nucleus	part_of(CL:0000007)
GO:0005634	nucleus	part_of(CL:0000007)
GO:0005623	cell	part_of(CL:0000008)
GO:0005623	cell	part_of(CL:0000008)
GO:0005623	cell	part_of(CL:0000008)
GO:0005623	cell	part_of(CL:0000008)
GO:0005739	mitochondrion	part_of(CL:0000010)
GO:0005737	cytoplasm	part_of(CL:0000014)
GO:0005776	autophagosome	part_of(CL:0000014)
GO:0005634	nucleus	part_of(CL:0000015)
GO:0045171	intercellular bridge	part_of(CL:0000015)
GO:0009986	cell surface	part_of(CL:0000015)
GO:0005634	nucleus	part_of(CL:0000015)
GO:0005634	nucleus	part_of(CL:0000015)
GO:0005737	cytoplasm	part_of(CL:0000015)
GO:0005737	cytoplasm	part_of(CL:0000015)
GO:0005634	nucleus	part_of(CL:0000017
GO:0005737	cytoplasm	part_of(CL:0000017
GO:0005634	nucleus	part_of(CL:0000017
GO:0005737	cytoplasm	part_of(CL:0000017
GO:0048471	perinuclear region of cytoplasm	part_of(CL:0000017
GO:0000801	central element	part_of(CL:0000017)
GO:0000794	condensed nuclear chromosome	part_of(CL:0000017)
GO:0000800	lateral element	part_of(CL:0000017)
GO:0005801	cis-Golgi network	part_of(CL:0000017)
GO:0097038	perinuclear endoplasmic reticulum	part_of(CL:0000017)
GO:0005634	nucleus	part_of(CL:0000017)
GO:0005635	nuclear envelope	part_of(CL:0000017)
GO:0043186	P granule	part_of(CL:0000017)
GO:0000775	chromosome, centromeric region	part_of(CL:0000017)
GO:0001673	male germ cell nucleus	part_of(CL:0000017)
GO:0005739	mitochondrion	part_of(CL:0000017)
GO:0005634	nucleus	part_of(CL:0000017)
GO:0005634	nucleus	part_of(CL:0000017)
GO:0000795	synaptonemal complex	part_of(CL:0000017)
GO:0001669	acrosomal vesicle	part_of(CL:0000017)
GO:0005737	cytoplasm	part_of(CL:0000017)
GO:0000778	condensed nuclear chromosome kinetochore	part_of(CL:0000017)
GO:0000779	condensed chromosome, centromeric region	part_of(CL:0000017)
GO:0005737	cytoplasm	part_of(CL:0000017)
GO:0001741	XY body	part_of(CL:0000017)
GO:0000785	chromatin	part_of(CL:0000017)
GO:0005634	nucleus	part_of(CL:0000017)
GO:0000800	lateral element	part_of(CL:0000017)
GO:0005794	Golgi apparatus	part_of(CL:0000017)
GO:0001741	XY body	part_of(CL:0000017)
GO:0035861	site of double-strand break	part_of(CL:0000017)
GO:0005712	chiasma	part_of(CL:0000017)
GO:0005640	nuclear outer membrane	part_of(CL:0000017)
GO:0034991	nuclear meiotic cohesin complex	part_of(CL:0000017)
GO:0007129	synapsis	part_of(CL:0000017)
GO:0000794	condensed nuclear chromosome	part_of(CL:0000017)
GO:0045171	intercellular bridge	part_of(CL:0000017)
GO:0005737	cytoplasm	part_of(CL:0000017)
GO:0005634	nucleus	part_of(CL:0000017)
GO:0000795	synaptonemal complex	part_of(CL:0000017)
GO:0000806	Y chromosome	part_of(CL:0000017)
GO:0000795	synaptonemal complex	part_of(CL:0000017)
GO:0070971	endoplasmic reticulum exit site	part_of(CL:0000017)
GO:0000802	transverse filament	part_of(CL:0000017)
GO:0005737	cytoplasm	part_of(CL:0000017)
GO:0000779	condensed chromosome, centromeric region	part_of(CL:0000017)
GO:0000784	nuclear chromosome, telomeric region	part_of(CL:0000017)
GO:0000794	condensed nuclear chromosome	part_of(CL:0000017)
GO:0000785	chromatin	part_of(CL:0000017)
GO:0000784	nuclear chromosome, telomeric region	part_of(CL:0000017)
GO:0005794	Golgi apparatus	part_of(CL:0000017)
GO:0005777	peroxisome	part_of(CL:0000017)
GO:0000781	chromosome, telomeric region	part_of(CL:0000017)
GO:0000780	condensed nuclear chromosome, centromeric region	part_of(CL:0000017)
GO:0005737	cytoplasm	part_of(CL:0000017)
GO:0005643	nuclear pore	part_of(CL:0000017)
GO:0005730	nucleolus	part_of(CL:0000017)
GO:0005737	cytoplasm	part_of(CL:0000017)
GO:0000784	nuclear chromosome, telomeric region	part_of(CL:0000017)
GO:0000780	condensed nuclear chromosome, centromeric region	part_of(CL:0000017)
GO:0010369	chromocenter	part_of(CL:0000017)
GO:0005634	nucleus	part_of(CL:0000017)
GO:0000790	nuclear chromatin	part_of(CL:0000017)
GO:0000793	condensed chromosome	part_of(CL:0000017)
GO:0005634	nucleus	part_of(CL:0000017)
GO:0005737	cytoplasm	part_of(CL:0000017)
GO:0001673	male germ cell nucleus	part_of(CL:0000017)
GO:0005634	nucleus	part_of(CL:0000017)
GO:0005634	nucleus	part_of(CL:0000017)
GO:0005635	nuclear envelope	part_of(CL:0000017)
GO:0001669	acrosomal vesicle	part_of(CL:0000017)
GO:0005777	peroxisome	part_of(CL:0000017)
GO:0005634	nucleus	part_of(CL:0000017)
GO:0030893	meiotic cohesin complex	part_of(CL:0000017)
GO:0005634	nucleus	part_of(CL:0000017)
GO:0001741	XY body	part_of(CL:0000017)
GO:0000805	X chromosome	part_of(CL:0000017)
GO:0048471	perinuclear region of cytoplasm	part_of(CL:0000017)
GO:0005737	cytoplasm	part_of(CL:0000017)
GO:0005737	cytoplasm	part_of(CL:0000017)
GO:0005737	cytoplasm	part_of(CL:0000017)
GO:0005829	cytosol	part_of(CL:0000017)
GO:0005634	nucleus	part_of(CL:0000017)
GO:0000940	condensed chromosome outer kinetochore	part_of(CL:0000017)
GO:0005737	cytoplasm	part_of(CL:0000017)
GO:0030992	intraciliary transport particle B	part_of(CL:0000018
GO:0005634	nucleus	part_of(CL:0000018
GO:0005634	nucleus	part_of(CL:0000018
GO:0005623	cell	part_of(CL:0000018
GO:0005739	mitochondrion	part_of(CL:0000018)
GO:0005737	cytoplasm	part_of(CL:0000018)
GO:0005634	nucleus	part_of(CL:0000018)
GO:0005634	nucleus	part_of(CL:0000018)
GO:0002177	manchette	part_of(CL:0000018)
GO:0005737	cytoplasm	part_of(CL:0000018)
GO:0005634	nucleus	part_of(CL:0000018)
GO:0097598	sperm cytoplasmic droplet	part_of(CL:0000018)
GO:0033391	chromatoid body	part_of(CL:0000018)
GO:0002080	acrosomal membrane	part_of(CL:0000018)
GO:0005634	nucleus	part_of(CL:0000018)
GO:0005634	nucleus	part_of(CL:0000018)
GO:0005634	nucleus	part_of(CL:0000018)
GO:0001673	male germ cell nucleus	part_of(CL:0000018)
GO:0005634	nucleus	part_of(CL:0000018)
GO:0001669	acrosomal vesicle	part_of(CL:0000018)
GO:0005929	cilium	part_of(CL:0000018)
GO:0001669	acrosomal vesicle	part_of(CL:0000018)
GO:0005737	cytoplasm	part_of(CL:0000018)
GO:0005737	cytoplasm	part_of(CL:0000018)
GO:0030992	intraciliary transport particle B	part_of(CL:0000018)
GO:0005737	cytoplasm	part_of(CL:0000018)
GO:0005737	cytoplasm	part_of(CL:0000018)
GO:0005801	cis-Golgi network	part_of(CL:0000018)
GO:0030992	intraciliary transport particle B	part_of(CL:0000018)
GO:0009986	cell surface	part_of(CL:0000018)
GO:0005622	intracellular	part_of(CL:0000018)
GO:0005622	intracellular	part_of(CL:0000018)
GO:0005719	nuclear euchromatin	part_of(CL:0000018)
GO:0001669	acrosomal vesicle	part_of(CL:0000018)
GO:0001669	acrosomal vesicle	part_of(CL:0000018)
GO:0005794	Golgi apparatus	part_of(CL:0000018)
GO:0005634	nucleus	part_of(CL:0000018)
GO:0005829	cytosol	part_of(CL:0000018)
GO:0048471	perinuclear region of cytoplasm	part_of(CL:0000018)
GO:0031514	motile cilium	part_of(CL:0000018)
GO:0031410	cytoplasmic vesicle	part_of(CL:0000018)
GO:0005634	nucleus	part_of(CL:0000018)
GO:0005737	cytoplasm	part_of(CL:0000018)
GO:0005634	nucleus	part_of(CL:0000018)
GO:0005737	cytoplasm	part_of(CL:0000018)
GO:0010369	chromocenter	part_of(CL:0000018)
GO:0005634	nucleus	part_of(CL:0000018)
GO:0005794	Golgi apparatus	part_of(CL:0000018)
GO:0005794	Golgi apparatus	part_of(CL:0000018)
GO:0097225	sperm midpiece	part_of(CL:0000018)
GO:0097228	sperm principal piece	part_of(CL:0000018)
GO:0001669	acrosomal vesicle	part_of(CL:0000018)
GO:0005794	Golgi apparatus	part_of(CL:0000018)
GO:0005634	nucleus	part_of(CL:0000018)
GO:0005635	nuclear envelope	part_of(CL:0000018)
GO:0015630	microtubule cytoskeleton	part_of(CL:0000018)
GO:0015630	microtubule cytoskeleton	part_of(CL:0000018)
GO:0048471	perinuclear region of cytoplasm	part_of(CL:0000018)
GO:0071546	pi-body	part_of(CL:0000018)
GO:0016021	integral component of membrane	part_of(CL:0000018)
GO:0005829	cytosol	part_of(CL:0000018)
GO:0005739	mitochondrion	part_of(CL:0000018)
GO:0001669	acrosomal vesicle	part_of(CL:0000018)
GO:0005634	nucleus	part_of(CL:0000018)
GO:0015630	microtubule cytoskeleton	part_of(CL:0000018)
GO:0005737	cytoplasm	part_of(CL:0000018)
GO:0005634	nucleus	part_of(CL:0000018)
GO:0012506	vesicle membrane	part_of(CL:0000018)
GO:0031410	cytoplasmic vesicle	part_of(CL:0000018)
GO:0005911	cell-cell junction	part_of(CL:0000018)
GO:0005737	cytoplasm	part_of(CL:0000018)
GO:0005634	nucleus	part_of(CL:0000018)
GO:0005634	nucleus	part_of(CL:0000018)
GO:0005783	endoplasmic reticulum	part_of(CL:0000018)
GO:0005737	cytoplasm	part_of(CL:0000018)
GO:0005737	cytoplasm	part_of(CL:0000018)
GO:0005737	cytoplasm	part_of(CL:0000018)
GO:0005829	cytosol	part_of(CL:0000018)
GO:0005634	nucleus	part_of(CL:0000018)
GO:0045177	apical part of cell	part_of(CL:0000019
GO:0097228	sperm principal piece	part_of(CL:0000019)
GO:0001669	acrosomal vesicle	part_of(CL:0000019)
GO:0005886	plasma membrane	part_of(CL:0000019)
GO:0005637	nuclear inner membrane	part_of(CL:0000019)
GO:0031410	cytoplasmic vesicle	part_of(CL:0000019)
GO:0005634	nucleus	part_of(CL:0000019)
GO:0016020	membrane	part_of(CL:0000019)
GO:0030112	glycocalyx	part_of(CL:0000019)
GO:0005930	axoneme	part_of(CL:0000019)
GO:0005739	mitochondrion	part_of(CL:0000019)
GO:0035686	sperm fibrous sheath	part_of(CL:0000019)
GO:0009986	cell surface	part_of(CL:0000019)
GO:0005634	nucleus	part_of(CL:0000019)
GO:0044297	cell body	part_of(CL:0000019)
GO:0044297	cell body	part_of(CL:0000019)
GO:0000790	nuclear chromatin	part_of(CL:0000019)
GO:0001669	acrosomal vesicle	part_of(CL:0000019)
GO:0001669	acrosomal vesicle	part_of(CL:0000019)
GO:0001520	outer dense fiber	part_of(CL:0000019)
GO:0002081	outer acrosomal membrane	part_of(CL:0000019)
GO:0005623	cell	part_of(CL:0000019)
GO:0031514	motile cilium	part_of(CL:0000019)
GO:0019898	extrinsic component of membrane	part_of(CL:0000019)
GO:1990716	axonemal central apparatus	part_of(CL:0000019)
GO:0005930	axoneme	part_of(CL:0000019)
GO:0060294	cilium movement involved in cell motility	part_of(CL:0000019)
GO:0002079	inner acrosomal membrane	part_of(CL:0000019)
GO:0043159	acrosomal matrix	part_of(CL:0000019)
GO:0005737	cytoplasm	part_of(CL:0000019)
GO:0005634	nucleus	part_of(CL:0000019)
GO:0005634	nucleus	part_of(CL:0000019)
GO:0097598	sperm cytoplasmic droplet	part_of(CL:0000019)
GO:0044297	cell body	part_of(CL:0000019)
GO:0005623	cell	part_of(CL:0000019)
GO:0005929	cilium	part_of(CL:0000019)
GO:0045121	membrane raft	part_of(CL:0000019)
GO:0002080	acrosomal membrane	part_of(CL:0000019)
GO:0036126	sperm flagellum	part_of(CL:0000019)
GO:0097225	sperm midpiece	part_of(CL:0000019)
GO:0005930	axoneme	part_of(CL:0000019)
GO:0005813	centrosome	part_of(CL:0000019)
GO:0009897	external side of plasma membrane	part_of(CL:0000019)
GO:0097226	sperm mitochondrial sheath	part_of(CL:0000019)
GO:0005634	nucleus	part_of(CL:0000019)
GO:0043234	protein complex	part_of(CL:0000019)
GO:0031588	nucleotide-activated protein kinase complex	part_of(CL:0000019)
GO:0005634	nucleus	part_of(CL:0000020
GO:0005737	cytoplasm	part_of(CL:0000020
GO:0005634	nucleus	part_of(CL:0000020
GO:0005634	nucleus	part_of(CL:0000020)
GO:0005634	nucleus	part_of(CL:0000020)
GO:0005634	nucleus	part_of(CL:0000020)
GO:0005634	nucleus	part_of(CL:0000020)
GO:0005737	cytoplasm	part_of(CL:0000020)
GO:0005737	cytoplasm	part_of(CL:0000020)
GO:0005719	nuclear euchromatin	part_of(CL:0000020)
GO:0005634	nucleus	part_of(CL:0000020)
GO:0000776	kinetochore	part_of(CL:0000020)
GO:0005737	cytoplasm	part_of(CL:0000020)
GO:0005634	nucleus	part_of(CL:0000020)
GO:0005737	cytoplasm	part_of(CL:0000020)
GO:0005737	cytoplasm	part_of(CL:0000020)
GO:1990023	mitotic spindle midzone	part_of(CL:0000020)
GO:0005634	nucleus	part_of(CL:0000020)
GO:0005634	nucleus	part_of(CL:0000020)
GO:0001673	male germ cell nucleus	part_of(CL:0000020)
GO:0005634	nucleus	part_of(CL:0000020)
GO:0005737	cytoplasm	part_of(CL:0000020)
GO:0005814	centriole	part_of(CL:0000020)
GO:0005737	cytoplasm	part_of(CL:0000020)
GO:0005814	centriole	part_of(CL:0000020)
GO:0005737	cytoplasm	part_of(CL:0000021)
GO:0005634	nucleus	part_of(CL:0000021)
GO:0000794	condensed nuclear chromosome	part_of(CL:0000021)
GO:0005737	cytoplasm	part_of(CL:0000022)
GO:0016607	nuclear speck	part_of(CL:0000023
GO:0005623	cell	part_of(CL:0000023
GO:0005737	cytoplasm	part_of(CL:0000023
GO:0045727	positive regulation of translation	part_of(CL:0000023
GO:0045727	positive regulation of translation	part_of(CL:0000023
GO:0045727	positive regulation of translation	part_of(CL:0000023
GO:0005737	cytoplasm	part_of(CL:0000023
GO:0005737	cytoplasm	part_of(CL:0000023
GO:0005829	cytosol	part_of(CL:0000023)
GO:0000794	condensed nuclear chromosome	part_of(CL:0000023)
GO:0032154	cleavage furrow	part_of(CL:0000023)
GO:0005938	cell cortex	part_of(CL:0000023)
GO:0000801	central element	part_of(CL:0000023)
GO:0016607	nuclear speck	part_of(CL:0000023)
GO:0005634	nucleus	part_of(CL:0000023)
GO:0005634	nucleus	part_of(CL:0000023)
GO:0005737	cytoplasm	part_of(CL:0000023)
GO:0000793	condensed chromosome	part_of(CL:0000023)
GO:0005737	cytoplasm	part_of(CL:0000023)
GO:0034991	nuclear meiotic cohesin complex	part_of(CL:0000023)
GO:0001939	female pronucleus	part_of(CL:0000023)
GO:0005737	cytoplasm	part_of(CL:0000023)
GO:0005819	spindle	part_of(CL:0000023)
GO:0005874	microtubule	part_of(CL:0000023)
GO:0032389	MutLalpha complex	part_of(CL:0000023)
GO:0045495	pole plasm	part_of(CL:0000023)
GO:0005694	chromosome	part_of(CL:0000023)
GO:0070938	contractile ring	part_of(CL:0000023)
GO:0005737	cytoplasm	part_of(CL:0000023)
GO:0071254	cytoplasmic U snRNP body	part_of(CL:0000023)
GO:0005634	nucleus	part_of(CL:0000023)
GO:0005737	cytoplasm	part_of(CL:0000023)
GO:0016020	membrane	part_of(CL:0000023)
GO:0005813	centrosome	part_of(CL:0000023)
GO:0005634	nucleus	part_of(CL:0000023)
GO:0005694	chromosome	part_of(CL:0000023)
GO:0000800	lateral element	part_of(CL:0000023)
GO:0000796	condensin complex	part_of(CL:0000023)
GO:0005886	plasma membrane	part_of(CL:0000023)
GO:0030496	midbody	part_of(CL:0000023)
GO:0072687	meiotic spindle	part_of(CL:0000023)
GO:0030478	actin cap	part_of(CL:0000023)
GO:0000793	condensed chromosome	part_of(CL:0000023)
GO:0005634	nucleus	part_of(CL:0000023)
GO:0005634	nucleus	part_of(CL:0000023)
GO:0031982	vesicle	part_of(CL:0000023)
GO:0005730	nucleolus	part_of(CL:0000023)
GO:0030863	cortical cytoskeleton	part_of(CL:0000023)
GO:0042585	germinal vesicle	part_of(CL:0000023)
GO:0005737	cytoplasm	part_of(CL:0000023)
GO:0000795	synaptonemal complex	part_of(CL:0000023)
GO:0005737	cytoplasm	part_of(CL:0000023)
GO:0005737	cytoplasm	part_of(CL:0000023)
GO:0005829	cytosol	part_of(CL:0000023)
GO:0000785	chromatin	part_of(CL:0000023)
GO:0042564	NLS-dependent protein nuclear import complex	part_of(CL:0000023)
GO:0005783	endoplasmic reticulum	part_of(CL:0000023)
GO:0005634	nucleus	part_of(CL:0000023)
GO:0005623	cell	part_of(CL:0000023)
GO:0005737	cytoplasm	part_of(CL:0000023)
GO:0005634	nucleus	part_of(CL:0000023)
GO:0005634	nucleus	part_of(CL:0000023)
GO:0000794	condensed nuclear chromosome	part_of(CL:0000023)
GO:0005737	cytoplasm	part_of(CL:0000023)
GO:0000780	condensed nuclear chromosome, centromeric region	part_of(CL:0000023)
GO:0016459	myosin complex	part_of(CL:0000023)
GO:0015630	microtubule cytoskeleton	part_of(CL:0000023)
GO:0005737	cytoplasm	part_of(CL:0000023)
GO:0070938	contractile ring	part_of(CL:0000023)
GO:0000780	condensed nuclear chromosome, centromeric region	part_of(CL:0000023)
GO:0005654	nucleoplasm	part_of(CL:0000023)
GO:0016020	membrane	part_of(CL:0000023)
GO:0000793	condensed chromosome	part_of(CL:0000023)
GO:0005737	cytoplasm	part_of(CL:0000023)
GO:0060473	cortical granule	part_of(CL:0000023)
GO:0005771	multivesicular body	part_of(CL:0000023)
GO:0001674	female germ cell nucleus	part_of(CL:0000023)
GO:0001674	female germ cell nucleus	part_of(CL:0000023)
GO:0005634	nucleus	part_of(CL:0000023)
GO:0005938	cell cortex	part_of(CL:0000023)
GO:0005635	nuclear envelope	part_of(CL:0000023)
GO:0032300	mismatch repair complex	part_of(CL:0000023)
GO:0005622	intracellular	part_of(CL:0000023)
GO:0005938	cell cortex	part_of(CL:0000023)
GO:0005737	cytoplasm	part_of(CL:0000024)
GO:0005623	cell	part_of(CL:0000025
GO:0005623	cell	part_of(CL:0000025
GO:0005623	cell	part_of(CL:0000025
GO:0005615	extracellular space	part_of(CL:0000025)
GO:0051233	spindle midzone	part_of(CL:0000025)
GO:0005938	cell cortex	part_of(CL:0000025)
GO:0005737	cytoplasm	part_of(CL:0000025)
GO:0060473	cortical granule	part_of(CL:0000025)
GO:0005829	cytosol	part_of(CL:0000025)
GO:0009898	cytoplasmic side of plasma membrane	part_of(CL:0000025)
GO:0009897	external side of plasma membrane	part_of(CL:0000025)
GO:0005737	cytoplasm	part_of(CL:0000025)
GO:0005938	cell cortex	part_of(CL:0000025)
GO:0005623	cell	part_of(CL:0000025)
GO:0005635	nuclear envelope	part_of(CL:0000025)
GO:0005938	cell cortex	part_of(CL:0000025)
GO:0098595	perivitelline space	part_of(CL:0000025)
GO:0005737	cytoplasm	part_of(CL:0000026
GO:0005634	nucleus	part_of(CL:0000026)
GO:0005737	cytoplasm	part_of(CL:0000026)
GO:0071254	cytoplasmic U snRNP body	part_of(CL:0000026)
GO:0097504	Gemini of coiled bodies	part_of(CL:0000026)
GO:0048471	perinuclear region of cytoplasm	part_of(CL:0000026)
GO:0005737	cytoplasm	part_of(CL:0000026)
GO:0005737	cytoplasm	part_of(CL:0000026)
GO:0005938	cell cortex	part_of(CL:0000026)
GO:0005883	neurofilament	part_of(CL:0000029)
GO:0005883	neurofilament	part_of(CL:0000029)
GO:0005883	neurofilament	part_of(CL:0000029)
GO:0043005	neuron projection	part_of(CL:0000029)
GO:0048471	perinuclear region of cytoplasm	part_of(CL:0000030)
GO:0031410	cytoplasmic vesicle	part_of(CL:0000030)
GO:0036464	cytoplasmic ribonucleoprotein granule	part_of(CL:0000031
GO:0036464	cytoplasmic ribonucleoprotein granule	part_of(CL:0000031
GO:0051233	spindle midzone	part_of(CL:0000031)
GO:0016604	nuclear body	part_of(CL:0000031)
GO:0005737	cytoplasm	part_of(CL:0000031)
GO:0005794	Golgi apparatus	part_of(CL:0000031)
GO:0009897	external side of plasma membrane	part_of(CL:0000031)
GO:0031467	Cul7-RING ubiquitin ligase complex	part_of(CL:0000031)
GO:0036464	cytoplasmic ribonucleoprotein granule	part_of(CL:0000031)
GO:0005737	cytoplasm	part_of(CL:0000031)
GO:0005783	endoplasmic reticulum	part_of(CL:0000031)
GO:0005634	nucleus	part_of(CL:0000031)
GO:0005634	nucleus	part_of(CL:0000031)
GO:0005634	nucleus	part_of(CL:0000031)
GO:0044297	cell body	part_of(CL:0000031)
GO:0005634	nucleus	part_of(CL:0000031)
GO:0005634	nucleus	part_of(CL:0000031)
GO:0016020	membrane	part_of(CL:0000031)
GO:0030175	filopodium	part_of(CL:0000031)
GO:0015630	microtubule cytoskeleton	part_of(CL:0000031)
GO:0036464	cytoplasmic ribonucleoprotein granule	part_of(CL:0000031)
GO:0030425	dendrite	part_of(CL:0000031)
GO:0009897	external side of plasma membrane	part_of(CL:0000031)
GO:0005634	nucleus	part_of(CL:0000031)
GO:0030136	clathrin-coated vesicle	part_of(CL:0000031)
GO:0005634	nucleus	part_of(CL:0000031)
GO:0005623	cell	part_of(CL:0000031)
GO:0005829	cytosol	part_of(CL:0000032
GO:0005623	cell	part_of(CL:0000032
GO:0005886	plasma membrane	part_of(CL:0000032
GO:0005737	cytoplasm	part_of(CL:0000032)
GO:0043005	neuron projection	part_of(CL:0000032)
GO:0044297	cell body	part_of(CL:0000032)
GO:0005886	plasma membrane	part_of(CL:0000032)
GO:0005913	cell-cell adherens junction	part_of(CL:0000032)
GO:0005623	cell	part_of(CL:0000032)
GO:0009986	cell surface	part_of(CL:0000032)
GO:0005930	axoneme	part_of(CL:0000032)
GO:0009897	external side of plasma membrane	part_of(CL:0000034)
GO:0005737	cytoplasm	part_of(CL:0000034)
GO:0005886	plasma membrane	part_of(CL:0000034)
GO:0009897	external side of plasma membrane	part_of(CL:0000037)
GO:0030496	midbody	part_of(CL:0000038)
GO:0042995	cell projection	part_of(CL:0000038)
GO:0005737	cytoplasm	part_of(CL:0000039)
GO:0005737	cytoplasm	part_of(CL:0000039)
GO:0043186	P granule	part_of(CL:0000039)
GO:0000795	synaptonemal complex	part_of(CL:0000039)
GO:0033391	chromatoid body	part_of(CL:0000039)
GO:0005615	extracellular space	part_of(CL:0000041)
GO:0005737	cytoplasm	part_of(CL:0000043)
GO:0030141	secretory granule	part_of(CL:0000043)
GO:0005813	centrosome	part_of(CL:0000047
GO:0005737	cytoplasm	part_of(CL:0000047)
GO:0070062	extracellular exosome	part_of(CL:0000047)
GO:0005634	nucleus	part_of(CL:0000047)
GO:0016607	nuclear speck	part_of(CL:0000047)
GO:0005719	nuclear euchromatin	part_of(CL:0000047)
GO:0016324	apical plasma membrane	part_of(CL:0000047)
GO:0005634	nucleus	part_of(CL:0000047)
GO:0016324	apical plasma membrane	part_of(CL:0000047)
GO:0005886	plasma membrane	part_of(CL:0000047)
GO:0005634	nucleus	part_of(CL:0000055)
GO:0005634	nucleus	part_of(CL:0000056
GO:0006606	protein import into nucleus	part_of(CL:0000056
GO:0009986	cell surface	part_of(CL:0000056
GO:2001015	negative regulation of skeletal muscle cell differentiation	part_of(CL:0000056)
GO:0005737	cytoplasm	part_of(CL:0000056)
GO:0005886	plasma membrane	part_of(CL:0000056)
GO:0005938	cell cortex	part_of(CL:0000056)
GO:0005829	cytosol	part_of(CL:0000056)
GO:0005635	nuclear envelope	part_of(CL:0000056)
GO:0016605	PML body	part_of(CL:0000056)
GO:0031982	vesicle	part_of(CL:0000056)
GO:0001725	stress fiber	part_of(CL:0000056)
GO:0015629	actin cytoskeleton	part_of(CL:0000056)
GO:0005925	focal adhesion	part_of(CL:0000056)
GO:0005634	nucleus	part_of(CL:0000056)
GO:0051148	negative regulation of muscle cell differentiation	part_of(CL:0000056)
GO:0044291	cell-cell contact zone	part_of(CL:0000056)
GO:0005737	cytoplasm	part_of(CL:0000056)
GO:0005634	nucleus	part_of(CL:0000057
GO:0005764	lysosome	part_of(CL:0000057
GO:0048471	perinuclear region of cytoplasm	part_of(CL:0000057
GO:0005801	cis-Golgi network	part_of(CL:0000057)
GO:0030991	intraciliary transport particle A	part_of(CL:0000057)
GO:0000784	nuclear chromosome, telomeric region	part_of(CL:0000057)
GO:0045121	membrane raft	part_of(CL:0000057)
GO:0016363	nuclear matrix	part_of(CL:0000057)
GO:0005789	endoplasmic reticulum membrane	part_of(CL:0000057)
GO:0036064	ciliary basal body	part_of(CL:0000057)
GO:0005887	integral component of plasma membrane	part_of(CL:0000057)
GO:0005622	intracellular	part_of(CL:0000057)
GO:0005925	focal adhesion	part_of(CL:0000057)
GO:0097542	ciliary tip	part_of(CL:0000057)
GO:0005654	nucleoplasm	part_of(CL:0000057)
GO:0005794	Golgi apparatus	part_of(CL:0000057)
GO:0005886	plasma membrane	part_of(CL:0000057)
GO:0043293	apoptosome	part_of(CL:0000057)
GO:0005768	endosome	part_of(CL:0000057)
GO:0097542	ciliary tip	part_of(CL:0000057)
GO:0015629	actin cytoskeleton	part_of(CL:0000057)
GO:0035371	microtubule plus-end	part_of(CL:0000057)
GO:0005739	mitochondrion	part_of(CL:0000057)
GO:0031012	extracellular matrix	part_of(CL:0000057)
GO:0009986	cell surface	part_of(CL:0000057)
GO:0097539	ciliary transition fiber	part_of(CL:0000057)
GO:0090544	BAF-type complex	part_of(CL:0000057)
GO:0043240	Fanconi anaemia nuclear complex	part_of(CL:0000057)
GO:0016605	PML body	part_of(CL:0000057)
GO:0005737	cytoplasm	part_of(CL:0000057)
GO:0005739	mitochondrion	part_of(CL:0000057)
GO:0030176	integral component of endoplasmic reticulum membrane	part_of(CL:0000057)
GO:0005925	focal adhesion	part_of(CL:0000057)
GO:0005737	cytoplasm	part_of(CL:0000057)
GO:0005764	lysosome	part_of(CL:0000057)
GO:0001652	granular component	part_of(CL:0000057)
GO:0031941	filamentous actin	part_of(CL:0000057)
GO:0035371	microtubule plus-end	part_of(CL:0000057)
GO:0042995	cell projection	part_of(CL:0000057)
GO:0036449	microtubule minus-end	part_of(CL:0000057)
GO:0005813	centrosome	part_of(CL:0000057)
GO:0034451	centriolar satellite	part_of(CL:0000057)
GO:0000779	condensed chromosome, centromeric region	part_of(CL:0000057)
GO:0016020	membrane	part_of(CL:0000057)
GO:0001726	ruffle	part_of(CL:0000057)
GO:0048471	perinuclear region of cytoplasm	part_of(CL:0000057)
GO:1900026	positive regulation of substrate adhesion-dependent cell spreading	part_of(CL:0000057)
GO:0031410	cytoplasmic vesicle	part_of(CL:0000057)
GO:0005814	centriole	part_of(CL:0000057)
GO:0031982	vesicle	part_of(CL:0000057)
GO:0005770	late endosome	part_of(CL:0000057)
GO:0016020	membrane	part_of(CL:0000057)
GO:0036064	ciliary basal body	part_of(CL:0000057)
GO:0030140	trans-Golgi network transport vesicle	part_of(CL:0000057)
GO:0097546	ciliary base	part_of(CL:0000057)
GO:0032587	ruffle membrane	part_of(CL:0000057)
GO:0005814	centriole	part_of(CL:0000057)
GO:0005634	nucleus	part_of(CL:0000057)
GO:0016607	nuclear speck	part_of(CL:0000057)
GO:0016607	nuclear speck	part_of(CL:0000057)
GO:0030027	lamellipodium	part_of(CL:0000057)
GO:0009897	external side of plasma membrane	part_of(CL:0000057)
GO:0005635	nuclear envelope	part_of(CL:0000057)
GO:0005737	cytoplasm	part_of(CL:0000057)
GO:0005777	peroxisome	part_of(CL:0000057)
GO:0005739	mitochondrion	part_of(CL:0000057)
GO:0005813	centrosome	part_of(CL:0000057)
GO:0005913	cell-cell adherens junction	part_of(CL:0000057)
GO:0005930	axoneme	part_of(CL:0000057)
GO:0071953	elastic fiber	part_of(CL:0000057)
GO:0005737	cytoplasm	part_of(CL:0000057)
GO:0005737	cytoplasm	part_of(CL:0000057)
GO:0001725	stress fiber	part_of(CL:0000057)
GO:0005739	mitochondrion	part_of(CL:0000057)
GO:0005634	nucleus	part_of(CL:0000057)
GO:0005764	lysosome	part_of(CL:0000057)
GO:0005829	cytosol	part_of(CL:0000057)
GO:0005802	trans-Golgi network	part_of(CL:0000057)
GO:0005925	focal adhesion	part_of(CL:0000057)
GO:0045121	membrane raft	part_of(CL:0000057)
GO:0000407	pre-autophagosomal structure	part_of(CL:0000057)
GO:0035869	ciliary transition zone	part_of(CL:0000057)
GO:0016607	nuclear speck	part_of(CL:0000057)
GO:0001725	stress fiber	part_of(CL:0000057)
GO:0005643	nuclear pore	part_of(CL:0000057)
GO:0097342	ripoptosome	part_of(CL:0000057)
GO:0005911	cell-cell junction	part_of(CL:0000057)
GO:2000394	positive regulation of lamellipodium morphogenesis	part_of(CL:0000057)
GO:0036064	ciliary basal body	part_of(CL:0000057)
GO:0005654	nucleoplasm	part_of(CL:0000057)
GO:0000502	proteasome complex	part_of(CL:0000057)
GO:0005783	endoplasmic reticulum	part_of(CL:0000057)
GO:0005740	mitochondrial envelope	part_of(CL:0000057)
GO:0005730	nucleolus	part_of(CL:0000057)
GO:0005901	caveola	part_of(CL:0000057)
GO:0005615	extracellular space	part_of(CL:0000057)
GO:0005901	caveola	part_of(CL:0000057)
GO:0005777	peroxisome	part_of(CL:0000057)
GO:0005634	nucleus	part_of(CL:0000057)
GO:0005634	nucleus	part_of(CL:0000057)
GO:1902856	negative regulation of non-motile cilium assembly	part_of(CL:0000057)
GO:0005764	lysosome	part_of(CL:0000057)
GO:0005881	cytoplasmic microtubule	part_of(CL:0000057)
GO:0005578	proteinaceous extracellular matrix	part_of(CL:0000057)
GO:0000421	autophagosome membrane	part_of(CL:0000057)
GO:0005778	peroxisomal membrane	part_of(CL:0000057)
GO:0031012	extracellular matrix	part_of(CL:0000057)
GO:0005768	endosome	part_of(CL:0000057)
GO:0005829	cytosol	part_of(CL:0000057)
GO:0005737	cytoplasm	part_of(CL:0000057)
GO:0005765	lysosomal membrane	part_of(CL:0000057)
GO:0031902	late endosome membrane	part_of(CL:0000057)
GO:0005929	cilium	part_of(CL:0000057)
GO:0000790	nuclear chromatin	part_of(CL:0000057)
GO:0005794	Golgi apparatus	part_of(CL:0000057)
GO:0039507	suppression by virus of host molecular function	part_of(CL:0000057)
GO:0005730	nucleolus	part_of(CL:0000057)
GO:0005634	nucleus	part_of(CL:0000057)
GO:0016235	aggresome	part_of(CL:0000057)
GO:0005815	microtubule organizing center	part_of(CL:0000057)
GO:0031012	extracellular matrix	part_of(CL:0000057)
GO:0001725	stress fiber	part_of(CL:0000057)
GO:0048041	focal adhesion assembly	part_of(CL:0000057)
GO:0005737	cytoplasm	part_of(CL:0000057)
GO:0000776	kinetochore	part_of(CL:0000057)
GO:0009897	external side of plasma membrane	part_of(CL:0000057)
GO:0009897	external side of plasma membrane	part_of(CL:0000057)
GO:0009897	external side of plasma membrane	part_of(CL:0000057)
GO:0002102	podosome	part_of(CL:0000057)
GO:0005769	early endosome	part_of(CL:0000057)
GO:0005581	collagen trimer	part_of(CL:0000057)
GO:0005886	plasma membrane	part_of(CL:0000057)
GO:0016607	nuclear speck	part_of(CL:0000057)
GO:0035869	ciliary transition zone	part_of(CL:0000057)
GO:0031965	nuclear membrane	part_of(CL:0000057)
GO:0097546	ciliary base	part_of(CL:0000057)
GO:0030864	cortical actin cytoskeleton	part_of(CL:0000057)
GO:0005777	peroxisome	part_of(CL:0000057)
GO:0005623	cell	part_of(CL:0000059
GO:0005829	cytosol	part_of(CL:0000059)
GO:0005634	nucleus	part_of(CL:0000059)
GO:0005737	cytoplasm	part_of(CL:0000059)
GO:0005634	nucleus	part_of(CL:0000059)
GO:0005576	extracellular region	part_of(CL:0000059)
GO:0005737	cytoplasm	part_of(CL:0000059)
GO:0005886	plasma membrane	part_of(CL:0000059)
GO:0043231	intracellular membrane-bounded organelle	part_of(CL:0000059)
GO:0016323	basolateral plasma membrane	part_of(CL:0000059)
GO:0042476	odontogenesis	part_of(CL:0000059)
GO:0005911	cell-cell junction	part_of(CL:0000059)
GO:0071944	cell periphery	part_of(CL:0000059)
GO:0005623	cell	part_of(CL:0000060
GO:0005634	nucleus	part_of(CL:0000060)
GO:0005737	cytoplasm	part_of(CL:0000060)
GO:0005634	nucleus	part_of(CL:0000062)
GO:0005783	endoplasmic reticulum	part_of(CL:0000062)
GO:0005794	Golgi apparatus	part_of(CL:0000062)
GO:0005737	cytoplasm	part_of(CL:0000062)
GO:0048471	perinuclear region of cytoplasm	part_of(CL:0000062)
GO:0005737	cytoplasm	part_of(CL:0000062)
GO:0005615	extracellular space	part_of(CL:0000062)
GO:0009897	external side of plasma membrane	part_of(CL:0000062)
GO:0016020	membrane	part_of(CL:0000062)
GO:0035869	ciliary transition zone	part_of(CL:0000064
GO:0005929	cilium	part_of(CL:0000064)
GO:0005930	axoneme	part_of(CL:0000064)
GO:0005930	axoneme	part_of(CL:0000064)
GO:0036064	ciliary basal body	part_of(CL:0000064)
GO:0036064	ciliary basal body	part_of(CL:0000064)
GO:0036064	ciliary basal body	part_of(CL:0000064)
GO:0045177	apical part of cell	part_of(CL:0000065)
GO:0060170	ciliary membrane	part_of(CL:0000065)
GO:0005929	cilium	part_of(CL:0000065)
GO:0005623	cell	part_of(CL:0000065)
GO:0005930	axoneme	part_of(CL:0000065)
GO:0044297	cell body	part_of(CL:0000065)
GO:0005911	cell-cell junction	part_of(CL:0000065)
GO:0005929	cilium	part_of(CL:0000065)
GO:0031528	microvillus membrane	part_of(CL:0000065)
GO:0036064	ciliary basal body	part_of(CL:0000065)
GO:0005764	lysosome	part_of(CL:0000066
GO:0005737	cytoplasm	part_of(CL:0000066
GO:0005634	nucleus	part_of(CL:0000066
GO:0005623	cell	part_of(CL:0000066
GO:0005737	cytoplasm	part_of(CL:0000066
GO:0005737	cytoplasm	part_of(CL:0000066
GO:0016328	lateral plasma membrane	part_of(CL:0000066
GO:0009925	basal plasma membrane	part_of(CL:0000066
GO:0009925	basal plasma membrane	part_of(CL:0000066
GO:0031982	vesicle	part_of(CL:0000066
GO:0005874	microtubule	part_of(CL:0000066
GO:0016328	lateral plasma membrane	part_of(CL:0000066
GO:0005737	cytoplasm	part_of(CL:0000066
GO:0005737	cytoplasm	part_of(CL:0000066
GO:0016323	basolateral plasma membrane	part_of(CL:0000066
GO:0005623	cell	part_of(CL:0000066
GO:0016328	lateral plasma membrane	part_of(CL:0000066
GO:0016328	lateral plasma membrane	part_of(CL:0000066
GO:0005764	lysosome	part_of(CL:0000066
GO:0005829	cytosol	part_of(CL:0000066
GO:0005623	cell	part_of(CL:0000066
GO:0005923	bicellular tight junction	part_of(CL:0000066
GO:0016328	lateral plasma membrane	part_of(CL:0000066
GO:0016323	basolateral plasma membrane	part_of(CL:0000066
GO:0005886	plasma membrane	part_of(CL:0000066
GO:0031410	cytoplasmic vesicle	part_of(CL:0000066
GO:0016020	membrane	part_of(CL:0000066
GO:0005886	plasma membrane	part_of(CL:0000066
GO:0016323	basolateral plasma membrane	part_of(CL:0000066
GO:0045177	apical part of cell	part_of(CL:0000066
GO:0005634	nucleus	part_of(CL:0000066
GO:0009897	external side of plasma membrane	part_of(CL:0000066)
GO:0005938	cell cortex	part_of(CL:0000066)
GO:0005929	cilium	part_of(CL:0000066)
GO:0005634	nucleus	part_of(CL:0000066)
GO:0005737	cytoplasm	part_of(CL:0000066)
GO:0005737	cytoplasm	part_of(CL:0000066)
GO:0005737	cytoplasm	part_of(CL:0000066)
GO:0005814	centriole	part_of(CL:0000066)
GO:0016324	apical plasma membrane	part_of(CL:0000066)
GO:0005634	nucleus	part_of(CL:0000066)
GO:0005634	nucleus	part_of(CL:0000066)
GO:0016020	membrane	part_of(CL:0000066)
GO:0005604	basement membrane	part_of(CL:0000066)
GO:0005634	nucleus	part_of(CL:0000066)
GO:0005634	nucleus	part_of(CL:0000066)
GO:0005634	nucleus	part_of(CL:0000066)
GO:0005634	nucleus	part_of(CL:0000066)
GO:0005634	nucleus	part_of(CL:0000066)
GO:0005576	extracellular region	part_of(CL:0000066)
GO:0005886	plasma membrane	part_of(CL:0000066)
GO:0005634	nucleus	part_of(CL:0000066)
GO:0016327	apicolateral plasma membrane	part_of(CL:0000066)
GO:0005634	nucleus	part_of(CL:0000066)
GO:0005634	nucleus	part_of(CL:0000066)
GO:0005634	nucleus	part_of(CL:0000066)
GO:0005634	nucleus	part_of(CL:0000066)
GO:0005634	nucleus	part_of(CL:0000066)
GO:0005634	nucleus	part_of(CL:0000066)
GO:0005634	nucleus	part_of(CL:0000066)
GO:0005634	nucleus	part_of(CL:0000066)
GO:0005634	nucleus	part_of(CL:0000066)
GO:0005634	nucleus	part_of(CL:0000066)
GO:0005634	nucleus	part_of(CL:0000066)
GO:0005634	nucleus	part_of(CL:0000066)
GO:0005634	nucleus	part_of(CL:0000066)
GO:0005634	nucleus	part_of(CL:0000066)
GO:0005634	nucleus	part_of(CL:0000066)
GO:0005634	nucleus	part_of(CL:0000066)
GO:0005634	nucleus	part_of(CL:0000066)
GO:0005634	nucleus	part_of(CL:0000066)
GO:0005634	nucleus	part_of(CL:0000066)
GO:0005634	nucleus	part_of(CL:0000066)
GO:0005634	nucleus	part_of(CL:0000066)
GO:0005634	nucleus	part_of(CL:0000066)
GO:0005634	nucleus	part_of(CL:0000066)
GO:0005634	nucleus	part_of(CL:0000066)
GO:0005634	nucleus	part_of(CL:0000066)
GO:0005634	nucleus	part_of(CL:0000066)
GO:0005634	nucleus	part_of(CL:0000066)
GO:0005634	nucleus	part_of(CL:0000066)
GO:0005634	nucleus	part_of(CL:0000066)
GO:0005634	nucleus	part_of(CL:0000066)
GO:0005634	nucleus	part_of(CL:0000066)
GO:0005634	nucleus	part_of(CL:0000066)
GO:0016323	basolateral plasma membrane	part_of(CL:0000066)
GO:0045177	apical part of cell	part_of(CL:0000066)
GO:0016323	basolateral plasma membrane	part_of(CL:0000066)
GO:0016323	basolateral plasma membrane	part_of(CL:0000066)
GO:0005737	cytoplasm	part_of(CL:0000066)
GO:0005737	cytoplasm	part_of(CL:0000066)
GO:0005737	cytoplasm	part_of(CL:0000066)
GO:0005737	cytoplasm	part_of(CL:0000066)
GO:0005737	cytoplasm	part_of(CL:0000066)
GO:0005604	basement membrane	part_of(CL:0000066)
GO:0016323	basolateral plasma membrane	part_of(CL:0000066)
GO:0016328	lateral plasma membrane	part_of(CL:0000066)
GO:0005886	plasma membrane	part_of(CL:0000066)
GO:0005886	plasma membrane	part_of(CL:0000066)
GO:0005886	plasma membrane	part_of(CL:0000066)
GO:0005886	plasma membrane	part_of(CL:0000066)
GO:0005886	plasma membrane	part_of(CL:0000066)
GO:0005886	plasma membrane	part_of(CL:0000066)
GO:0016323	basolateral plasma membrane	part_of(CL:0000066)
GO:0045177	apical part of cell	part_of(CL:0000066)
GO:0045177	apical part of cell	part_of(CL:0000066)
GO:0045177	apical part of cell	part_of(CL:0000066)
GO:0005623	cell	part_of(CL:0000066)
GO:0005623	cell	part_of(CL:0000066)
GO:0032432	actin filament bundle	part_of(CL:0000066)
GO:0045121	membrane raft	part_of(CL:0000066)
GO:0005901	caveola	part_of(CL:0000066)
GO:0005634	nucleus	part_of(CL:0000066)
GO:0005911	cell-cell junction	part_of(CL:0000066)
GO:0009986	cell surface	part_of(CL:0000066)
GO:0005634	nucleus	part_of(CL:0000066)
GO:0045177	apical part of cell	part_of(CL:0000066)
GO:0032421	stereocilium bundle	part_of(CL:0000066)
GO:0005634	nucleus	part_of(CL:0000066)
GO:0005764	lysosome	part_of(CL:0000066)
GO:0005813	centrosome	part_of(CL:0000066)
GO:0045177	apical part of cell	part_of(CL:0000066)
GO:0005923	bicellular tight junction	part_of(CL:0000066)
GO:0005923	bicellular tight junction	part_of(CL:0000066)
GO:0005923	bicellular tight junction	part_of(CL:0000066)
GO:0005923	bicellular tight junction	part_of(CL:0000066)
GO:0005923	bicellular tight junction	part_of(CL:0000066)
GO:0005634	nucleus	part_of(CL:0000066)
GO:0071944	cell periphery	part_of(CL:0000066)
GO:0005923	bicellular tight junction	part_of(CL:0000066)
GO:0005923	bicellular tight junction	part_of(CL:0000066)
GO:0005634	nucleus	part_of(CL:0000066)
GO:0005634	nucleus	part_of(CL:0000066)
GO:0005737	cytoplasm	part_of(CL:0000066)
GO:0070381	endosome to plasma membrane transport vesicle	part_of(CL:0000066)
GO:0009986	cell surface	part_of(CL:0000066)
GO:0009986	cell surface	part_of(CL:0000066)
GO:0045121	membrane raft	part_of(CL:0000066)
GO:0005737	cytoplasm	part_of(CL:0000066)
GO:0005604	basement membrane	part_of(CL:0000066)
GO:0005634	nucleus	part_of(CL:0000066)
GO:0005634	nucleus	part_of(CL:0000066)
GO:0005634	nucleus	part_of(CL:0000066)
GO:0005923	bicellular tight junction	part_of(CL:0000066)
GO:0005634	nucleus	part_of(CL:0000066)
GO:0016323	basolateral plasma membrane	part_of(CL:0000066)
GO:0005634	nucleus	part_of(CL:0000066)
GO:0005634	nucleus	part_of(CL:0000066)
GO:0005634	nucleus	part_of(CL:0000066)
GO:0005634	nucleus	part_of(CL:0000066)
GO:0005911	cell-cell junction	part_of(CL:0000066)
GO:0045177	apical part of cell	part_of(CL:0000066)
GO:0030141	secretory granule	part_of(CL:0000066)
GO:0031252	cell leading edge	part_of(CL:0000066)
GO:0005604	basement membrane	part_of(CL:0000066)
GO:0005604	basement membrane	part_of(CL:0000066)
GO:0005604	basement membrane	part_of(CL:0000066)
GO:0005634	nucleus	part_of(CL:0000066)
GO:0005634	nucleus	part_of(CL:0000066)
GO:0005886	plasma membrane	part_of(CL:0000066)
GO:0045177	apical part of cell	part_of(CL:0000066)
GO:0005911	cell-cell junction	part_of(CL:0000066)
GO:0005911	cell-cell junction	part_of(CL:0000066)
GO:0005911	cell-cell junction	part_of(CL:0000066)
GO:0005886	plasma membrane	part_of(CL:0000066)
GO:0005737	cytoplasm	part_of(CL:0000066)
GO:0045177	apical part of cell	part_of(CL:0000066)
GO:0005634	nucleus	part_of(CL:0000066)
GO:0009925	basal plasma membrane	part_of(CL:0000066)
GO:0005923	bicellular tight junction	part_of(CL:0000066)
GO:0005923	bicellular tight junction	part_of(CL:0000066)
GO:0016324	apical plasma membrane	part_of(CL:0000066)
GO:0005634	nucleus	part_of(CL:0000066)
GO:0009925	basal plasma membrane	part_of(CL:0000066)
GO:0097730	non-motile cilium	part_of(CL:0000066)
GO:0016323	basolateral plasma membrane	part_of(CL:0000066)
GO:0005634	nucleus	part_of(CL:0000066)
GO:0005634	nucleus	part_of(CL:0000066)
GO:0005634	nucleus	part_of(CL:0000066)
GO:0005634	nucleus	part_of(CL:0000066)
GO:0005737	cytoplasm	part_of(CL:0000066)
GO:0005634	nucleus	part_of(CL:0000066)
GO:0005634	nucleus	part_of(CL:0000066)
GO:0005634	nucleus	part_of(CL:0000066)
GO:0016323	basolateral plasma membrane	part_of(CL:0000066)
GO:0005634	nucleus	part_of(CL:0000066)
GO:0005634	nucleus	part_of(CL:0000066)
GO:0016323	basolateral plasma membrane	part_of(CL:0000066)
GO:0005923	bicellular tight junction	part_of(CL:0000066)
GO:0005923	bicellular tight junction	part_of(CL:0000066)
GO:0005886	plasma membrane	part_of(CL:0000066)
GO:0005634	nucleus	part_of(CL:0000066)
GO:0016324	apical plasma membrane	part_of(CL:0000066)
GO:0016324	apical plasma membrane	part_of(CL:0000066)
GO:0005925	focal adhesion	part_of(CL:0000066)
GO:0005794	Golgi apparatus	part_of(CL:0000066)
GO:0005615	extracellular space	part_of(CL:0000066)
GO:0005737	cytoplasm	part_of(CL:0000066)
GO:0005737	cytoplasm	part_of(CL:0000066)
GO:0005737	cytoplasm	part_of(CL:0000066)
GO:0005737	cytoplasm	part_of(CL:0000066)
GO:0016323	basolateral plasma membrane	part_of(CL:0000066)
GO:0005737	cytoplasm	part_of(CL:0000066)
GO:0005634	nucleus	part_of(CL:0000066)
GO:0005634	nucleus	part_of(CL:0000066)
GO:0005634	nucleus	part_of(CL:0000066)
GO:0005634	nucleus	part_of(CL:0000066)
GO:0005634	nucleus	part_of(CL:0000066)
GO:0005634	nucleus	part_of(CL:0000066)
GO:0005634	nucleus	part_of(CL:0000066)
GO:0005634	nucleus	part_of(CL:0000066)
GO:0005634	nucleus	part_of(CL:0000066)
GO:0005634	nucleus	part_of(CL:0000066)
GO:0005634	nucleus	part_of(CL:0000066)
GO:0005634	nucleus	part_of(CL:0000066)
GO:0005634	nucleus	part_of(CL:0000066)
GO:0005634	nucleus	part_of(CL:0000066)
GO:0005634	nucleus	part_of(CL:0000066)
GO:0005634	nucleus	part_of(CL:0000066)
GO:0005634	nucleus	part_of(CL:0000066)
GO:0005634	nucleus	part_of(CL:0000066)
GO:0005634	nucleus	part_of(CL:0000066)
GO:0005634	nucleus	part_of(CL:0000066)
GO:0005634	nucleus	part_of(CL:0000066)
GO:0005634	nucleus	part_of(CL:0000066)
GO:0005634	nucleus	part_of(CL:0000066)
GO:0005634	nucleus	part_of(CL:0000066)
GO:0005634	nucleus	part_of(CL:0000066)
GO:0005634	nucleus	part_of(CL:0000066)
GO:0005634	nucleus	part_of(CL:0000066)
GO:0005634	nucleus	part_of(CL:0000066)
GO:0005634	nucleus	part_of(CL:0000066)
GO:0005634	nucleus	part_of(CL:0000066)
GO:0005634	nucleus	part_of(CL:0000066)
GO:0005634	nucleus	part_of(CL:0000066)
GO:0005634	nucleus	part_of(CL:0000066)
GO:0016324	apical plasma membrane	part_of(CL:0000066)
GO:0016324	apical plasma membrane	part_of(CL:0000066)
GO:0045177	apical part of cell	part_of(CL:0000066)
GO:0005604	basement membrane	part_of(CL:0000066)
GO:0005604	basement membrane	part_of(CL:0000066)
GO:0005604	basement membrane	part_of(CL:0000066)
GO:0043296	apical junction complex	part_of(CL:0000066)
GO:0043296	apical junction complex	part_of(CL:0000066)
GO:0043296	apical junction complex	part_of(CL:0000066)
GO:0005604	basement membrane	part_of(CL:0000066)
GO:0005604	basement membrane	part_of(CL:0000066)
GO:0005634	nucleus	part_of(CL:0000066)
GO:0005634	nucleus	part_of(CL:0000066)
GO:0005886	plasma membrane	part_of(CL:0000066)
GO:0036064	ciliary basal body	part_of(CL:0000066)
GO:0005886	plasma membrane	part_of(CL:0000066)
GO:0005634	nucleus	part_of(CL:0000066)
GO:0005634	nucleus	part_of(CL:0000066)
GO:0005634	nucleus	part_of(CL:0000066)
GO:0005634	nucleus	part_of(CL:0000066)
GO:0005634	nucleus	part_of(CL:0000066)
GO:0009986	cell surface	part_of(CL:0000066)
GO:0031514	motile cilium	part_of(CL:0000066)
GO:0005634	nucleus	part_of(CL:0000066)
GO:0005634	nucleus	part_of(CL:0000066)
GO:0005634	nucleus	part_of(CL:0000066)
GO:0005923	bicellular tight junction	part_of(CL:0000066)
GO:0005886	plasma membrane	part_of(CL:0000066)
GO:0005886	plasma membrane	part_of(CL:0000066)
GO:0005634	nucleus	part_of(CL:0000066)
GO:0005634	nucleus	part_of(CL:0000066)
GO:0005634	nucleus	part_of(CL:0000066)
GO:0005634	nucleus	part_of(CL:0000066)
GO:0005622	intracellular	part_of(CL:0000066)
GO:0005737	cytoplasm	part_of(CL:0000066)
GO:0043296	apical junction complex	part_of(CL:0000066)
GO:0043296	apical junction complex	part_of(CL:0000066)
GO:0043296	apical junction complex	part_of(CL:0000066)
GO:0005813	centrosome	part_of(CL:0000066)
GO:0015629	actin cytoskeleton	part_of(CL:0000066)
GO:0009986	cell surface	part_of(CL:0000066)
GO:0016323	basolateral plasma membrane	part_of(CL:0000066)
GO:0005622	intracellular	part_of(CL:0000066)
GO:0005634	nucleus	part_of(CL:0000066)
GO:0005886	plasma membrane	part_of(CL:0000066)
GO:0005737	cytoplasm	part_of(CL:0000066)
GO:0044354	macropinosome	part_of(CL:0000066)
GO:0005902	microvillus	part_of(CL:0000066)
GO:0005576	extracellular region	part_of(CL:0000066)
GO:0005576	extracellular region	part_of(CL:0000066)
GO:0005576	extracellular region	part_of(CL:0000066)
GO:0045177	apical part of cell	part_of(CL:0000066)
GO:0005737	cytoplasm	part_of(CL:0000066)
GO:0005737	cytoplasm	part_of(CL:0000066)
GO:0005737	cytoplasm	part_of(CL:0000066)
GO:0005886	plasma membrane	part_of(CL:0000066)
GO:0005634	nucleus	part_of(CL:0000066)
GO:0016323	basolateral plasma membrane	part_of(CL:0000066)
GO:0005737	cytoplasm	part_of(CL:0000066)
GO:0045178	basal part of cell	part_of(CL:0000066)
GO:0005634	nucleus	part_of(CL:0000066)
GO:0005604	basement membrane	part_of(CL:0000066)
GO:0005604	basement membrane	part_of(CL:0000066)
GO:0005604	basement membrane	part_of(CL:0000066)
GO:0005634	nucleus	part_of(CL:0000066)
GO:0005923	bicellular tight junction	part_of(CL:0000066)
GO:0005923	bicellular tight junction	part_of(CL:0000066)
GO:0005923	bicellular tight junction	part_of(CL:0000066)
GO:0016323	basolateral plasma membrane	part_of(CL:0000066)
GO:0005886	plasma membrane	part_of(CL:0000066)
GO:0005886	plasma membrane	part_of(CL:0000066)
GO:0005886	plasma membrane	part_of(CL:0000066)
GO:0045177	apical part of cell	part_of(CL:0000067
GO:0005929	cilium	part_of(CL:0000067)
GO:0031514	motile cilium	part_of(CL:0000067)
GO:0005814	centriole	part_of(CL:0000067)
GO:0005634	nucleus	part_of(CL:0000067)
GO:0005634	nucleus	part_of(CL:0000067)
GO:0045177	apical part of cell	part_of(CL:0000067)
GO:0005929	cilium	part_of(CL:0000067)
GO:0005764	lysosome	part_of(CL:0000067)
GO:0005814	centriole	part_of(CL:0000067)
GO:0045177	apical part of cell	part_of(CL:0000068)
GO:0045177	apical part of cell	part_of(CL:0000068)
GO:0045177	apical part of cell	part_of(CL:0000068)
GO:0016020	membrane	part_of(CL:0000068)
GO:0016324	apical plasma membrane	part_of(CL:0000068)
GO:0016324	apical plasma membrane	part_of(CL:0000068)
GO:0016324	apical plasma membrane	part_of(CL:0000068)
GO:0016324	apical plasma membrane	part_of(CL:0000068)
GO:0016324	apical plasma membrane	part_of(CL:0000068)
GO:0016324	apical plasma membrane	part_of(CL:0000068)
GO:0005634	nucleus	part_of(CL:0000068)
GO:0005737	cytoplasm	part_of(CL:0000068)
GO:0005634	nucleus	part_of(CL:0000068)
GO:0005634	nucleus	part_of(CL:0000068)
GO:0005634	nucleus	part_of(CL:0000068)
GO:0005634	nucleus	part_of(CL:0000068)
GO:0016020	membrane	part_of(CL:0000069)
GO:0005623	cell	part_of(CL:0000071
GO:0005829	cytosol	part_of(CL:0000071)
GO:0005783	endoplasmic reticulum	part_of(CL:0000071)
GO:0005923	bicellular tight junction	part_of(CL:0000071)
GO:0005923	bicellular tight junction	part_of(CL:0000071)
GO:0005923	bicellular tight junction	part_of(CL:0000071)
GO:0005764	lysosome	part_of(CL:0000071)
GO:0005886	plasma membrane	part_of(CL:0000071)
GO:0005886	plasma membrane	part_of(CL:0000071)
GO:0005886	plasma membrane	part_of(CL:0000071)
GO:0005783	endoplasmic reticulum	part_of(CL:0000071)
GO:0005634	nucleus	part_of(CL:0000071)
GO:0005902	microvillus	part_of(CL:0000071)
GO:0005886	plasma membrane	part_of(CL:0000071)
GO:0005886	plasma membrane	part_of(CL:0000071)
GO:0005886	plasma membrane	part_of(CL:0000071)
GO:0005886	plasma membrane	part_of(CL:0000071)
GO:0005886	plasma membrane	part_of(CL:0000071)
GO:0009986	cell surface	part_of(CL:0000071)
GO:0005776	autophagosome	part_of(CL:0000071)
GO:0005911	cell-cell junction	part_of(CL:0000071)
GO:0016324	apical plasma membrane	part_of(CL:0000071)
GO:0005737	cytoplasm	part_of(CL:0000071)
GO:0005737	cytoplasm	part_of(CL:0000071)
GO:0016323	basolateral plasma membrane	part_of(CL:0000071)
GO:0005764	lysosome	part_of(CL:0000075)
GO:0005903	brush border	part_of(CL:0000075)
GO:0005903	brush border	part_of(CL:0000075)
GO:0016324	apical plasma membrane	part_of(CL:0000075)
GO:0005634	nucleus	part_of(CL:0000075)
GO:0031410	cytoplasmic vesicle	part_of(CL:0000075)
GO:0045177	apical part of cell	part_of(CL:0000075)
GO:0005634	nucleus	part_of(CL:0000075)
GO:0005634	nucleus	part_of(CL:0000075)
GO:0005794	Golgi apparatus	part_of(CL:0000075)
GO:0045177	apical part of cell	part_of(CL:0000075)
GO:0045177	apical part of cell	part_of(CL:0000075)
GO:0005770	late endosome	part_of(CL:0000075)
GO:0016324	apical plasma membrane	part_of(CL:0000075)
GO:0005634	nucleus	part_of(CL:0000075)
GO:0005634	nucleus	part_of(CL:0000075)
GO:0005764	lysosome	part_of(CL:0000075)
GO:0005730	nucleolus	part_of(CL:0000075)
GO:0005634	nucleus	part_of(CL:0000076)
GO:0005829	cytosol	part_of(CL:0000077
GO:0005634	nucleus	part_of(CL:0000077
GO:0005634	nucleus	part_of(CL:0000077)
GO:0005829	cytosol	part_of(CL:0000077)
GO:0009897	external side of plasma membrane	part_of(CL:0000081)
GO:0009986	cell surface	part_of(CL:0000081)
GO:0009897	external side of plasma membrane	part_of(CL:0000081)
GO:0009897	external side of plasma membrane	part_of(CL:0000081)
GO:0005737	cytoplasm	part_of(CL:0000081)
GO:0009897	external side of plasma membrane	part_of(CL:0000081)
GO:0009897	external side of plasma membrane	part_of(CL:0000081)
GO:0005737	cytoplasm	part_of(CL:0000081)
GO:0005886	plasma membrane	part_of(CL:0000082
GO:0005634	nucleus	part_of(CL:0000082)
GO:0005634	nucleus	part_of(CL:0000082)
GO:0005634	nucleus	part_of(CL:0000082)
GO:0005634	nucleus	part_of(CL:0000082)
GO:0009925	basal plasma membrane	part_of(CL:0000082)
GO:0097208	alveolar lamellar body	part_of(CL:0000082)
GO:0005634	nucleus	part_of(CL:0000082)
GO:0005911	cell-cell junction	part_of(CL:0000082)
GO:0005902	microvillus	part_of(CL:0000082)
GO:0045177	apical part of cell	part_of(CL:0000082)
GO:0045177	apical part of cell	part_of(CL:0000082)
GO:0005829	cytosol	part_of(CL:0000082)
GO:0005886	plasma membrane	part_of(CL:0000082)
GO:0005634	nucleus	part_of(CL:0000082)
GO:0005634	nucleus	part_of(CL:0000082)
GO:0005654	nucleoplasm	part_of(CL:0000082)
GO:0005654	nucleoplasm	part_of(CL:0000082)
GO:0016324	apical plasma membrane	part_of(CL:0000082)
GO:0005634	nucleus	part_of(CL:0000082)
GO:0005634	nucleus	part_of(CL:0000082)
GO:0005634	nucleus	part_of(CL:0000082)
GO:0005769	early endosome	part_of(CL:0000082)
GO:0016324	apical plasma membrane	part_of(CL:0000082)
GO:0005777	peroxisome	part_of(CL:0000082)
GO:0005737	cytoplasm	part_of(CL:0000083)
GO:0016328	lateral plasma membrane	part_of(CL:0000083)
GO:0016328	lateral plasma membrane	part_of(CL:0000083)
GO:0016328	lateral plasma membrane	part_of(CL:0000083)
GO:0005923	bicellular tight junction	part_of(CL:0000083)
GO:0005634	nucleus	part_of(CL:0000083)
GO:0016328	lateral plasma membrane	part_of(CL:0000083)
GO:0045121	membrane raft	part_of(CL:0000084
GO:1903909	regulation of receptor clustering	part_of(CL:0000084
GO:1903909	regulation of receptor clustering	part_of(CL:0000084
GO:0034113	heterotypic cell-cell adhesion	part_of(CL:0000084
GO:0034113	heterotypic cell-cell adhesion	part_of(CL:0000084
GO:0009897	external side of plasma membrane	part_of(CL:0000084)
GO:0005887	integral component of plasma membrane	part_of(CL:0000084)
GO:0009897	external side of plasma membrane	part_of(CL:0000084)
GO:0009897	external side of plasma membrane	part_of(CL:0000084)
GO:0009897	external side of plasma membrane	part_of(CL:0000084)
GO:0005622	intracellular	part_of(CL:0000084)
GO:0009897	external side of plasma membrane	part_of(CL:0000084)
GO:0009986	cell surface	part_of(CL:0000084)
GO:0031410	cytoplasmic vesicle	part_of(CL:0000084)
GO:0032592	integral component of mitochondrial membrane	part_of(CL:0000084)
GO:0034669	integrin alpha4-beta7 complex	part_of(CL:0000084)
GO:0050901	leukocyte tethering or rolling	part_of(CL:0000084)
GO:0050901	leukocyte tethering or rolling	part_of(CL:0000084)
GO:0001772	immunological synapse	part_of(CL:0000084)
GO:0031362	anchored component of external side of plasma membrane	part_of(CL:0000084)
GO:0005615	extracellular space	part_of(CL:0000084)
GO:0031252	cell leading edge	part_of(CL:0000084)
GO:0045121	membrane raft	part_of(CL:0000084)
GO:0005856	cytoskeleton	part_of(CL:0000084)
GO:0005739	mitochondrion	part_of(CL:0000084)
GO:0016020	membrane	part_of(CL:0000084)
GO:0009897	external side of plasma membrane	part_of(CL:0000084)
GO:0005829	cytosol	part_of(CL:0000084)
GO:0005938	cell cortex	part_of(CL:0000084)
GO:0005801	cis-Golgi network	part_of(CL:0000084)
GO:1903903	regulation of establishment of T cell polarity	part_of(CL:0000084)
GO:0031265	CD95 death-inducing signaling complex	part_of(CL:0000084)
GO:0009897	external side of plasma membrane	part_of(CL:0000084)
GO:0009897	external side of plasma membrane	part_of(CL:0000084)
GO:0005737	cytoplasm	part_of(CL:0000084)
GO:0005622	intracellular	part_of(CL:0000084)
GO:0001931	uropod	part_of(CL:0000084)
GO:0005737	cytoplasm	part_of(CL:0000084)
GO:0005802	trans-Golgi network	part_of(CL:0000084)
GO:1903905	positive regulation of establishment of T cell polarity	part_of(CL:0000084)
GO:0030864	cortical actin cytoskeleton	part_of(CL:0000084)
GO:0019898	extrinsic component of membrane	part_of(CL:0000084)
GO:0005886	plasma membrane	part_of(CL:0000084)
GO:0009897	external side of plasma membrane	part_of(CL:0000084)
GO:0009897	external side of plasma membrane	part_of(CL:0000084)
GO:0055037	recycling endosome	part_of(CL:0000084)
GO:1903908	positive regulation of plasma membrane raft polarization	part_of(CL:0000084)
GO:0007160	cell-matrix adhesion	part_of(CL:0000084)
GO:0030478	actin cap	part_of(CL:0000084)
GO:0090527	actin filament reorganization	part_of(CL:0000084)
GO:0044853	plasma membrane raft	part_of(CL:0000084)
GO:0005634	nucleus	part_of(CL:0000084)
GO:0009986	cell surface	part_of(CL:0000084)
GO:0042105	alpha-beta T cell receptor complex	part_of(CL:0000084)
GO:0009897	external side of plasma membrane	part_of(CL:0000084)
GO:0009897	external side of plasma membrane	part_of(CL:0000084)
GO:0043231	intracellular membrane-bounded organelle	part_of(CL:0000084)
GO:0009897	external side of plasma membrane	part_of(CL:0000084)
GO:0009897	external side of plasma membrane	part_of(CL:0000084)
GO:0005769	early endosome	part_of(CL:0000084)
GO:0097708	intracellular vesicle	part_of(CL:0000084)
GO:0090527	actin filament reorganization	part_of(CL:0000084)
GO:0051014	actin filament severing	part_of(CL:0000084)
GO:0007160	cell-matrix adhesion	part_of(CL:0000084)
GO:0007160	cell-matrix adhesion	part_of(CL:0000084)
GO:0005667	transcription factor complex	part_of(CL:0000084)
GO:0045202	synapse	part_of(CL:0000084)
GO:1903911	positive regulation of receptor clustering	part_of(CL:0000084)
GO:0050901	leukocyte tethering or rolling	part_of(CL:0000084)
GO:0046597	negative regulation of viral entry into host cell	part_of(CL:0000084)
GO:1903906	regulation of plasma membrane raft polarization	part_of(CL:0000084)
GO:0009986	cell surface	part_of(CL:0000084)
GO:0005886	plasma membrane	part_of(CL:0000091
GO:0005886	plasma membrane	part_of(CL:0000091)
GO:0005737	cytoplasm	part_of(CL:0000091)
GO:0005622	intracellular	part_of(CL:0000091)
GO:0005777	peroxisome	part_of(CL:0000091)
GO:0030863	cortical cytoskeleton	part_of(CL:0000092)
GO:0016323	basolateral plasma membrane	part_of(CL:0000092)
GO:0005737	cytoplasm	part_of(CL:0000092)
GO:0005881	cytoplasmic microtubule	part_of(CL:0000092)
GO:0099503	secretory vesicle	part_of(CL:0000092)
GO:0031941	filamentous actin	part_of(CL:0000092)
GO:0005887	integral component of plasma membrane	part_of(CL:0000092)
GO:0001726	ruffle	part_of(CL:0000092)
GO:0005886	plasma membrane	part_of(CL:0000092)
GO:0009986	cell surface	part_of(CL:0000092)
GO:0005829	cytosol	part_of(CL:0000092)
GO:0002102	podosome	part_of(CL:0000092)
GO:0005737	cytoplasm	part_of(CL:0000094
GO:0005623	cell	part_of(CL:0000094
GO:0005623	cell	part_of(CL:0000094
GO:0005737	cytoplasm	part_of(CL:0000094
GO:0005634	nucleus	part_of(CL:0000094)
GO:0030141	secretory granule	part_of(CL:0000094)
GO:0005737	cytoplasm	part_of(CL:0000094)
GO:0005622	intracellular	part_of(CL:0000094)
GO:0045335	phagocytic vesicle	part_of(CL:0000094)
GO:0009897	external side of plasma membrane	part_of(CL:0000094)
GO:0009897	external side of plasma membrane	part_of(CL:0000094)
GO:0042581	specific granule	part_of(CL:0000094)
GO:0042582	azurophil granule	part_of(CL:0000096)
GO:0001891	phagocytic cup	part_of(CL:0000096)
GO:0030027	lamellipodium	part_of(CL:0000096)
GO:0045335	phagocytic vesicle	part_of(CL:0000096)
GO:0042581	specific granule	part_of(CL:0000096)
GO:0005737	cytoplasm	part_of(CL:0000096)
GO:0005886	plasma membrane	part_of(CL:0000096)
GO:0009986	cell surface	part_of(CL:0000097)
GO:0005737	cytoplasm	part_of(CL:0000097)
GO:0005622	intracellular	part_of(CL:0000097)
GO:0043231	intracellular membrane-bounded organelle	part_of(CL:0000097)
GO:0016020	membrane	part_of(CL:0000097)
GO:0031201	SNARE complex	part_of(CL:0000097)
GO:0032998	Fc-epsilon receptor I complex	part_of(CL:0000097)
GO:0031982	vesicle	part_of(CL:0000097)
GO:0005886	plasma membrane	part_of(CL:0000097)
GO:0009897	external side of plasma membrane	part_of(CL:0000097)
GO:0005737	cytoplasm	part_of(CL:0000097)
GO:0005737	cytoplasm	part_of(CL:0000098)
GO:0005737	cytoplasm	part_of(CL:0000098)
GO:0005737	cytoplasm	part_of(CL:0000098)
GO:0005737	cytoplasm	part_of(CL:0000098)
GO:0005634	nucleus	part_of(CL:0000098)
GO:0005634	nucleus	part_of(CL:0000098)
GO:0005634	nucleus	part_of(CL:0000098)
GO:0005634	nucleus	part_of(CL:0000099
GO:0005886	plasma membrane	part_of(CL:0000099)
GO:0045202	synapse	part_of(CL:0000099)
GO:0043198	dendritic shaft	part_of(CL:0000099)
GO:0030424	axon	part_of(CL:0000099)
GO:0043194	axon initial segment	part_of(CL:0000099)
GO:0005813	centrosome	part_of(CL:0000099)
GO:0043025	neuronal cell body	part_of(CL:0000099)
GO:0005737	cytoplasm	part_of(CL:0000099)
GO:0005634	nucleus	part_of(CL:0000099)
GO:0043025	neuronal cell body	part_of(CL:0000099)
GO:0060077	inhibitory synapse	part_of(CL:0000100
GO:0005623	cell	part_of(CL:0000100
GO:0072579	glycine receptor clustering	part_of(CL:0000100
GO:0005783	endoplasmic reticulum	part_of(CL:0000100
GO:0044297	cell body	part_of(CL:0000100
GO:0005737	cytoplasm	part_of(CL:0000100
GO:0030424	axon	part_of(CL:0000100
GO:0030424	axon	part_of(CL:0000100
GO:0005634	nucleus	part_of(CL:0000100)
GO:0043025	neuronal cell body	part_of(CL:0000100)
GO:0005623	cell	part_of(CL:0000100)
GO:0030425	dendrite	part_of(CL:0000100)
GO:0030424	axon	part_of(CL:0000100)
GO:0005829	cytosol	part_of(CL:0000100)
GO:0043195	terminal bouton	part_of(CL:0000100)
GO:0005737	cytoplasm	part_of(CL:0000100)
GO:0043025	neuronal cell body	part_of(CL:0000100)
GO:0005622	intracellular	part_of(CL:0000100)
GO:0005739	mitochondrion	part_of(CL:0000100)
GO:0005634	nucleus	part_of(CL:0000100)
GO:0005737	cytoplasm	part_of(CL:0000100)
GO:0043025	neuronal cell body	part_of(CL:0000100)
GO:0043025	neuronal cell body	part_of(CL:0000100)
GO:0044295	axonal growth cone	part_of(CL:0000100)
GO:0044295	axonal growth cone	part_of(CL:0000100)
GO:0043025	neuronal cell body	part_of(CL:0000100)
GO:0043025	neuronal cell body	part_of(CL:0000100)
GO:0043679	axon terminus	part_of(CL:0000100)
GO:0043679	axon terminus	part_of(CL:0000100)
GO:0005634	nucleus	part_of(CL:0000100)
GO:0030424	axon	part_of(CL:0000100)
GO:0030424	axon	part_of(CL:0000100)
GO:0005634	nucleus	part_of(CL:0000100)
GO:0030424	axon	part_of(CL:0000100)
GO:0030424	axon	part_of(CL:0000100)
GO:0030424	axon	part_of(CL:0000100)
GO:0032584	growth cone membrane	part_of(CL:0000100)
GO:0032584	growth cone membrane	part_of(CL:0000100)
GO:0030424	axon	part_of(CL:0000100)
GO:0031594	neuromuscular junction	part_of(CL:0000100)
GO:0009986	cell surface	part_of(CL:0000100)
GO:0009986	cell surface	part_of(CL:0000100)
GO:0009986	cell surface	part_of(CL:0000100)
GO:0005737	cytoplasm	part_of(CL:0000100)
GO:0060077	inhibitory synapse	part_of(CL:0000100)
GO:0030426	growth cone	part_of(CL:0000100)
GO:0043025	neuronal cell body	part_of(CL:0000100)
GO:0005737	cytoplasm	part_of(CL:0000100)
GO:0044295	axonal growth cone	part_of(CL:0000100)
GO:0005883	neurofilament	part_of(CL:0000100)
GO:0030426	growth cone	part_of(CL:0000100)
GO:0045211	postsynaptic membrane	part_of(CL:0000100)
GO:0030424	axon	part_of(CL:0000101)
GO:0043025	neuronal cell body	part_of(CL:0000101)
GO:0036064	ciliary basal body	part_of(CL:0000101)
GO:0030424	axon	part_of(CL:0000101)
GO:0030424	axon	part_of(CL:0000101)
GO:0035869	ciliary transition zone	part_of(CL:0000101)
GO:0030424	axon	part_of(CL:0000101)
GO:0043005	neuron projection	part_of(CL:0000101)
GO:0030673	axolemma	part_of(CL:0000101)
GO:0005737	cytoplasm	part_of(CL:0000101)
GO:0030424	axon	part_of(CL:0000101)
GO:0030424	axon	part_of(CL:0000101)
GO:0043025	neuronal cell body	part_of(CL:0000101)
GO:0043025	neuronal cell body	part_of(CL:0000101)
GO:0005737	cytoplasm	part_of(CL:0000101)
GO:0005737	cytoplasm	part_of(CL:0000101)
GO:0005737	cytoplasm	part_of(CL:0000101)
GO:0005634	nucleus	part_of(CL:0000101)
GO:0043025	neuronal cell body	part_of(CL:0000103)
GO:0043005	neuron projection	part_of(CL:0000103)
GO:0009986	cell surface	part_of(CL:0000104)
GO:0005623	cell	part_of(CL:0000108
GO:0030424	axon	part_of(CL:0000111)
GO:0030424	axon	part_of(CL:0000111)
GO:0005883	neurofilament	part_of(CL:0000111)
GO:0043005	neuron projection	part_of(CL:0000111)
GO:0030424	axon	part_of(CL:0000111)
GO:0030424	axon	part_of(CL:0000111)
GO:0030424	axon	part_of(CL:0000111)
GO:0030424	axon	part_of(CL:0000111)
GO:0005634	nucleus	part_of(CL:0000113
GO:0005737	cytoplasm	part_of(CL:0000113
GO:0005622	intracellular	part_of(CL:0000113)
GO:0042734	presynaptic membrane	part_of(CL:0000114)
GO:0045211	postsynaptic membrane	part_of(CL:0000114)
GO:0005634	nucleus	part_of(CL:0000114)
GO:0005634	nucleus	part_of(CL:0000114)
GO:0005634	nucleus	part_of(CL:0000114)
GO:0005634	nucleus	part_of(CL:0000114)
GO:0030425	dendrite	part_of(CL:0000114)
GO:0005634	nucleus	part_of(CL:0000114)
GO:0009986	cell surface	part_of(CL:0000115
GO:0005634	nucleus	part_of(CL:0000115
GO:0034113	heterotypic cell-cell adhesion	part_of(CL:0000115
GO:0005634	nucleus	part_of(CL:0000115
GO:0005623	cell	part_of(CL:0000115
GO:0005901	caveola	part_of(CL:0000115
GO:0005901	caveola	part_of(CL:0000115
GO:0005623	cell	part_of(CL:0000115
GO:0005737	cytoplasm	part_of(CL:0000115)
GO:0005737	cytoplasm	part_of(CL:0000115)
GO:0005737	cytoplasm	part_of(CL:0000115)
GO:0005737	cytoplasm	part_of(CL:0000115)
GO:0005737	cytoplasm	part_of(CL:0000115)
GO:0005886	plasma membrane	part_of(CL:0000115)
GO:0005737	cytoplasm	part_of(CL:0000115)
GO:0005623	cell	part_of(CL:0000115)
GO:0009986	cell surface	part_of(CL:0000115)
GO:0005634	nucleus	part_of(CL:0000115)
GO:0009986	cell surface	part_of(CL:0000115)
GO:0009986	cell surface	part_of(CL:0000115)
GO:0031143	pseudopodium	part_of(CL:0000115)
GO:0005615	extracellular space	part_of(CL:0000115)
GO:0005886	plasma membrane	part_of(CL:0000115)
GO:0005604	basement membrane	part_of(CL:0000115)
GO:0005604	basement membrane	part_of(CL:0000115)
GO:0016020	membrane	part_of(CL:0000115)
GO:0005886	plasma membrane	part_of(CL:0000115)
GO:0005886	plasma membrane	part_of(CL:0000115)
GO:0030175	filopodium	part_of(CL:0000115)
GO:0045121	membrane raft	part_of(CL:0000115)
GO:0045121	membrane raft	part_of(CL:0000115)
GO:0005737	cytoplasm	part_of(CL:0000115)
GO:0005829	cytosol	part_of(CL:0000115)
GO:0005737	cytoplasm	part_of(CL:0000115)
GO:0005901	caveola	part_of(CL:0000115)
GO:0005634	nucleus	part_of(CL:0000115)
GO:0001569	branching involved in blood vessel morphogenesis	part_of(CL:0000115)
GO:0043234	protein complex	part_of(CL:0000115)
GO:0005886	plasma membrane	part_of(CL:0000115)
GO:0005737	cytoplasm	part_of(CL:0000115)
GO:0005737	cytoplasm	part_of(CL:0000115)
GO:0005634	nucleus	part_of(CL:0000115)
GO:0005634	nucleus	part_of(CL:0000115)
GO:0005886	plasma membrane	part_of(CL:0000115)
GO:0005604	basement membrane	part_of(CL:0000115)
GO:0005604	basement membrane	part_of(CL:0000115)
GO:0005604	basement membrane	part_of(CL:0000115)
GO:0005737	cytoplasm	part_of(CL:0000115)
GO:0009897	external side of plasma membrane	part_of(CL:0000115)
GO:0030027	lamellipodium	part_of(CL:0000115)
GO:0030424	axon	part_of(CL:0000117)
GO:0030424	axon	part_of(CL:0000117)
GO:0030424	axon	part_of(CL:0000117)
GO:0005737	cytoplasm	part_of(CL:0000117)
GO:0030425	dendrite	part_of(CL:0000117)
GO:0030425	dendrite	part_of(CL:0000117)
GO:0060076	excitatory synapse	part_of(CL:0000117)
GO:0043025	neuronal cell body	part_of(CL:0000117)
GO:0043025	neuronal cell body	part_of(CL:0000117)
GO:0043025	neuronal cell body	part_of(CL:0000117)
GO:0043025	neuronal cell body	part_of(CL:0000117)
GO:0043025	neuronal cell body	part_of(CL:0000117)
GO:0043025	neuronal cell body	part_of(CL:0000117)
GO:0043025	neuronal cell body	part_of(CL:0000117)
GO:0043025	neuronal cell body	part_of(CL:0000117)
GO:0043025	neuronal cell body	part_of(CL:0000117)
GO:0043025	neuronal cell body	part_of(CL:0000117)
GO:0005794	Golgi apparatus	part_of(CL:0000117)
GO:0043005	neuron projection	part_of(CL:0000117)
GO:0005634	nucleus	part_of(CL:0000117)
GO:0005634	nucleus	part_of(CL:0000117)
GO:0016607	nuclear speck	part_of(CL:0000117)
GO:0045202	synapse	part_of(CL:0000117)
GO:0043204	perikaryon	part_of(CL:0000117)
GO:0043204	perikaryon	part_of(CL:0000117)
GO:0043025	neuronal cell body	part_of(CL:0000117)
GO:0030424	axon	part_of(CL:0000117)
GO:0031252	cell leading edge	part_of(CL:0000117)
GO:0005764	lysosome	part_of(CL:0000117)
GO:0005634	nucleus	part_of(CL:0000117)
GO:0008021	synaptic vesicle	part_of(CL:0000117)
GO:0005829	cytosol	part_of(CL:0000117)
GO:0030136	clathrin-coated vesicle	part_of(CL:0000117)
GO:0005829	cytosol	part_of(CL:0000117)
GO:0005801	cis-Golgi network	part_of(CL:0000117)
GO:0005576	extracellular region	part_of(CL:0000117)
GO:0043203	axon hillock	part_of(CL:0000117)
GO:0043198	dendritic shaft	part_of(CL:0000117)
GO:0014069	postsynaptic density	part_of(CL:0000117)
GO:0030426	growth cone	part_of(CL:0000117)
GO:0005634	nucleus	part_of(CL:0000117)
GO:0043005	neuron projection	part_of(CL:0000117)
GO:0043195	terminal bouton	part_of(CL:0000117)
GO:0005634	nucleus	part_of(CL:0000117)
GO:0031410	cytoplasmic vesicle	part_of(CL:0000117)
GO:0031410	cytoplasmic vesicle	part_of(CL:0000117)
GO:0031410	cytoplasmic vesicle	part_of(CL:0000117)
GO:0031410	cytoplasmic vesicle	part_of(CL:0000117)
GO:0031410	cytoplasmic vesicle	part_of(CL:0000117)
GO:0005737	cytoplasm	part_of(CL:0000117)
GO:0045202	synapse	part_of(CL:0000117)
GO:0030424	axon	part_of(CL:0000117)
GO:0005634	nucleus	part_of(CL:0000117)
GO:0043195	terminal bouton	part_of(CL:0000117)
GO:0032584	growth cone membrane	part_of(CL:0000117)
GO:0005634	nucleus	part_of(CL:0000117)
GO:0005634	nucleus	part_of(CL:0000117)
GO:0005634	nucleus	part_of(CL:0000117)
GO:0005634	nucleus	part_of(CL:0000117)
GO:0005634	nucleus	part_of(CL:0000117)
GO:0005634	nucleus	part_of(CL:0000117)
GO:0005737	cytoplasm	part_of(CL:0000117)
GO:0005634	nucleus	part_of(CL:0000117)
GO:0005634	nucleus	part_of(CL:0000117)
GO:0005634	nucleus	part_of(CL:0000117)
GO:0030425	dendrite	part_of(CL:0000117)
GO:0005634	nucleus	part_of(CL:0000117)
GO:0005634	nucleus	part_of(CL:0000117)
GO:0005634	nucleus	part_of(CL:0000117)
GO:0045177	apical part of cell	part_of(CL:0000117)
GO:0005634	nucleus	part_of(CL:0000117)
GO:0005634	nucleus	part_of(CL:0000117)
GO:0005634	nucleus	part_of(CL:0000117)
GO:0005634	nucleus	part_of(CL:0000117)
GO:0045211	postsynaptic membrane	part_of(CL:0000117)
GO:0031410	cytoplasmic vesicle	part_of(CL:0000117)
GO:0015630	microtubule cytoskeleton	part_of(CL:0000117)
GO:0030424	axon	part_of(CL:0000117)
GO:0005737	cytoplasm	part_of(CL:0000117)
GO:0043203	axon hillock	part_of(CL:0000117)
GO:0070044	synaptobrevin 2-SNAP-25-syntaxin-1a complex	part_of(CL:0000117)
GO:0060077	inhibitory synapse	part_of(CL:0000117)
GO:0030424	axon	part_of(CL:0000117)
GO:0030424	axon	part_of(CL:0000117)
GO:0030424	axon	part_of(CL:0000117)
GO:0045202	synapse	part_of(CL:0000117)
GO:0030424	axon	part_of(CL:0000117)
GO:0030424	axon	part_of(CL:0000117)
GO:0005886	plasma membrane	part_of(CL:0000117)
GO:0043025	neuronal cell body	part_of(CL:0000117)
GO:0005634	nucleus	part_of(CL:0000117)
GO:0005634	nucleus	part_of(CL:0000117)
GO:0005634	nucleus	part_of(CL:0000117)
GO:0005634	nucleus	part_of(CL:0000117)
GO:0005737	cytoplasm	part_of(CL:0000117)
GO:0005634	nucleus	part_of(CL:0000117)
GO:0005634	nucleus	part_of(CL:0000117)
GO:0005667	transcription factor complex	part_of(CL:0000117)
GO:0043198	dendritic shaft	part_of(CL:0000117)
GO:0005913	cell-cell adherens junction	part_of(CL:0000117)
GO:0005913	cell-cell adherens junction	part_of(CL:0000117)
GO:0030424	axon	part_of(CL:0000117)
GO:0043025	neuronal cell body	part_of(CL:0000117)
GO:0005634	nucleus	part_of(CL:0000117)
GO:0043025	neuronal cell body	part_of(CL:0000117)
GO:0043025	neuronal cell body	part_of(CL:0000117)
GO:0043025	neuronal cell body	part_of(CL:0000117)
GO:0048786	presynaptic active zone	part_of(CL:0000117)
GO:0044224	juxtaparanode region of axon	part_of(CL:0000117)
GO:0044224	juxtaparanode region of axon	part_of(CL:0000117)
GO:0044224	juxtaparanode region of axon	part_of(CL:0000117)
GO:0044224	juxtaparanode region of axon	part_of(CL:0000117)
GO:0030425	dendrite	part_of(CL:0000117)
GO:0030424	axon	part_of(CL:0000117)
GO:0030424	axon	part_of(CL:0000117)
GO:0030424	axon	part_of(CL:0000117)
GO:0030424	axon	part_of(CL:0000117)
GO:0030424	axon	part_of(CL:0000117)
GO:0030424	axon	part_of(CL:0000117)
GO:0030424	axon	part_of(CL:0000117)
GO:0030424	axon	part_of(CL:0000117)
GO:0030424	axon	part_of(CL:0000117)
GO:0030424	axon	part_of(CL:0000117)
GO:0030424	axon	part_of(CL:0000117)
GO:0030424	axon	part_of(CL:0000117)
GO:0030424	axon	part_of(CL:0000117)
GO:0030424	axon	part_of(CL:0000117)
GO:0030424	axon	part_of(CL:0000117)
GO:0030424	axon	part_of(CL:0000117)
GO:0030424	axon	part_of(CL:0000117)
GO:0030424	axon	part_of(CL:0000117)
GO:0030424	axon	part_of(CL:0000117)
GO:0030424	axon	part_of(CL:0000117)
GO:0030424	axon	part_of(CL:0000117)
GO:0030424	axon	part_of(CL:0000117)
GO:0030424	axon	part_of(CL:0000117)
GO:0030424	axon	part_of(CL:0000117)
GO:0030424	axon	part_of(CL:0000117)
GO:0030424	axon	part_of(CL:0000117)
GO:0030424	axon	part_of(CL:0000117)
GO:0030424	axon	part_of(CL:0000117)
GO:0030424	axon	part_of(CL:0000117)
GO:0030424	axon	part_of(CL:0000117)
GO:0030424	axon	part_of(CL:0000117)
GO:0030424	axon	part_of(CL:0000117)
GO:0030424	axon	part_of(CL:0000117)
GO:0030424	axon	part_of(CL:0000117)
GO:0030424	axon	part_of(CL:0000117)
GO:0030424	axon	part_of(CL:0000117)
GO:0030424	axon	part_of(CL:0000117)
GO:0030424	axon	part_of(CL:0000117)
GO:0030424	axon	part_of(CL:0000117)
GO:0005634	nucleus	part_of(CL:0000117)
GO:0014069	postsynaptic density	part_of(CL:0000117)
GO:0005634	nucleus	part_of(CL:0000117)
GO:0005634	nucleus	part_of(CL:0000117)
GO:0005634	nucleus	part_of(CL:0000117)
GO:0005634	nucleus	part_of(CL:0000117)
GO:0005634	nucleus	part_of(CL:0000117)
GO:0030673	axolemma	part_of(CL:0000117)
GO:0043197	dendritic spine	part_of(CL:0000117)
GO:0043005	neuron projection	part_of(CL:0000117)
GO:0005886	plasma membrane	part_of(CL:0000117)
GO:0005886	plasma membrane	part_of(CL:0000117)
GO:0048471	perinuclear region of cytoplasm	part_of(CL:0000117)
GO:0048471	perinuclear region of cytoplasm	part_of(CL:0000117)
GO:0048471	perinuclear region of cytoplasm	part_of(CL:0000117)
GO:0030424	axon	part_of(CL:0000117)
GO:0030424	axon	part_of(CL:0000117)
GO:0030424	axon	part_of(CL:0000117)
GO:0030425	dendrite	part_of(CL:0000117)
GO:0005737	cytoplasm	part_of(CL:0000117)
GO:0016020	membrane	part_of(CL:0000117)
GO:0042734	presynaptic membrane	part_of(CL:0000117)
GO:0071598	neuronal ribonucleoprotein granule	part_of(CL:0000117)
GO:0005634	nucleus	part_of(CL:0000117)
GO:0070032	synaptobrevin 2-SNAP-25-syntaxin-1a-complexin I complex	part_of(CL:0000117)
GO:0005737	cytoplasm	part_of(CL:0000117)
GO:0005737	cytoplasm	part_of(CL:0000117)
GO:0030175	filopodium	part_of(CL:0000117)
GO:0042734	presynaptic membrane	part_of(CL:0000117)
GO:0043025	neuronal cell body	part_of(CL:0000117)
GO:0043025	neuronal cell body	part_of(CL:0000117)
GO:0043025	neuronal cell body	part_of(CL:0000117)
GO:0043025	neuronal cell body	part_of(CL:0000117)
GO:0043025	neuronal cell body	part_of(CL:0000117)
GO:0009986	cell surface	part_of(CL:0000117)
GO:0009986	cell surface	part_of(CL:0000117)
GO:0009986	cell surface	part_of(CL:0000117)
GO:0009986	cell surface	part_of(CL:0000117)
GO:0009986	cell surface	part_of(CL:0000117)
GO:0009986	cell surface	part_of(CL:0000117)
GO:0009986	cell surface	part_of(CL:0000117)
GO:0009986	cell surface	part_of(CL:0000117)
GO:0009986	cell surface	part_of(CL:0000117)
GO:0009986	cell surface	part_of(CL:0000117)
GO:0009986	cell surface	part_of(CL:0000117)
GO:0009986	cell surface	part_of(CL:0000117)
GO:0009986	cell surface	part_of(CL:0000117)
GO:0009986	cell surface	part_of(CL:0000117)
GO:0009986	cell surface	part_of(CL:0000117)
GO:0009986	cell surface	part_of(CL:0000117)
GO:0009986	cell surface	part_of(CL:0000117)
GO:0009986	cell surface	part_of(CL:0000117)
GO:0009986	cell surface	part_of(CL:0000117)
GO:0009986	cell surface	part_of(CL:0000117)
GO:0009986	cell surface	part_of(CL:0000117)
GO:0009986	cell surface	part_of(CL:0000117)
GO:0009986	cell surface	part_of(CL:0000117)
GO:0009986	cell surface	part_of(CL:0000117)
GO:0009986	cell surface	part_of(CL:0000117)
GO:0009986	cell surface	part_of(CL:0000117)
GO:0009986	cell surface	part_of(CL:0000117)
GO:0009986	cell surface	part_of(CL:0000117)
GO:0009986	cell surface	part_of(CL:0000117)
GO:0009986	cell surface	part_of(CL:0000117)
GO:0009986	cell surface	part_of(CL:0000117)
GO:0009986	cell surface	part_of(CL:0000117)
GO:0009986	cell surface	part_of(CL:0000117)
GO:0009986	cell surface	part_of(CL:0000117)
GO:0009986	cell surface	part_of(CL:0000117)
GO:0009986	cell surface	part_of(CL:0000117)
GO:0009986	cell surface	part_of(CL:0000117)
GO:0009986	cell surface	part_of(CL:0000117)
GO:0009986	cell surface	part_of(CL:0000117)
GO:0005802	trans-Golgi network	part_of(CL:0000117)
GO:0043197	dendritic spine	part_of(CL:0000117)
GO:0005634	nucleus	part_of(CL:0000117)
GO:0030426	growth cone	part_of(CL:0000117)
GO:0043197	dendritic spine	part_of(CL:0000117)
GO:0010494	cytoplasmic stress granule	part_of(CL:0000117)
GO:0005634	nucleus	part_of(CL:0000117)
GO:0030424	axon	part_of(CL:0000117)
GO:0030424	axon	part_of(CL:0000117)
GO:0005737	cytoplasm	part_of(CL:0000118)
GO:0030424	axon	part_of(CL:0000118)
GO:0043005	neuron projection	part_of(CL:0000120)
GO:0043025	neuronal cell body	part_of(CL:0000120)
GO:0030425	dendrite	part_of(CL:0000120)
GO:0030424	axon	part_of(CL:0000120)
GO:0005764	lysosome	part_of(CL:0000120)
GO:0005769	early endosome	part_of(CL:0000120)
GO:0032809	neuronal cell body membrane	part_of(CL:0000120)
GO:0043005	neuron projection	part_of(CL:0000120)
GO:0043025	neuronal cell body	part_of(CL:0000120)
GO:0005634	nucleus	part_of(CL:0000120)
GO:0030424	axon	part_of(CL:0000120)
GO:0030425	dendrite	part_of(CL:0000120)
GO:0005737	cytoplasm	part_of(CL:0000120)
GO:0009897	external side of plasma membrane	part_of(CL:0000120)
GO:0005737	cytoplasm	part_of(CL:0000120)
GO:0005634	nucleus	part_of(CL:0000120)
GO:0005886	plasma membrane	part_of(CL:0000120)
GO:0030659	cytoplasmic vesicle membrane	part_of(CL:0000120)
GO:0005770	late endosome	part_of(CL:0000120)
GO:0032809	neuronal cell body membrane	part_of(CL:0000120)
GO:0030425	dendrite	part_of(CL:0000121
GO:0043025	neuronal cell body	part_of(CL:0000121
GO:0005634	nucleus	part_of(CL:0000121
GO:0030424	axon	part_of(CL:0000121
GO:0030425	dendrite	part_of(CL:0000121
GO:0030424	axon	part_of(CL:0000121)
GO:0005783	endoplasmic reticulum	part_of(CL:0000121)
GO:0014069	postsynaptic density	part_of(CL:0000121)
GO:0005634	nucleus	part_of(CL:0000121)
GO:0044297	cell body	part_of(CL:0000121)
GO:0043194	axon initial segment	part_of(CL:0000121)
GO:0060077	inhibitory synapse	part_of(CL:0000121)
GO:0005634	nucleus	part_of(CL:0000121)
GO:0014069	postsynaptic density	part_of(CL:0000121)
GO:0005802	trans-Golgi network	part_of(CL:0000121)
GO:0048471	perinuclear region of cytoplasm	part_of(CL:0000121)
GO:0045202	synapse	part_of(CL:0000121)
GO:0005737	cytoplasm	part_of(CL:0000121)
GO:0032809	neuronal cell body membrane	part_of(CL:0000121)
GO:0005886	plasma membrane	part_of(CL:0000121)
GO:0043025	neuronal cell body	part_of(CL:0000121)
GO:0044297	cell body	part_of(CL:0000121)
GO:0005737	cytoplasm	part_of(CL:0000121)
GO:0005737	cytoplasm	part_of(CL:0000121)
GO:0043025	neuronal cell body	part_of(CL:0000121)
GO:0030425	dendrite	part_of(CL:0000121)
GO:0005634	nucleus	part_of(CL:0000121)
GO:0043005	neuron projection	part_of(CL:0000121)
GO:0045202	synapse	part_of(CL:0000121)
GO:0005634	nucleus	part_of(CL:0000121)
GO:0008021	synaptic vesicle	part_of(CL:0000121)
GO:0043025	neuronal cell body	part_of(CL:0000121)
GO:0005634	nucleus	part_of(CL:0000121)
GO:0043025	neuronal cell body	part_of(CL:0000121)
GO:0044297	cell body	part_of(CL:0000121)
GO:0043025	neuronal cell body	part_of(CL:0000121)
GO:0005829	cytosol	part_of(CL:0000121)
GO:0030425	dendrite	part_of(CL:0000121)
GO:0031410	cytoplasmic vesicle	part_of(CL:0000121)
GO:0005777	peroxisome	part_of(CL:0000121)
GO:0030425	dendrite	part_of(CL:0000121)
GO:0043679	axon terminus	part_of(CL:0000121)
GO:0044297	cell body	part_of(CL:0000121)
GO:0030424	axon	part_of(CL:0000121)
GO:0005737	cytoplasm	part_of(CL:0000121)
GO:0005737	cytoplasm	part_of(CL:0000121)
GO:0005737	cytoplasm	part_of(CL:0000121)
GO:0005634	nucleus	part_of(CL:0000121)
GO:0005634	nucleus	part_of(CL:0000121)
GO:0005634	nucleus	part_of(CL:0000121)
GO:0005886	plasma membrane	part_of(CL:0000121)
GO:0005790	smooth endoplasmic reticulum	part_of(CL:0000121)
GO:0045202	synapse	part_of(CL:0000121)
GO:0030424	axon	part_of(CL:0000121)
GO:0005634	nucleus	part_of(CL:0000121)
GO:0005623	cell	part_of(CL:0000121)
GO:0048471	perinuclear region of cytoplasm	part_of(CL:0000121)
GO:0030425	dendrite	part_of(CL:0000121)
GO:0043005	neuron projection	part_of(CL:0000121)
GO:0031410	cytoplasmic vesicle	part_of(CL:0000121)
GO:0005737	cytoplasm	part_of(CL:0000121)
GO:0030425	dendrite	part_of(CL:0000121)
GO:0098794	postsynapse	part_of(CL:0000121)
GO:0043197	dendritic spine	part_of(CL:0000121)
GO:0030425	dendrite	part_of(CL:0000121)
GO:0044307	dendritic branch	part_of(CL:0000121)
GO:0005783	endoplasmic reticulum	part_of(CL:0000125
GO:0005737	cytoplasm	part_of(CL:0000125
GO:0048471	perinuclear region of cytoplasm	part_of(CL:0000125
GO:0043025	neuronal cell body	part_of(CL:0000125)
GO:0016020	membrane	part_of(CL:0000125)
GO:0005634	nucleus	part_of(CL:0000125)
GO:0005623	cell	part_of(CL:0000125)
GO:0005886	plasma membrane	part_of(CL:0000125)
GO:0005777	peroxisome	part_of(CL:0000125)
GO:0005623	cell	part_of(CL:0000125)
GO:0005764	lysosome	part_of(CL:0000125)
GO:0005634	nucleus	part_of(CL:0000125)
GO:0005829	cytosol	part_of(CL:0000127
GO:0044297	cell body	part_of(CL:0000127
GO:0005634	nucleus	part_of(CL:0000127
GO:0005737	cytoplasm	part_of(CL:0000127
GO:0005634	nucleus	part_of(CL:0000127
GO:0005622	intracellular	part_of(CL:0000127)
GO:0005886	plasma membrane	part_of(CL:0000127)
GO:0005886	plasma membrane	part_of(CL:0000127)
GO:0005634	nucleus	part_of(CL:0000127)
GO:0005769	early endosome	part_of(CL:0000127)
GO:0005634	nucleus	part_of(CL:0000127)
GO:0043209	myelin sheath	part_of(CL:0000127)
GO:0005764	lysosome	part_of(CL:0000127)
GO:0031982	vesicle	part_of(CL:0000127)
GO:0005886	plasma membrane	part_of(CL:0000127)
GO:0005737	cytoplasm	part_of(CL:0000127)
GO:0042995	cell projection	part_of(CL:0000127)
GO:0043204	perikaryon	part_of(CL:0000127)
GO:0043204	perikaryon	part_of(CL:0000127)
GO:0005911	cell-cell junction	part_of(CL:0000127)
GO:0009897	external side of plasma membrane	part_of(CL:0000127)
GO:0005737	cytoplasm	part_of(CL:0000127)
GO:0005882	intermediate filament	part_of(CL:0000127)
GO:0005739	mitochondrion	part_of(CL:0000127)
GO:0005829	cytosol	part_of(CL:0000127)
GO:0045820	negative regulation of glycolytic process	part_of(CL:0000127)
GO:0046325	negative regulation of glucose import	part_of(CL:0000127)
GO:0042995	cell projection	part_of(CL:0000127)
GO:0044297	cell body	part_of(CL:0000127)
GO:0005634	nucleus	part_of(CL:0000127)
GO:0005886	plasma membrane	part_of(CL:0000127)
GO:0005886	plasma membrane	part_of(CL:0000127)
GO:0005886	plasma membrane	part_of(CL:0000127)
GO:0005886	plasma membrane	part_of(CL:0000127)
GO:1904408	melatonin binding	part_of(CL:0000127)
GO:0048471	perinuclear region of cytoplasm	part_of(CL:0000127)
GO:0097449	astrocyte projection	part_of(CL:0000127)
GO:0005882	intermediate filament	part_of(CL:0000127)
GO:0005635	nuclear envelope	part_of(CL:0000127)
GO:0005615	extracellular space	part_of(CL:0000127)
GO:0005783	endoplasmic reticulum	part_of(CL:0000127)
GO:0005901	caveola	part_of(CL:0000127)
GO:0005764	lysosome	part_of(CL:0000127)
GO:0005829	cytosol	part_of(CL:0000127)
GO:0005623	cell	part_of(CL:0000127)
GO:0043025	neuronal cell body	part_of(CL:0000127)
GO:0005634	nucleus	part_of(CL:0000128
GO:0042995	cell projection	part_of(CL:0000128)
GO:0030175	filopodium	part_of(CL:0000128)
GO:0005622	intracellular	part_of(CL:0000128)
GO:0033269	internode region of axon	part_of(CL:0000128)
GO:0033269	internode region of axon	part_of(CL:0000128)
GO:0033269	internode region of axon	part_of(CL:0000128)
GO:0030027	lamellipodium	part_of(CL:0000128)
GO:0043209	myelin sheath	part_of(CL:0000128)
GO:0043209	myelin sheath	part_of(CL:0000128)
GO:0043209	myelin sheath	part_of(CL:0000128)
GO:0043209	myelin sheath	part_of(CL:0000128)
GO:0005886	plasma membrane	part_of(CL:0000128)
GO:0033270	paranode region of axon	part_of(CL:0000128)
GO:0033270	paranode region of axon	part_of(CL:0000128)
GO:0033270	paranode region of axon	part_of(CL:0000128)
GO:0043025	neuronal cell body	part_of(CL:0000128)
GO:0042995	cell projection	part_of(CL:0000128)
GO:0042995	cell projection	part_of(CL:0000128)
GO:0071944	cell periphery	part_of(CL:0000128)
GO:0043209	myelin sheath	part_of(CL:0000128)
GO:0033269	internode region of axon	part_of(CL:0000128)
GO:0043025	neuronal cell body	part_of(CL:0000128)
GO:0043025	neuronal cell body	part_of(CL:0000128)
GO:0043025	neuronal cell body	part_of(CL:0000128)
GO:0005886	plasma membrane	part_of(CL:0000129
GO:0005737	cytoplasm	part_of(CL:0000129)
GO:0001891	phagocytic cup	part_of(CL:0000129)
GO:0005737	cytoplasm	part_of(CL:0000129)
GO:0005634	nucleus	part_of(CL:0000129)
GO:0005884	actin filament	part_of(CL:0000129)
GO:0009897	external side of plasma membrane	part_of(CL:0000129)
GO:0005886	plasma membrane	part_of(CL:0000129)
GO:0009897	external side of plasma membrane	part_of(CL:0000129)
GO:0005615	extracellular space	part_of(CL:0000129)
GO:0001726	ruffle	part_of(CL:0000129)
GO:0005634	nucleus	part_of(CL:0000131)
GO:0005634	nucleus	part_of(CL:0000131)
GO:0005913	cell-cell adherens junction	part_of(CL:0000131)
GO:0031528	microvillus membrane	part_of(CL:0000131)
GO:0005634	nucleus	part_of(CL:0000131)
GO:0005923	bicellular tight junction	part_of(CL:0000132)
GO:0005902	microvillus	part_of(CL:0000133)
GO:0005634	nucleus	part_of(CL:0000134
GO:0005737	cytoplasm	part_of(CL:0000134
GO:0005634	nucleus	part_of(CL:0000134)
GO:0005634	nucleus	part_of(CL:0000134)
GO:0005634	nucleus	part_of(CL:0000134)
GO:0005615	extracellular space	part_of(CL:0000134)
GO:0070852	cell body fiber	part_of(CL:0000134)
GO:0005634	nucleus	part_of(CL:0000134)
GO:0005634	nucleus	part_of(CL:0000134)
GO:0005634	nucleus	part_of(CL:0000134)
GO:0005634	nucleus	part_of(CL:0000134)
GO:0044297	cell body	part_of(CL:0000134)
GO:0005622	intracellular	part_of(CL:0000134)
GO:0005737	cytoplasm	part_of(CL:0000134)
GO:0005634	nucleus	part_of(CL:0000134)
GO:0030027	lamellipodium	part_of(CL:0000134)
GO:0005634	nucleus	part_of(CL:0000134)
GO:0005634	nucleus	part_of(CL:0000134)
GO:0005634	nucleus	part_of(CL:0000134)
GO:0005623	cell	part_of(CL:0000134)
GO:0005737	cytoplasm	part_of(CL:0000134)
GO:0005737	cytoplasm	part_of(CL:0000134)
GO:0005634	nucleus	part_of(CL:0000134)
GO:0005634	nucleus	part_of(CL:0000134)
GO:0005634	nucleus	part_of(CL:0000134)
GO:0005634	nucleus	part_of(CL:0000134)
GO:0016020	membrane	part_of(CL:0000134)
GO:0005737	cytoplasm	part_of(CL:0000134)
GO:0030175	filopodium	part_of(CL:0000134)
GO:0005737	cytoplasm	part_of(CL:0000134)
GO:0005737	cytoplasm	part_of(CL:0000134)
GO:0005634	nucleus	part_of(CL:0000134)
GO:0005737	cytoplasm	part_of(CL:0000135)
GO:0005739	mitochondrion	part_of(CL:0000135)
GO:0005634	nucleus	part_of(CL:0000135)
GO:0071944	cell periphery	part_of(CL:0000136
GO:0005622	intracellular	part_of(CL:0000136)
GO:0005794	Golgi apparatus	part_of(CL:0000136)
GO:0005615	extracellular space	part_of(CL:0000136)
GO:0005783	endoplasmic reticulum	part_of(CL:0000136)
GO:0005634	nucleus	part_of(CL:0000136)
GO:0032593	insulin-responsive compartment	part_of(CL:0000136)
GO:0048471	perinuclear region of cytoplasm	part_of(CL:0000136)
GO:0005737	cytoplasm	part_of(CL:0000136)
GO:0005768	endosome	part_of(CL:0000136)
GO:0005886	plasma membrane	part_of(CL:0000136)
GO:0005623	cell	part_of(CL:0000136)
GO:0031982	vesicle	part_of(CL:0000136)
GO:0005737	cytoplasm	part_of(CL:0000137)
GO:0005585	collagen type II trimer	part_of(CL:0000138)
GO:0005585	collagen type II trimer	part_of(CL:0000138)
GO:0005622	intracellular	part_of(CL:0000138)
GO:0005789	endoplasmic reticulum membrane	part_of(CL:0000138)
GO:0005764	lysosome	part_of(CL:0000138)
GO:0005578	proteinaceous extracellular matrix	part_of(CL:0000138)
GO:0005783	endoplasmic reticulum	part_of(CL:0000138)
GO:0005634	nucleus	part_of(CL:0000138)
GO:0032432	actin filament bundle	part_of(CL:0000138)
GO:0005801	cis-Golgi network	part_of(CL:0000138)
GO:0005930	axoneme	part_of(CL:0000138)
GO:0005737	cytoplasm	part_of(CL:0000138)
GO:0005634	nucleus	part_of(CL:0000138)
GO:0005938	cell cortex	part_of(CL:0000138)
GO:0005764	lysosome	part_of(CL:0000138)
GO:0005622	intracellular	part_of(CL:0000138)
GO:0005615	extracellular space	part_of(CL:0000138)
GO:0005634	nucleus	part_of(CL:0000138)
GO:0005929	cilium	part_of(CL:0000138)
GO:0005886	plasma membrane	part_of(CL:0000138)
GO:0005737	cytoplasm	part_of(CL:0000138)
GO:0005829	cytosol	part_of(CL:0000138)
GO:0005634	nucleus	part_of(CL:0000138)
GO:0016323	basolateral plasma membrane	part_of(CL:0000146
GO:0005737	cytoplasm	part_of(CL:0000146
GO:0005737	cytoplasm	part_of(CL:0000146
GO:0005634	nucleus	part_of(CL:0000148)
GO:0035371	microtubule plus-end	part_of(CL:0000148)
GO:0030425	dendrite	part_of(CL:0000148)
GO:0042470	melanosome	part_of(CL:0000148)
GO:0042470	melanosome	part_of(CL:0000148)
GO:0005794	Golgi apparatus	part_of(CL:0000148)
GO:0001725	stress fiber	part_of(CL:0000148)
GO:0042470	melanosome	part_of(CL:0000148)
GO:0005783	endoplasmic reticulum	part_of(CL:0000148)
GO:0030137	COPI-coated vesicle	part_of(CL:0000148)
GO:0005815	microtubule organizing center	part_of(CL:0000148)
GO:0030864	cortical actin cytoskeleton	part_of(CL:0000148)
GO:0048471	perinuclear region of cytoplasm	part_of(CL:0000148)
GO:0005737	cytoplasm	part_of(CL:0000150)
GO:0009986	cell surface	part_of(CL:0000150)
GO:0005634	nucleus	part_of(CL:0000150)
GO:0005634	nucleus	part_of(CL:0000150)
GO:0005737	cytoplasm	part_of(CL:0000150)
GO:0005802	trans-Golgi network	part_of(CL:0000150)
GO:0005623	cell	part_of(CL:0000152
GO:0005634	nucleus	part_of(CL:0000152)
GO:0005737	cytoplasm	part_of(CL:0000155)
GO:0005737	cytoplasm	part_of(CL:0000158)
GO:0005737	cytoplasm	part_of(CL:0000158)
GO:0005737	cytoplasm	part_of(CL:0000158)
GO:0016324	apical plasma membrane	part_of(CL:0000158)
GO:0005829	cytosol	part_of(CL:0000160
GO:0031526	brush border membrane	part_of(CL:0000160
GO:0005623	cell	part_of(CL:0000160
GO:0005623	cell	part_of(CL:0000160
GO:0005623	cell	part_of(CL:0000160)
GO:0030141	secretory granule	part_of(CL:0000160)
GO:0016020	membrane	part_of(CL:0000160)
GO:0016324	apical plasma membrane	part_of(CL:0000162
GO:0005905	clathrin-coated pit	part_of(CL:0000162)
GO:0005737	cytoplasm	part_of(CL:0000162)
GO:0005623	cell	part_of(CL:0000163
GO:0005623	cell	part_of(CL:0000163
GO:0048471	perinuclear region of cytoplasm	part_of(CL:0000163)
GO:0005634	nucleus	part_of(CL:0000164)
GO:0005634	nucleus	part_of(CL:0000165)
GO:0005737	cytoplasm	part_of(CL:0000165)
GO:0005634	nucleus	part_of(CL:0000165)
GO:0005634	nucleus	part_of(CL:0000165)
GO:0005634	nucleus	part_of(CL:0000165)
GO:0005634	nucleus	part_of(CL:0000165)
GO:0005634	nucleus	part_of(CL:0000165)
GO:0030424	axon	part_of(CL:0000165)
GO:0005634	nucleus	part_of(CL:0000166)
GO:0005886	plasma membrane	part_of(CL:0000166)
GO:0005886	plasma membrane	part_of(CL:0000166)
GO:0048471	perinuclear region of cytoplasm	part_of(CL:0000166)
GO:0005737	cytoplasm	part_of(CL:0000166)
GO:0005634	nucleus	part_of(CL:0000167)
GO:0005634	nucleus	part_of(CL:0000167)
GO:0005634	nucleus	part_of(CL:0000167)
GO:0005737	cytoplasm	part_of(CL:0000167)
GO:0005634	nucleus	part_of(CL:0000168)
GO:0005634	nucleus	part_of(CL:0000169)
GO:0005886	plasma membrane	part_of(CL:0000169)
GO:0005634	nucleus	part_of(CL:0000169)
GO:0005739	mitochondrion	part_of(CL:0000169)
GO:0030141	secretory granule	part_of(CL:0000169)
GO:0005783	endoplasmic reticulum	part_of(CL:0000169)
GO:0005622	intracellular	part_of(CL:0000169)
GO:0005737	cytoplasm	part_of(CL:0000169)
GO:0005829	cytosol	part_of(CL:0000169)
GO:0005886	plasma membrane	part_of(CL:0000169)
GO:0005634	nucleus	part_of(CL:0000169)
GO:0048471	perinuclear region of cytoplasm	part_of(CL:0000169)
GO:0005634	nucleus	part_of(CL:0000169)
GO:0005829	cytosol	part_of(CL:0000169)
GO:0005829	cytosol	part_of(CL:0000169)
GO:0005634	nucleus	part_of(CL:0000171)
GO:0005634	nucleus	part_of(CL:0000171)
GO:0009897	external side of plasma membrane	part_of(CL:0000173)
GO:0005623	cell	part_of(CL:0000178
GO:0005737	cytoplasm	part_of(CL:0000178
GO:0005623	cell	part_of(CL:0000178
GO:0005634	nucleus	part_of(CL:0000178
GO:0005737	cytoplasm	part_of(CL:0000178
GO:0005777	peroxisome	part_of(CL:0000178
GO:0005794	Golgi apparatus	part_of(CL:0000178)
GO:0005739	mitochondrion	part_of(CL:0000178)
GO:0005634	nucleus	part_of(CL:0000178)
GO:0005811	lipid particle	part_of(CL:0000178)
GO:0001669	acrosomal vesicle	part_of(CL:0000178)
GO:0005623	cell	part_of(CL:0000178)
GO:0005783	endoplasmic reticulum	part_of(CL:0000178)
GO:0005634	nucleus	part_of(CL:0000178)
GO:0005622	intracellular	part_of(CL:0000178)
GO:0005622	intracellular	part_of(CL:0000178)
GO:0005777	peroxisome	part_of(CL:0000178)
GO:0005737	cytoplasm	part_of(CL:0000178)
GO:0005782	peroxisomal matrix	part_of(CL:0000178)
GO:0012506	vesicle membrane	part_of(CL:0000178)
GO:0005782	peroxisomal matrix	part_of(CL:0000178)
GO:0005737	cytoplasm	part_of(CL:0000178)
GO:0005737	cytoplasm	part_of(CL:0000178)
GO:0009986	cell surface	part_of(CL:0000182
GO:0009925	basal plasma membrane	part_of(CL:0000182
GO:0016020	membrane	part_of(CL:0000182
GO:0005737	cytoplasm	part_of(CL:0000182
GO:0005737	cytoplasm	part_of(CL:0000182
GO:0016323	basolateral plasma membrane	part_of(CL:0000182
GO:0005737	cytoplasm	part_of(CL:0000182
GO:0005623	cell	part_of(CL:0000182
GO:0005634	nucleus	part_of(CL:0000182
GO:0005737	cytoplasm	part_of(CL:0000182)
GO:0005739	mitochondrion	part_of(CL:0000182)
GO:0005634	nucleus	part_of(CL:0000182)
GO:0005634	nucleus	part_of(CL:0000182)
GO:0005634	nucleus	part_of(CL:0000182)
GO:0005634	nucleus	part_of(CL:0000182)
GO:0009925	basal plasma membrane	part_of(CL:0000182)
GO:0005634	nucleus	part_of(CL:0000182)
GO:0005623	cell	part_of(CL:0000182)
GO:0005764	lysosome	part_of(CL:0000182)
GO:0005615	extracellular space	part_of(CL:0000182)
GO:0032355	response to estradiol	part_of(CL:0000182)
GO:0005829	cytosol	part_of(CL:0000182)
GO:0015562	efflux transmembrane transporter activity	part_of(CL:0000182)
GO:0005737	cytoplasm	part_of(CL:0000182)
GO:0005634	nucleus	part_of(CL:0000182)
GO:0005737	cytoplasm	part_of(CL:0000182)
GO:0005737	cytoplasm	part_of(CL:0000182)
GO:0031966	mitochondrial membrane	part_of(CL:0000182)
GO:0016324	apical plasma membrane	part_of(CL:0000182)
GO:0005737	cytoplasm	part_of(CL:0000182)
GO:0005634	nucleus	part_of(CL:0000182)
GO:0005741	mitochondrial outer membrane	part_of(CL:0000182)
GO:0005886	plasma membrane	part_of(CL:0000182)
GO:0005739	mitochondrion	part_of(CL:0000182)
GO:0030868	smooth endoplasmic reticulum membrane	part_of(CL:0000182)
GO:0031965	nuclear membrane	part_of(CL:0000182)
GO:0005778	peroxisomal membrane	part_of(CL:0000182)
GO:0005829	cytosol	part_of(CL:0000182)
GO:0005720	nuclear heterochromatin	part_of(CL:0000182)
GO:0048471	perinuclear region of cytoplasm	part_of(CL:0000182)
GO:0005777	peroxisome	part_of(CL:0000182)
GO:0005739	mitochondrion	part_of(CL:0000182)
GO:0005634	nucleus	part_of(CL:0000182)
GO:0005634	nucleus	part_of(CL:0000182)
GO:0005764	lysosome	part_of(CL:0000182)
GO:0000139	Golgi membrane	part_of(CL:0000182)
GO:0005782	peroxisomal matrix	part_of(CL:0000182)
GO:0031410	cytoplasmic vesicle	part_of(CL:0000182)
GO:0034605	cellular response to heat	part_of(CL:0000182)
GO:0005886	plasma membrane	part_of(CL:0000182)
GO:0016020	membrane	part_of(CL:0000182)
GO:0005829	cytosol	part_of(CL:0000182)
GO:0009897	external side of plasma membrane	part_of(CL:0000182)
GO:0009897	external side of plasma membrane	part_of(CL:0000182)
GO:0005737	cytoplasm	part_of(CL:0000182)
GO:0005739	mitochondrion	part_of(CL:0000182)
GO:0005791	rough endoplasmic reticulum	part_of(CL:0000182)
GO:0042910	xenobiotic transporter activity	part_of(CL:0000182)
GO:0005802	trans-Golgi network	part_of(CL:0000182)
GO:0005782	peroxisomal matrix	part_of(CL:0000182)
GO:1990239	steroid hormone binding	part_of(CL:0000182)
GO:0005777	peroxisome	part_of(CL:0000182)
GO:0005737	cytoplasm	part_of(CL:0000182)
GO:0005886	plasma membrane	part_of(CL:0000182)
GO:0005790	smooth endoplasmic reticulum	part_of(CL:0000182)
GO:0031966	mitochondrial membrane	part_of(CL:0000182)
GO:0019898	extrinsic component of membrane	part_of(CL:0000182)
GO:0005829	cytosol	part_of(CL:0000182)
GO:0005623	cell	part_of(CL:0000182)
GO:0005737	cytoplasm	part_of(CL:0000182)
GO:0005829	cytosol	part_of(CL:0000182)
GO:0005782	peroxisomal matrix	part_of(CL:0000182)
GO:0005777	peroxisome	part_of(CL:0000182)
GO:0005634	nucleus	part_of(CL:0000182)
GO:0071944	cell periphery	part_of(CL:0000187
GO:0071944	cell periphery	part_of(CL:0000187
GO:0048471	perinuclear region of cytoplasm	part_of(CL:0000187
GO:0048471	perinuclear region of cytoplasm	part_of(CL:0000187
GO:0005737	cytoplasm	part_of(CL:0000187
GO:0005622	intracellular	part_of(CL:0000187
GO:0016528	sarcoplasm	part_of(CL:0000187
GO:0016528	sarcoplasm	part_of(CL:0000187
GO:0090636	outer dense plaque of desmosome	part_of(CL:0000187
GO:0014704	intercalated disc	part_of(CL:0000187
GO:0005886	plasma membrane	part_of(CL:0000187)
GO:0042383	sarcolemma	part_of(CL:0000187)
GO:0009897	external side of plasma membrane	part_of(CL:0000187)
GO:0005927	muscle tendon junction	part_of(CL:0000187)
GO:0098723	skeletal muscle myofibril	part_of(CL:0000187)
GO:0005623	cell	part_of(CL:0000187)
GO:0005737	cytoplasm	part_of(CL:0000187)
GO:0031594	neuromuscular junction	part_of(CL:0000187)
GO:0014704	intercalated disc	part_of(CL:0000187)
GO:0002095	caveolar macromolecular signaling complex	part_of(CL:0000187)
GO:0005829	cytosol	part_of(CL:0000187)
GO:0005829	cytosol	part_of(CL:0000187)
GO:0005901	caveola	part_of(CL:0000187)
GO:0030018	Z disc	part_of(CL:0000187)
GO:0005634	nucleus	part_of(CL:0000187)
GO:0005737	cytoplasm	part_of(CL:0000187)
GO:0031410	cytoplasmic vesicle	part_of(CL:0000187)
GO:0005622	intracellular	part_of(CL:0000187)
GO:0030016	myofibril	part_of(CL:0000187)
GO:0030018	Z disc	part_of(CL:0000187)
GO:0005886	plasma membrane	part_of(CL:0000187)
GO:0005884	actin filament	part_of(CL:0000187)
GO:0016528	sarcoplasm	part_of(CL:0000187)
GO:0005623	cell	part_of(CL:0000187)
GO:0042383	sarcolemma	part_of(CL:0000188
GO:0031594	neuromuscular junction	part_of(CL:0000188)
GO:0042383	sarcolemma	part_of(CL:0000188)
GO:0016020	membrane	part_of(CL:0000188)
GO:0045211	postsynaptic membrane	part_of(CL:0000188)
GO:0030315	T-tubule	part_of(CL:0000188)
GO:0042383	sarcolemma	part_of(CL:0000188)
GO:0005737	cytoplasm	part_of(CL:0000188)
GO:0005605	basal lamina	part_of(CL:0000188)
GO:0005605	basal lamina	part_of(CL:0000188)
GO:0031594	neuromuscular junction	part_of(CL:0000188)
GO:0045121	membrane raft	part_of(CL:0000188)
GO:0005622	intracellular	part_of(CL:0000188)
GO:0005912	adherens junction	part_of(CL:0000188)
GO:0033017	sarcoplasmic reticulum membrane	part_of(CL:0000188)
GO:0016529	sarcoplasmic reticulum	part_of(CL:0000188)
GO:0043292	contractile fiber	part_of(CL:0000188)
GO:0042383	sarcolemma	part_of(CL:0000188)
GO:0005739	mitochondrion	part_of(CL:0000188)
GO:0030018	Z disc	part_of(CL:0000188)
GO:0031594	neuromuscular junction	part_of(CL:0000188)
GO:0030017	sarcomere	part_of(CL:0000188)
GO:0005615	extracellular space	part_of(CL:0000188)
GO:0005737	cytoplasm	part_of(CL:0000188)
GO:0005886	plasma membrane	part_of(CL:0000188)
GO:0030315	T-tubule	part_of(CL:0000188)
GO:0005634	nucleus	part_of(CL:0000188)
GO:0031594	neuromuscular junction	part_of(CL:0000188)
GO:0015629	actin cytoskeleton	part_of(CL:0000188)
GO:0005737	cytoplasm	part_of(CL:0000188)
GO:0005927	muscle tendon junction	part_of(CL:0000188)
GO:0016020	membrane	part_of(CL:0000188)
GO:0005844	polysome	part_of(CL:0000188)
GO:0005634	nucleus	part_of(CL:0000188)
GO:0005634	nucleus	part_of(CL:0000188)
GO:0031672	A band	part_of(CL:0000188)
GO:0031430	M band	part_of(CL:0000188)
GO:0030314	junctional membrane complex	part_of(CL:0000188)
GO:0030314	junctional membrane complex	part_of(CL:0000188)
GO:0030314	junctional membrane complex	part_of(CL:0000188)
GO:0042383	sarcolemma	part_of(CL:0000188)
GO:0042383	sarcolemma	part_of(CL:0000188)
GO:0016459	myosin complex	part_of(CL:0000188)
GO:0031594	neuromuscular junction	part_of(CL:0000188)
GO:0042383	sarcolemma	part_of(CL:0000188)
GO:0005886	plasma membrane	part_of(CL:0000188)
GO:0031674	I band	part_of(CL:0000188)
GO:0005578	proteinaceous extracellular matrix	part_of(CL:0000188)
GO:0042383	sarcolemma	part_of(CL:0000188)
GO:0031594	neuromuscular junction	part_of(CL:0000188)
GO:0045211	postsynaptic membrane	part_of(CL:0000188)
GO:0045211	postsynaptic membrane	part_of(CL:0000188)
GO:0043034	costamere	part_of(CL:0000188)
GO:0030016	myofibril	part_of(CL:0000188)
GO:0014801	longitudinal sarcoplasmic reticulum	part_of(CL:0000188)
GO:0043034	costamere	part_of(CL:0000188)
GO:0045121	membrane raft	part_of(CL:0000188)
GO:0042383	sarcolemma	part_of(CL:0000189)
GO:0031594	neuromuscular junction	part_of(CL:0000190)
GO:0005886	plasma membrane	part_of(CL:0000192
GO:0005634	nucleus	part_of(CL:0000192
GO:0005737	cytoplasm	part_of(CL:0000192
GO:0009986	cell surface	part_of(CL:0000192
GO:0005634	nucleus	part_of(CL:0000192
GO:0005737	cytoplasm	part_of(CL:0000192)
GO:0005737	cytoplasm	part_of(CL:0000192)
GO:0005739	mitochondrion	part_of(CL:0000192)
GO:0005634	nucleus	part_of(CL:0000192)
GO:0005794	Golgi apparatus	part_of(CL:0000192)
GO:0030485	smooth muscle contractile fiber	part_of(CL:0000192)
GO:0031240	external side of cell outer membrane	part_of(CL:0000192)
GO:0005783	endoplasmic reticulum	part_of(CL:0000192)
GO:0048471	perinuclear region of cytoplasm	part_of(CL:0000192)
GO:0005859	muscle myosin complex	part_of(CL:0000192)
GO:0005634	nucleus	part_of(CL:0000192)
GO:0005737	cytoplasm	part_of(CL:0000192)
GO:0005737	cytoplasm	part_of(CL:0000192)
GO:0005886	plasma membrane	part_of(CL:0000192)
GO:0005515	protein binding	part_of(CL:0000192)
GO:0016020	membrane	part_of(CL:0000192)
GO:0005938	cell cortex	part_of(CL:0000192)
GO:0034683	integrin alphav-beta3 complex	part_of(CL:0000192)
GO:0045211	postsynaptic membrane	part_of(CL:0000192)
GO:0005737	cytoplasm	part_of(CL:0000192)
GO:0005886	plasma membrane	part_of(CL:0000192)
GO:0005874	microtubule	part_of(CL:0000192)
GO:0012506	vesicle membrane	part_of(CL:0000198)
GO:0005886	plasma membrane	part_of(CL:0000198)
GO:0045177	apical part of cell	part_of(CL:0000202
GO:0045177	apical part of cell	part_of(CL:0000202
GO:0005737	cytoplasm	part_of(CL:0000202)
GO:0030140	trans-Golgi network transport vesicle	part_of(CL:0000202)
GO:0005938	cell cortex	part_of(CL:0000202)
GO:0032426	stereocilium tip	part_of(CL:0000202)
GO:0045177	apical part of cell	part_of(CL:0000202)
GO:0005911	cell-cell junction	part_of(CL:0000202)
GO:0005737	cytoplasm	part_of(CL:0000202)
GO:0005764	lysosome	part_of(CL:0000202)
GO:0016020	membrane	part_of(CL:0000202)
GO:0032420	stereocilium	part_of(CL:0000202)
GO:0045177	apical part of cell	part_of(CL:0000202)
GO:0005874	microtubule	part_of(CL:0000202)
GO:0016324	apical plasma membrane	part_of(CL:0000202)
GO:0032437	cuticular plate	part_of(CL:0000202)
GO:0043025	neuronal cell body	part_of(CL:0000202)
GO:0060091	kinocilium	part_of(CL:0000202)
GO:0005886	plasma membrane	part_of(CL:0000202)
GO:0016328	lateral plasma membrane	part_of(CL:0000202)
GO:0005634	nucleus	part_of(CL:0000202)
GO:0005929	cilium	part_of(CL:0000202)
GO:0071944	cell periphery	part_of(CL:0000202)
GO:0005813	centrosome	part_of(CL:0000202)
GO:0060091	kinocilium	part_of(CL:0000202)
GO:0060091	kinocilium	part_of(CL:0000202)
GO:0060091	kinocilium	part_of(CL:0000202)
GO:0005634	nucleus	part_of(CL:0000202)
GO:0036064	ciliary basal body	part_of(CL:0000202)
GO:0032420	stereocilium	part_of(CL:0000202)
GO:0032420	stereocilium	part_of(CL:0000202)
GO:0045178	basal part of cell	part_of(CL:0000202)
GO:0005801	cis-Golgi network	part_of(CL:0000207
GO:0005794	Golgi apparatus	part_of(CL:0000207
GO:0005764	lysosome	part_of(CL:0000207)
GO:0005739	mitochondrion	part_of(CL:0000207)
GO:0005769	early endosome	part_of(CL:0000207)
GO:0097730	non-motile cilium	part_of(CL:0000207)
GO:0030424	axon	part_of(CL:0000207)
GO:0048471	perinuclear region of cytoplasm	part_of(CL:0000207)
GO:0071683	sensory dendrite	part_of(CL:0000207)
GO:0098788	dendritic knob	part_of(CL:0000207)
GO:0005783	endoplasmic reticulum	part_of(CL:0000207)
GO:0030424	axon	part_of(CL:0000207)
GO:0030424	axon	part_of(CL:0000207)
GO:0030424	axon	part_of(CL:0000207)
GO:0030424	axon	part_of(CL:0000207)
GO:0016020	membrane	part_of(CL:0000207)
GO:0097014	ciliary plasm	part_of(CL:0000207)
GO:0016328	lateral plasma membrane	part_of(CL:0000207)
GO:0005737	cytoplasm	part_of(CL:0000209)
GO:0005737	cytoplasm	part_of(CL:0000209)
GO:0005887	integral component of plasma membrane	part_of(CL:0000209)
GO:0005737	cytoplasm	part_of(CL:0000209)
GO:0001917	photoreceptor inner segment	part_of(CL:0000210
GO:0001750	photoreceptor outer segment	part_of(CL:0000210
GO:0005814	centriole	part_of(CL:0000210)
GO:0032391	photoreceptor connecting cilium	part_of(CL:0000210)
GO:0097730	non-motile cilium	part_of(CL:0000210)
GO:0045202	synapse	part_of(CL:0000210)
GO:0005930	axoneme	part_of(CL:0000210)
GO:0005930	axoneme	part_of(CL:0000210)
GO:0045202	synapse	part_of(CL:0000210)
GO:0048471	perinuclear region of cytoplasm	part_of(CL:0000210)
GO:0036064	ciliary basal body	part_of(CL:0000210)
GO:0001750	photoreceptor outer segment	part_of(CL:0000210)
GO:0005634	nucleus	part_of(CL:0000210)
GO:0005737	cytoplasm	part_of(CL:0000210)
GO:0042734	presynaptic membrane	part_of(CL:0000210)
GO:0045202	synapse	part_of(CL:0000210)
GO:0045202	synapse	part_of(CL:0000210)
GO:0045202	synapse	part_of(CL:0000210)
GO:0045202	synapse	part_of(CL:0000210)
GO:0005929	cilium	part_of(CL:0000210)
GO:0032391	photoreceptor connecting cilium	part_of(CL:0000210)
GO:0016323	basolateral plasma membrane	part_of(CL:0000212
GO:0045177	apical part of cell	part_of(CL:0000212
GO:0005634	nucleus	part_of(CL:0000216
GO:0005737	cytoplasm	part_of(CL:0000216
GO:0005737	cytoplasm	part_of(CL:0000216
GO:0005634	nucleus	part_of(CL:0000216
GO:0005634	nucleus	part_of(CL:0000216
GO:0005634	nucleus	part_of(CL:0000216)
GO:0005634	nucleus	part_of(CL:0000216)
GO:0015630	microtubule cytoskeleton	part_of(CL:0000216)
GO:0005634	nucleus	part_of(CL:0000216)
GO:0005634	nucleus	part_of(CL:0000216)
GO:0005737	cytoplasm	part_of(CL:0000216)
GO:0005737	cytoplasm	part_of(CL:0000216)
GO:0005634	nucleus	part_of(CL:0000216)
GO:0005719	nuclear euchromatin	part_of(CL:0000216)
GO:0005634	nucleus	part_of(CL:0000216)
GO:0005737	cytoplasm	part_of(CL:0000216)
GO:0005634	nucleus	part_of(CL:0000216)
GO:0005737	cytoplasm	part_of(CL:0000216)
GO:0005622	intracellular	part_of(CL:0000216)
GO:0005622	intracellular	part_of(CL:0000216)
GO:0005634	nucleus	part_of(CL:0000216)
GO:0005737	cytoplasm	part_of(CL:0000216)
GO:0005634	nucleus	part_of(CL:0000216)
GO:0005634	nucleus	part_of(CL:0000216)
GO:0005634	nucleus	part_of(CL:0000216)
GO:0005737	cytoplasm	part_of(CL:0000216)
GO:0005777	peroxisome	part_of(CL:0000216)
GO:0015630	microtubule cytoskeleton	part_of(CL:0000216)
GO:0015630	microtubule cytoskeleton	part_of(CL:0000216)
GO:0005782	peroxisomal matrix	part_of(CL:0000216)
GO:0005634	nucleus	part_of(CL:0000216)
GO:0005634	nucleus	part_of(CL:0000216)
GO:0005829	cytosol	part_of(CL:0000216)
GO:0005782	peroxisomal matrix	part_of(CL:0000216)
GO:0005777	peroxisome	part_of(CL:0000216)
GO:0005737	cytoplasm	part_of(CL:0000216)
GO:0005737	cytoplasm	part_of(CL:0000216)
GO:0005737	cytoplasm	part_of(CL:0000216)
GO:0005634	nucleus	part_of(CL:0000216)
GO:0005720	nuclear heterochromatin	part_of(CL:0000218)
GO:0005737	cytoplasm	part_of(CL:0000218)
GO:0005737	cytoplasm	part_of(CL:0000218)
GO:0043220	Schmidt-Lanterman incisure	part_of(CL:0000218)
GO:0005737	cytoplasm	part_of(CL:0000218)
GO:0005737	cytoplasm	part_of(CL:0000218)
GO:0033010	paranodal junction	part_of(CL:0000218)
GO:0005737	cytoplasm	part_of(CL:0000218)
GO:0005911	cell-cell junction	part_of(CL:0000221)
GO:0005737	cytoplasm	part_of(CL:0000221)
GO:0005634	nucleus	part_of(CL:0000221)
GO:0005634	nucleus	part_of(CL:0000222)
GO:0005829	cytosol	part_of(CL:0000222)
GO:0005634	nucleus	part_of(CL:0000222)
GO:0031252	cell leading edge	part_of(CL:0000222)
GO:0005634	nucleus	part_of(CL:0000223)
GO:0030139	endocytic vesicle	part_of(CL:0000223)
GO:0005905	clathrin-coated pit	part_of(CL:0000223)
GO:0045177	apical part of cell	part_of(CL:0000223)
GO:0016324	apical plasma membrane	part_of(CL:0000223)
GO:0016324	apical plasma membrane	part_of(CL:0000223)
GO:0016324	apical plasma membrane	part_of(CL:0000223)
GO:0005737	cytoplasm	part_of(CL:0000223)
GO:0005791	rough endoplasmic reticulum	part_of(CL:0000223)
GO:0005783	endoplasmic reticulum	part_of(CL:0000223)
GO:0005634	nucleus	part_of(CL:0000223)
GO:0005634	nucleus	part_of(CL:0000223)
GO:0005791	rough endoplasmic reticulum	part_of(CL:0000223)
GO:0016323	basolateral plasma membrane	part_of(CL:0000223)
GO:0045177	apical part of cell	part_of(CL:0000223)
GO:0045177	apical part of cell	part_of(CL:0000223)
GO:0005605	basal lamina	part_of(CL:0000223)
GO:0005794	Golgi apparatus	part_of(CL:0000223)
GO:0016324	apical plasma membrane	part_of(CL:0000223)
GO:0016324	apical plasma membrane	part_of(CL:0000223)
GO:0005737	cytoplasm	part_of(CL:0000223)
GO:0005634	nucleus	part_of(CL:0000232)
GO:0005623	cell	part_of(CL:0000232)
GO:0030863	cortical cytoskeleton	part_of(CL:0000232)
GO:0014731	spectrin-associated cytoskeleton	part_of(CL:0000232)
GO:0070062	extracellular exosome	part_of(CL:0000232)
GO:0005623	cell	part_of(CL:0000232)
GO:0005634	nucleus	part_of(CL:0000232)
GO:0005737	cytoplasm	part_of(CL:0000232)
GO:0016020	membrane	part_of(CL:0000232)
GO:0005887	integral component of plasma membrane	part_of(CL:0000232)
GO:0009986	cell surface	part_of(CL:0000232)
GO:0005833	hemoglobin complex	part_of(CL:0000232)
GO:0031982	vesicle	part_of(CL:0000232)
GO:0005623	cell	part_of(CL:0000232)
GO:0005737	cytoplasm	part_of(CL:0000232)
GO:0005634	nucleus	part_of(CL:0000232)
GO:0005886	plasma membrane	part_of(CL:0000232)
GO:0009897	external side of plasma membrane	part_of(CL:0000232)
GO:0008091	spectrin	part_of(CL:0000232)
GO:0031143	pseudopodium	part_of(CL:0000233
GO:0071933	Arp2/3 complex binding	part_of(CL:0000233
GO:0005829	cytosol	part_of(CL:0000233
GO:0005623	cell	part_of(CL:0000233
GO:0030027	lamellipodium	part_of(CL:0000233
GO:0051015	actin filament binding	part_of(CL:0000233
GO:0031362	anchored component of external side of plasma membrane	part_of(CL:0000233)
GO:0009897	external side of plasma membrane	part_of(CL:0000233)
GO:0097197	tetraspanin-enriched microdomain	part_of(CL:0000233)
GO:0005886	plasma membrane	part_of(CL:0000233)
GO:0005737	cytoplasm	part_of(CL:0000233)
GO:0005829	cytosol	part_of(CL:0000233)
GO:0009986	cell surface	part_of(CL:0000233)
GO:0045121	membrane raft	part_of(CL:0000233)
GO:0031527	filopodium membrane	part_of(CL:0000233)
GO:0030175	filopodium	part_of(CL:0000233)
GO:0070938	contractile ring	part_of(CL:0000233)
GO:0016020	membrane	part_of(CL:0000233)
GO:0031941	filamentous actin	part_of(CL:0000233)
GO:0031362	anchored component of external side of plasma membrane	part_of(CL:0000233)
GO:0030027	lamellipodium	part_of(CL:0000233)
GO:0005623	cell	part_of(CL:0000235
GO:0005773	vacuole	part_of(CL:0000235
GO:0005773	vacuole	part_of(CL:0000235
GO:0016176	superoxide-generating NADPH oxidase activator activity	part_of(CL:0000235
GO:0005622	intracellular	part_of(CL:0000235
GO:0005623	cell	part_of(CL:0000235
GO:0005623	cell	part_of(CL:0000235
GO:0020003	symbiont-containing vacuole	part_of(CL:0000235
GO:0016175	superoxide-generating NADPH oxidase activity	part_of(CL:0000235
GO:0005921	gap junction	part_of(CL:0000235
GO:0005634	nucleus	part_of(CL:0000235
GO:0005634	nucleus	part_of(CL:0000235
GO:0005737	cytoplasm	part_of(CL:0000235
GO:0005737	cytoplasm	part_of(CL:0000235
GO:0046427	positive regulation of JAK-STAT cascade	part_of(CL:0000235
GO:0000790	nuclear chromatin	part_of(CL:0000235
GO:0005737	cytoplasm	part_of(CL:0000235)
GO:0009986	cell surface	part_of(CL:0000235)
GO:0050766	positive regulation of phagocytosis	part_of(CL:0000235)
GO:0045335	phagocytic vesicle	part_of(CL:0000235)
GO:0005874	microtubule	part_of(CL:0000235)
GO:0005623	cell	part_of(CL:0000235)
GO:0005886	plasma membrane	part_of(CL:0000235)
GO:0005770	late endosome	part_of(CL:0000235)
GO:0005794	Golgi apparatus	part_of(CL:0000235)
GO:0002102	podosome	part_of(CL:0000235)
GO:0031982	vesicle	part_of(CL:0000235)
GO:0009897	external side of plasma membrane	part_of(CL:0000235)
GO:0005615	extracellular space	part_of(CL:0000235)
GO:0009897	external side of plasma membrane	part_of(CL:0000235)
GO:0045121	membrane raft	part_of(CL:0000235)
GO:0005739	mitochondrion	part_of(CL:0000235)
GO:0005634	nucleus	part_of(CL:0000235)
GO:0005615	extracellular space	part_of(CL:0000235)
GO:0005829	cytosol	part_of(CL:0000235)
GO:0005886	plasma membrane	part_of(CL:0000235)
GO:0005615	extracellular space	part_of(CL:0000235)
GO:0001726	ruffle	part_of(CL:0000235)
GO:0005768	endosome	part_of(CL:0000235)
GO:0005578	proteinaceous extracellular matrix	part_of(CL:0000235)
GO:0005737	cytoplasm	part_of(CL:0000235)
GO:0030670	phagocytic vesicle membrane	part_of(CL:0000235)
GO:0005576	extracellular region	part_of(CL:0000235)
GO:0031410	cytoplasmic vesicle	part_of(CL:0000235)
GO:0005886	plasma membrane	part_of(CL:0000235)
GO:0002102	podosome	part_of(CL:0000235)
GO:0016020	membrane	part_of(CL:0000235)
GO:0005634	nucleus	part_of(CL:0000235)
GO:0005911	cell-cell junction	part_of(CL:0000235)
GO:0005737	cytoplasm	part_of(CL:0000235)
GO:0005886	plasma membrane	part_of(CL:0000235)
GO:0005769	early endosome	part_of(CL:0000235)
GO:0001891	phagocytic cup	part_of(CL:0000235)
GO:0005829	cytosol	part_of(CL:0000235)
GO:0005764	lysosome	part_of(CL:0000235)
GO:0005622	intracellular	part_of(CL:0000235)
GO:0030864	cortical actin cytoskeleton	part_of(CL:0000235)
GO:0005887	integral component of plasma membrane	part_of(CL:0000235)
GO:0070062	extracellular exosome	part_of(CL:0000235)
GO:0005777	peroxisome	part_of(CL:0000235)
GO:0005654	nucleoplasm	part_of(CL:0000236
GO:0005829	cytosol	part_of(CL:0000236
GO:0005623	cell	part_of(CL:0000236
GO:0009897	external side of plasma membrane	part_of(CL:0000236)
GO:0009897	external side of plasma membrane	part_of(CL:0000236)
GO:0009897	external side of plasma membrane	part_of(CL:0000236)
GO:0009897	external side of plasma membrane	part_of(CL:0000236)
GO:0009986	cell surface	part_of(CL:0000236)
GO:0005737	cytoplasm	part_of(CL:0000236)
GO:0005764	lysosome	part_of(CL:0000236)
GO:0005771	multivesicular body	part_of(CL:0000236)
GO:0009897	external side of plasma membrane	part_of(CL:0000236)
GO:0005764	lysosome	part_of(CL:0000236)
GO:0009897	external side of plasma membrane	part_of(CL:0000236)
GO:0031362	anchored component of external side of plasma membrane	part_of(CL:0000236)
GO:0005783	endoplasmic reticulum	part_of(CL:0000236)
GO:0009897	external side of plasma membrane	part_of(CL:0000236)
GO:0009897	external side of plasma membrane	part_of(CL:0000236)
GO:0009897	external side of plasma membrane	part_of(CL:0000236)
GO:0009897	external side of plasma membrane	part_of(CL:0000236)
GO:0009897	external side of plasma membrane	part_of(CL:0000236)
GO:0005769	early endosome	part_of(CL:0000236)
GO:0019815	B cell receptor complex	part_of(CL:0000236)
GO:0005634	nucleus	part_of(CL:0000236)
GO:0009897	external side of plasma membrane	part_of(CL:0000236)
GO:0009897	external side of plasma membrane	part_of(CL:0000236)
GO:0009897	external side of plasma membrane	part_of(CL:0000236)
GO:0009897	external side of plasma membrane	part_of(CL:0000236)
GO:0009897	external side of plasma membrane	part_of(CL:0000236)
GO:0016020	membrane	part_of(CL:0000236)
GO:0009897	external side of plasma membrane	part_of(CL:0000236)
GO:0032585	multivesicular body membrane	part_of(CL:0000236)
GO:0005794	Golgi apparatus	part_of(CL:0000236)
GO:0005886	plasma membrane	part_of(CL:0000236)
GO:0009897	external side of plasma membrane	part_of(CL:0000236)
GO:0009897	external side of plasma membrane	part_of(CL:0000236)
GO:0019815	B cell receptor complex	part_of(CL:0000236)
GO:0019815	B cell receptor complex	part_of(CL:0000236)
GO:0019815	B cell receptor complex	part_of(CL:0000236)
GO:0009897	external side of plasma membrane	part_of(CL:0000236)
GO:0030176	integral component of endoplasmic reticulum membrane	part_of(CL:0000236)
GO:0005884	actin filament	part_of(CL:0000236)
GO:0045121	membrane raft	part_of(CL:0000236)
GO:0005902	microvillus	part_of(CL:0000239
GO:0016324	apical plasma membrane	part_of(CL:0000239)
GO:0016323	basolateral plasma membrane	part_of(CL:0000239)
GO:0016020	membrane	part_of(CL:0000239)
GO:0031526	brush border membrane	part_of(CL:0000239)
GO:0005634	nucleus	part_of(CL:0000243)
GO:0005737	cytoplasm	part_of(CL:0000243)
GO:0005623	cell	part_of(CL:0000244
GO:0005923	bicellular tight junction	part_of(CL:0000256)
GO:0044306	neuron projection terminus	part_of(CL:0000287)
GO:0016324	apical plasma membrane	part_of(CL:0000287)
GO:0045202	synapse	part_of(CL:0000287)
GO:0001750	photoreceptor outer segment	part_of(CL:0000287)
GO:0005737	cytoplasm	part_of(CL:0000287)
GO:0005929	cilium	part_of(CL:0000287)
GO:0005911	cell-cell junction	part_of(CL:0000287)
GO:0030141	secretory granule	part_of(CL:0000295)
GO:0005634	nucleus	part_of(CL:0000306)
GO:0005634	nucleus	part_of(CL:0000306)
GO:0005634	nucleus	part_of(CL:0000306)
GO:0005634	nucleus	part_of(CL:0000306)
GO:0005913	cell-cell adherens junction	part_of(CL:0000306)
GO:0005198	structural molecule activity	part_of(CL:0000307
GO:0005737	cytoplasm	part_of(CL:0000307
GO:0035253	ciliary rootlet	part_of(CL:0000307
GO:0003341	cilium movement	part_of(CL:0000307
GO:0031514	motile cilium	part_of(CL:0000307)
GO:0016324	apical plasma membrane	part_of(CL:0000307)
GO:0005930	axoneme	part_of(CL:0000307)
GO:0005929	cilium	part_of(CL:0000307)
GO:0031514	motile cilium	part_of(CL:0000307)
GO:0016324	apical plasma membrane	part_of(CL:0000307)
GO:0016323	basolateral plasma membrane	part_of(CL:0000307)
GO:0045095	keratin filament	part_of(CL:0000312
GO:0005737	cytoplasm	part_of(CL:0000312
GO:0005615	extracellular space	part_of(CL:0000312
GO:0005634	nucleus	part_of(CL:0000312
GO:0005634	nucleus	part_of(CL:0000312
GO:0097209	epidermal lamellar body	part_of(CL:0000312
GO:0005623	cell	part_of(CL:0000312
GO:0045095	keratin filament	part_of(CL:0000312
GO:0015629	actin cytoskeleton	part_of(CL:0000312)
GO:0005925	focal adhesion	part_of(CL:0000312)
GO:0016020	membrane	part_of(CL:0000312)
GO:0005737	cytoplasm	part_of(CL:0000312)
GO:0031252	cell leading edge	part_of(CL:0000312)
GO:0005886	plasma membrane	part_of(CL:0000312)
GO:0031941	filamentous actin	part_of(CL:0000312)
GO:0005634	nucleus	part_of(CL:0000312)
GO:0005615	extracellular space	part_of(CL:0000312)
GO:0005737	cytoplasm	part_of(CL:0000312)
GO:0005938	cell cortex	part_of(CL:0000312)
GO:0005576	extracellular region	part_of(CL:0000312)
GO:0009986	cell surface	part_of(CL:0000312)
GO:0005634	nucleus	part_of(CL:0000312)
GO:0001725	stress fiber	part_of(CL:0000312)
GO:0005737	cytoplasm	part_of(CL:0000312)
GO:0005737	cytoplasm	part_of(CL:0000312)
GO:0005737	cytoplasm	part_of(CL:0000312)
GO:0005737	cytoplasm	part_of(CL:0000312)
GO:0005634	nucleus	part_of(CL:0000312)
GO:0001533	cornified envelope	part_of(CL:0000312)
GO:0001533	cornified envelope	part_of(CL:0000312)
GO:0005634	nucleus	part_of(CL:0000312)
GO:0005913	cell-cell adherens junction	part_of(CL:0000312)
GO:0005923	bicellular tight junction	part_of(CL:0000312)
GO:0005604	basement membrane	part_of(CL:0000312)
GO:0097209	epidermal lamellar body	part_of(CL:0000312)
GO:0048471	perinuclear region of cytoplasm	part_of(CL:0000312)
GO:0005615	extracellular space	part_of(CL:0000312)
GO:0071944	cell periphery	part_of(CL:0000312)
GO:0030057	desmosome	part_of(CL:0000312)
GO:0031941	filamentous actin	part_of(CL:0000312)
GO:0005856	cytoskeleton	part_of(CL:0000312)
GO:0016324	apical plasma membrane	part_of(CL:0000319)
GO:0016323	basolateral plasma membrane	part_of(CL:0000319)
GO:0005623	cell	part_of(CL:0000319)
GO:0005634	nucleus	part_of(CL:0000322)
GO:0005737	cytoplasm	part_of(CL:0000322)
GO:0005634	nucleus	part_of(CL:0000324)
GO:0042587	glycogen granule	part_of(CL:0000326)
GO:0005911	cell-cell junction	part_of(CL:0000326)
GO:0005911	cell-cell junction	part_of(CL:0000326)
GO:0005789	endoplasmic reticulum membrane	part_of(CL:0000326)
GO:0005634	nucleus	part_of(CL:0000333)
GO:0005623	cell	part_of(CL:0000333)
GO:0005829	cytosol	part_of(CL:0000333)
GO:0005634	nucleus	part_of(CL:0000333)
GO:0005634	nucleus	part_of(CL:0000333)
GO:0005886	plasma membrane	part_of(CL:0000333)
GO:0005737	cytoplasm	part_of(CL:0000333)
GO:0005623	cell	part_of(CL:0000333)
GO:0031410	cytoplasmic vesicle	part_of(CL:0000336)
GO:0097431	mitotic spindle pole	part_of(CL:0000337
GO:0005737	cytoplasm	part_of(CL:0000337)
GO:0005886	plasma membrane	part_of(CL:0000337)
GO:0005634	nucleus	part_of(CL:0000346)
GO:0005634	nucleus	part_of(CL:0000349)
GO:0005634	nucleus	part_of(CL:0000351)
GO:0005923	bicellular tight junction	part_of(CL:0000351)
GO:0045177	apical part of cell	part_of(CL:0000351)
GO:0005737	cytoplasm	part_of(CL:0000351)
GO:0070062	extracellular exosome	part_of(CL:0000351)
GO:0005634	nucleus	part_of(CL:0000351)
GO:0071944	cell periphery	part_of(CL:0000351)
GO:0016324	apical plasma membrane	part_of(CL:0000351)
GO:0005604	basement membrane	part_of(CL:0000351)
GO:0005737	cytoplasm	part_of(CL:0000351)
GO:0005925	focal adhesion	part_of(CL:0000351)
GO:0016323	basolateral plasma membrane	part_of(CL:0000351)
GO:0005615	extracellular space	part_of(CL:0000352)
GO:0000794	condensed nuclear chromosome	part_of(CL:0000352)
GO:0005720	nuclear heterochromatin	part_of(CL:0000352)
GO:0005634	nucleus	part_of(CL:0000352)
GO:0005634	nucleus	part_of(CL:0000352)
GO:0045180	basal cortex	part_of(CL:0000352)
GO:0000790	nuclear chromatin	part_of(CL:0000352)
GO:0016323	basolateral plasma membrane	part_of(CL:0000352)
GO:0000781	chromosome, telomeric region	part_of(CL:0000352)
GO:0005634	nucleus	part_of(CL:0000352)
GO:0005730	nucleolus	part_of(CL:0000352)
GO:0005578	proteinaceous extracellular matrix	part_of(CL:0000352)
GO:0005634	nucleus	part_of(CL:0000353
GO:0005913	cell-cell adherens junction	part_of(CL:0000353)
GO:0005913	cell-cell adherens junction	part_of(CL:0000353)
GO:0005737	cytoplasm	part_of(CL:0000353)
GO:0005737	cytoplasm	part_of(CL:0000353)
GO:0005634	nucleus	part_of(CL:0000353)
GO:0005634	nucleus	part_of(CL:0000353)
GO:0005634	nucleus	part_of(CL:0000353)
GO:0045177	apical part of cell	part_of(CL:0000353)
GO:0005737	cytoplasm	part_of(CL:0000353)
GO:0005737	cytoplasm	part_of(CL:0000353)
GO:0005737	cytoplasm	part_of(CL:0000353)
GO:0005814	centriole	part_of(CL:0000353)
GO:0031616	spindle pole centrosome	part_of(CL:0000353)
GO:0005737	cytoplasm	part_of(CL:0000353)
GO:0005737	cytoplasm	part_of(CL:0000353)
GO:0005634	nucleus	part_of(CL:0000353)
GO:0005634	nucleus	part_of(CL:0000353)
GO:0005886	plasma membrane	part_of(CL:0000353)
GO:0005886	plasma membrane	part_of(CL:0000353)
GO:0005737	cytoplasm	part_of(CL:0000353)
GO:0016323	basolateral plasma membrane	part_of(CL:0000353)
GO:0005635	nuclear envelope	part_of(CL:0000353)
GO:0005886	plasma membrane	part_of(CL:0000353)
GO:0005886	plasma membrane	part_of(CL:0000353)
GO:0005886	plasma membrane	part_of(CL:0000353)
GO:0005737	cytoplasm	part_of(CL:0000353)
GO:0005634	nucleus	part_of(CL:0000359
GO:0001725	stress fiber	part_of(CL:0000359)
GO:0030027	lamellipodium	part_of(CL:0000359)
GO:0005737	cytoplasm	part_of(CL:0000359)
GO:0005829	cytosol	part_of(CL:0000359)
GO:0005730	nucleolus	part_of(CL:0000359)
GO:0048471	perinuclear region of cytoplasm	part_of(CL:0000359)
GO:0071944	cell periphery	part_of(CL:0000359)
GO:0005911	cell-cell junction	part_of(CL:0000360)
GO:0031252	cell leading edge	part_of(CL:0000362)
GO:0071944	cell periphery	part_of(CL:0000362)
GO:0005634	nucleus	part_of(CL:0000362)
GO:0005634	nucleus	part_of(CL:0000362)
GO:0005737	cytoplasm	part_of(CL:0000362)
GO:0005634	nucleus	part_of(CL:0000362)
GO:0001940	male pronucleus	part_of(CL:0000365)
GO:0045120	pronucleus	part_of(CL:0000365)
GO:0001939	female pronucleus	part_of(CL:0000365)
GO:0005737	cytoplasm	part_of(CL:0000365)
GO:0005737	cytoplasm	part_of(CL:0000365)
GO:0005938	cell cortex	part_of(CL:0000365)
GO:0005634	nucleus	part_of(CL:0000365)
GO:0005737	cytoplasm	part_of(CL:0000365)
GO:0005938	cell cortex	part_of(CL:0000365)
GO:0005634	nucleus	part_of(CL:0000371)
GO:0030424	axon	part_of(CL:0000379)
GO:0005886	plasma membrane	part_of(CL:0000379)
GO:0005634	nucleus	part_of(CL:0000402)
GO:0030426	growth cone	part_of(CL:0000402)
GO:0005739	mitochondrion	part_of(CL:0000415)
GO:0030992	intraciliary transport particle B	part_of(CL:0000437)
GO:0005634	nucleus	part_of(CL:0000438)
GO:0030141	secretory granule	part_of(CL:0000439)
GO:0005578	proteinaceous extracellular matrix	part_of(CL:0000442)
GO:0005634	nucleus	part_of(CL:0000448)
GO:0005615	extracellular space	part_of(CL:0000448)
GO:0016020	membrane	part_of(CL:0000449)
GO:0005811	lipid particle	part_of(CL:0000449)
GO:0045211	postsynaptic membrane	part_of(CL:0000451)
GO:0009897	external side of plasma membrane	part_of(CL:0000451)
GO:0048471	perinuclear region of cytoplasm	part_of(CL:0000451)
GO:0005634	nucleus	part_of(CL:0000451)
GO:0009897	external side of plasma membrane	part_of(CL:0000451)
GO:0005764	lysosome	part_of(CL:0000451)
GO:0009897	external side of plasma membrane	part_of(CL:0000451)
GO:0009986	cell surface	part_of(CL:0000451)
GO:0009986	cell surface	part_of(CL:0000451)
GO:0005770	late endosome	part_of(CL:0000451)
GO:0009897	external side of plasma membrane	part_of(CL:0000451)
GO:0009897	external side of plasma membrane	part_of(CL:0000453)
GO:0031362	anchored component of external side of plasma membrane	part_of(CL:0000453)
GO:0005634	nucleus	part_of(CL:0000467)
GO:0030141	secretory granule	part_of(CL:0000467)
GO:0005737	cytoplasm	part_of(CL:0000476
GO:0005737	cytoplasm	part_of(CL:0000477)
GO:0005923	bicellular tight junction	part_of(CL:0000477)
GO:0016020	membrane	part_of(CL:0000477)
GO:0005623	cell	part_of(CL:0000499
GO:0005634	nucleus	part_of(CL:0000499)
GO:0015629	actin cytoskeleton	part_of(CL:0000499)
GO:0009986	cell surface	part_of(CL:0000499)
GO:0009897	external side of plasma membrane	part_of(CL:0000499)
GO:0005737	cytoplasm	part_of(CL:0000499)
GO:0005882	intermediate filament	part_of(CL:0000499)
GO:0005634	nucleus	part_of(CL:0000499)
GO:0005634	nucleus	part_of(CL:0000499)
GO:0005634	nucleus	part_of(CL:0000499)
GO:0005886	plasma membrane	part_of(CL:0000500
GO:0005886	plasma membrane	part_of(CL:0000500
GO:0005737	cytoplasm	part_of(CL:0000500)
GO:0005623	cell	part_of(CL:0000501
GO:0031514	motile cilium	part_of(CL:0000501)
GO:0031514	motile cilium	part_of(CL:0000501)
GO:0016581	NuRD complex	part_of(CL:0000501)
GO:0005634	nucleus	part_of(CL:0000501)
GO:0005737	cytoplasm	part_of(CL:0000501)
GO:0005634	nucleus	part_of(CL:0000501)
GO:0005634	nucleus	part_of(CL:0000501)
GO:0005634	nucleus	part_of(CL:0000501)
GO:0016581	NuRD complex	part_of(CL:0000501)
GO:0005623	cell	part_of(CL:0000501)
GO:0005623	cell	part_of(CL:0000501)
GO:0005623	cell	part_of(CL:0000501)
GO:0045177	apical part of cell	part_of(CL:0000501)
GO:0005623	cell	part_of(CL:0000503)
GO:0005623	cell	part_of(CL:0000503)
GO:0005623	cell	part_of(CL:0000503)
GO:0005634	nucleus	part_of(CL:0000510)
GO:0005615	extracellular space	part_of(CL:0000510)
GO:0005916	fascia adherens	part_of(CL:0000513)
GO:0005634	nucleus	part_of(CL:0000513)
GO:0005929	cilium	part_of(CL:0000515)
GO:0005634	nucleus	part_of(CL:0000515)
GO:0014866	skeletal myofibril assembly	part_of(CL:0000515)
GO:0005737	cytoplasm	part_of(CL:0000515)
GO:0098723	skeletal muscle myofibril	part_of(CL:0000515)
GO:0010629	negative regulation of gene expression	part_of(CL:0000515)
GO:0005886	plasma membrane	part_of(CL:0000515)
GO:0005623	cell	part_of(CL:0000515)
GO:0005634	nucleus	part_of(CL:0000515)
GO:0031410	cytoplasmic vesicle	part_of(CL:0000515)
GO:0030018	Z disc	part_of(CL:0000515)
GO:0043066	negative regulation of apoptotic process	part_of(CL:0000515)
GO:0042383	sarcolemma	part_of(CL:0000515)
GO:0005737	cytoplasm	part_of(CL:0000515)
GO:0001891	phagocytic cup	part_of(CL:0000516)
GO:0005634	nucleus	part_of(CL:0000523)
GO:0005634	nucleus	part_of(CL:0000525)
GO:0005886	plasma membrane	part_of(CL:0000525)
GO:0005737	cytoplasm	part_of(CL:0000525)
GO:0031941	filamentous actin	part_of(CL:0000525)
GO:0005634	nucleus	part_of(CL:0000525)
GO:0098793	presynapse	part_of(CL:0000527)
GO:0005923	bicellular tight junction	part_of(CL:0000529)
GO:0005634	nucleus	part_of(CL:0000530
GO:0005739	mitochondrion	part_of(CL:0000530
GO:0005737	cytoplasm	part_of(CL:0000530
GO:0005739	mitochondrion	part_of(CL:0000530
GO:0005813	centrosome	part_of(CL:0000530)
GO:0005737	cytoplasm	part_of(CL:0000530)
GO:0005764	lysosome	part_of(CL:0000530)
GO:0005739	mitochondrion	part_of(CL:0000530)
GO:0005764	lysosome	part_of(CL:0000530)
GO:0005776	autophagosome	part_of(CL:0000530)
GO:0005794	Golgi apparatus	part_of(CL:0000535)
GO:0097730	non-motile cilium	part_of(CL:0000540
GO:0097730	non-motile cilium	part_of(CL:0000540
GO:0097730	non-motile cilium	part_of(CL:0000540
GO:0097730	non-motile cilium	part_of(CL:0000540
GO:0097730	non-motile cilium	part_of(CL:0000540
GO:0005634	nucleus	part_of(CL:0000540
GO:0005634	nucleus	part_of(CL:0000540
GO:0005634	nucleus	part_of(CL:0000540
GO:0005773	vacuole	part_of(CL:0000540
GO:0005874	microtubule	part_of(CL:0000540
GO:0005634	nucleus	part_of(CL:0000540
GO:0070852	cell body fiber	part_of(CL:0000540
GO:0070852	cell body fiber	part_of(CL:0000540
GO:0070852	cell body fiber	part_of(CL:0000540
GO:0070852	cell body fiber	part_of(CL:0000540
GO:0070852	cell body fiber	part_of(CL:0000540
GO:0070852	cell body fiber	part_of(CL:0000540
GO:0070852	cell body fiber	part_of(CL:0000540
GO:0070852	cell body fiber	part_of(CL:0000540
GO:0070852	cell body fiber	part_of(CL:0000540
GO:0070852	cell body fiber	part_of(CL:0000540
GO:0070852	cell body fiber	part_of(CL:0000540
GO:0044297	cell body	part_of(CL:0000540
GO:0005783	endoplasmic reticulum	part_of(CL:0000540
GO:0031982	vesicle	part_of(CL:0000540
GO:0097730	non-motile cilium	part_of(CL:0000540
GO:0097730	non-motile cilium	part_of(CL:0000540
GO:0009986	cell surface	part_of(CL:0000540
GO:0005737	cytoplasm	part_of(CL:0000540
GO:0005737	cytoplasm	part_of(CL:0000540
GO:0005737	cytoplasm	part_of(CL:0000540
GO:0005634	nucleus	part_of(CL:0000540
GO:0005622	intracellular	part_of(CL:0000540
GO:0030061	mitochondrial crista	part_of(CL:0000540
GO:0005737	cytoplasm	part_of(CL:0000540
GO:0030424	axon	part_of(CL:0000540
GO:0005768	endosome	part_of(CL:0000540
GO:0005623	cell	part_of(CL:0000540
GO:0005623	cell	part_of(CL:0000540
GO:0005623	cell	part_of(CL:0000540
GO:0005623	cell	part_of(CL:0000540
GO:0005623	cell	part_of(CL:0000540
GO:0005741	mitochondrial outer membrane	part_of(CL:0000540
GO:0005737	cytoplasm	part_of(CL:0000540
GO:0005623	cell	part_of(CL:0000540
GO:0043197	dendritic spine	part_of(CL:0000540
GO:0030673	axolemma	part_of(CL:0000540
GO:0005737	cytoplasm	part_of(CL:0000540
GO:0030425	dendrite	part_of(CL:0000540
GO:0043204	perikaryon	part_of(CL:0000540
GO:0043204	perikaryon	part_of(CL:0000540
GO:0005634	nucleus	part_of(CL:0000540
GO:0008021	synaptic vesicle	part_of(CL:0000540
GO:0043204	perikaryon	part_of(CL:0000540
GO:0043204	perikaryon	part_of(CL:0000540
GO:0043204	perikaryon	part_of(CL:0000540
GO:0043204	perikaryon	part_of(CL:0000540
GO:0043204	perikaryon	part_of(CL:0000540
GO:0043204	perikaryon	part_of(CL:0000540
GO:0043204	perikaryon	part_of(CL:0000540
GO:0043204	perikaryon	part_of(CL:0000540
GO:0043204	perikaryon	part_of(CL:0000540
GO:0043204	perikaryon	part_of(CL:0000540
GO:0043204	perikaryon	part_of(CL:0000540
GO:0005829	cytosol	part_of(CL:0000540
GO:0016020	membrane	part_of(CL:0000540
GO:0043204	perikaryon	part_of(CL:0000540
GO:0043204	perikaryon	part_of(CL:0000540
GO:0043204	perikaryon	part_of(CL:0000540
GO:0005634	nucleus	part_of(CL:0000540
GO:0005623	cell	part_of(CL:0000540
GO:0005634	nucleus	part_of(CL:0000540
GO:0030424	axon	part_of(CL:0000540
GO:0044297	cell body	part_of(CL:0000540
GO:0043203	axon hillock	part_of(CL:0000540)
GO:0043005	neuron projection	part_of(CL:0000540)
GO:0043005	neuron projection	part_of(CL:0000540)
GO:0015630	microtubule cytoskeleton	part_of(CL:0000540)
GO:0005634	nucleus	part_of(CL:0000540)
GO:0030424	axon	part_of(CL:0000540)
GO:0043025	neuronal cell body	part_of(CL:0000540)
GO:0034399	nuclear periphery	part_of(CL:0000540)
GO:0005794	Golgi apparatus	part_of(CL:0000540)
GO:0005856	cytoskeleton	part_of(CL:0000540)
GO:0043025	neuronal cell body	part_of(CL:0000540)
GO:0043196	varicosity	part_of(CL:0000540)
GO:0030424	axon	part_of(CL:0000540)
GO:0030424	axon	part_of(CL:0000540)
GO:0043025	neuronal cell body	part_of(CL:0000540)
GO:0043204	perikaryon	part_of(CL:0000540)
GO:0044297	cell body	part_of(CL:0000540)
GO:0044297	cell body	part_of(CL:0000540)
GO:0034399	nuclear periphery	part_of(CL:0000540)
GO:0005634	nucleus	part_of(CL:0000540)
GO:0005634	nucleus	part_of(CL:0000540)
GO:0005634	nucleus	part_of(CL:0000540)
GO:0005634	nucleus	part_of(CL:0000540)
GO:0044297	cell body	part_of(CL:0000540)
GO:0005771	multivesicular body	part_of(CL:0000540)
GO:0030425	dendrite	part_of(CL:0000540)
GO:0031966	mitochondrial membrane	part_of(CL:0000540)
GO:0045202	synapse	part_of(CL:0000540)
GO:0005634	nucleus	part_of(CL:0000540)
GO:0043209	myelin sheath	part_of(CL:0000540)
GO:0005635	nuclear envelope	part_of(CL:0000540)
GO:0005634	nucleus	part_of(CL:0000540)
GO:0005622	intracellular	part_of(CL:0000540)
GO:0005737	cytoplasm	part_of(CL:0000540)
GO:0005764	lysosome	part_of(CL:0000540)
GO:0030424	axon	part_of(CL:0000540)
GO:0044224	juxtaparanode region of axon	part_of(CL:0000540)
GO:0005929	cilium	part_of(CL:0000540)
GO:0019898	extrinsic component of membrane	part_of(CL:0000540)
GO:0005730	nucleolus	part_of(CL:0000540)
GO:0043025	neuronal cell body	part_of(CL:0000540)
GO:0045202	synapse	part_of(CL:0000540)
GO:0030424	axon	part_of(CL:0000540)
GO:0030424	axon	part_of(CL:0000540)
GO:0030425	dendrite	part_of(CL:0000540)
GO:0005814	centriole	part_of(CL:0000540)
GO:0044297	cell body	part_of(CL:0000540)
GO:0030424	axon	part_of(CL:0000540)
GO:0043204	perikaryon	part_of(CL:0000540)
GO:1990635	proximal dendrite	part_of(CL:0000540)
GO:0005622	intracellular	part_of(CL:0000540)
GO:0005634	nucleus	part_of(CL:0000540)
GO:0005635	nuclear envelope	part_of(CL:0000540)
GO:0048786	presynaptic active zone	part_of(CL:0000540)
GO:0043195	terminal bouton	part_of(CL:0000540)
GO:0043204	perikaryon	part_of(CL:0000540)
GO:0030425	dendrite	part_of(CL:0000540)
GO:0048786	presynaptic active zone	part_of(CL:0000540)
GO:0016020	membrane	part_of(CL:0000540)
GO:0005634	nucleus	part_of(CL:0000540)
GO:0031252	cell leading edge	part_of(CL:0000540)
GO:0005739	mitochondrion	part_of(CL:0000540)
GO:0008021	synaptic vesicle	part_of(CL:0000540)
GO:0044306	neuron projection terminus	part_of(CL:0000540)
GO:0005884	actin filament	part_of(CL:0000540)
GO:0071565	nBAF complex	part_of(CL:0000540)
GO:0043204	perikaryon	part_of(CL:0000540)
GO:0005911	cell-cell junction	part_of(CL:0000540)
GO:0009986	cell surface	part_of(CL:0000540)
GO:0045724	positive regulation of cilium assembly	part_of(CL:0000540)
GO:0005764	lysosome	part_of(CL:0000540)
GO:0005737	cytoplasm	part_of(CL:0000540)
GO:0005634	nucleus	part_of(CL:0000540)
GO:0005622	intracellular	part_of(CL:0000540)
GO:0005737	cytoplasm	part_of(CL:0000540)
GO:0005739	mitochondrion	part_of(CL:0000540)
GO:0030424	axon	part_of(CL:0000540)
GO:0030424	axon	part_of(CL:0000540)
GO:0005737	cytoplasm	part_of(CL:0000540)
GO:0005737	cytoplasm	part_of(CL:0000540)
GO:0045177	apical part of cell	part_of(CL:0000540)
GO:0043195	terminal bouton	part_of(CL:0000540)
GO:0005815	microtubule organizing center	part_of(CL:0000540)
GO:0005886	plasma membrane	part_of(CL:0000540)
GO:0008021	synaptic vesicle	part_of(CL:0000540)
GO:0005938	cell cortex	part_of(CL:0000540)
GO:0043005	neuron projection	part_of(CL:0000540)
GO:0005634	nucleus	part_of(CL:0000540)
GO:0005776	autophagosome	part_of(CL:0000540)
GO:0043005	neuron projection	part_of(CL:0000540)
GO:0043025	neuronal cell body	part_of(CL:0000540)
GO:0009898	cytoplasmic side of plasma membrane	part_of(CL:0000540)
GO:0031410	cytoplasmic vesicle	part_of(CL:0000540)
GO:0005737	cytoplasm	part_of(CL:0000540)
GO:0005829	cytosol	part_of(CL:0000540)
GO:0043025	neuronal cell body	part_of(CL:0000540)
GO:0044297	cell body	part_of(CL:0000540)
GO:0030673	axolemma	part_of(CL:0000540)
GO:0030424	axon	part_of(CL:0000540)
GO:0030424	axon	part_of(CL:0000540)
GO:0030424	axon	part_of(CL:0000540)
GO:0045202	synapse	part_of(CL:0000540)
GO:0005634	nucleus	part_of(CL:0000540)
GO:0005739	mitochondrion	part_of(CL:0000540)
GO:0030424	axon	part_of(CL:0000540)
GO:0008021	synaptic vesicle	part_of(CL:0000540)
GO:0008021	synaptic vesicle	part_of(CL:0000540)
GO:0005623	cell	part_of(CL:0000540)
GO:0015629	actin cytoskeleton	part_of(CL:0000540)
GO:0005737	cytoplasm	part_of(CL:0000540)
GO:2000647	negative regulation of stem cell proliferation	part_of(CL:0000540)
GO:0048471	perinuclear region of cytoplasm	part_of(CL:0000540)
GO:0043005	neuron projection	part_of(CL:0000540)
GO:0016605	PML body	part_of(CL:0000540)
GO:0005770	late endosome	part_of(CL:0000540)
GO:0030426	growth cone	part_of(CL:0000540)
GO:0005737	cytoplasm	part_of(CL:0000540)
GO:0005938	cell cortex	part_of(CL:0000540)
GO:0043679	axon terminus	part_of(CL:0000540)
GO:0030425	dendrite	part_of(CL:0000540)
GO:0045202	synapse	part_of(CL:0000540)
GO:0043195	terminal bouton	part_of(CL:0000540)
GO:0043195	terminal bouton	part_of(CL:0000540)
GO:0043195	terminal bouton	part_of(CL:0000540)
GO:0005886	plasma membrane	part_of(CL:0000540)
GO:0043679	axon terminus	part_of(CL:0000540)
GO:0030424	axon	part_of(CL:0000540)
GO:0030424	axon	part_of(CL:0000540)
GO:0030424	axon	part_of(CL:0000540)
GO:0030424	axon	part_of(CL:0000540)
GO:0030424	axon	part_of(CL:0000540)
GO:0030424	axon	part_of(CL:0000540)
GO:0030424	axon	part_of(CL:0000540)
GO:0030424	axon	part_of(CL:0000540)
GO:0030424	axon	part_of(CL:0000540)
GO:0030424	axon	part_of(CL:0000540)
GO:0030424	axon	part_of(CL:0000540)
GO:0030424	axon	part_of(CL:0000540)
GO:0030424	axon	part_of(CL:0000540)
GO:0030424	axon	part_of(CL:0000540)
GO:0030424	axon	part_of(CL:0000540)
GO:0030424	axon	part_of(CL:0000540)
GO:0030424	axon	part_of(CL:0000540)
GO:0043025	neuronal cell body	part_of(CL:0000540)
GO:0030424	axon	part_of(CL:0000540)
GO:0030424	axon	part_of(CL:0000540)
GO:0030529	intracellular ribonucleoprotein complex	part_of(CL:0000540)
GO:0031410	cytoplasmic vesicle	part_of(CL:0000540)
GO:0005737	cytoplasm	part_of(CL:0000540)
GO:0005634	nucleus	part_of(CL:0000540)
GO:0005634	nucleus	part_of(CL:0000540)
GO:0030424	axon	part_of(CL:0000540)
GO:0005777	peroxisome	part_of(CL:0000540)
GO:0014069	postsynaptic density	part_of(CL:0000540)
GO:0005829	cytosol	part_of(CL:0000540)
GO:0005737	cytoplasm	part_of(CL:0000540)
GO:0043005	neuron projection	part_of(CL:0000540)
GO:0030424	axon	part_of(CL:0000540)
GO:0005634	nucleus	part_of(CL:0000540)
GO:0005829	cytosol	part_of(CL:0000540)
GO:0030424	axon	part_of(CL:0000540)
GO:0048471	perinuclear region of cytoplasm	part_of(CL:0000540)
GO:0048471	perinuclear region of cytoplasm	part_of(CL:0000540)
GO:0048471	perinuclear region of cytoplasm	part_of(CL:0000540)
GO:0048471	perinuclear region of cytoplasm	part_of(CL:0000540)
GO:0048471	perinuclear region of cytoplasm	part_of(CL:0000540)
GO:0005802	trans-Golgi network	part_of(CL:0000540)
GO:0043679	axon terminus	part_of(CL:0000540)
GO:0043679	axon terminus	part_of(CL:0000540)
GO:0005737	cytoplasm	part_of(CL:0000540)
GO:0043005	neuron projection	part_of(CL:0000540)
GO:0009986	cell surface	part_of(CL:0000540)
GO:0009986	cell surface	part_of(CL:0000540)
GO:0009986	cell surface	part_of(CL:0000540)
GO:0009986	cell surface	part_of(CL:0000540)
GO:0009986	cell surface	part_of(CL:0000540)
GO:0009986	cell surface	part_of(CL:0000540)
GO:0009986	cell surface	part_of(CL:0000540)
GO:0009986	cell surface	part_of(CL:0000540)
GO:0009986	cell surface	part_of(CL:0000540)
GO:0009986	cell surface	part_of(CL:0000540)
GO:0009986	cell surface	part_of(CL:0000540)
GO:0009986	cell surface	part_of(CL:0000540)
GO:0009986	cell surface	part_of(CL:0000540)
GO:0009986	cell surface	part_of(CL:0000540)
GO:0009986	cell surface	part_of(CL:0000540)
GO:0009986	cell surface	part_of(CL:0000540)
GO:0009986	cell surface	part_of(CL:0000540)
GO:0005829	cytosol	part_of(CL:0000540)
GO:0030424	axon	part_of(CL:0000540)
GO:0097730	non-motile cilium	part_of(CL:0000540)
GO:0097730	non-motile cilium	part_of(CL:0000540)
GO:0097730	non-motile cilium	part_of(CL:0000540)
GO:0043005	neuron projection	part_of(CL:0000540)
GO:0070852	cell body fiber	part_of(CL:0000540)
GO:0031982	vesicle	part_of(CL:0000540)
GO:0043195	terminal bouton	part_of(CL:0000540)
GO:0009986	cell surface	part_of(CL:0000540)
GO:0043204	perikaryon	part_of(CL:0000540)
GO:0005634	nucleus	part_of(CL:0000540)
GO:1990037	Lewy body core	part_of(CL:0000540)
GO:0005783	endoplasmic reticulum	part_of(CL:0000540)
GO:0005886	plasma membrane	part_of(CL:0000540)
GO:0043204	perikaryon	part_of(CL:0000540)
GO:0005737	cytoplasm	part_of(CL:0000540)
GO:0044291	cell-cell contact zone	part_of(CL:0000540)
GO:0030175	filopodium	part_of(CL:0000540)
GO:0005938	cell cortex	part_of(CL:0000540)
GO:0048786	presynaptic active zone	part_of(CL:0000540)
GO:0030424	axon	part_of(CL:0000540)
GO:0030424	axon	part_of(CL:0000540)
GO:0044299	C-fiber	part_of(CL:0000540)
GO:0071944	cell periphery	part_of(CL:0000540)
GO:0030424	axon	part_of(CL:0000540)
GO:0043025	neuronal cell body	part_of(CL:0000540)
GO:0044306	neuron projection terminus	part_of(CL:0000540)
GO:0030426	growth cone	part_of(CL:0000540)
GO:0005768	endosome	part_of(CL:0000540)
GO:0044297	cell body	part_of(CL:0000540)
GO:0042405	nuclear inclusion body	part_of(CL:0000540)
GO:0030424	axon	part_of(CL:0000540)
GO:0030424	axon	part_of(CL:0000540)
GO:0030424	axon	part_of(CL:0000540)
GO:0030424	axon	part_of(CL:0000540)
GO:0030424	axon	part_of(CL:0000540)
GO:0030424	axon	part_of(CL:0000540)
GO:0043025	neuronal cell body	part_of(CL:0000540)
GO:0043025	neuronal cell body	part_of(CL:0000540)
GO:0005623	cell	part_of(CL:0000540)
GO:0043025	neuronal cell body	part_of(CL:0000540)
GO:0043679	axon terminus	part_of(CL:0000540)
GO:0005623	cell	part_of(CL:0000542
GO:0005623	cell	part_of(CL:0000542
GO:0005623	cell	part_of(CL:0000542
GO:0005622	intracellular	part_of(CL:0000542)
GO:0005634	nucleus	part_of(CL:0000542)
GO:0005634	nucleus	part_of(CL:0000542)
GO:0005634	nucleus	part_of(CL:0000542)
GO:0016020	membrane	part_of(CL:0000542)
GO:0009897	external side of plasma membrane	part_of(CL:0000542)
GO:0005623	cell	part_of(CL:0000542)
GO:0009897	external side of plasma membrane	part_of(CL:0000542)
GO:0009897	external side of plasma membrane	part_of(CL:0000542)
GO:0005623	cell	part_of(CL:0000542)
GO:0009986	cell surface	part_of(CL:0000542)
GO:0000790	nuclear chromatin	part_of(CL:0000542)
GO:0016020	membrane	part_of(CL:0000545)
GO:0001772	immunological synapse	part_of(CL:0000545)
GO:0005737	cytoplasm	part_of(CL:0000545)
GO:0005634	nucleus	part_of(CL:0000545)
GO:0009986	cell surface	part_of(CL:0000546)
GO:0009897	external side of plasma membrane	part_of(CL:0000546)
GO:0005634	nucleus	part_of(CL:0000556)
GO:0005881	cytoplasmic microtubule	part_of(CL:0000556)
GO:0030027	lamellipodium	part_of(CL:0000556)
GO:0005737	cytoplasm	part_of(CL:0000556)
GO:0005634	nucleus	part_of(CL:0000556)
GO:0005737	cytoplasm	part_of(CL:0000556)
GO:0005874	microtubule	part_of(CL:0000556)
GO:0005938	cell cortex	part_of(CL:0000556)
GO:0031362	anchored component of external side of plasma membrane	part_of(CL:0000556)
GO:0070062	extracellular exosome	part_of(CL:0000558)
GO:0055037	recycling endosome	part_of(CL:0000558)
GO:0097440	apical dendrite	part_of(CL:0000561
GO:0005829	cytosol	part_of(CL:0000561
GO:0048471	perinuclear region of cytoplasm	part_of(CL:0000561
GO:0005623	cell	part_of(CL:0000561
GO:0005886	plasma membrane	part_of(CL:0000561)
GO:0005737	cytoplasm	part_of(CL:0000561)
GO:0005737	cytoplasm	part_of(CL:0000561)
GO:0005634	nucleus	part_of(CL:0000561)
GO:0030425	dendrite	part_of(CL:0000561)
GO:0005737	cytoplasm	part_of(CL:0000561)
GO:0005623	cell	part_of(CL:0000561)
GO:0045211	postsynaptic membrane	part_of(CL:0000561)
GO:0005623	cell	part_of(CL:0000561)
GO:0000790	nuclear chromatin	part_of(CL:0000562)
GO:0005634	nucleus	part_of(CL:0000562)
GO:0005654	nucleoplasm	part_of(CL:0000562)
GO:0005623	cell	part_of(CL:0000569
GO:0005634	nucleus	part_of(CL:0000569)
GO:0005634	nucleus	part_of(CL:0000573
GO:0001750	photoreceptor outer segment	part_of(CL:0000573)
GO:0005887	integral component of plasma membrane	part_of(CL:0000573)
GO:0005829	cytosol	part_of(CL:0000573)
GO:0005886	plasma membrane	part_of(CL:0000573)
GO:0044316	cone cell pedicle	part_of(CL:0000573)
GO:0045202	synapse	part_of(CL:0000573)
GO:0097381	photoreceptor disc membrane	part_of(CL:0000573)
GO:0005794	Golgi apparatus	part_of(CL:0000573)
GO:0044306	neuron projection terminus	part_of(CL:0000573)
GO:0005886	plasma membrane	part_of(CL:0000573)
GO:0042622	photoreceptor outer segment membrane	part_of(CL:0000573)
GO:0036064	ciliary basal body	part_of(CL:0000573)
GO:0043025	neuronal cell body	part_of(CL:0000573)
GO:0060342	photoreceptor inner segment membrane	part_of(CL:0000573)
GO:0001917	photoreceptor inner segment	part_of(CL:0000573)
GO:0097470	ribbon synapse	part_of(CL:0000573)
GO:0031982	vesicle	part_of(CL:0000573)
GO:0032391	photoreceptor connecting cilium	part_of(CL:0000573)
GO:0001917	photoreceptor inner segment	part_of(CL:0000573)
GO:0005923	bicellular tight junction	part_of(CL:0000575)
GO:0005886	plasma membrane	part_of(CL:0000575)
GO:0005623	cell	part_of(CL:0000576
GO:0005623	cell	part_of(CL:0000576
GO:0005623	cell	part_of(CL:0000576
GO:0005634	nucleus	part_of(CL:0000576)
GO:0005615	extracellular space	part_of(CL:0000576)
GO:0009986	cell surface	part_of(CL:0000576)
GO:0005764	lysosome	part_of(CL:0000576)
GO:0005737	cytoplasm	part_of(CL:0000576)
GO:0005737	cytoplasm	part_of(CL:0000576)
GO:0005737	cytoplasm	part_of(CL:0000576)
GO:0009897	external side of plasma membrane	part_of(CL:0000576)
GO:0005887	integral component of plasma membrane	part_of(CL:0000576)
GO:0002102	podosome	part_of(CL:0000576)
GO:0005886	plasma membrane	part_of(CL:0000576)
GO:0005886	plasma membrane	part_of(CL:0000579
GO:0005829	cytosol	part_of(CL:0000581)
GO:0000790	nuclear chromatin	part_of(CL:0000581)
GO:0005615	extracellular space	part_of(CL:0000581)
GO:0009986	cell surface	part_of(CL:0000581)
GO:0005764	lysosome	part_of(CL:0000581)
GO:0005886	plasma membrane	part_of(CL:0000583)
GO:0005634	nucleus	part_of(CL:0000583)
GO:0005769	early endosome	part_of(CL:0000583)
GO:0030139	endocytic vesicle	part_of(CL:0000583)
GO:0005886	plasma membrane	part_of(CL:0000583)
GO:0005770	late endosome	part_of(CL:0000583)
GO:0005777	peroxisome	part_of(CL:0000583)
GO:0005764	lysosome	part_of(CL:0000583)
GO:0031526	brush border membrane	part_of(CL:0000584
GO:0005622	intracellular	part_of(CL:0000584
GO:0005737	cytoplasm	part_of(CL:0000584
GO:0016323	basolateral plasma membrane	part_of(CL:0000584
GO:0005634	nucleus	part_of(CL:0000584
GO:0045177	apical part of cell	part_of(CL:0000584
GO:0031410	cytoplasmic vesicle	part_of(CL:0000584)
GO:0044291	cell-cell contact zone	part_of(CL:0000584)
GO:1990794	basolateral part of cell	part_of(CL:0000584)
GO:0005923	bicellular tight junction	part_of(CL:0000584)
GO:0098592	cytoplasmic side of apical plasma membrane	part_of(CL:0000584)
GO:0005737	cytoplasm	part_of(CL:0000584)
GO:0016323	basolateral plasma membrane	part_of(CL:0000584)
GO:0005623	cell	part_of(CL:0000584)
GO:0005623	cell	part_of(CL:0000584)
GO:1990357	terminal web	part_of(CL:0000584)
GO:0009986	cell surface	part_of(CL:0000584)
GO:0005737	cytoplasm	part_of(CL:0000584)
GO:0005902	microvillus	part_of(CL:0000584)
GO:0005737	cytoplasm	part_of(CL:0000584)
GO:0016324	apical plasma membrane	part_of(CL:0000584)
GO:0005791	rough endoplasmic reticulum	part_of(CL:0000584)
GO:0016323	basolateral plasma membrane	part_of(CL:0000584)
GO:0005903	brush border	part_of(CL:0000584)
GO:0045177	apical part of cell	part_of(CL:0000584)
GO:0005622	intracellular	part_of(CL:0000584)
GO:0016324	apical plasma membrane	part_of(CL:0000584)
GO:0005783	endoplasmic reticulum	part_of(CL:0000584)
GO:0009986	cell surface	part_of(CL:0000586)
GO:0005634	nucleus	part_of(CL:0000586)
GO:0005634	nucleus	part_of(CL:0000586)
GO:0005737	cytoplasm	part_of(CL:0000586)
GO:0005737	cytoplasm	part_of(CL:0000586)
GO:0005737	cytoplasm	part_of(CL:0000586)
GO:0005634	nucleus	part_of(CL:0000586)
GO:0005737	cytoplasm	part_of(CL:0000586)
GO:0005737	cytoplasm	part_of(CL:0000586)
GO:0005634	nucleus	part_of(CL:0000586)
GO:0005737	cytoplasm	part_of(CL:0000586)
GO:0005737	cytoplasm	part_of(CL:0000586)
GO:0005634	nucleus	part_of(CL:0000586)
GO:0005634	nucleus	part_of(CL:0000586)
GO:0005634	nucleus	part_of(CL:0000586)
GO:0005634	nucleus	part_of(CL:0000586)
GO:0016328	lateral plasma membrane	part_of(CL:0000589
GO:0000242	pericentriolar material	part_of(CL:0000589
GO:0060091	kinocilium	part_of(CL:0000589
GO:0032420	stereocilium	part_of(CL:0000589
GO:0044291	cell-cell contact zone	part_of(CL:0000589
GO:0032420	stereocilium	part_of(CL:0000589
GO:1902636	kinociliary basal body	part_of(CL:0000589
GO:0035869	ciliary transition zone	part_of(CL:0000589
GO:0032426	stereocilium tip	part_of(CL:0000589)
GO:0032420	stereocilium	part_of(CL:0000589)
GO:0032420	stereocilium	part_of(CL:0000589)
GO:0032420	stereocilium	part_of(CL:0000589)
GO:0032420	stereocilium	part_of(CL:0000589)
GO:0032420	stereocilium	part_of(CL:0000589)
GO:0032420	stereocilium	part_of(CL:0000589)
GO:0016324	apical plasma membrane	part_of(CL:0000589)
GO:0032426	stereocilium tip	part_of(CL:0000589)
GO:0016328	lateral plasma membrane	part_of(CL:0000589)
GO:0032420	stereocilium	part_of(CL:0000589)
GO:0032420	stereocilium	part_of(CL:0000589)
GO:0032420	stereocilium	part_of(CL:0000589)
GO:0016323	basolateral plasma membrane	part_of(CL:0000589)
GO:0032421	stereocilium bundle	part_of(CL:0000589)
GO:0016324	apical plasma membrane	part_of(CL:0000589)
GO:0032421	stereocilium bundle	part_of(CL:0000589)
GO:0045178	basal part of cell	part_of(CL:0000589)
GO:0005886	plasma membrane	part_of(CL:0000589)
GO:0048787	presynaptic active zone membrane	part_of(CL:0000589)
GO:0045179	apical cortex	part_of(CL:0000589)
GO:0005886	plasma membrane	part_of(CL:0000589)
GO:0005737	cytoplasm	part_of(CL:0000589)
GO:0032426	stereocilium tip	part_of(CL:0000589)
GO:0043025	neuronal cell body	part_of(CL:0000589)
GO:0005737	cytoplasm	part_of(CL:0000590)
GO:0005737	cytoplasm	part_of(CL:0000592)
GO:0005737	cytoplasm	part_of(CL:0000594)
GO:0060187	cell pole	part_of(CL:0000594)
GO:0016020	membrane	part_of(CL:0000594)
GO:0005886	plasma membrane	part_of(CL:0000594)
GO:0005829	cytosol	part_of(CL:0000595)
GO:0005886	plasma membrane	part_of(CL:0000596)
GO:0043025	neuronal cell body	part_of(CL:0000598
GO:0009986	cell surface	part_of(CL:0000598
GO:0005737	cytoplasm	part_of(CL:0000598)
GO:0030425	dendrite	part_of(CL:0000598)
GO:0005886	plasma membrane	part_of(CL:0000598)
GO:0043025	neuronal cell body	part_of(CL:0000598)
GO:0043025	neuronal cell body	part_of(CL:0000598)
GO:0043025	neuronal cell body	part_of(CL:0000598)
GO:0030425	dendrite	part_of(CL:0000598)
GO:0045177	apical part of cell	part_of(CL:0000598)
GO:0005634	nucleus	part_of(CL:0000598)
GO:0005634	nucleus	part_of(CL:0000598)
GO:0045211	postsynaptic membrane	part_of(CL:0000598)
GO:0030425	dendrite	part_of(CL:0000598)
GO:0030425	dendrite	part_of(CL:0000598)
GO:0043025	neuronal cell body	part_of(CL:0000598)
GO:0005634	nucleus	part_of(CL:0000598)
GO:0005634	nucleus	part_of(CL:0000598)
GO:0043198	dendritic shaft	part_of(CL:0000598)
GO:0043025	neuronal cell body	part_of(CL:0000598)
GO:0005634	nucleus	part_of(CL:0000598)
GO:0005634	nucleus	part_of(CL:0000598)
GO:0005634	nucleus	part_of(CL:0000598)
GO:0043025	neuronal cell body	part_of(CL:0000598)
GO:0043025	neuronal cell body	part_of(CL:0000598)
GO:0030425	dendrite	part_of(CL:0000598)
GO:0042995	cell projection	part_of(CL:0000598)
GO:0097440	apical dendrite	part_of(CL:0000598)
GO:0030425	dendrite	part_of(CL:0000598)
GO:0030425	dendrite	part_of(CL:0000598)
GO:0030425	dendrite	part_of(CL:0000598)
GO:0030425	dendrite	part_of(CL:0000598)
GO:0030425	dendrite	part_of(CL:0000598)
GO:0005737	cytoplasm	part_of(CL:0000598)
GO:0005634	nucleus	part_of(CL:0000598)
GO:0005634	nucleus	part_of(CL:0000598)
GO:0005634	nucleus	part_of(CL:0000598)
GO:0005634	nucleus	part_of(CL:0000598)
GO:0005886	plasma membrane	part_of(CL:0000598)
GO:0005737	cytoplasm	part_of(CL:0000598)
GO:0005737	cytoplasm	part_of(CL:0000598)
GO:0043025	neuronal cell body	part_of(CL:0000598)
GO:0043025	neuronal cell body	part_of(CL:0000598)
GO:0043198	dendritic shaft	part_of(CL:0000598)
GO:0005634	nucleus	part_of(CL:0000598)
GO:0036477	somatodendritic compartment	part_of(CL:0000598)
GO:0005737	cytoplasm	part_of(CL:0000598)
GO:0005737	cytoplasm	part_of(CL:0000598)
GO:0005737	cytoplasm	part_of(CL:0000598)
GO:0032421	stereocilium bundle	part_of(CL:0000601
GO:0032426	stereocilium tip	part_of(CL:0000601
GO:0005923	bicellular tight junction	part_of(CL:0000601
GO:0032420	stereocilium	part_of(CL:0000601
GO:0005923	bicellular tight junction	part_of(CL:0000601
GO:0032426	stereocilium tip	part_of(CL:0000601)
GO:0032420	stereocilium	part_of(CL:0000601)
GO:0032420	stereocilium	part_of(CL:0000601)
GO:0032420	stereocilium	part_of(CL:0000601)
GO:0032420	stereocilium	part_of(CL:0000601)
GO:0032420	stereocilium	part_of(CL:0000601)
GO:0032426	stereocilium tip	part_of(CL:0000601)
GO:0042734	presynaptic membrane	part_of(CL:0000601)
GO:0032420	stereocilium	part_of(CL:0000601)
GO:0016328	lateral plasma membrane	part_of(CL:0000601)
GO:0032437	cuticular plate	part_of(CL:0000601)
GO:0043195	terminal bouton	part_of(CL:0000601)
GO:0016324	apical plasma membrane	part_of(CL:0000601)
GO:0032420	stereocilium	part_of(CL:0000601)
GO:0032420	stereocilium	part_of(CL:0000601)
GO:0005886	plasma membrane	part_of(CL:0000601)
GO:0045211	postsynaptic membrane	part_of(CL:0000601)
GO:0032421	stereocilium bundle	part_of(CL:0000601)
GO:0045178	basal part of cell	part_of(CL:0000601)
GO:0032421	stereocilium bundle	part_of(CL:0000601)
GO:0045177	apical part of cell	part_of(CL:0000601)
GO:0005923	bicellular tight junction	part_of(CL:0000601)
GO:0005886	plasma membrane	part_of(CL:0000601)
GO:0030863	cortical cytoskeleton	part_of(CL:0000601)
GO:0032420	stereocilium	part_of(CL:0000601)
GO:0005929	cilium	part_of(CL:0000601)
GO:0035253	ciliary rootlet	part_of(CL:0000604
GO:0097470	ribbon synapse	part_of(CL:0000604
GO:0001917	photoreceptor inner segment	part_of(CL:0000604
GO:0035845	photoreceptor cell outer segment organization	part_of(CL:0000604
GO:0001750	photoreceptor outer segment	part_of(CL:0000604
GO:0005637	nuclear inner membrane	part_of(CL:0000604
GO:0008021	synaptic vesicle	part_of(CL:0000604)
GO:0005887	integral component of plasma membrane	part_of(CL:0000604)
GO:0005737	cytoplasm	part_of(CL:0000604)
GO:0030425	dendrite	part_of(CL:0000604)
GO:0044292	dendrite terminus	part_of(CL:0000604)
GO:0043025	neuronal cell body	part_of(CL:0000604)
GO:0005886	plasma membrane	part_of(CL:0000604)
GO:0036064	ciliary basal body	part_of(CL:0000604)
GO:0001750	photoreceptor outer segment	part_of(CL:0000604)
GO:0001917	photoreceptor inner segment	part_of(CL:0000604)
GO:0032420	stereocilium	part_of(CL:0000609)
GO:0032426	stereocilium tip	part_of(CL:0000609)
GO:0032426	stereocilium tip	part_of(CL:0000609)
GO:0032420	stereocilium	part_of(CL:0000609)
GO:0032420	stereocilium	part_of(CL:0000609)
GO:0032420	stereocilium	part_of(CL:0000609)
GO:0032420	stereocilium	part_of(CL:0000609)
GO:0032420	stereocilium	part_of(CL:0000609)
GO:0032420	stereocilium	part_of(CL:0000609)
GO:0032420	stereocilium	part_of(CL:0000609)
GO:0032426	stereocilium tip	part_of(CL:0000609)
GO:0032420	stereocilium	part_of(CL:0000609)
GO:0032420	stereocilium	part_of(CL:0000609)
GO:0032420	stereocilium	part_of(CL:0000609)
GO:0032421	stereocilium bundle	part_of(CL:0000609)
GO:0032420	stereocilium	part_of(CL:0000609)
GO:0032420	stereocilium	part_of(CL:0000609)
GO:0032426	stereocilium tip	part_of(CL:0000609)
GO:0005886	plasma membrane	part_of(CL:0000617)
GO:0005634	nucleus	part_of(CL:0000617)
GO:0043198	dendritic shaft	part_of(CL:0000617)
GO:0043025	neuronal cell body	part_of(CL:0000617)
GO:0005856	cytoskeleton	part_of(CL:0000622
GO:0005886	plasma membrane	part_of(CL:0000622
GO:0005886	plasma membrane	part_of(CL:0000622
GO:0005886	plasma membrane	part_of(CL:0000622)
GO:0005615	extracellular space	part_of(CL:0000622)
GO:0016021	integral component of membrane	part_of(CL:0000622)
GO:0005634	nucleus	part_of(CL:0000622)
GO:0005634	nucleus	part_of(CL:0000622)
GO:0005923	bicellular tight junction	part_of(CL:0000622)
GO:0016323	basolateral plasma membrane	part_of(CL:0000622)
GO:0005737	cytoplasm	part_of(CL:0000623
GO:0016020	membrane	part_of(CL:0000623)
GO:0001772	immunological synapse	part_of(CL:0000623)
GO:0005887	integral component of plasma membrane	part_of(CL:0000623)
GO:0031410	cytoplasmic vesicle	part_of(CL:0000623)
GO:0005737	cytoplasm	part_of(CL:0000623)
GO:0032956	regulation of actin cytoskeleton organization	part_of(CL:0000623)
GO:0044194	cytolytic granule	part_of(CL:0000623)
GO:0045177	apical part of cell	part_of(CL:0000623)
GO:0030864	cortical actin cytoskeleton	part_of(CL:0000623)
GO:0030141	secretory granule	part_of(CL:0000623)
GO:0005886	plasma membrane	part_of(CL:0000623)
GO:0009897	external side of plasma membrane	part_of(CL:0000623)
GO:0005886	plasma membrane	part_of(CL:0000623)
GO:0009897	external side of plasma membrane	part_of(CL:0000624)
GO:0045121	membrane raft	part_of(CL:0000624)
GO:0009897	external side of plasma membrane	part_of(CL:0000624)
GO:0005737	cytoplasm	part_of(CL:0000624)
GO:0009897	external side of plasma membrane	part_of(CL:0000624)
GO:0001931	uropod	part_of(CL:0000624)
GO:0009897	external side of plasma membrane	part_of(CL:0000624)
GO:0005615	extracellular space	part_of(CL:0000624)
GO:0005886	plasma membrane	part_of(CL:0000624)
GO:0009897	external side of plasma membrane	part_of(CL:0000624)
GO:0009986	cell surface	part_of(CL:0000624)
GO:0001772	immunological synapse	part_of(CL:0000624)
GO:0009897	external side of plasma membrane	part_of(CL:0000624)
GO:0031362	anchored component of external side of plasma membrane	part_of(CL:0000624)
GO:0005634	nucleus	part_of(CL:0000624)
GO:0005634	nucleus	part_of(CL:0000624)
GO:0009897	external side of plasma membrane	part_of(CL:0000625)
GO:0009897	external side of plasma membrane	part_of(CL:0000625)
GO:0005615	extracellular space	part_of(CL:0000625)
GO:0009897	external side of plasma membrane	part_of(CL:0000625)
GO:0009986	cell surface	part_of(CL:0000625)
GO:0005634	nucleus	part_of(CL:0000626)
GO:0005764	lysosome	part_of(CL:0000631)
GO:0005634	nucleus	part_of(CL:0000631)
GO:0009986	cell surface	part_of(CL:0000632)
GO:0005737	cytoplasm	part_of(CL:0000633)
GO:0005634	nucleus	part_of(CL:0000633)
GO:0005737	cytoplasm	part_of(CL:0000634)
GO:0005634	nucleus	part_of(CL:0000634)
GO:0043296	apical junction complex	part_of(CL:0000635
GO:0005923	bicellular tight junction	part_of(CL:0000635
GO:0005923	bicellular tight junction	part_of(CL:0000635
GO:0005923	bicellular tight junction	part_of(CL:0000635
GO:0005737	cytoplasm	part_of(CL:0000635)
GO:0005634	nucleus	part_of(CL:0000635)
GO:0005634	nucleus	part_of(CL:0000635)
GO:0005886	plasma membrane	part_of(CL:0000635)
GO:0005923	bicellular tight junction	part_of(CL:0000635)
GO:0015630	microtubule cytoskeleton	part_of(CL:0000635)
GO:0015630	microtubule cytoskeleton	part_of(CL:0000635)
GO:0005923	bicellular tight junction	part_of(CL:0000635)
GO:0043296	apical junction complex	part_of(CL:0000635)
GO:0044297	cell body	part_of(CL:0000636)
GO:0097386	glial cell projection	part_of(CL:0000636)
GO:0005902	microvillus	part_of(CL:0000636)
GO:0005911	cell-cell junction	part_of(CL:0000636)
GO:0005737	cytoplasm	part_of(CL:0000639
GO:0070062	extracellular exosome	part_of(CL:0000639)
GO:0005886	plasma membrane	part_of(CL:0000644)
GO:0043025	neuronal cell body	part_of(CL:0000644)
GO:0042995	cell projection	part_of(CL:0000644)
GO:0009986	cell surface	part_of(CL:0000644)
GO:0042995	cell projection	part_of(CL:0000644)
GO:0044297	cell body	part_of(CL:0000644)
GO:0005886	plasma membrane	part_of(CL:0000644)
GO:0016324	apical plasma membrane	part_of(CL:0000644)
GO:0005829	cytosol	part_of(CL:0000645)
GO:0005623	cell	part_of(CL:0000646
GO:0048471	perinuclear region of cytoplasm	part_of(CL:0000646
GO:0005623	cell	part_of(CL:0000646
GO:0005634	nucleus	part_of(CL:0000646)
GO:0005634	nucleus	part_of(CL:0000646)
GO:0005634	nucleus	part_of(CL:0000646)
GO:0005886	plasma membrane	part_of(CL:0000646)
GO:0005634	nucleus	part_of(CL:0000646)
GO:0005634	nucleus	part_of(CL:0000646)
GO:0016323	basolateral plasma membrane	part_of(CL:0000646)
GO:0009925	basal plasma membrane	part_of(CL:0000646)
GO:0005634	nucleus	part_of(CL:0000646)
GO:0005634	nucleus	part_of(CL:0000646)
GO:0016020	membrane	part_of(CL:0000646)
GO:0005737	cytoplasm	part_of(CL:0000646)
GO:0005737	cytoplasm	part_of(CL:0000646)
GO:0005764	lysosome	part_of(CL:0000647)
GO:0005794	Golgi apparatus	part_of(CL:0000647)
GO:0016324	apical plasma membrane	part_of(CL:0000647)
GO:0016323	basolateral plasma membrane	part_of(CL:0000647)
GO:0005615	extracellular space	part_of(CL:0000648)
GO:0005615	extracellular space	part_of(CL:0000648)
GO:0005737	cytoplasm	part_of(CL:0000650)
GO:0005886	plasma membrane	part_of(CL:0000650)
GO:0005578	proteinaceous extracellular matrix	part_of(CL:0000650)
GO:0031012	extracellular matrix	part_of(CL:0000650)
GO:0009416	response to light stimulus	part_of(CL:0000652
GO:0097232	lamellar body membrane	part_of(CL:0000652
GO:0016020	membrane	part_of(CL:0000652
GO:0001750	photoreceptor outer segment	part_of(CL:0000652)
GO:0005623	cell	part_of(CL:0000652)
GO:0005829	cytosol	part_of(CL:0000652)
GO:0009646	response to absence of light	part_of(CL:0000652)
GO:0016020	membrane	part_of(CL:0000652)
GO:0005623	cell	part_of(CL:0000652)
GO:0005634	nucleus	part_of(CL:0000652)
GO:0070062	extracellular exosome	part_of(CL:0000653
GO:0005634	nucleus	part_of(CL:0000653)
GO:0005634	nucleus	part_of(CL:0000653)
GO:0005634	nucleus	part_of(CL:0000653)
GO:0005886	plasma membrane	part_of(CL:0000653)
GO:0036057	slit diaphragm	part_of(CL:0000653)
GO:0016328	lateral plasma membrane	part_of(CL:0000653)
GO:0005634	nucleus	part_of(CL:0000653)
GO:0001725	stress fiber	part_of(CL:0000653)
GO:0005634	nucleus	part_of(CL:0000653)
GO:0045177	apical part of cell	part_of(CL:0000653)
GO:0005911	cell-cell junction	part_of(CL:0000653)
GO:0005886	plasma membrane	part_of(CL:0000653)
GO:0016607	nuclear speck	part_of(CL:0000653)
GO:0048471	perinuclear region of cytoplasm	part_of(CL:0000653)
GO:0005737	cytoplasm	part_of(CL:0000653)
GO:0016324	apical plasma membrane	part_of(CL:0000653)
GO:0016323	basolateral plasma membrane	part_of(CL:0000653)
GO:0016324	apical plasma membrane	part_of(CL:0000653)
GO:0036057	slit diaphragm	part_of(CL:0000653)
GO:0005925	focal adhesion	part_of(CL:0000653)
GO:0042995	cell projection	part_of(CL:0000653)
GO:0005737	cytoplasm	part_of(CL:0000654
GO:0000779	condensed chromosome, centromeric region	part_of(CL:0000654)
GO:0042585	germinal vesicle	part_of(CL:0000654)
GO:0005737	cytoplasm	part_of(CL:0000654)
GO:0000800	lateral element	part_of(CL:0000654)
GO:0000802	transverse filament	part_of(CL:0000654)
GO:0005819	spindle	part_of(CL:0000654)
GO:0042585	germinal vesicle	part_of(CL:0000654)
GO:0070971	endoplasmic reticulum exit site	part_of(CL:0000654)
GO:0000793	condensed chromosome	part_of(CL:0000654)
GO:0000777	condensed chromosome kinetochore	part_of(CL:0000654)
GO:0005737	cytoplasm	part_of(CL:0000654)
GO:0070971	endoplasmic reticulum exit site	part_of(CL:0000654)
GO:0005886	plasma membrane	part_of(CL:0000654)
GO:0005634	nucleus	part_of(CL:0000655)
GO:0009897	external side of plasma membrane	part_of(CL:0000655)
GO:0005737	cytoplasm	part_of(CL:0000655)
GO:0005737	cytoplasm	part_of(CL:0000655)
GO:0005938	cell cortex	part_of(CL:0000655)
GO:0005634	nucleus	part_of(CL:0000656
GO:0000794	condensed nuclear chromosome	part_of(CL:0000656)
GO:0005712	chiasma	part_of(CL:0000656)
GO:0072687	meiotic spindle	part_of(CL:0000656)
GO:0005634	nucleus	part_of(CL:0000656)
GO:0005813	centrosome	part_of(CL:0000656)
GO:0000793	condensed chromosome	part_of(CL:0000656)
GO:0001741	XY body	part_of(CL:0000656)
GO:0001673	male germ cell nucleus	part_of(CL:0000656)
GO:0001673	male germ cell nucleus	part_of(CL:0000656)
GO:0000790	nuclear chromatin	part_of(CL:0000656)
GO:0000794	condensed nuclear chromosome	part_of(CL:0000657)
GO:0005737	cytoplasm	part_of(CL:0000657)
GO:0000793	condensed chromosome	part_of(CL:0000657)
GO:0072687	meiotic spindle	part_of(CL:0000657)
GO:0001673	male germ cell nucleus	part_of(CL:0000657)
GO:0001673	male germ cell nucleus	part_of(CL:0000657)
GO:0005737	cytoplasm	part_of(CL:0000670)
GO:0005737	cytoplasm	part_of(CL:0000670)
GO:0005634	nucleus	part_of(CL:0000670)
GO:0005634	nucleus	part_of(CL:0000670)
GO:0005634	nucleus	part_of(CL:0000670)
GO:0005634	nucleus	part_of(CL:0000670)
GO:0005634	nucleus	part_of(CL:0000677)
GO:0009986	cell surface	part_of(CL:0000678)
GO:0044297	cell body	part_of(CL:0000678)
GO:0044297	cell body	part_of(CL:0000678)
GO:0043025	neuronal cell body	part_of(CL:0000678)
GO:0005913	cell-cell adherens junction	part_of(CL:0000678)
GO:0005913	cell-cell adherens junction	part_of(CL:0000678)
GO:0030426	growth cone	part_of(CL:0000678)
GO:0030673	axolemma	part_of(CL:0000678)
GO:0030424	axon	part_of(CL:0000678)
GO:0005886	plasma membrane	part_of(CL:0000679)
GO:0042734	presynaptic membrane	part_of(CL:0000679)
GO:0043198	dendritic shaft	part_of(CL:0000679)
GO:0043025	neuronal cell body	part_of(CL:0000679)
GO:0045202	synapse	part_of(CL:0000679)
GO:0005623	cell	part_of(CL:0000681
GO:0043025	neuronal cell body	part_of(CL:0000681)
GO:0042995	cell projection	part_of(CL:0000681)
GO:0043205	fibril	part_of(CL:0000682
GO:0016324	apical plasma membrane	part_of(CL:0000682)
GO:0005737	cytoplasm	part_of(CL:0000695)
GO:0005634	nucleus	part_of(CL:0000695)
GO:0005634	nucleus	part_of(CL:0000700
GO:0005737	cytoplasm	part_of(CL:0000700
GO:0005789	endoplasmic reticulum membrane	part_of(CL:0000700
GO:0045202	synapse	part_of(CL:0000700
GO:0000139	Golgi membrane	part_of(CL:0000700
GO:0005739	mitochondrion	part_of(CL:0000700)
GO:0005634	nucleus	part_of(CL:0000700)
GO:0005634	nucleus	part_of(CL:0000700)
GO:0036477	somatodendritic compartment	part_of(CL:0000700)
GO:0030424	axon	part_of(CL:0000700)
GO:0005737	cytoplasm	part_of(CL:0000700)
GO:0030425	dendrite	part_of(CL:0000700)
GO:0043025	neuronal cell body	part_of(CL:0000700)
GO:0005737	cytoplasm	part_of(CL:0000700)
GO:0044306	neuron projection terminus	part_of(CL:0000700)
GO:0030425	dendrite	part_of(CL:0000700)
GO:0005829	cytosol	part_of(CL:0000700)
GO:0030424	axon	part_of(CL:0000700)
GO:0005829	cytosol	part_of(CL:0000700)
GO:0005886	plasma membrane	part_of(CL:0000700)
GO:0043025	neuronal cell body	part_of(CL:0000700)
GO:0005829	cytosol	part_of(CL:0000700)
GO:0043679	axon terminus	part_of(CL:0000700)
GO:0016324	apical plasma membrane	part_of(CL:0000706)
GO:0005615	extracellular space	part_of(CL:0000706)
GO:0016324	apical plasma membrane	part_of(CL:0000710)
GO:0005913	cell-cell adherens junction	part_of(CL:0000710)
GO:0043025	neuronal cell body	part_of(CL:0000710)
GO:0005886	plasma membrane	part_of(CL:0000710)
GO:0005912	adherens junction	part_of(CL:0000710)
GO:0043296	apical junction complex	part_of(CL:0000710)
GO:0005829	cytosol	part_of(CL:0000710)
GO:0005737	cytoplasm	part_of(CL:0000710)
GO:0000922	spindle pole	part_of(CL:0000710)
GO:0005886	plasma membrane	part_of(CL:0000710)
GO:0030496	midbody	part_of(CL:0000710)
GO:0005634	nucleus	part_of(CL:0000710)
GO:0005634	nucleus	part_of(CL:0000710)
GO:0005882	intermediate filament	part_of(CL:0000710)
GO:0045177	apical part of cell	part_of(CL:0000710)
GO:0045177	apical part of cell	part_of(CL:0000710)
GO:0005912	adherens junction	part_of(CL:0000710)
GO:0045177	apical part of cell	part_of(CL:0000710)
GO:0045121	membrane raft	part_of(CL:0000711)
GO:0005634	nucleus	part_of(CL:0000711)
GO:0005634	nucleus	part_of(CL:0000711)
GO:0005623	cell	part_of(CL:0000711)
GO:0005737	cytoplasm	part_of(CL:0000711)
GO:0005737	cytoplasm	part_of(CL:0000711)
GO:0005737	cytoplasm	part_of(CL:0000711)
GO:0005737	cytoplasm	part_of(CL:0000722)
GO:0005634	nucleus	part_of(CL:0000723)
GO:0005634	nucleus	part_of(CL:0000723)
GO:0005634	nucleus	part_of(CL:0000723)
GO:0005634	nucleus	part_of(CL:0000723)
GO:0005737	cytoplasm	part_of(CL:0000723)
GO:0005634	nucleus	part_of(CL:0000731
GO:0005634	nucleus	part_of(CL:0000731
GO:0005634	nucleus	part_of(CL:0000731
GO:0005634	nucleus	part_of(CL:0000731
GO:0009986	cell surface	part_of(CL:0000731)
GO:0005737	cytoplasm	part_of(CL:0000731)
GO:0009986	cell surface	part_of(CL:0000731)
GO:0005886	plasma membrane	part_of(CL:0000738
GO:0005737	cytoplasm	part_of(CL:0000738
GO:0005789	endoplasmic reticulum membrane	part_of(CL:0000738
GO:0005737	cytoplasm	part_of(CL:0000738
GO:0005634	nucleus	part_of(CL:0000738
GO:0005623	cell	part_of(CL:0000738
GO:0005623	cell	part_of(CL:0000738
GO:0042581	specific granule	part_of(CL:0000738)
GO:0005634	nucleus	part_of(CL:0000738)
GO:0045121	membrane raft	part_of(CL:0000738)
GO:0005737	cytoplasm	part_of(CL:0000738)
GO:0005634	nucleus	part_of(CL:0000738)
GO:0009986	cell surface	part_of(CL:0000738)
GO:0009897	external side of plasma membrane	part_of(CL:0000738)
GO:0005737	cytoplasm	part_of(CL:0000738)
GO:0005737	cytoplasm	part_of(CL:0000738)
GO:0097708	intracellular vesicle	part_of(CL:0000738)
GO:0005777	peroxisome	part_of(CL:0000738)
GO:0005886	plasma membrane	part_of(CL:0000738)
GO:0005634	nucleus	part_of(CL:0000738)
GO:0043005	neuron projection	part_of(CL:0000740
GO:0005886	plasma membrane	part_of(CL:0000740
GO:0005737	cytoplasm	part_of(CL:0000740
GO:0044297	cell body	part_of(CL:0000740
GO:0030424	axon	part_of(CL:0000740
GO:0030424	axon	part_of(CL:0000740)
GO:0005886	plasma membrane	part_of(CL:0000740)
GO:0043025	neuronal cell body	part_of(CL:0000740)
GO:0005883	neurofilament	part_of(CL:0000740)
GO:0005634	nucleus	part_of(CL:0000740)
GO:0005634	nucleus	part_of(CL:0000740)
GO:0005634	nucleus	part_of(CL:0000740)
GO:0005634	nucleus	part_of(CL:0000740)
GO:0005634	nucleus	part_of(CL:0000740)
GO:0005634	nucleus	part_of(CL:0000740)
GO:0005634	nucleus	part_of(CL:0000740)
GO:0005634	nucleus	part_of(CL:0000740)
GO:0005623	cell	part_of(CL:0000740)
GO:0005634	nucleus	part_of(CL:0000740)
GO:0005737	cytoplasm	part_of(CL:0000740)
GO:0044297	cell body	part_of(CL:0000740)
GO:0043025	neuronal cell body	part_of(CL:0000740)
GO:0043005	neuron projection	part_of(CL:0000740)
GO:0043005	neuron projection	part_of(CL:0000740)
GO:0045177	apical part of cell	part_of(CL:0000740)
GO:0005737	cytoplasm	part_of(CL:0000740)
GO:0043005	neuron projection	part_of(CL:0000740)
GO:0005634	nucleus	part_of(CL:0000740)
GO:0043204	perikaryon	part_of(CL:0000740)
GO:0005623	cell	part_of(CL:0000740)
GO:0042995	cell projection	part_of(CL:0000740)
GO:0005634	nucleus	part_of(CL:0000740)
GO:0005737	cytoplasm	part_of(CL:0000740)
GO:0030424	axon	part_of(CL:0000740)
GO:0030424	axon	part_of(CL:0000741)
GO:0030424	axon	part_of(CL:0000741)
GO:0030424	axon	part_of(CL:0000741)
GO:0030424	axon	part_of(CL:0000741)
GO:0043025	neuronal cell body	part_of(CL:0000741)
GO:0043025	neuronal cell body	part_of(CL:0000741)
GO:0043025	neuronal cell body	part_of(CL:0000741)
GO:0043025	neuronal cell body	part_of(CL:0000741)
GO:0005764	lysosome	part_of(CL:0000742)
GO:0005634	nucleus	part_of(CL:0000743)
GO:0051286	cell tip	part_of(CL:0000745)
GO:0030424	axon	part_of(CL:0000745)
GO:0030424	axon	part_of(CL:0000745)
GO:0030424	axon	part_of(CL:0000745)
GO:0030424	axon	part_of(CL:0000745)
GO:0044292	dendrite terminus	part_of(CL:0000745)
GO:0043005	neuron projection	part_of(CL:0000745)
GO:0005737	cytoplasm	part_of(CL:0000745)
GO:0044297	cell body	part_of(CL:0000745)
GO:0043005	neuron projection	part_of(CL:0000745)
GO:0044306	neuron projection terminus	part_of(CL:0000745)
GO:0043025	neuronal cell body	part_of(CL:0000745)
GO:0045211	postsynaptic membrane	part_of(CL:0000745)
GO:0044292	dendrite terminus	part_of(CL:0000745)
GO:0030315	T-tubule	part_of(CL:0000746
GO:0005634	nucleus	part_of(CL:0000746
GO:0005634	nucleus	part_of(CL:0000746
GO:0016529	sarcoplasmic reticulum	part_of(CL:0000746
GO:0009986	cell surface	part_of(CL:0000746
GO:0005886	plasma membrane	part_of(CL:0000746
GO:0000790	nuclear chromatin	part_of(CL:0000746
GO:0000790	nuclear chromatin	part_of(CL:0000746
GO:0000790	nuclear chromatin	part_of(CL:0000746
GO:0000790	nuclear chromatin	part_of(CL:0000746
GO:0005634	nucleus	part_of(CL:0000746
GO:0048471	perinuclear region of cytoplasm	part_of(CL:0000746
GO:0030018	Z disc	part_of(CL:0000746)
GO:0005911	cell-cell junction	part_of(CL:0000746)
GO:0016020	membrane	part_of(CL:0000746)
GO:0001725	stress fiber	part_of(CL:0000746)
GO:0005739	mitochondrion	part_of(CL:0000746)
GO:0005739	mitochondrion	part_of(CL:0000746)
GO:0005634	nucleus	part_of(CL:0000746)
GO:0016529	sarcoplasmic reticulum	part_of(CL:0000746)
GO:0005829	cytosol	part_of(CL:0000746)
GO:0034706	sodium channel complex	part_of(CL:0000746)
GO:0005911	cell-cell junction	part_of(CL:0000746)
GO:0005912	adherens junction	part_of(CL:0000746)
GO:0005913	cell-cell adherens junction	part_of(CL:0000746)
GO:0005634	nucleus	part_of(CL:0000746)
GO:0042383	sarcolemma	part_of(CL:0000746)
GO:0005912	adherens junction	part_of(CL:0000746)
GO:0005886	plasma membrane	part_of(CL:0000746)
GO:0042383	sarcolemma	part_of(CL:0000746)
GO:0043034	costamere	part_of(CL:0000746)
GO:0048471	perinuclear region of cytoplasm	part_of(CL:0000746)
GO:0016529	sarcoplasmic reticulum	part_of(CL:0000746)
GO:0005886	plasma membrane	part_of(CL:0000746)
GO:0009986	cell surface	part_of(CL:0000746)
GO:0030659	cytoplasmic vesicle membrane	part_of(CL:0000746)
GO:0005634	nucleus	part_of(CL:0000746)
GO:0005737	cytoplasm	part_of(CL:0000746)
GO:0031430	M band	part_of(CL:0000746)
GO:0030018	Z disc	part_of(CL:0000746)
GO:0014704	intercalated disc	part_of(CL:0000746)
GO:0030017	sarcomere	part_of(CL:0000746)
GO:0030018	Z disc	part_of(CL:0000746)
GO:0030018	Z disc	part_of(CL:0000746)
GO:0042641	actomyosin	part_of(CL:0000746)
GO:0005634	nucleus	part_of(CL:0000746)
GO:0005634	nucleus	part_of(CL:0000746)
GO:0005856	cytoskeleton	part_of(CL:0000746)
GO:0031674	I band	part_of(CL:0000746)
GO:0030057	desmosome	part_of(CL:0000746)
GO:0034704	calcium channel complex	part_of(CL:0000746)
GO:0005829	cytosol	part_of(CL:0000746)
GO:0005737	cytoplasm	part_of(CL:0000746)
GO:0048471	perinuclear region of cytoplasm	part_of(CL:0000746)
GO:0043293	apoptosome	part_of(CL:0000746)
GO:0031672	A band	part_of(CL:0000746)
GO:0031674	I band	part_of(CL:0000746)
GO:0014704	intercalated disc	part_of(CL:0000746)
GO:0030017	sarcomere	part_of(CL:0000746)
GO:0005916	fascia adherens	part_of(CL:0000746)
GO:0005901	caveola	part_of(CL:0000746)
GO:0005901	caveola	part_of(CL:0000746)
GO:0005886	plasma membrane	part_of(CL:0000746)
GO:0030315	T-tubule	part_of(CL:0000746)
GO:0030315	T-tubule	part_of(CL:0000746)
GO:0005886	plasma membrane	part_of(CL:0000746)
GO:0030315	T-tubule	part_of(CL:0000746)
GO:0005622	intracellular	part_of(CL:0000746)
GO:0000790	nuclear chromatin	part_of(CL:0000746)
GO:0014704	intercalated disc	part_of(CL:0000746)
GO:0030315	T-tubule	part_of(CL:0000746)
GO:0014704	intercalated disc	part_of(CL:0000746)
GO:0014704	intercalated disc	part_of(CL:0000746)
GO:0031430	M band	part_of(CL:0000746)
GO:0030863	cortical cytoskeleton	part_of(CL:0000746)
GO:0005623	cell	part_of(CL:0000746)
GO:0009986	cell surface	part_of(CL:0000746)
GO:0005737	cytoplasm	part_of(CL:0000746)
GO:0016529	sarcoplasmic reticulum	part_of(CL:0000746)
GO:0005634	nucleus	part_of(CL:0000746)
GO:0005861	troponin complex	part_of(CL:0000746)
GO:0005916	fascia adherens	part_of(CL:0000746)
GO:0005634	nucleus	part_of(CL:0000746)
GO:0005634	nucleus	part_of(CL:0000746)
GO:0005911	cell-cell junction	part_of(CL:0000746)
GO:0005890	sodium:potassium-exchanging ATPase complex	part_of(CL:0000746)
GO:0005737	cytoplasm	part_of(CL:0000746)
GO:0005901	caveola	part_of(CL:0000746)
GO:0042383	sarcolemma	part_of(CL:0000746)
GO:0005921	gap junction	part_of(CL:0000746)
GO:0030017	sarcomere	part_of(CL:0000746)
GO:0005886	plasma membrane	part_of(CL:0000746)
GO:0016529	sarcoplasmic reticulum	part_of(CL:0000746)
GO:0030018	Z disc	part_of(CL:0000746)
GO:0031672	A band	part_of(CL:0000746)
GO:0005634	nucleus	part_of(CL:0000746)
GO:0005737	cytoplasm	part_of(CL:0000746)
GO:0031410	cytoplasmic vesicle	part_of(CL:0000746)
GO:0005737	cytoplasm	part_of(CL:0000748)
GO:0044292	dendrite terminus	part_of(CL:0000748)
GO:0005737	cytoplasm	part_of(CL:0000748)
GO:0044292	dendrite terminus	part_of(CL:0000748)
GO:0097470	ribbon synapse	part_of(CL:0000748)
GO:0005634	nucleus	part_of(CL:0000748)
GO:0005634	nucleus	part_of(CL:0000748)
GO:0042734	presynaptic membrane	part_of(CL:0000748)
GO:0044292	dendrite terminus	part_of(CL:0000749)
GO:0016529	sarcoplasmic reticulum	part_of(CL:0000749)
GO:0043025	neuronal cell body	part_of(CL:0000749)
GO:0035841	new growing cell tip	part_of(CL:0000749)
GO:0030425	dendrite	part_of(CL:0000749)
GO:0030425	dendrite	part_of(CL:0000749)
GO:0031430	M band	part_of(CL:0000749)
GO:0045211	postsynaptic membrane	part_of(CL:0000750)
GO:0030425	dendrite	part_of(CL:0000751)
GO:0030425	dendrite	part_of(CL:0000751)
GO:0030425	dendrite	part_of(CL:0000752
GO:0005622	intracellular	part_of(CL:0000763
GO:0009897	external side of plasma membrane	part_of(CL:0000763)
GO:0009897	external side of plasma membrane	part_of(CL:0000763)
GO:0005891	voltage-gated calcium channel complex	part_of(CL:0000765
GO:0005886	plasma membrane	part_of(CL:0000765)
GO:0005615	extracellular space	part_of(CL:0000765)
GO:0005891	voltage-gated calcium channel complex	part_of(CL:0000767
GO:0005623	cell	part_of(CL:0000771
GO:0030667	secretory granule membrane	part_of(CL:0000771)
GO:0016020	membrane	part_of(CL:0000771)
GO:0005623	cell	part_of(CL:0000775
GO:0005623	cell	part_of(CL:0000775
GO:0005654	nucleoplasm	part_of(CL:0000775
GO:0005737	cytoplasm	part_of(CL:0000775
GO:0005737	cytoplasm	part_of(CL:0000775
GO:0005623	cell	part_of(CL:0000775
GO:0005884	actin filament	part_of(CL:0000775
GO:0005634	nucleus	part_of(CL:0000775)
GO:0048471	perinuclear region of cytoplasm	part_of(CL:0000775)
GO:0016020	membrane	part_of(CL:0000775)
GO:0035577	azurophil granule membrane	part_of(CL:0000775)
GO:0001931	uropod	part_of(CL:0000775)
GO:0035579	specific granule membrane	part_of(CL:0000775)
GO:0016020	membrane	part_of(CL:0000775)
GO:0009986	cell surface	part_of(CL:0000775)
GO:0070821	tertiary granule membrane	part_of(CL:0000775)
GO:0009897	external side of plasma membrane	part_of(CL:0000775)
GO:0005886	plasma membrane	part_of(CL:0000775)
GO:0031941	filamentous actin	part_of(CL:0000775)
GO:0005829	cytosol	part_of(CL:0000775)
GO:0042581	specific granule	part_of(CL:0000775)
GO:0042582	azurophil granule	part_of(CL:0000775)
GO:0032956	regulation of actin cytoskeleton organization	part_of(CL:0000775)
GO:0031410	cytoplasmic vesicle	part_of(CL:0000775)
GO:0030864	cortical actin cytoskeleton	part_of(CL:0000775)
GO:0009897	external side of plasma membrane	part_of(CL:0000775)
GO:0008305	integrin complex	part_of(CL:0000775)
GO:0009897	external side of plasma membrane	part_of(CL:0000775)
GO:0005737	cytoplasm	part_of(CL:0000775)
GO:0005737	cytoplasm	part_of(CL:0000776)
GO:0009897	external side of plasma membrane	part_of(CL:0000782)
GO:0009897	external side of plasma membrane	part_of(CL:0000782)
GO:0016021	integral component of membrane	part_of(CL:0000782)
GO:0009897	external side of plasma membrane	part_of(CL:0000782)
GO:0002102	podosome	part_of(CL:0000782)
GO:0009897	external side of plasma membrane	part_of(CL:0000784)
GO:0009986	cell surface	part_of(CL:0000784)
GO:0009986	cell surface	part_of(CL:0000785)
GO:0009986	cell surface	part_of(CL:0000786)
GO:0042105	alpha-beta T cell receptor complex	part_of(CL:0000789)
GO:0009897	external side of plasma membrane	part_of(CL:0000798)
GO:0009897	external side of plasma membrane	part_of(CL:0000799)
GO:0000800	lateral element	part_of(CL:0000800)
GO:0009897	external side of plasma membrane	part_of(CL:0000807)
GO:0009897	external side of plasma membrane	part_of(CL:0000808)
GO:0009897	external side of plasma membrane	part_of(CL:0000809)
GO:0036398	TCR signalosome	part_of(CL:0000809)
GO:0036398	TCR signalosome	part_of(CL:0000809)
GO:0009897	external side of plasma membrane	part_of(CL:0000810)
GO:0009897	external side of plasma membrane	part_of(CL:0000811)
GO:0005886	plasma membrane	part_of(CL:0000814)
GO:0005737	cytoplasm	part_of(CL:0000815)
GO:0000788	nuclear nucleosome	part_of(CL:0000817)
GO:0009986	cell surface	part_of(CL:0000817)
GO:0009897	external side of plasma membrane	part_of(CL:0000817)
GO:0009897	external side of plasma membrane	part_of(CL:0000817)
GO:0009986	cell surface	part_of(CL:0000826)
GO:0009897	external side of plasma membrane	part_of(CL:0000826)
GO:0009897	external side of plasma membrane	part_of(CL:0000839)
GO:0009986	cell surface	part_of(CL:0000842)
GO:0009897	external side of plasma membrane	part_of(CL:0000842)
GO:0005622	intracellular	part_of(CL:0000842)
GO:0009897	external side of plasma membrane	part_of(CL:0000843)
GO:0009897	external side of plasma membrane	part_of(CL:0000843)
GO:0009897	external side of plasma membrane	part_of(CL:0000845)
GO:1903412	response to bile acid	part_of(CL:0000847
GO:0007189	adenylate cyclase-activating G-protein coupled receptor signaling pathway	part_of(CL:0000847
GO:0043200	response to amino acid	part_of(CL:0000847
GO:0005929	cilium	part_of(CL:0000847)
GO:0097730	non-motile cilium	part_of(CL:0000847)
GO:0043200	response to amino acid	part_of(CL:0000847)
GO:0016020	membrane	part_of(CL:0000847)
GO:0043200	response to amino acid	part_of(CL:0000848
GO:0045177	apical part of cell	part_of(CL:0000848
GO:0016020	membrane	part_of(CL:0000848)
GO:0005737	cytoplasm	part_of(CL:0000849)
GO:0043025	neuronal cell body	part_of(CL:0000850
GO:0005737	cytoplasm	part_of(CL:0000850
GO:0005737	cytoplasm	part_of(CL:0000855
GO:0045178	basal part of cell	part_of(CL:0000855
GO:0043005	neuron projection	part_of(CL:0000855
GO:0016327	apicolateral plasma membrane	part_of(CL:0000855)
GO:0016327	apicolateral plasma membrane	part_of(CL:0000855)
GO:0032421	stereocilium bundle	part_of(CL:0000855)
GO:0016328	lateral plasma membrane	part_of(CL:0000855)
GO:0016328	lateral plasma membrane	part_of(CL:0000855)
GO:0005634	nucleus	part_of(CL:0000874
GO:0005764	lysosome	part_of(CL:0000887)
GO:0005764	lysosome	part_of(CL:0000888)
GO:0005764	lysosome	part_of(CL:0000888)
GO:0009897	external side of plasma membrane	part_of(CL:0000893)
GO:0009986	cell surface	part_of(CL:0000893)
GO:0005829	cytosol	part_of(CL:0000893)
GO:0005886	plasma membrane	part_of(CL:0000893)
GO:0005634	nucleus	part_of(CL:0000893)
GO:0009897	external side of plasma membrane	part_of(CL:0000895)
GO:0009897	external side of plasma membrane	part_of(CL:0000897)
GO:0005737	cytoplasm	part_of(CL:0000898)
GO:0005634	nucleus	part_of(CL:0000910)
GO:0005737	cytoplasm	part_of(CL:0000910)
GO:0009986	cell surface	part_of(CL:0000910)
GO:0031105	septin complex	part_of(CL:0000912)
GO:0032154	cleavage furrow	part_of(CL:0000912)
GO:0032173	septin collar	part_of(CL:0000912)
GO:0032160	septin filament array	part_of(CL:0000912)
GO:0005940	septin ring	part_of(CL:0000912)
GO:0005737	cytoplasm	part_of(CL:0000988)
GO:0009897	external side of plasma membrane	part_of(CL:0000988)
GO:0009897	external side of plasma membrane	part_of(CL:0000988)
GO:0031410	cytoplasmic vesicle	part_of(CL:0000988)
GO:0005634	nucleus	part_of(CL:0001031)
GO:0014069	postsynaptic density	part_of(CL:0001031)
GO:0005737	cytoplasm	part_of(CL:0001031)
GO:0045202	synapse	part_of(CL:0001031)
GO:0048471	perinuclear region of cytoplasm	part_of(CL:0001031)
GO:0005634	nucleus	part_of(CL:0001031)
GO:0045202	synapse	part_of(CL:0001031)
GO:0005634	nucleus	part_of(CL:0001031)
GO:0014069	postsynaptic density	part_of(CL:0001031)
GO:0001518	voltage-gated sodium channel complex	part_of(CL:0001031)
GO:0005794	Golgi apparatus	part_of(CL:0001031)
GO:0005634	nucleus	part_of(CL:0001031)
GO:0045211	postsynaptic membrane	part_of(CL:0001033)
GO:0009986	cell surface	part_of(CL:0001056)
GO:0045177	apical part of cell	part_of(CL:0002062)
GO:0005886	plasma membrane	part_of(CL:0002063)
GO:0045177	apical part of cell	part_of(CL:0002063)
GO:0097233	alveolar lamellar body membrane	part_of(CL:0002063)
GO:0042588	zymogen granule	part_of(CL:0002064
GO:0042588	zymogen granule	part_of(CL:0002064
GO:0030141	secretory granule	part_of(CL:0002064
GO:0031201	SNARE complex	part_of(CL:0002064
GO:0031201	SNARE complex	part_of(CL:0002064
GO:0005886	plasma membrane	part_of(CL:0002064)
GO:0005923	bicellular tight junction	part_of(CL:0002064)
GO:0005923	bicellular tight junction	part_of(CL:0002064)
GO:0005923	bicellular tight junction	part_of(CL:0002064)
GO:0045177	apical part of cell	part_of(CL:0002064)
GO:0016328	lateral plasma membrane	part_of(CL:0002064)
GO:0005923	bicellular tight junction	part_of(CL:0002064)
GO:0016323	basolateral plasma membrane	part_of(CL:0002064)
GO:0045178	basal part of cell	part_of(CL:0002064)
GO:0042589	zymogen granule membrane	part_of(CL:0002064)
GO:0016323	basolateral plasma membrane	part_of(CL:0002071)
GO:0005902	microvillus	part_of(CL:0002075)
GO:0005737	cytoplasm	part_of(CL:0002075)
GO:0005923	bicellular tight junction	part_of(CL:0002079)
GO:0005923	bicellular tight junction	part_of(CL:0002079)
GO:0005923	bicellular tight junction	part_of(CL:0002079)
GO:0005923	bicellular tight junction	part_of(CL:0002079)
GO:0005923	bicellular tight junction	part_of(CL:0002079)
GO:0005923	bicellular tight junction	part_of(CL:0002079)
GO:0005923	bicellular tight junction	part_of(CL:0002079)
GO:0016328	lateral plasma membrane	part_of(CL:0002079)
GO:0005923	bicellular tight junction	part_of(CL:0002079)
GO:0005923	bicellular tight junction	part_of(CL:0002079)
GO:0005923	bicellular tight junction	part_of(CL:0002079)
GO:0005886	plasma membrane	part_of(CL:0002085)
GO:0005623	cell	part_of(CL:0002085)
GO:0005737	cytoplasm	part_of(CL:0002090)
GO:0005844	polysome	part_of(CL:0002092)
GO:0009897	external side of plasma membrane	part_of(CL:0002092)
GO:0005634	nucleus	part_of(CL:0002097)
GO:0005782	peroxisomal matrix	part_of(CL:0002097)
GO:0030018	Z disc	part_of(CL:0002129)
GO:0042383	sarcolemma	part_of(CL:0002131
GO:0005901	caveola	part_of(CL:0002131
GO:0016020	membrane	part_of(CL:0002131)
GO:0071944	cell periphery	part_of(CL:0002131)
GO:0033017	sarcoplasmic reticulum membrane	part_of(CL:0002131)
GO:0036379	myofilament	part_of(CL:0002131)
GO:0048471	perinuclear region of cytoplasm	part_of(CL:0002131)
GO:0016328	lateral plasma membrane	part_of(CL:0002131)
GO:0005737	cytoplasm	part_of(CL:0002131)
GO:0042383	sarcolemma	part_of(CL:0002131)
GO:0030315	T-tubule	part_of(CL:0002131)
GO:0005634	nucleus	part_of(CL:0002131)
GO:0005886	plasma membrane	part_of(CL:0002131)
GO:0034704	calcium channel complex	part_of(CL:0002131)
GO:0030018	Z disc	part_of(CL:0002131)
GO:0014704	intercalated disc	part_of(CL:0002131)
GO:0031430	M band	part_of(CL:0002131)
GO:0005921	gap junction	part_of(CL:0002131)
GO:0014701	junctional sarcoplasmic reticulum membrane	part_of(CL:0002131)
GO:0032570	response to progesterone	part_of(CL:0002132
GO:0043627	response to estrogen	part_of(CL:0002132
GO:0000790	nuclear chromatin	part_of(CL:0002132)
GO:0043627	response to estrogen	part_of(CL:0002132)
GO:0005634	nucleus	part_of(CL:0002132)
GO:0032570	response to progesterone	part_of(CL:0002132)
GO:0005634	nucleus	part_of(CL:0002138)
GO:0005634	nucleus	part_of(CL:0002139
GO:0005737	cytoplasm	part_of(CL:0002139)
GO:0005911	cell-cell junction	part_of(CL:0002139)
GO:0005737	cytoplasm	part_of(CL:0002139)
GO:0005634	nucleus	part_of(CL:0002139)
GO:0005634	nucleus	part_of(CL:0002144)
GO:0005777	peroxisome	part_of(CL:0002144)
GO:0005737	cytoplasm	part_of(CL:0002153
GO:0035869	ciliary transition zone	part_of(CL:0002167)
GO:0016324	apical plasma membrane	part_of(CL:0002167)
GO:0005902	microvillus	part_of(CL:0002167)
GO:0036064	ciliary basal body	part_of(CL:0002167)
GO:0005813	centrosome	part_of(CL:0002167)
GO:0030141	secretory granule	part_of(CL:0002182)
GO:0016328	lateral plasma membrane	part_of(CL:0002187)
GO:0005737	cytoplasm	part_of(CL:0002187)
GO:0005634	nucleus	part_of(CL:0002187)
GO:0005634	nucleus	part_of(CL:0002187)
GO:0042995	cell projection	part_of(CL:0002188)
GO:0005615	extracellular space	part_of(CL:0002188)
GO:0005886	plasma membrane	part_of(CL:0002188)
GO:0005634	nucleus	part_of(CL:0002188)
GO:0005634	nucleus	part_of(CL:0002188)
GO:0005737	cytoplasm	part_of(CL:0002188)
GO:0005923	bicellular tight junction	part_of(CL:0002202)
GO:0031982	vesicle	part_of(CL:0002202)
GO:0031410	cytoplasmic vesicle	part_of(CL:0002224
GO:0005768	endosome	part_of(CL:0002224
GO:0005769	early endosome	part_of(CL:0002224
GO:0016328	lateral plasma membrane	part_of(CL:0002224)
GO:0005634	nucleus	part_of(CL:0002224)
GO:0016324	apical plasma membrane	part_of(CL:0002224)
GO:0031410	cytoplasmic vesicle	part_of(CL:0002224)
GO:0005737	cytoplasm	part_of(CL:0002224)
GO:0005886	plasma membrane	part_of(CL:0002225)
GO:0005886	plasma membrane	part_of(CL:0002228)
GO:0005737	cytoplasm	part_of(CL:0002231)
GO:0005634	nucleus	part_of(CL:0002231)
GO:0005886	plasma membrane	part_of(CL:0002231)
GO:0005634	nucleus	part_of(CL:0002231)
GO:0005829	cytosol	part_of(CL:0002232)
GO:0005737	cytoplasm	part_of(CL:0002238
GO:0005923	bicellular tight junction	part_of(CL:0002250)
GO:0030054	cell junction	part_of(CL:0002250)
GO:0005719	nuclear euchromatin	part_of(CL:0002250)
GO:0005719	nuclear euchromatin	part_of(CL:0002250)
GO:0005886	plasma membrane	part_of(CL:0002252
GO:0005737	cytoplasm	part_of(CL:0002253)
GO:0005886	plasma membrane	part_of(CL:0002257)
GO:0016324	apical plasma membrane	part_of(CL:0002257)
GO:0005911	cell-cell junction	part_of(CL:0002257)
GO:0005886	plasma membrane	part_of(CL:0002258)
GO:0005902	microvillus	part_of(CL:0002258)
GO:0005737	cytoplasm	part_of(CL:0002258)
GO:0005229	intracellular calcium activated chloride channel activity	part_of(CL:0002258)
GO:0015111	iodide transmembrane transporter activity	part_of(CL:0002258)
GO:0006821	chloride transport	part_of(CL:0002258)
GO:0030175	filopodium	part_of(CL:0002258)
GO:0030027	lamellipodium	part_of(CL:0002258)
GO:0016324	apical plasma membrane	part_of(CL:0002258)
GO:0030864	cortical actin cytoskeleton	part_of(CL:0002258)
GO:0015705	iodide transport	part_of(CL:0002258)
GO:0005634	nucleus	part_of(CL:0002258)
GO:0009986	cell surface	part_of(CL:0002293)
GO:0005905	clathrin-coated pit	part_of(CL:0002303)
GO:0060170	ciliary membrane	part_of(CL:0002303)
GO:0005802	trans-Golgi network	part_of(CL:0002303)
GO:0016324	apical plasma membrane	part_of(CL:0002303)
GO:0016328	lateral plasma membrane	part_of(CL:0002303)
GO:0016324	apical plasma membrane	part_of(CL:0002304)
GO:0045177	apical part of cell	part_of(CL:0002305)
GO:0045177	apical part of cell	part_of(CL:0002306
GO:0016324	apical plasma membrane	part_of(CL:0002306)
GO:0016324	apical plasma membrane	part_of(CL:0002306)
GO:0005886	plasma membrane	part_of(CL:0002306)
GO:0005777	peroxisome	part_of(CL:0002306)
GO:0005777	peroxisome	part_of(CL:0002306)
GO:0005737	cytoplasm	part_of(CL:0002306)
GO:0035813	regulation of renal sodium excretion	part_of(CL:0002306)
GO:0005737	cytoplasm	part_of(CL:0002306)
GO:0045178	basal part of cell	part_of(CL:0002306)
GO:0030139	endocytic vesicle	part_of(CL:0002306)
GO:0005737	cytoplasm	part_of(CL:0002306)
GO:0010037	response to carbon dioxide	part_of(CL:0002306)
GO:0005737	cytoplasm	part_of(CL:0002306)
GO:0005634	nucleus	part_of(CL:0002306)
GO:0005903	brush border	part_of(CL:0002306)
GO:0016323	basolateral plasma membrane	part_of(CL:0002306)
GO:0035810	positive regulation of urine volume	part_of(CL:0002306)
GO:0005777	peroxisome	part_of(CL:0002306)
GO:0005789	endoplasmic reticulum membrane	part_of(CL:0002306)
GO:0006885	regulation of pH	part_of(CL:0002306)
GO:0005777	peroxisome	part_of(CL:0002309
GO:0005737	cytoplasm	part_of(CL:0002309
GO:0048471	perinuclear region of cytoplasm	part_of(CL:0002309
GO:0031589	cell-substrate adhesion	part_of(CL:0002322
GO:0031589	cell-substrate adhesion	part_of(CL:0002322
GO:0035326	enhancer binding	part_of(CL:0002322
GO:0005929	cilium	part_of(CL:0002322)
GO:0097546	ciliary base	part_of(CL:0002322)
GO:0031012	extracellular matrix	part_of(CL:0002322)
GO:0005794	Golgi apparatus	part_of(CL:0002322)
GO:0031589	cell-substrate adhesion	part_of(CL:0002322)
GO:0005719	nuclear euchromatin	part_of(CL:0002322)
GO:0005719	nuclear euchromatin	part_of(CL:0002322)
GO:0000790	nuclear chromatin	part_of(CL:0002322)
GO:0044798	nuclear transcription factor complex	part_of(CL:0002322)
GO:0005737	cytoplasm	part_of(CL:0002322)
GO:0005929	cilium	part_of(CL:0002322)
GO:0009986	cell surface	part_of(CL:0002322)
GO:0005813	centrosome	part_of(CL:0002322)
GO:0000781	chromosome, telomeric region	part_of(CL:0002322)
GO:0000781	chromosome, telomeric region	part_of(CL:0002322)
GO:0005737	cytoplasm	part_of(CL:0002322)
GO:0000781	chromosome, telomeric region	part_of(CL:0002322)
GO:0005719	nuclear euchromatin	part_of(CL:0002322)
GO:0031012	extracellular matrix	part_of(CL:0002322)
GO:0071144	SMAD2-SMAD3 protein complex	part_of(CL:0002322)
GO:0005829	cytosol	part_of(CL:0002322)
GO:0048471	perinuclear region of cytoplasm	part_of(CL:0002322)
GO:0005634	nucleus	part_of(CL:0002322)
GO:0097542	ciliary tip	part_of(CL:0002322)
GO:0005737	cytoplasm	part_of(CL:0002322)
GO:0031012	extracellular matrix	part_of(CL:0002322)
GO:0000790	nuclear chromatin	part_of(CL:0002322)
GO:0005737	cytoplasm	part_of(CL:0002324)
GO:0005921	gap junction	part_of(CL:0002324)
GO:0005886	plasma membrane	part_of(CL:0002325)
GO:0005737	cytoplasm	part_of(CL:0002326)
GO:0016323	basolateral plasma membrane	part_of(CL:0002326)
GO:0005921	gap junction	part_of(CL:0002326)
GO:0016324	apical plasma membrane	part_of(CL:0002326)
GO:0016328	lateral plasma membrane	part_of(CL:0002327)
GO:0016020	membrane	part_of(CL:0002327)
GO:0005911	cell-cell junction	part_of(CL:0002327)
GO:0005902	microvillus	part_of(CL:0002327)
GO:0007160	cell-matrix adhesion	part_of(CL:0002327)
GO:0001725	stress fiber	part_of(CL:0002327)
GO:0031931	TORC1 complex	part_of(CL:0002327)
GO:0005737	cytoplasm	part_of(CL:0002327)
GO:0005829	cytosol	part_of(CL:0002327)
GO:0090136	epithelial cell-cell adhesion	part_of(CL:0002327)
GO:0031932	TORC2 complex	part_of(CL:0002327)
GO:0005634	nucleus	part_of(CL:0002327)
GO:0016324	apical plasma membrane	part_of(CL:0002327)
GO:0009986	cell surface	part_of(CL:0002327)
GO:0005923	bicellular tight junction	part_of(CL:0002328)
GO:0005634	nucleus	part_of(CL:0002328)
GO:0031410	cytoplasmic vesicle	part_of(CL:0002328)
GO:0016324	apical plasma membrane	part_of(CL:0002328)
GO:0031362	anchored component of external side of plasma membrane	part_of(CL:0002328)
GO:0016328	lateral plasma membrane	part_of(CL:0002328)
GO:0046658	anchored component of plasma membrane	part_of(CL:0002328)
GO:0005886	plasma membrane	part_of(CL:0002334)
GO:0005634	nucleus	part_of(CL:0002334)
GO:0005783	endoplasmic reticulum	part_of(CL:0002334)
GO:0005737	cytoplasm	part_of(CL:0002334)
GO:0016324	apical plasma membrane	part_of(CL:0002340)
GO:0005634	nucleus	part_of(CL:0002341)
GO:0005634	nucleus	part_of(CL:0002350)
GO:0005634	nucleus	part_of(CL:0002350)
GO:0005634	nucleus	part_of(CL:0002350)
GO:0005768	endosome	part_of(CL:0002364)
GO:0005764	lysosome	part_of(CL:0002364)
GO:0070062	extracellular exosome	part_of(CL:0002367)
GO:0031514	motile cilium	part_of(CL:0002368)
GO:0005929	cilium	part_of(CL:0002368)
GO:0005929	cilium	part_of(CL:0002368)
GO:0005886	plasma membrane	part_of(CL:0002368)
GO:0005737	cytoplasm	part_of(CL:0002368)
GO:0005930	axoneme	part_of(CL:0002368)
GO:0036157	outer dynein arm	part_of(CL:0002368)
GO:0005929	cilium	part_of(CL:0002368)
GO:0005615	extracellular space	part_of(CL:0002368)
GO:0005737	cytoplasm	part_of(CL:0002368)
GO:0005623	cell	part_of(CL:0002372
GO:0005737	cytoplasm	part_of(CL:0002372
GO:0031301	integral component of organelle membrane	part_of(CL:0002372
GO:0005776	autophagosome	part_of(CL:0002372
GO:0030018	Z disc	part_of(CL:0002372
GO:0005634	nucleus	part_of(CL:0002372)
GO:0005776	autophagosome	part_of(CL:0002372)
GO:0005737	cytoplasm	part_of(CL:0002372)
GO:0005886	plasma membrane	part_of(CL:0002372)
GO:0031672	A band	part_of(CL:0002372)
GO:0005623	cell	part_of(CL:0002372)
GO:0070062	extracellular exosome	part_of(CL:0002372)
GO:0030659	cytoplasmic vesicle membrane	part_of(CL:0002372)
GO:0005770	late endosome	part_of(CL:0002372)
GO:0005829	cytosol	part_of(CL:0002372)
GO:0005901	caveola	part_of(CL:0002372)
GO:0005737	cytoplasm	part_of(CL:0002372)
GO:0005737	cytoplasm	part_of(CL:0002372)
GO:0005776	autophagosome	part_of(CL:0002372)
GO:0005634	nucleus	part_of(CL:0002372)
GO:0031594	neuromuscular junction	part_of(CL:0002372)
GO:0005623	cell	part_of(CL:0002374)
GO:0005634	nucleus	part_of(CL:0002374)
GO:0048471	perinuclear region of cytoplasm	part_of(CL:0002374)
GO:0032426	stereocilium tip	part_of(CL:0002374)
GO:0005634	nucleus	part_of(CL:0002374)
GO:0005623	cell	part_of(CL:0002374)
GO:0005737	cytoplasm	part_of(CL:0002377)
GO:0005634	nucleus	part_of(CL:0002377)
GO:0055037	recycling endosome	part_of(CL:0002476
GO:0001891	phagocytic cup	part_of(CL:0002476)
GO:0005764	lysosome	part_of(CL:0002476)
GO:0005737	cytoplasm	part_of(CL:0002476)
GO:0005634	nucleus	part_of(CL:0002476)
GO:0009986	cell surface	part_of(CL:0002476)
GO:0045335	phagocytic vesicle	part_of(CL:0002476)
GO:0032009	early phagosome	part_of(CL:0002476)
GO:0009897	external side of plasma membrane	part_of(CL:0002479)
GO:0005623	cell	part_of(CL:0002481
GO:0005634	nucleus	part_of(CL:0002481
GO:0005737	cytoplasm	part_of(CL:0002481)
GO:0031410	cytoplasmic vesicle	part_of(CL:0002488)
GO:0005634	nucleus	part_of(CL:0002488)
GO:0005768	endosome	part_of(CL:0002488)
GO:0005794	Golgi apparatus	part_of(CL:0002488)
GO:0005576	extracellular region	part_of(CL:0002488)
GO:0005764	lysosome	part_of(CL:0002488)
GO:0005634	nucleus	part_of(CL:0002490)
GO:0005856	cytoskeleton	part_of(CL:0002494)
GO:0016020	membrane	part_of(CL:0002494)
GO:0048471	perinuclear region of cytoplasm	part_of(CL:0002494)
GO:0005829	cytosol	part_of(CL:0002494)
GO:0030141	secretory granule	part_of(CL:0002494)
GO:0005634	nucleus	part_of(CL:0002494)
GO:0090002	establishment of protein localization to plasma membrane	part_of(CL:0002495
GO:0005635	nuclear envelope	part_of(CL:0002495
GO:0016529	sarcoplasmic reticulum	part_of(CL:0002495
GO:0005829	cytosol	part_of(CL:0002495)
GO:1902937	inward rectifier potassium channel complex	part_of(CL:0002495)
GO:0030018	Z disc	part_of(CL:0002495)
GO:0031965	nuclear membrane	part_of(CL:0002495)
GO:1990454	L-type voltage-gated calcium channel complex	part_of(CL:0002495)
GO:0005634	nucleus	part_of(CL:0002495)
GO:0042383	sarcolemma	part_of(CL:0002495)
GO:0097543	ciliary inversin compartment	part_of(CL:0002518)
GO:0097546	ciliary base	part_of(CL:0002518)
GO:0005764	lysosome	part_of(CL:0002518)
GO:0035869	ciliary transition zone	part_of(CL:0002518)
GO:0005764	lysosome	part_of(CL:0002518)
GO:0005737	cytoplasm	part_of(CL:0002518)
GO:0016324	apical plasma membrane	part_of(CL:0002518)
GO:0005886	plasma membrane	part_of(CL:0002518)
GO:0005764	lysosome	part_of(CL:0002518)
GO:0005634	nucleus	part_of(CL:0002525)
GO:0005886	plasma membrane	part_of(CL:0002525)
GO:0016324	apical plasma membrane	part_of(CL:0002525)
GO:0009925	basal plasma membrane	part_of(CL:0002525)
GO:0005737	cytoplasm	part_of(CL:0002525)
GO:0005764	lysosome	part_of(CL:0002525)
GO:0005764	lysosome	part_of(CL:0002535)
GO:0005737	cytoplasm	part_of(CL:0002539)
GO:0005634	nucleus	part_of(CL:0002539)
GO:0034113	heterotypic cell-cell adhesion	part_of(CL:0002540
GO:0034113	heterotypic cell-cell adhesion	part_of(CL:0002540
GO:0034113	heterotypic cell-cell adhesion	part_of(CL:0002540
GO:0034113	heterotypic cell-cell adhesion	part_of(CL:0002540
GO:0034113	heterotypic cell-cell adhesion	part_of(CL:0002540
GO:0034113	heterotypic cell-cell adhesion	part_of(CL:0002540
GO:0034113	heterotypic cell-cell adhesion	part_of(CL:0002540
GO:0034113	heterotypic cell-cell adhesion	part_of(CL:0002540
GO:0034113	heterotypic cell-cell adhesion	part_of(CL:0002540
GO:0034113	heterotypic cell-cell adhesion	part_of(CL:0002540
GO:0009986	cell surface	part_of(CL:0002540)
GO:0005737	cytoplasm	part_of(CL:0002543
GO:0005634	nucleus	part_of(CL:0002543
GO:0031012	extracellular matrix	part_of(CL:0002543)
GO:0005634	nucleus	part_of(CL:0002543)
GO:0030027	lamellipodium	part_of(CL:0002544)
GO:0005923	bicellular tight junction	part_of(CL:0002544)
GO:0005923	bicellular tight junction	part_of(CL:0002544)
GO:0001527	microfibril	part_of(CL:0002551)
GO:0005737	cytoplasm	part_of(CL:0002551)
GO:0005578	proteinaceous extracellular matrix	part_of(CL:0002552)
GO:0005615	extracellular space	part_of(CL:0002552)
GO:0005634	nucleus	part_of(CL:0002553)
GO:0031012	extracellular matrix	part_of(CL:0002553)
GO:0005777	peroxisome	part_of(CL:0002553)
GO:0005634	nucleus	part_of(CL:0002559
GO:0005634	nucleus	part_of(CL:0002559)
GO:0005782	peroxisomal matrix	part_of(CL:0002559)
GO:0005886	plasma membrane	part_of(CL:0002561)
GO:0045171	intercellular bridge	part_of(CL:0002561)
GO:0048471	perinuclear region of cytoplasm	part_of(CL:0002561)
GO:0005737	cytoplasm	part_of(CL:0002561)
GO:0016323	basolateral plasma membrane	part_of(CL:0002563
GO:0016324	apical plasma membrane	part_of(CL:0002563
GO:0072659	protein localization to plasma membrane	part_of(CL:0002563
GO:0072659	protein localization to plasma membrane	part_of(CL:0002563
GO:0005737	cytoplasm	part_of(CL:0002563
GO:0005737	cytoplasm	part_of(CL:0002563
GO:0005903	brush border	part_of(CL:0002563
GO:0016324	apical plasma membrane	part_of(CL:0002563
GO:0005634	nucleus	part_of(CL:0002563
GO:0072659	protein localization to plasma membrane	part_of(CL:0002563
GO:0072659	protein localization to plasma membrane	part_of(CL:0002563
GO:0072659	protein localization to plasma membrane	part_of(CL:0002563
GO:0005902	microvillus	part_of(CL:0002563)
GO:0016324	apical plasma membrane	part_of(CL:0002563)
GO:0005634	nucleus	part_of(CL:0002563)
GO:0005829	cytosol	part_of(CL:0002563)
GO:0005923	bicellular tight junction	part_of(CL:0002563)
GO:0005798	Golgi-associated vesicle	part_of(CL:0002563)
GO:0035690	cellular response to drug	part_of(CL:0002563)
GO:0044291	cell-cell contact zone	part_of(CL:0002563)
GO:0005634	nucleus	part_of(CL:0002563)
GO:0016323	basolateral plasma membrane	part_of(CL:0002563)
GO:0005923	bicellular tight junction	part_of(CL:0002563)
GO:0005886	plasma membrane	part_of(CL:0002563)
GO:0005923	bicellular tight junction	part_of(CL:0002563)
GO:0009986	cell surface	part_of(CL:0002563)
GO:0005902	microvillus	part_of(CL:0002563)
GO:0005923	bicellular tight junction	part_of(CL:0002563)
GO:0048471	perinuclear region of cytoplasm	part_of(CL:0002563)
GO:0005911	cell-cell junction	part_of(CL:0002563)
GO:0055037	recycling endosome	part_of(CL:0002563)
GO:0016324	apical plasma membrane	part_of(CL:0002563)
GO:0030139	endocytic vesicle	part_of(CL:0002563)
GO:0016323	basolateral plasma membrane	part_of(CL:0002563)
GO:0005829	cytosol	part_of(CL:0002563)
GO:0043209	myelin sheath	part_of(CL:0002573
GO:0005634	nucleus	part_of(CL:0002573
GO:0005604	basement membrane	part_of(CL:0002573)
GO:0005634	nucleus	part_of(CL:0002577)
GO:0005634	nucleus	part_of(CL:0002577)
GO:0005634	nucleus	part_of(CL:0002577)
GO:0071539	protein localization to centrosome	part_of(CL:0002586
GO:0071539	protein localization to centrosome	part_of(CL:0002586
GO:0061512	protein localization to cilium	part_of(CL:0002586
GO:0071539	protein localization to centrosome	part_of(CL:0002586
GO:0071539	protein localization to centrosome	part_of(CL:0002586
GO:0061512	protein localization to cilium	part_of(CL:0002586
GO:0005801	cis-Golgi network	part_of(CL:0002586)
GO:1905515	non-motile cilium assembly	part_of(CL:0002586)
GO:0034451	centriolar satellite	part_of(CL:0002586)
GO:0005814	centriole	part_of(CL:0002586)
GO:0007030	Golgi organization	part_of(CL:0002586)
GO:0005813	centrosome	part_of(CL:0002586)
GO:0097539	ciliary transition fiber	part_of(CL:0002586)
GO:0097730	non-motile cilium	part_of(CL:0002586)
GO:0032391	photoreceptor connecting cilium	part_of(CL:0002586)
GO:0016323	basolateral plasma membrane	part_of(CL:0002586)
GO:0016324	apical plasma membrane	part_of(CL:0002586)
GO:0005615	extracellular space	part_of(CL:0002586)
GO:0005737	cytoplasm	part_of(CL:0002586)
GO:0005929	cilium	part_of(CL:0002586)
GO:0005515	protein binding	part_of(CL:0002586)
GO:0035869	ciliary transition zone	part_of(CL:0002586)
GO:0031105	septin complex	part_of(CL:0002586)
GO:0005930	axoneme	part_of(CL:0002586)
GO:0005829	cytosol	part_of(CL:0002591)
GO:0005886	plasma membrane	part_of(CL:0002591)
GO:0005737	cytoplasm	part_of(CL:0002605)
GO:0048787	presynaptic active zone membrane	part_of(CL:0002608
GO:0098793	presynapse	part_of(CL:0002608
GO:0005886	plasma membrane	part_of(CL:0002608
GO:0098982	GABA-ergic synapse	part_of(CL:0002608
GO:0014069	postsynaptic density	part_of(CL:0002608
GO:0005737	cytoplasm	part_of(CL:0002608
GO:0008021	synaptic vesicle	part_of(CL:0002608
GO:0098978	glutamatergic synapse	part_of(CL:0002608
GO:0005768	endosome	part_of(CL:0002608
GO:0005768	endosome	part_of(CL:0002608
GO:0005634	nucleus	part_of(CL:0002608
GO:0030424	axon	part_of(CL:0002608)
GO:0044309	neuron spine	part_of(CL:0002608)
GO:0005634	nucleus	part_of(CL:0002608)
GO:0043005	neuron projection	part_of(CL:0002608)
GO:0048786	presynaptic active zone	part_of(CL:0002608)
GO:0014069	postsynaptic density	part_of(CL:0002608)
GO:0005737	cytoplasm	part_of(CL:0002608)
GO:0098793	presynapse	part_of(CL:0002608)
GO:0005929	cilium	part_of(CL:0002608)
GO:0030426	growth cone	part_of(CL:0002608)
GO:0055037	recycling endosome	part_of(CL:0002608)
GO:0043679	axon terminus	part_of(CL:0002608)
GO:0048471	perinuclear region of cytoplasm	part_of(CL:0002608)
GO:0005794	Golgi apparatus	part_of(CL:0002608)
GO:0097060	synaptic membrane	part_of(CL:0002608)
GO:0060077	inhibitory synapse	part_of(CL:0002608)
GO:0032590	dendrite membrane	part_of(CL:0002608)
GO:0030175	filopodium	part_of(CL:0002608)
GO:0005634	nucleus	part_of(CL:0002608)
GO:0060076	excitatory synapse	part_of(CL:0002608)
GO:0043197	dendritic spine	part_of(CL:0002608)
GO:0043198	dendritic shaft	part_of(CL:0002608)
GO:0005886	plasma membrane	part_of(CL:0002608)
GO:0044297	cell body	part_of(CL:0002608)
GO:0036477	somatodendritic compartment	part_of(CL:0002608)
GO:0043195	terminal bouton	part_of(CL:0002608)
GO:0043025	neuronal cell body	part_of(CL:0002608)
GO:0005634	nucleus	part_of(CL:0002608)
GO:0005886	plasma membrane	part_of(CL:0002608)
GO:0014069	postsynaptic density	part_of(CL:0002608)
GO:0030425	dendrite	part_of(CL:0002608)
GO:0031234	extrinsic component of cytoplasmic side of plasma membrane	part_of(CL:0002608)
GO:0031234	extrinsic component of cytoplasmic side of plasma membrane	part_of(CL:0002608)
GO:0007032	endosome organization	part_of(CL:0002608)
GO:0008021	synaptic vesicle	part_of(CL:0002608)
GO:0045202	synapse	part_of(CL:0002608)
GO:0098793	presynapse	part_of(CL:0002608)
GO:0014069	postsynaptic density	part_of(CL:0002609
GO:0012506	vesicle membrane	part_of(CL:0002609
GO:0012506	vesicle membrane	part_of(CL:0002609
GO:0005634	nucleus	part_of(CL:0002609)
GO:0005739	mitochondrion	part_of(CL:0002609)
GO:0030425	dendrite	part_of(CL:0002609)
GO:0005798	Golgi-associated vesicle	part_of(CL:0002609)
GO:0030133	transport vesicle	part_of(CL:0002609)
GO:0030426	growth cone	part_of(CL:0002609)
GO:0043005	neuron projection	part_of(CL:0002609)
GO:0043025	neuronal cell body	part_of(CL:0002609)
GO:0055037	recycling endosome	part_of(CL:0002609)
GO:0005802	trans-Golgi network	part_of(CL:0002609)
GO:0044309	neuron spine	part_of(CL:0002609)
GO:0031982	vesicle	part_of(CL:0002609)
GO:0005634	nucleus	part_of(CL:0002609)
GO:0016020	membrane	part_of(CL:0002609)
GO:0005634	nucleus	part_of(CL:0002609)
GO:0005829	cytosol	part_of(CL:0002609)
GO:0030424	axon	part_of(CL:0002609)
GO:0045202	synapse	part_of(CL:0002609)
GO:0005829	cytosol	part_of(CL:0002609)
GO:0005737	cytoplasm	part_of(CL:0002609)
GO:0030425	dendrite	part_of(CL:0002609)
GO:0044297	cell body	part_of(CL:0002609)
GO:0005886	plasma membrane	part_of(CL:0002609)
GO:0005813	centrosome	part_of(CL:0002609)
GO:0030425	dendrite	part_of(CL:0002609)
GO:0010506	regulation of autophagy	part_of(CL:0002609)
GO:0005634	nucleus	part_of(CL:0002609)
GO:0005634	nucleus	part_of(CL:0002609)
GO:0048471	perinuclear region of cytoplasm	part_of(CL:0002609)
GO:0005764	lysosome	part_of(CL:0002609)
GO:0044295	axonal growth cone	part_of(CL:0002609)
GO:0005737	cytoplasm	part_of(CL:0002609)
GO:0005829	cytosol	part_of(CL:0002609)
GO:0005829	cytosol	part_of(CL:0002609)
GO:0009897	external side of plasma membrane	part_of(CL:0002611)
GO:0005829	cytosol	part_of(CL:0002613)
GO:0005634	nucleus	part_of(CL:0002614)
GO:0043005	neuron projection	part_of(CL:0002614)
GO:0005634	nucleus	part_of(CL:0002614)
GO:0005737	cytoplasm	part_of(CL:0002614)
GO:0005737	cytoplasm	part_of(CL:0002614)
GO:1905286	serine-type peptidase complex	part_of(CL:0002618
GO:0045121	membrane raft	part_of(CL:0002618)
GO:0005770	late endosome	part_of(CL:0002618)
GO:0009986	cell surface	part_of(CL:0002618)
GO:0005911	cell-cell junction	part_of(CL:0002618)
GO:0005622	intracellular	part_of(CL:0002618)
GO:0005886	plasma membrane	part_of(CL:0002618)
GO:0005911	cell-cell junction	part_of(CL:0002618)
GO:0005901	caveola	part_of(CL:0002618)
GO:0005769	early endosome	part_of(CL:0002618)
GO:0005634	nucleus	part_of(CL:0002618)
GO:0005739	mitochondrion	part_of(CL:0002618)
GO:2000379	positive regulation of reactive oxygen species metabolic process	part_of(CL:0002618)
GO:0009897	external side of plasma membrane	part_of(CL:0002619)
GO:0000932	P-body	part_of(CL:0002620
GO:0005730	nucleolus	part_of(CL:0002620
GO:0005778	peroxisomal membrane	part_of(CL:0002620)
GO:0005739	mitochondrion	part_of(CL:0002620)
GO:0005782	peroxisomal matrix	part_of(CL:0002620)
GO:0005634	nucleus	part_of(CL:0002620)
GO:0005829	cytosol	part_of(CL:0002620)
GO:0005737	cytoplasm	part_of(CL:0002620)
GO:0005777	peroxisome	part_of(CL:0002620)
GO:0005779	integral component of peroxisomal membrane	part_of(CL:0002620)
GO:0007031	peroxisome organization	part_of(CL:0002620)
GO:0005778	peroxisomal membrane	part_of(CL:0002620)
GO:0005634	nucleus	part_of(CL:0002622)
GO:0005634	nucleus	part_of(CL:0002622)
GO:0045335	phagocytic vesicle	part_of(CL:0002629)
GO:0005634	nucleus	part_of(CL:0002629)
GO:0005737	cytoplasm	part_of(CL:0002659)
GO:0005576	extracellular region	part_of(CL:0002674)
GO:0005887	integral component of plasma membrane	part_of(CL:0002674)
GO:0016323	basolateral plasma membrane	part_of(CL:0005006
GO:0005623	cell	part_of(CL:0005006
GO:0005737	cytoplasm	part_of(CL:0005006
GO:0005623	cell	part_of(CL:0005006)
GO:0016323	basolateral plasma membrane	part_of(CL:0005006)
GO:0016323	basolateral plasma membrane	part_of(CL:0005009)
GO:0005829	cytosol	part_of(CL:0005010)
GO:0016323	basolateral plasma membrane	part_of(CL:0005010)
GO:0016324	apical plasma membrane	part_of(CL:0005010)
GO:0031514	motile cilium	part_of(CL:0005012
GO:0097546	ciliary base	part_of(CL:0005012)
GO:0031514	motile cilium	part_of(CL:0005012)
GO:0031514	motile cilium	part_of(CL:0005012)
GO:0031514	motile cilium	part_of(CL:0005012)
GO:0005737	cytoplasm	part_of(CL:0005014)
GO:0016020	membrane	part_of(CL:0005014)
GO:0005634	nucleus	part_of(CL:0005014)
GO:0005623	cell	part_of(CL:0005014)
GO:0045178	basal part of cell	part_of(CL:0005014)
GO:0005768	endosome	part_of(CL:0007000
GO:0005768	endosome	part_of(CL:0007000)
GO:0005737	cytoplasm	part_of(CL:0007005)
GO:0005622	intracellular	part_of(CL:0007010)
GO:0005623	cell	part_of(CL:0007021
GO:0005634	nucleus	part_of(CL:0008001)
GO:0031674	I band	part_of(CL:0008002)
GO:0031672	A band	part_of(CL:0008002)
GO:0005634	nucleus	part_of(CL:0008002)
GO:0043034	costamere	part_of(CL:0008002)
GO:0005623	cell	part_of(CL:0008002)
GO:0030017	sarcomere	part_of(CL:0008003
GO:0005859	muscle myosin complex	part_of(CL:0008003
GO:0005737	cytoplasm	part_of(CL:0008019
GO:0048471	perinuclear region of cytoplasm	part_of(CL:0009002
GO:0005634	nucleus	part_of(CL:0009004)
GO:0005829	cytosol	part_of(CL:0009004)
GO:0005794	Golgi apparatus	part_of(CL:0009004)
GO:0005813	centrosome	part_of(CL:0009004)
GO:0044297	cell body	part_of(CL:0009004)
GO:0005813	centrosome	part_of(CL:0009004)
GO:0005622	intracellular	part_of(CL:0010001)
GO:0005929	cilium	part_of(CL:0010001)
GO:0019898	extrinsic component of membrane	part_of(CL:0010001)
GO:0016324	apical plasma membrane	part_of(CL:0010006
GO:0005901	caveola	part_of(CL:0010006
GO:0009925	basal plasma membrane	part_of(CL:0010006
GO:0032391	photoreceptor connecting cilium	part_of(CL:0010009
GO:0005198	structural molecule activity	part_of(CL:0010009
GO:0036064	ciliary basal body	part_of(CL:0010009
GO:0035253	ciliary rootlet	part_of(CL:0010009
GO:0035869	ciliary transition zone	part_of(CL:0010009
GO:0001750	photoreceptor outer segment	part_of(CL:0010009)
GO:0001750	photoreceptor outer segment	part_of(CL:0010009)
GO:0005794	Golgi apparatus	part_of(CL:0010009)
GO:0036064	ciliary basal body	part_of(CL:0010009)
GO:0005794	Golgi apparatus	part_of(CL:0010009)
GO:0000242	pericentriolar material	part_of(CL:0010009)
GO:0005930	axoneme	part_of(CL:0010009)
GO:0005886	plasma membrane	part_of(CL:0010009)
GO:0032391	photoreceptor connecting cilium	part_of(CL:0010009)
GO:0009986	cell surface	part_of(CL:0010009)
GO:0032391	photoreceptor connecting cilium	part_of(CL:0010009)
GO:0036064	ciliary basal body	part_of(CL:0010009)
GO:0036064	ciliary basal body	part_of(CL:0010009)
GO:1990075	periciliary membrane compartment	part_of(CL:0010009)
GO:0005737	cytoplasm	part_of(CL:0010009)
GO:0070852	cell body fiber	part_of(CL:0010009)
GO:0044297	cell body	part_of(CL:0010012)
GO:0016607	nuclear speck	part_of(CL:0010012)
GO:0043005	neuron projection	part_of(CL:0010012)
GO:0005634	nucleus	part_of(CL:0011003
GO:0031410	cytoplasmic vesicle	part_of(CL:0011004
GO:0019898	extrinsic component of membrane	part_of(CL:0011004)
GO:0019898	extrinsic component of membrane	part_of(CL:0011004)
GO:0019898	extrinsic component of membrane	part_of(CL:0011004)
GO:0031410	cytoplasmic vesicle	part_of(CL:0011004)
GO:0005634	nucleus	part_of(CL:0011004)
GO:0019898	extrinsic component of membrane	part_of(CL:0011004)
GO:0019898	extrinsic component of membrane	part_of(CL:0011004)
GO:0005768	endosome	part_of(CL:0011004)
GO:0005769	early endosome	part_of(CL:0011004)
GO:0031410	cytoplasmic vesicle	part_of(CL:0011004)
GO:0030425	dendrite	part_of(CL:0011005
GO:0043025	neuronal cell body	part_of(CL:0011005
GO:0005737	cytoplasm	part_of(CL:0011103
GO:0030424	axon	part_of(CL:0011103)
GO:0005769	early endosome	part_of(CL:0011103)
GO:0048471	perinuclear region of cytoplasm	part_of(CL:0011103)
GO:0005623	cell	part_of(CL:0011107)
GO:0005623	cell	part_of(CL:0011107)
GO:0016323	basolateral plasma membrane	part_of(CL:0011108
GO:0005768	endosome	part_of(CL:0011108)
GO:0005902	microvillus	part_of(CL:0011108)
GO:0016323	basolateral plasma membrane	part_of(CL:0011108)
GO:0005634	nucleus	part_of(CL:0011111
GO:0005634	nucleus	part_of(CL:0011113)
GO:0005634	nucleus	part_of(CL:0012001
GO:0098594	mucin granule	part_of(CL:1000143
GO:0005764	lysosome	part_of(CL:1000191)
GO:0005886	plasma membrane	part_of(CL:1000191)
GO:0015630	microtubule cytoskeleton	part_of(CL:1000191)
GO:0015630	microtubule cytoskeleton	part_of(CL:1000191)
GO:0005886	plasma membrane	part_of(CL:1000223
GO:0030057	desmosome	part_of(CL:1000274)
GO:0005886	plasma membrane	part_of(CL:1000274)
GO:0005615	extracellular space	part_of(CL:1000274)
GO:0005615	extracellular space	part_of(CL:1000274)
GO:0005737	cytoplasm	part_of(CL:1000274)
GO:0000792	heterochromatin	part_of(CL:1000274)
GO:0005634	nucleus	part_of(CL:1000274)
GO:0045179	apical cortex	part_of(CL:1000274)
GO:0016323	basolateral plasma membrane	part_of(CL:1000274)
GO:0005923	bicellular tight junction	part_of(CL:1000274)
GO:0016324	apical plasma membrane	part_of(CL:1000274)
GO:0000792	heterochromatin	part_of(CL:1000274)
GO:0005634	nucleus	part_of(CL:1000274)
GO:0005913	cell-cell adherens junction	part_of(CL:1000274)
GO:0045177	apical part of cell	part_of(CL:1000274)
GO:0048471	perinuclear region of cytoplasm	part_of(CL:1000274)
GO:0016020	membrane	part_of(CL:1000274)
GO:0016020	membrane	part_of(CL:1000274)
GO:0005634	nucleus	part_of(CL:1000274)
GO:0005923	bicellular tight junction	part_of(CL:1000274)
GO:0016324	apical plasma membrane	part_of(CL:1000274)
GO:0098594	mucin granule	part_of(CL:1000324
GO:0005623	cell	part_of(CL:1000324)
GO:0030057	desmosome	part_of(CL:1000334)
GO:0045095	keratin filament	part_of(CL:1000334)
GO:0016324	apical plasma membrane	part_of(CL:1000334)
GO:0048471	perinuclear region of cytoplasm	part_of(CL:1000338)
GO:0015093	ferrous iron transmembrane transporter activity	part_of(CL:1000338)
GO:0016323	basolateral plasma membrane	part_of(CL:1000338)
GO:0005891	voltage-gated calcium channel complex	part_of(CL:1000343)
GO:0005623	cell	part_of(CL:1000398
GO:0005764	lysosome	part_of(CL:1000398)
GO:0097443	sorting endosome	part_of(CL:1000413)
GO:0005886	plasma membrane	part_of(CL:1000413)
GO:0005634	nucleus	part_of(CL:1000413)
GO:0005769	early endosome	part_of(CL:1000413)
GO:0005634	nucleus	part_of(CL:1000451)
GO:0005737	cytoplasm	part_of(CL:1000452)
GO:0005912	adherens junction	part_of(CL:1000454)
GO:0005813	centrosome	part_of(CL:1000454)
GO:0036064	ciliary basal body	part_of(CL:1000454)
GO:0005929	cilium	part_of(CL:1000454)
GO:0005930	axoneme	part_of(CL:1000454)
GO:0005911	cell-cell junction	part_of(CL:1000454)
GO:0005737	cytoplasm	part_of(CL:1000488)
GO:0005930	axoneme	part_of(CL:1000494)
GO:0005930	axoneme	part_of(CL:1000494)
GO:0016323	basolateral plasma membrane	part_of(CL:1000494)
GO:0005886	plasma membrane	part_of(CL:1000497)
GO:0005929	cilium	part_of(CL:1000497)
GO:0005829	cytosol	part_of(CL:1000497)
GO:0005794	Golgi apparatus	part_of(CL:1000497)
GO:0009898	cytoplasmic side of plasma membrane	part_of(CL:1000497)
GO:0005911	cell-cell junction	part_of(CL:1000497)
GO:0016324	apical plasma membrane	part_of(CL:1000507)
GO:0005886	plasma membrane	part_of(CL:1000507)
GO:0005890	sodium:potassium-exchanging ATPase complex	part_of(CL:1000616
GO:0005764	lysosome	part_of(CL:1000692)
GO:0005615	extracellular space	part_of(CL:1000742)
GO:0005886	plasma membrane	part_of(CL:1000742)
GO:0005634	nucleus	part_of(CL:1000742)
GO:0005634	nucleus	part_of(CL:1000742)
GO:0005634	nucleus	part_of(CL:1000838)
GO:0005737	cytoplasm	part_of(CL:1000838)
GO:0005737	cytoplasm	part_of(CL:1000838)
GO:0005886	plasma membrane	part_of(CL:1001005
GO:0005634	nucleus	part_of(CL:1001005)
GO:0005886	plasma membrane	part_of(CL:1001005)
GO:0005634	nucleus	part_of(CL:1001005)
GO:0005886	plasma membrane	part_of(CL:1001124)
GO:0005829	cytosol	part_of(CL:1001225)
GO:0016020	membrane	part_of(CL:1001225)
GO:0097539	ciliary transition fiber	part_of(CL:1001225)
GO:0005634	nucleus	part_of(CL:1001225)
GO:0005737	cytoplasm	part_of(CL:1001225)
GO:0035869	ciliary transition zone	part_of(CL:1001225)
GO:0005737	cytoplasm	part_of(CL:1001428
GO:0005886	plasma membrane	part_of(CL:1001428
GO:0016363	nuclear matrix	part_of(CL:1001428)
GO:0012506	vesicle membrane	part_of(CL:1001451
GO:0005886	plasma membrane	part_of(CL:1001451
GO:0044297	cell body	part_of(CL:1001474)
GO:0005737	cytoplasm	part_of(CL:1001516)
GO:0005794	Golgi apparatus	part_of(CL:1001561)
GO:0005886	plasma membrane	part_of(CL:1001567
GO:0016607	nuclear speck	part_of(CL:1001571
GO:0005783	endoplasmic reticulum	part_of(CL:1001571
GO:0031982	vesicle	part_of(CL:1001571
GO:0005634	nucleus	part_of(CL:1001571
GO:0031965	nuclear membrane	part_of(CL:1001571
GO:0030425	dendrite	part_of(CL:1001571
GO:0036477	somatodendritic compartment	part_of(CL:1001571)
GO:0043025	neuronal cell body	part_of(CL:1001571)
GO:0030425	dendrite	part_of(CL:1001571)
GO:0005634	nucleus	part_of(CL:1001571)
GO:0031982	vesicle	part_of(CL:1001571)
GO:0048471	perinuclear region of cytoplasm	part_of(CL:1001571)
GO:0043025	neuronal cell body	part_of(CL:1001571)
GO:0014069	postsynaptic density	part_of(CL:1001571)
GO:0042734	presynaptic membrane	part_of(CL:1001571)
GO:0016020	membrane	part_of(CL:1001571)
GO:0016324	apical plasma membrane	part_of(CL:1001573)
GO:0005886	plasma membrane	part_of(CL:1001577)
GO:0005576	extracellular region	part_of(CL:1001597)
GO:0005911	cell-cell junction	part_of(CL:1001602)
GO:0005615	extracellular space	part_of(CL:1001607)
GO:0030166	proteoglycan biosynthetic process	part_of(CL:1001607)
GO:0050821	protein stabilization	part_of(CL:1001607)
GO:0010560	positive regulation of glycoprotein biosynthetic process	part_of(CL:1001607)
GO:0050714	positive regulation of protein secretion	part_of(CL:1001607)
GO:0005874	microtubule	part_of(CL:1001608
GO:0005737	cytoplasm	part_of(CL:1001608)
GO:0005925	focal adhesion	part_of(CL:1001608)
GO:0005783	endoplasmic reticulum	part_of(CL:1001608)
GO:0005634	nucleus	part_of(CL:1001608)
GO:0048471	perinuclear region of cytoplasm	part_of(CL:1001608)
GO:0014069	postsynaptic density	part_of(CL:1001611
GO:0030425	dendrite	part_of(CL:1001611)
GO:0044309	neuron spine	part_of(CL:1001611)
GO:0009986	cell surface	part_of(CL:2000001
GO:0009986	cell surface	part_of(CL:2000001)
GO:0005886	plasma membrane	part_of(CL:2000002)
GO:0005634	nucleus	part_of(CL:2000004)
GO:0005911	cell-cell junction	part_of(CL:2000008
GO:0005923	bicellular tight junction	part_of(CL:2000008)
GO:0009986	cell surface	part_of(CL:2000008)
GO:0005925	focal adhesion	part_of(CL:2000008)
GO:0005911	cell-cell junction	part_of(CL:2000016)
GO:0016020	membrane	part_of(CL:2000044)
GO:0005886	plasma membrane	part_of(CL:2000044)
GO:0005634	nucleus	part_of(CL:2000046)
GO:0005886	plasma membrane	part_of(CL:2000060)
GO:0005634	nucleus	part_of(CL:2000061
GO:0005737	cytoplasm	part_of(CL:2000061
GO:0009897	external side of plasma membrane	part_of(CL:2000074)
GO:0019815	B cell receptor complex	part_of(CL:2000074)
GO:0005634	nucleus	part_of(EMAPA:16032)
GO:0000922	spindle pole	part_of(EMAPA:16033
GO:0032154	cleavage furrow	part_of(EMAPA:16033
GO:0005634	nucleus	part_of(EMAPA:16033
GO:0005634	nucleus	part_of(EMAPA:16033
GO:0030496	midbody	part_of(EMAPA:16033
GO:0030863	cortical cytoskeleton	part_of(EMAPA:16033
GO:0000794	condensed nuclear chromosome	part_of(EMAPA:16033
GO:0015630	microtubule cytoskeleton	part_of(EMAPA:16033
GO:0000793	condensed chromosome	part_of(EMAPA:16033
GO:0005634	nucleus	part_of(EMAPA:16033
GO:0005634	nucleus	part_of(EMAPA:16033)
GO:0005887	integral component of plasma membrane	part_of(EMAPA:16033)
GO:0005634	nucleus	part_of(EMAPA:16033)
GO:0005634	nucleus	part_of(EMAPA:16033)
GO:0005737	cytoplasm	part_of(EMAPA:16033)
GO:0005737	cytoplasm	part_of(EMAPA:16033)
GO:0005635	nuclear envelope	part_of(EMAPA:16033)
GO:0001939	female pronucleus	part_of(EMAPA:16033)
GO:0005737	cytoplasm	part_of(EMAPA:16033)
GO:0005737	cytoplasm	part_of(EMAPA:16033)
GO:0001940	male pronucleus	part_of(EMAPA:16033)
GO:0005634	nucleus	part_of(EMAPA:16034)
GO:0016607	nuclear speck	part_of(EMAPA:16036
GO:0016607	nuclear speck	part_of(EMAPA:16036
GO:0005634	nucleus	part_of(EMAPA:16036
GO:0019897	extrinsic component of plasma membrane	part_of(EMAPA:16036
GO:0005730	nucleolus	part_of(EMAPA:16036
GO:0005634	nucleus	part_of(EMAPA:16036
GO:0005634	nucleus	part_of(EMAPA:16036
GO:0005634	nucleus	part_of(EMAPA:16036
GO:0005634	nucleus	part_of(EMAPA:16036
GO:0031410	cytoplasmic vesicle	part_of(EMAPA:16036
GO:0005886	plasma membrane	part_of(EMAPA:16036
GO:0005634	nucleus	part_of(EMAPA:16036
GO:0015630	microtubule cytoskeleton	part_of(EMAPA:16036
GO:0005634	nucleus	part_of(EMAPA:16036
GO:0005938	cell cortex	part_of(EMAPA:16036
GO:0005737	cytoplasm	part_of(EMAPA:16036
GO:0005634	nucleus	part_of(EMAPA:16036
GO:0005634	nucleus	part_of(EMAPA:16036)
GO:0016363	nuclear matrix	part_of(EMAPA:16036)
GO:0016607	nuclear speck	part_of(EMAPA:16036)
GO:0005887	integral component of plasma membrane	part_of(EMAPA:16036)
GO:0005634	nucleus	part_of(EMAPA:16036)
GO:0005634	nucleus	part_of(EMAPA:16036)
GO:0005634	nucleus	part_of(EMAPA:16036)
GO:0005737	cytoplasm	part_of(EMAPA:16036)
GO:0000776	kinetochore	part_of(EMAPA:16036)
GO:0005634	nucleus	part_of(EMAPA:16036)
GO:0005634	nucleus	part_of(EMAPA:16036)
GO:0005737	cytoplasm	part_of(EMAPA:16036)
GO:0005730	nucleolus	part_of(EMAPA:16036)
GO:0005634	nucleus	part_of(EMAPA:16036)
GO:0005737	cytoplasm	part_of(EMAPA:16036)
GO:0009986	cell surface	part_of(EMAPA:16036)
GO:0005635	nuclear envelope	part_of(EMAPA:16036)
GO:0005911	cell-cell junction	part_of(EMAPA:16036)
GO:0005737	cytoplasm	part_of(EMAPA:16036)
GO:0005634	nucleus	part_of(EMAPA:16036)
GO:0005737	cytoplasm	part_of(EMAPA:16036)
GO:0000922	spindle pole	part_of(EMAPA:16036)
GO:0005886	plasma membrane	part_of(EMAPA:16036)
GO:0005737	cytoplasm	part_of(EMAPA:16036)
GO:0016607	nuclear speck	part_of(EMAPA:16037
GO:0005634	nucleus	part_of(EMAPA:16037
GO:0005634	nucleus	part_of(EMAPA:16037
GO:0019897	extrinsic component of plasma membrane	part_of(EMAPA:16037
GO:0005730	nucleolus	part_of(EMAPA:16037
GO:0005634	nucleus	part_of(EMAPA:16037
GO:0005634	nucleus	part_of(EMAPA:16037
GO:0005634	nucleus	part_of(EMAPA:16037
GO:0005634	nucleus	part_of(EMAPA:16037
GO:0005783	endoplasmic reticulum	part_of(EMAPA:16037
GO:0031410	cytoplasmic vesicle	part_of(EMAPA:16037
GO:0005783	endoplasmic reticulum	part_of(EMAPA:16037
GO:0005634	nucleus	part_of(EMAPA:16037
GO:0015630	microtubule cytoskeleton	part_of(EMAPA:16037
GO:0005634	nucleus	part_of(EMAPA:16037
GO:0005634	nucleus	part_of(EMAPA:16037
GO:0005938	cell cortex	part_of(EMAPA:16037
GO:0005886	plasma membrane	part_of(EMAPA:16037
GO:0005634	nucleus	part_of(EMAPA:16037
GO:0005911	cell-cell junction	part_of(EMAPA:16037)
GO:0005634	nucleus	part_of(EMAPA:16037)
GO:0005634	nucleus	part_of(EMAPA:16037)
GO:0005634	nucleus	part_of(EMAPA:16037)
GO:0005634	nucleus	part_of(EMAPA:16037)
GO:0005634	nucleus	part_of(EMAPA:16037)
GO:0005737	cytoplasm	part_of(EMAPA:16037)
GO:0005938	cell cortex	part_of(EMAPA:16037)
GO:0005730	nucleolus	part_of(EMAPA:16037)
GO:0005634	nucleus	part_of(EMAPA:16037)
GO:0030136	clathrin-coated vesicle	part_of(EMAPA:16037)
GO:0005886	plasma membrane	part_of(EMAPA:16037)
GO:0005911	cell-cell junction	part_of(EMAPA:16037)
GO:0005737	cytoplasm	part_of(EMAPA:16037)
GO:0005634	nucleus	part_of(EMAPA:16037)
GO:0016363	nuclear matrix	part_of(EMAPA:16037)
GO:0005634	nucleus	part_of(EMAPA:16037)
GO:0005634	nucleus	part_of(EMAPA:16037)
GO:0005730	nucleolus	part_of(EMAPA:16037)
GO:0005737	cytoplasm	part_of(EMAPA:16037)
GO:0005737	cytoplasm	part_of(EMAPA:16037)
GO:0005886	plasma membrane	part_of(EMAPA:16037)
GO:0005737	cytoplasm	part_of(EMAPA:16037)
GO:0005635	nuclear envelope	part_of(EMAPA:16037)
GO:0005737	cytoplasm	part_of(EMAPA:16037)
GO:0005730	nucleolus	part_of(EMAPA:16037)
GO:0016607	nuclear speck	part_of(EMAPA:16039
GO:0005615	extracellular space	part_of(EMAPA:16039
GO:0005615	extracellular space	part_of(EMAPA:16039
GO:0005902	microvillus	part_of(EMAPA:16039
GO:0005913	cell-cell adherens junction	part_of(EMAPA:16039
GO:0043025	neuronal cell body	part_of(EMAPA:16039
GO:0030424	axon	part_of(EMAPA:16039
GO:0005739	mitochondrion	part_of(EMAPA:16039
GO:0005634	nucleus	part_of(EMAPA:16039
GO:0005737	cytoplasm	part_of(EMAPA:16039
GO:0005634	nucleus	part_of(EMAPA:16039
GO:0005634	nucleus	part_of(EMAPA:16039
GO:0005634	nucleus	part_of(EMAPA:16039
GO:0005634	nucleus	part_of(EMAPA:16039
GO:0005634	nucleus	part_of(EMAPA:16039
GO:0005886	plasma membrane	part_of(EMAPA:16039
GO:0045177	apical part of cell	part_of(EMAPA:16039
GO:0005737	cytoplasm	part_of(EMAPA:16039
GO:0005634	nucleus	part_of(EMAPA:16039
GO:0005634	nucleus	part_of(EMAPA:16039
GO:0005634	nucleus	part_of(EMAPA:16039
GO:0005911	cell-cell junction	part_of(EMAPA:16039
GO:0005925	focal adhesion	part_of(EMAPA:16039
GO:0031410	cytoplasmic vesicle	part_of(EMAPA:16039
GO:0005634	nucleus	part_of(EMAPA:16039
GO:0005634	nucleus	part_of(EMAPA:16039
GO:0005634	nucleus	part_of(EMAPA:16039
GO:0005634	nucleus	part_of(EMAPA:16039
GO:0005634	nucleus	part_of(EMAPA:16039
GO:0005634	nucleus	part_of(EMAPA:16039
GO:0005634	nucleus	part_of(EMAPA:16039
GO:0005634	nucleus	part_of(EMAPA:16039
GO:0015630	microtubule cytoskeleton	part_of(EMAPA:16039
GO:0005923	bicellular tight junction	part_of(EMAPA:16039
GO:0005813	centrosome	part_of(EMAPA:16039
GO:0043005	neuron projection	part_of(EMAPA:16039
GO:0005737	cytoplasm	part_of(EMAPA:16039
GO:0005886	plasma membrane	part_of(EMAPA:16039
GO:0005737	cytoplasm	part_of(EMAPA:16039
GO:0005634	nucleus	part_of(EMAPA:16039)
GO:0005634	nucleus	part_of(EMAPA:16039)
GO:0005604	basement membrane	part_of(EMAPA:16039)
GO:0005913	cell-cell adherens junction	part_of(EMAPA:16039)
GO:0005802	trans-Golgi network	part_of(EMAPA:16039)
GO:0005911	cell-cell junction	part_of(EMAPA:16039)
GO:0005634	nucleus	part_of(EMAPA:16039)
GO:0005886	plasma membrane	part_of(EMAPA:16039)
GO:0005634	nucleus	part_of(EMAPA:16039)
GO:0005634	nucleus	part_of(EMAPA:16039)
GO:0005634	nucleus	part_of(EMAPA:16039)
GO:0016324	apical plasma membrane	part_of(EMAPA:16039)
GO:0001725	stress fiber	part_of(EMAPA:16039)
GO:0016020	membrane	part_of(EMAPA:16039)
GO:0005911	cell-cell junction	part_of(EMAPA:16039)
GO:0005634	nucleus	part_of(EMAPA:16039)
GO:0005886	plasma membrane	part_of(EMAPA:16039)
GO:0005578	proteinaceous extracellular matrix	part_of(EMAPA:16039)
GO:0016514	SWI/SNF complex	part_of(EMAPA:16039)
GO:0005815	microtubule organizing center	part_of(EMAPA:16039)
GO:0005737	cytoplasm	part_of(EMAPA:16039)
GO:0005737	cytoplasm	part_of(EMAPA:16039)
GO:0016607	nuclear speck	part_of(EMAPA:16040
GO:0005913	cell-cell adherens junction	part_of(EMAPA:16040
GO:0005737	cytoplasm	part_of(EMAPA:16040
GO:0005634	nucleus	part_of(EMAPA:16040
GO:0005634	nucleus	part_of(EMAPA:16040
GO:0005634	nucleus	part_of(EMAPA:16040
GO:0005737	cytoplasm	part_of(EMAPA:16040
GO:0005634	nucleus	part_of(EMAPA:16040
GO:0005634	nucleus	part_of(EMAPA:16040
GO:0005923	bicellular tight junction	part_of(EMAPA:16040
GO:0005737	cytoplasm	part_of(EMAPA:16040
GO:0005783	endoplasmic reticulum	part_of(EMAPA:16040
GO:0005886	plasma membrane	part_of(EMAPA:16040
GO:0031410	cytoplasmic vesicle	part_of(EMAPA:16040
GO:0005783	endoplasmic reticulum	part_of(EMAPA:16040
GO:0005634	nucleus	part_of(EMAPA:16040
GO:0015630	microtubule cytoskeleton	part_of(EMAPA:16040
GO:0045177	apical part of cell	part_of(EMAPA:16040
GO:0045177	apical part of cell	part_of(EMAPA:16040
GO:0005923	bicellular tight junction	part_of(EMAPA:16040
GO:0005737	cytoplasm	part_of(EMAPA:16040
GO:0005886	plasma membrane	part_of(EMAPA:16040
GO:0045180	basal cortex	part_of(EMAPA:16040)
GO:0005634	nucleus	part_of(EMAPA:16040)
GO:0005634	nucleus	part_of(EMAPA:16040)
GO:0005730	nucleolus	part_of(EMAPA:16040)
GO:0005634	nucleus	part_of(EMAPA:16040)
GO:0005886	plasma membrane	part_of(EMAPA:16040)
GO:0005886	plasma membrane	part_of(EMAPA:16040)
GO:0005634	nucleus	part_of(EMAPA:16040)
GO:0005911	cell-cell junction	part_of(EMAPA:16040)
GO:0005634	nucleus	part_of(EMAPA:16040)
GO:0005634	nucleus	part_of(EMAPA:16040)
GO:0005737	cytoplasm	part_of(EMAPA:16040)
GO:0005634	nucleus	part_of(EMAPA:16040)
GO:0005730	nucleolus	part_of(EMAPA:16040)
GO:0005737	cytoplasm	part_of(EMAPA:16040)
GO:0016607	nuclear speck	part_of(EMAPA:16041
GO:0005634	nucleus	part_of(EMAPA:16041
GO:0005634	nucleus	part_of(EMAPA:16041
GO:0005634	nucleus	part_of(EMAPA:16041
GO:0000792	heterochromatin	part_of(EMAPA:16041
GO:0005737	cytoplasm	part_of(EMAPA:16041
GO:0005923	bicellular tight junction	part_of(EMAPA:16041
GO:0005938	cell cortex	part_of(EMAPA:16041
GO:0000792	heterochromatin	part_of(EMAPA:16041
GO:0005886	plasma membrane	part_of(EMAPA:16041
GO:0005578	proteinaceous extracellular matrix	part_of(EMAPA:16041
GO:0005622	intracellular	part_of(EMAPA:16041
GO:0005923	bicellular tight junction	part_of(EMAPA:16041
GO:0005634	nucleus	part_of(EMAPA:16041
GO:0005634	nucleus	part_of(EMAPA:16041)
GO:0005634	nucleus	part_of(EMAPA:16041)
GO:0005737	cytoplasm	part_of(EMAPA:16041)
GO:0005634	nucleus	part_of(EMAPA:16041)
GO:0005634	nucleus	part_of(EMAPA:16041)
GO:0005737	cytoplasm	part_of(EMAPA:16041)
GO:0005737	cytoplasm	part_of(EMAPA:16041)
GO:0005737	cytoplasm	part_of(EMAPA:16041)
GO:0016607	nuclear speck	part_of(EMAPA:16042
GO:0005634	nucleus	part_of(EMAPA:16042
GO:0005911	cell-cell junction	part_of(EMAPA:16042
GO:0005911	cell-cell junction	part_of(EMAPA:16042
GO:0005737	cytoplasm	part_of(EMAPA:16042
GO:0005813	centrosome	part_of(EMAPA:16042)
GO:0005737	cytoplasm	part_of(EMAPA:16042)
GO:0005634	nucleus	part_of(EMAPA:16042)
GO:0005634	nucleus	part_of(EMAPA:16042)
GO:0005634	nucleus	part_of(EMAPA:16042)
GO:0030057	desmosome	part_of(EMAPA:16046
GO:0005886	plasma membrane	part_of(EMAPA:16046
GO:0031410	cytoplasmic vesicle	part_of(EMAPA:16046
GO:0005615	extracellular space	part_of(EMAPA:16046
GO:0005737	cytoplasm	part_of(EMAPA:16046
GO:0005634	nucleus	part_of(EMAPA:16046
GO:0005576	extracellular region	part_of(EMAPA:16046
GO:0000792	heterochromatin	part_of(EMAPA:16046
GO:0005737	cytoplasm	part_of(EMAPA:16046
GO:0045179	apical cortex	part_of(EMAPA:16046
GO:0016323	basolateral plasma membrane	part_of(EMAPA:16046
GO:0005923	bicellular tight junction	part_of(EMAPA:16046
GO:0005737	cytoplasm	part_of(EMAPA:16046
GO:0016324	apical plasma membrane	part_of(EMAPA:16046
GO:0000792	heterochromatin	part_of(EMAPA:16046
GO:0016324	apical plasma membrane	part_of(EMAPA:16046
GO:0005913	cell-cell adherens junction	part_of(EMAPA:16046
GO:0016328	lateral plasma membrane	part_of(EMAPA:16046
GO:0045177	apical part of cell	part_of(EMAPA:16046
GO:0005923	bicellular tight junction	part_of(EMAPA:16046
GO:0005923	bicellular tight junction	part_of(EMAPA:16046
GO:0016020	membrane	part_of(EMAPA:16046
GO:0016020	membrane	part_of(EMAPA:16046
GO:0005634	nucleus	part_of(EMAPA:16046
GO:0005923	bicellular tight junction	part_of(EMAPA:16046
GO:0016324	apical plasma membrane	part_of(EMAPA:16046
GO:0005576	extracellular region	part_of(EMAPA:16046
GO:0016323	basolateral plasma membrane	part_of(EMAPA:16046
GO:0005925	focal adhesion	part_of(EMAPA:16046
GO:0005576	extracellular region	part_of(EMAPA:16046)
GO:0005913	cell-cell adherens junction	part_of(EMAPA:16046)
GO:0005911	cell-cell junction	part_of(EMAPA:16046)
GO:0005737	cytoplasm	part_of(EMAPA:16046)
GO:0005634	nucleus	part_of(EMAPA:16046)
GO:0005737	cytoplasm	part_of(EMAPA:16046)
GO:0005634	nucleus	part_of(EMAPA:16046)
GO:0005737	cytoplasm	part_of(EMAPA:16046)
GO:0005635	nuclear envelope	part_of(EMAPA:16046)
GO:0005634	nucleus	part_of(EMAPA:16047)
GO:0005886	plasma membrane	part_of(EMAPA:16047)
GO:0005634	nucleus	part_of(EMAPA:16048
GO:0005911	cell-cell junction	part_of(EMAPA:16050)
GO:0030139	endocytic vesicle	part_of(EMAPA:16051
GO:0005905	clathrin-coated pit	part_of(EMAPA:16051
GO:0016324	apical plasma membrane	part_of(EMAPA:16051
GO:0005783	endoplasmic reticulum	part_of(EMAPA:16051
GO:0045177	apical part of cell	part_of(EMAPA:16051
GO:0005794	Golgi apparatus	part_of(EMAPA:16051
GO:0005791	rough endoplasmic reticulum	part_of(EMAPA:16052
GO:0005791	rough endoplasmic reticulum	part_of(EMAPA:16052
GO:0005737	cytoplasm	part_of(EMAPA:16052
GO:0005604	basement membrane	part_of(EMAPA:16052)
GO:0045178	basal part of cell	part_of(EMAPA:16052)
GO:0005604	basement membrane	part_of(EMAPA:16052)
GO:0016324	apical plasma membrane	part_of(EMAPA:16053
GO:0016324	apical plasma membrane	part_of(EMAPA:16053
GO:0005911	cell-cell junction	part_of(EMAPA:16053)
GO:0005634	nucleus	part_of(EMAPA:16053)
GO:0005604	basement membrane	part_of(EMAPA:16057)
GO:0005604	basement membrane	part_of(EMAPA:16057)
GO:0005604	basement membrane	part_of(EMAPA:16057)
GO:0005912	adherens junction	part_of(EMAPA:16058)
GO:0045177	apical part of cell	part_of(EMAPA:16058)
GO:0030057	desmosome	part_of(EMAPA:16058)
GO:0005912	adherens junction	part_of(EMAPA:16058)
GO:0031526	brush border membrane	part_of(EMAPA:16058)
GO:0005634	nucleus	part_of(EMAPA:16062
GO:0005604	basement membrane	part_of(EMAPA:16062)
GO:0005911	cell-cell junction	part_of(EMAPA:16062)
GO:0030054	cell junction	part_of(EMAPA:16062)
GO:0030054	cell junction	part_of(EMAPA:16062)
GO:0005604	basement membrane	part_of(EMAPA:16062)
GO:0045177	apical part of cell	part_of(EMAPA:16063
GO:0016324	apical plasma membrane	part_of(EMAPA:16063
GO:0045177	apical part of cell	part_of(EMAPA:16063
GO:0016324	apical plasma membrane	part_of(EMAPA:16063
GO:0005912	adherens junction	part_of(EMAPA:16063)
GO:0005912	adherens junction	part_of(EMAPA:16063)
GO:0005604	basement membrane	part_of(EMAPA:16065)
GO:0005604	basement membrane	part_of(EMAPA:16065)
GO:0005634	nucleus	part_of(EMAPA:16069
GO:0005604	basement membrane	part_of(EMAPA:16069)
GO:0005634	nucleus	part_of(EMAPA:16069)
GO:0005634	nucleus	part_of(EMAPA:16069)
GO:0005634	nucleus	part_of(EMAPA:16069)
GO:0005634	nucleus	part_of(EMAPA:16069)
GO:0005604	basement membrane	part_of(EMAPA:16069)
GO:0005604	basement membrane	part_of(EMAPA:16069)
GO:0005604	basement membrane	part_of(EMAPA:16069)
GO:0005634	nucleus	part_of(EMAPA:16069)
GO:0030057	desmosome	part_of(EMAPA:16069)
GO:0031252	cell leading edge	part_of(EMAPA:16071
GO:0005911	cell-cell junction	part_of(EMAPA:16071)
GO:0030054	cell junction	part_of(EMAPA:16071)
GO:0030054	cell junction	part_of(EMAPA:16071)
GO:0005615	extracellular space	part_of(EMAPA:16071)
GO:0005737	cytoplasm	part_of(EMAPA:16072)
GO:0045177	apical part of cell	part_of(EMAPA:16073
GO:0005929	cilium	part_of(EMAPA:16075
GO:0097542	ciliary tip	part_of(EMAPA:16075)
GO:0005929	cilium	part_of(EMAPA:16075)
GO:0031514	motile cilium	part_of(EMAPA:16075)
GO:0097546	ciliary base	part_of(EMAPA:16075)
GO:0005886	plasma membrane	part_of(EMAPA:16085)
GO:0016324	apical plasma membrane	part_of(EMAPA:16085)
GO:0005634	nucleus	part_of(EMAPA:16095)
GO:0005634	nucleus	part_of(EMAPA:16095)
GO:0005634	nucleus	part_of(EMAPA:16096
GO:0005634	nucleus	part_of(EMAPA:16096
GO:0005634	nucleus	part_of(EMAPA:16097)
GO:0005604	basement membrane	part_of(EMAPA:16104
GO:0005604	basement membrane	part_of(EMAPA:16104
GO:0005578	proteinaceous extracellular matrix	part_of(EMAPA:16104)
GO:0005604	basement membrane	part_of(EMAPA:16104)
GO:0016020	membrane	part_of(EMAPA:16105
GO:0005634	nucleus	part_of(EMAPA:16105
GO:0005911	cell-cell junction	part_of(EMAPA:16105
GO:0005912	adherens junction	part_of(EMAPA:16105
GO:0005634	nucleus	part_of(EMAPA:16105
GO:0043034	costamere	part_of(EMAPA:16105
GO:0048471	perinuclear region of cytoplasm	part_of(EMAPA:16105
GO:0016529	sarcoplasmic reticulum	part_of(EMAPA:16105
GO:0016529	sarcoplasmic reticulum	part_of(EMAPA:16105
GO:0016529	sarcoplasmic reticulum	part_of(EMAPA:16105
GO:0030018	Z disc	part_of(EMAPA:16105
GO:0030018	Z disc	part_of(EMAPA:16105
GO:0042641	actomyosin	part_of(EMAPA:16105
GO:0031674	I band	part_of(EMAPA:16105
GO:0005829	cytosol	part_of(EMAPA:16105
GO:0014704	intercalated disc	part_of(EMAPA:16105
GO:0002095	caveolar macromolecular signaling complex	part_of(EMAPA:16105
GO:0005886	plasma membrane	part_of(EMAPA:16105
GO:0014704	intercalated disc	part_of(EMAPA:16105
GO:0005901	caveola	part_of(EMAPA:16105
GO:0005901	caveola	part_of(EMAPA:16105
GO:0045121	membrane raft	part_of(EMAPA:16105
GO:0030018	Z disc	part_of(EMAPA:16105
GO:0005886	plasma membrane	part_of(EMAPA:16105
GO:0005737	cytoplasm	part_of(EMAPA:16105
GO:0005916	fascia adherens	part_of(EMAPA:16105
GO:0005901	caveola	part_of(EMAPA:16105
GO:0016529	sarcoplasmic reticulum	part_of(EMAPA:16105
GO:0005634	nucleus	part_of(EMAPA:16105
GO:0005916	fascia adherens	part_of(EMAPA:16105
GO:0005634	nucleus	part_of(EMAPA:16105
GO:0005886	plasma membrane	part_of(EMAPA:16105
GO:0031672	A band	part_of(EMAPA:16105
GO:0005829	cytosol	part_of(EMAPA:16105)
GO:0005929	cilium	part_of(EMAPA:16105)
GO:0043234	protein complex	part_of(EMAPA:16105)
GO:0031672	A band	part_of(EMAPA:16105)
GO:0005886	plasma membrane	part_of(EMAPA:16105)
GO:0030017	sarcomere	part_of(EMAPA:16105)
GO:0005741	mitochondrial outer membrane	part_of(EMAPA:16105)
GO:0005743	mitochondrial inner membrane	part_of(EMAPA:16105)
GO:0090544	BAF-type complex	part_of(EMAPA:16105)
GO:0016020	membrane	part_of(EMAPA:16105)
GO:0030016	myofibril	part_of(EMAPA:16105)
GO:0005811	lipid particle	part_of(EMAPA:16105)
GO:0005737	cytoplasm	part_of(EMAPA:16105)
GO:0005634	nucleus	part_of(EMAPA:16105)
GO:0030485	smooth muscle contractile fiber	part_of(EMAPA:16105)
GO:0005739	mitochondrion	part_of(EMAPA:16105)
GO:0005737	cytoplasm	part_of(EMAPA:16105)
GO:0016507	mitochondrial fatty acid beta-oxidation multienzyme complex	part_of(EMAPA:16105)
GO:0090544	BAF-type complex	part_of(EMAPA:16105)
GO:0030018	Z disc	part_of(EMAPA:16105)
GO:0016459	myosin complex	part_of(EMAPA:16105)
GO:0016459	myosin complex	part_of(EMAPA:16105)
GO:0005739	mitochondrion	part_of(EMAPA:16105)
GO:0031674	I band	part_of(EMAPA:16105)
GO:0014704	intercalated disc	part_of(EMAPA:16105)
GO:0016020	membrane	part_of(EMAPA:16105)
GO:0042383	sarcolemma	part_of(EMAPA:16105)
GO:0009897	external side of plasma membrane	part_of(EMAPA:16105)
GO:0031430	M band	part_of(EMAPA:16105)
GO:0005739	mitochondrion	part_of(EMAPA:16105)
GO:0005783	endoplasmic reticulum	part_of(EMAPA:16105)
GO:0005737	cytoplasm	part_of(EMAPA:16107)
GO:0005634	nucleus	part_of(EMAPA:16115)
GO:0009897	external side of plasma membrane	part_of(EMAPA:16138
GO:0009897	external side of plasma membrane	part_of(EMAPA:16138
GO:0009897	external side of plasma membrane	part_of(EMAPA:16138
GO:0019815	B cell receptor complex	part_of(EMAPA:16138
GO:0005886	plasma membrane	part_of(EMAPA:16138
GO:0009897	external side of plasma membrane	part_of(EMAPA:16138)
GO:0005886	plasma membrane	part_of(EMAPA:16139
GO:0005634	nucleus	part_of(EMAPA:16148
GO:0005886	plasma membrane	part_of(EMAPA:16164
GO:0005829	cytosol	part_of(EMAPA:16164
GO:0043005	neuron projection	part_of(EMAPA:16164
GO:0097542	ciliary tip	part_of(EMAPA:16164)
GO:0005634	nucleus	part_of(EMAPA:16164)
GO:0005634	nucleus	part_of(EMAPA:16164)
GO:0097546	ciliary base	part_of(EMAPA:16164)
GO:0005634	nucleus	part_of(EMAPA:16169)
GO:0005634	nucleus	part_of(EMAPA:16172)
GO:0005634	nucleus	part_of(EMAPA:16172)
GO:0097542	ciliary tip	part_of(EMAPA:16179)
GO:0097546	ciliary base	part_of(EMAPA:16179)
GO:0045177	apical part of cell	part_of(EMAPA:16184
GO:0045178	basal part of cell	part_of(EMAPA:16184
GO:0005634	nucleus	part_of(EMAPA:16184)
GO:0005634	nucleus	part_of(EMAPA:16184)
GO:0005634	nucleus	part_of(EMAPA:16189
GO:0005737	cytoplasm	part_of(EMAPA:16190)
GO:0005634	nucleus	part_of(EMAPA:16191)
GO:0005764	lysosome	part_of(EMAPA:16194
GO:0005764	lysosome	part_of(EMAPA:16194
GO:0005764	lysosome	part_of(EMAPA:16194
GO:0005764	lysosome	part_of(EMAPA:16194
GO:0005764	lysosome	part_of(EMAPA:16194
GO:0071944	cell periphery	part_of(EMAPA:16194
GO:0032420	stereocilium	part_of(EMAPA:16194
GO:0032420	stereocilium	part_of(EMAPA:16194
GO:0032421	stereocilium bundle	part_of(EMAPA:16194
GO:0032421	stereocilium bundle	part_of(EMAPA:16194
GO:0032421	stereocilium bundle	part_of(EMAPA:16194
GO:0032420	stereocilium	part_of(EMAPA:16194
GO:0032420	stereocilium	part_of(EMAPA:16194
GO:0032420	stereocilium	part_of(EMAPA:16194
GO:0032420	stereocilium	part_of(EMAPA:16194
GO:0005578	proteinaceous extracellular matrix	part_of(EMAPA:16194)
GO:0016324	apical plasma membrane	part_of(EMAPA:16194)
GO:0005911	cell-cell junction	part_of(EMAPA:16194)
GO:0005938	cell cortex	part_of(EMAPA:16198
GO:0005604	basement membrane	part_of(EMAPA:16198
GO:0005576	extracellular region	part_of(EMAPA:16198
GO:0005634	nucleus	part_of(EMAPA:16198
GO:0005634	nucleus	part_of(EMAPA:16198
GO:0005634	nucleus	part_of(EMAPA:16198
GO:0034464	BBSome	part_of(EMAPA:16198)
GO:0005634	nucleus	part_of(EMAPA:16198)
GO:0005634	nucleus	part_of(EMAPA:16198)
GO:0005634	nucleus	part_of(EMAPA:16198)
GO:0005634	nucleus	part_of(EMAPA:16198)
GO:0034464	BBSome	part_of(EMAPA:16198)
GO:0005578	proteinaceous extracellular matrix	part_of(EMAPA:16198)
GO:0045177	apical part of cell	part_of(EMAPA:16198)
GO:0005634	nucleus	part_of(EMAPA:16198)
GO:0005576	extracellular region	part_of(EMAPA:16198)
GO:0005578	proteinaceous extracellular matrix	part_of(EMAPA:16204)
GO:0005634	nucleus	part_of(EMAPA:16246
GO:0005902	microvillus	part_of(EMAPA:16246)
GO:0005634	nucleus	part_of(EMAPA:16247
GO:0005883	neurofilament	part_of(EMAPA:16247
GO:0005883	neurofilament	part_of(EMAPA:16247
GO:0005883	neurofilament	part_of(EMAPA:16247
GO:0005634	nucleus	part_of(EMAPA:16247
GO:0005634	nucleus	part_of(EMAPA:16247
GO:0031528	microvillus membrane	part_of(EMAPA:16247
GO:0005634	nucleus	part_of(EMAPA:16247
GO:0005634	nucleus	part_of(EMAPA:16247
GO:0005634	nucleus	part_of(EMAPA:16247)
GO:0005634	nucleus	part_of(EMAPA:16247)
GO:0005737	cytoplasm	part_of(EMAPA:16250
GO:0005634	nucleus	part_of(EMAPA:16250
GO:0005737	cytoplasm	part_of(EMAPA:16253)
GO:0005634	nucleus	part_of(EMAPA:16255
GO:0005634	nucleus	part_of(EMAPA:16255
GO:0005634	nucleus	part_of(EMAPA:16255)
GO:0005886	plasma membrane	part_of(EMAPA:16255)
GO:0005634	nucleus	part_of(EMAPA:16280)
GO:0005634	nucleus	part_of(EMAPA:16281
GO:0005634	nucleus	part_of(EMAPA:16281)
GO:0009897	external side of plasma membrane	part_of(EMAPA:16332
GO:0005634	nucleus	part_of(EMAPA:16332
GO:0005634	nucleus	part_of(EMAPA:16332
GO:0005634	nucleus	part_of(EMAPA:16332
GO:0005634	nucleus	part_of(EMAPA:16332
GO:0009897	external side of plasma membrane	part_of(EMAPA:16332
GO:0009897	external side of plasma membrane	part_of(EMAPA:16332
GO:0009897	external side of plasma membrane	part_of(EMAPA:16332
GO:0005634	nucleus	part_of(EMAPA:16332
GO:0009897	external side of plasma membrane	part_of(EMAPA:16332
GO:0005576	extracellular region	part_of(EMAPA:16332)
GO:0005925	focal adhesion	part_of(EMAPA:16346)
GO:0005737	cytoplasm	part_of(EMAPA:16348
GO:0005634	nucleus	part_of(EMAPA:16348)
GO:0005634	nucleus	part_of(EMAPA:16348)
GO:0005634	nucleus	part_of(EMAPA:16352)
GO:0005634	nucleus	part_of(EMAPA:16353
GO:0005634	nucleus	part_of(EMAPA:16386)
GO:0005634	nucleus	part_of(EMAPA:16387)
GO:0005634	nucleus	part_of(EMAPA:16392)
GO:0005634	nucleus	part_of(EMAPA:16393)
GO:0005634	nucleus	part_of(EMAPA:16403)
GO:0005634	nucleus	part_of(EMAPA:16404)
GO:0005634	nucleus	part_of(EMAPA:16405
GO:0005634	nucleus	part_of(EMAPA:16405
GO:0097730	non-motile cilium	part_of(EMAPA:16405
GO:0005622	intracellular	part_of(EMAPA:16405
GO:0005634	nucleus	part_of(EMAPA:16408)
GO:0005634	nucleus	part_of(EMAPA:16423)
GO:0005578	proteinaceous extracellular matrix	part_of(EMAPA:16423)
GO:0005634	nucleus	part_of(EMAPA:16426)
GO:0005578	proteinaceous extracellular matrix	part_of(EMAPA:16426)
GO:0005634	nucleus	part_of(EMAPA:16429)
GO:0005578	proteinaceous extracellular matrix	part_of(EMAPA:16429)
GO:0005634	nucleus	part_of(EMAPA:16432)
GO:0005578	proteinaceous extracellular matrix	part_of(EMAPA:16432)
GO:0005634	nucleus	part_of(EMAPA:16435)
GO:0005578	proteinaceous extracellular matrix	part_of(EMAPA:16435)
GO:0005886	plasma membrane	part_of(EMAPA:16469)
GO:0016324	apical plasma membrane	part_of(EMAPA:16469)
GO:0043025	neuronal cell body	part_of(EMAPA:16470
GO:0043005	neuron projection	part_of(EMAPA:16470)
GO:0005622	intracellular	part_of(EMAPA:16470)
GO:0048471	perinuclear region of cytoplasm	part_of(EMAPA:16473
GO:0048471	perinuclear region of cytoplasm	part_of(EMAPA:16474
GO:0030424	axon	part_of(EMAPA:16478
GO:0048471	perinuclear region of cytoplasm	part_of(EMAPA:16478
GO:0009986	cell surface	part_of(EMAPA:16478
GO:0030424	axon	part_of(EMAPA:16525
GO:0030424	axon	part_of(EMAPA:16525
GO:0030424	axon	part_of(EMAPA:16525
GO:0005739	mitochondrion	part_of(EMAPA:16525
GO:0005634	nucleus	part_of(EMAPA:16525
GO:0005634	nucleus	part_of(EMAPA:16525
GO:0044297	cell body	part_of(EMAPA:16525
GO:0044297	cell body	part_of(EMAPA:16525
GO:0043025	neuronal cell body	part_of(EMAPA:16525
GO:0043025	neuronal cell body	part_of(EMAPA:16525
GO:0043025	neuronal cell body	part_of(EMAPA:16525
GO:0030424	axon	part_of(EMAPA:16525
GO:0030424	axon	part_of(EMAPA:16525
GO:0009986	cell surface	part_of(EMAPA:16525
GO:0009986	cell surface	part_of(EMAPA:16525
GO:0005634	nucleus	part_of(EMAPA:16525
GO:0030426	growth cone	part_of(EMAPA:16525
GO:0016020	membrane	part_of(EMAPA:16525)
GO:0005634	nucleus	part_of(EMAPA:16525)
GO:0030424	axon	part_of(EMAPA:16525)
GO:0005578	proteinaceous extracellular matrix	part_of(EMAPA:16525)
GO:0005604	basement membrane	part_of(EMAPA:16525)
GO:0005634	nucleus	part_of(EMAPA:16525)
GO:0005634	nucleus	part_of(EMAPA:16525)
GO:0005912	adherens junction	part_of(EMAPA:16530
GO:0043296	apical junction complex	part_of(EMAPA:16530
GO:0045177	apical part of cell	part_of(EMAPA:16530
GO:0005634	nucleus	part_of(EMAPA:16530)
GO:0005929	cilium	part_of(EMAPA:16530)
GO:0048471	perinuclear region of cytoplasm	part_of(EMAPA:16531
GO:0005634	nucleus	part_of(EMAPA:16531)
GO:0005737	cytoplasm	part_of(EMAPA:16532
GO:0005737	cytoplasm	part_of(EMAPA:16532
GO:0005634	nucleus	part_of(EMAPA:16542
GO:0005634	nucleus	part_of(EMAPA:16542
GO:0005737	cytoplasm	part_of(EMAPA:16543)
GO:0005634	nucleus	part_of(EMAPA:16543)
GO:0005634	nucleus	part_of(EMAPA:16546
GO:0005634	nucleus	part_of(EMAPA:16546)
GO:0005634	nucleus	part_of(EMAPA:16554)
GO:0005737	cytoplasm	part_of(EMAPA:16573)
GO:0005737	cytoplasm	part_of(EMAPA:16578
GO:0005634	nucleus	part_of(EMAPA:16578
GO:0005634	nucleus	part_of(EMAPA:16578)
GO:0005634	nucleus	part_of(EMAPA:16578)
GO:0043025	neuronal cell body	part_of(EMAPA:16658)
GO:0030424	axon	part_of(EMAPA:16659
GO:0030424	axon	part_of(EMAPA:16659
GO:0048471	perinuclear region of cytoplasm	part_of(EMAPA:16659
GO:0009986	cell surface	part_of(EMAPA:16659
GO:0009986	cell surface	part_of(EMAPA:16659
GO:0043025	neuronal cell body	part_of(EMAPA:16659)
GO:0043025	neuronal cell body	part_of(EMAPA:16659)
GO:0043025	neuronal cell body	part_of(EMAPA:16665
GO:0043025	neuronal cell body	part_of(EMAPA:16665
GO:0030424	axon	part_of(EMAPA:16665
GO:0030424	axon	part_of(EMAPA:16665
GO:0030424	axon	part_of(EMAPA:16665
GO:0030424	axon	part_of(EMAPA:16665
GO:0030424	axon	part_of(EMAPA:16665
GO:0043005	neuron projection	part_of(EMAPA:16665)
GO:0005737	cytoplasm	part_of(EMAPA:16666
GO:0005634	nucleus	part_of(EMAPA:16666
GO:0043203	axon hillock	part_of(EMAPA:16668
GO:0030424	axon	part_of(EMAPA:16668
GO:0005622	intracellular	part_of(EMAPA:16668
GO:0030424	axon	part_of(EMAPA:16668
GO:0001891	phagocytic cup	part_of(EMAPA:16668
GO:0005884	actin filament	part_of(EMAPA:16668
GO:0005634	nucleus	part_of(EMAPA:16668
GO:0005634	nucleus	part_of(EMAPA:16668
GO:0005815	microtubule organizing center	part_of(EMAPA:16668
GO:0043025	neuronal cell body	part_of(EMAPA:16668
GO:0030424	axon	part_of(EMAPA:16668
GO:0030424	axon	part_of(EMAPA:16668
GO:0030424	axon	part_of(EMAPA:16668
GO:0030424	axon	part_of(EMAPA:16668
GO:0030424	axon	part_of(EMAPA:16668
GO:0030424	axon	part_of(EMAPA:16668
GO:0030424	axon	part_of(EMAPA:16668
GO:0030424	axon	part_of(EMAPA:16668
GO:0030424	axon	part_of(EMAPA:16668
GO:0005604	basement membrane	part_of(EMAPA:16668
GO:0009986	cell surface	part_of(EMAPA:16668
GO:0009986	cell surface	part_of(EMAPA:16668
GO:0009986	cell surface	part_of(EMAPA:16668
GO:0009986	cell surface	part_of(EMAPA:16668
GO:0009986	cell surface	part_of(EMAPA:16668
GO:0009986	cell surface	part_of(EMAPA:16668
GO:0009986	cell surface	part_of(EMAPA:16668
GO:0009986	cell surface	part_of(EMAPA:16668
GO:0005737	cytoplasm	part_of(EMAPA:16668
GO:0030426	growth cone	part_of(EMAPA:16668
GO:0043025	neuronal cell body	part_of(EMAPA:16668
GO:0005634	nucleus	part_of(EMAPA:16668)
GO:0043025	neuronal cell body	part_of(EMAPA:16668)
GO:0043025	neuronal cell body	part_of(EMAPA:16668)
GO:0005737	cytoplasm	part_of(EMAPA:16668)
GO:0005634	nucleus	part_of(EMAPA:16669
GO:0015630	microtubule cytoskeleton	part_of(EMAPA:16669
GO:0005737	cytoplasm	part_of(EMAPA:16669)
GO:0005634	nucleus	part_of(EMAPA:16672
GO:0005634	nucleus	part_of(EMAPA:16674)
GO:0005737	cytoplasm	part_of(EMAPA:16691
GO:0005737	cytoplasm	part_of(EMAPA:16694
GO:0005737	cytoplasm	part_of(EMAPA:16695
GO:0005634	nucleus	part_of(EMAPA:16696)
GO:0005737	cytoplasm	part_of(EMAPA:16697
GO:0005634	nucleus	part_of(EMAPA:16706)
GO:0005634	nucleus	part_of(EMAPA:16706)
GO:0005634	nucleus	part_of(EMAPA:16707)
GO:0005634	nucleus	part_of(EMAPA:16707)
GO:0005634	nucleus	part_of(EMAPA:16708)
GO:0005634	nucleus	part_of(EMAPA:16715)
GO:0005634	nucleus	part_of(EMAPA:16715)
GO:0005634	nucleus	part_of(EMAPA:16715)
GO:0005634	nucleus	part_of(EMAPA:16715)
GO:0005634	nucleus	part_of(EMAPA:16724)
GO:0005634	nucleus	part_of(EMAPA:16725)
GO:0005737	cytoplasm	part_of(EMAPA:16725)
GO:0005634	nucleus	part_of(EMAPA:16728
GO:0005737	cytoplasm	part_of(EMAPA:16728
GO:0005634	nucleus	part_of(EMAPA:16728
GO:0042587	glycogen granule	part_of(EMAPA:16728
GO:0005886	plasma membrane	part_of(EMAPA:16728
GO:0016020	membrane	part_of(EMAPA:16728
GO:0045121	membrane raft	part_of(EMAPA:16728
GO:0005737	cytoplasm	part_of(EMAPA:16728
GO:0005634	nucleus	part_of(EMAPA:16728
GO:0005634	nucleus	part_of(EMAPA:16728
GO:0005634	nucleus	part_of(EMAPA:16728
GO:0005634	nucleus	part_of(EMAPA:16728
GO:0043234	protein complex	part_of(EMAPA:16728
GO:0005737	cytoplasm	part_of(EMAPA:16728
GO:0005737	cytoplasm	part_of(EMAPA:16728
GO:0043296	apical junction complex	part_of(EMAPA:16728
GO:0005737	cytoplasm	part_of(EMAPA:16728
GO:0005737	cytoplasm	part_of(EMAPA:16728
GO:0005886	plasma membrane	part_of(EMAPA:16728
GO:0005634	nucleus	part_of(EMAPA:16728
GO:0005789	endoplasmic reticulum membrane	part_of(EMAPA:16728
GO:0005615	extracellular space	part_of(EMAPA:16728)
GO:0005634	nucleus	part_of(EMAPA:16728)
GO:0005634	nucleus	part_of(EMAPA:16728)
GO:0002380	immunoglobulin secretion involved in immune response	part_of(EMAPA:16728)
GO:0005578	proteinaceous extracellular matrix	part_of(EMAPA:16728)
GO:0005578	proteinaceous extracellular matrix	part_of(EMAPA:16728)
GO:0005578	proteinaceous extracellular matrix	part_of(EMAPA:16728)
GO:0005634	nucleus	part_of(EMAPA:16728)
GO:0016020	membrane	part_of(EMAPA:16728)
GO:0005634	nucleus	part_of(EMAPA:16728)
GO:0005856	cytoskeleton	part_of(EMAPA:16728)
GO:0006954	inflammatory response	part_of(EMAPA:16728)
GO:0035745	T-helper 2 cell cytokine production	part_of(EMAPA:16728)
GO:0005901	caveola	part_of(EMAPA:16728)
GO:0016459	myosin complex	part_of(EMAPA:16728)
GO:0016459	myosin complex	part_of(EMAPA:16728)
GO:0016020	membrane	part_of(EMAPA:16728)
GO:0009897	external side of plasma membrane	part_of(EMAPA:16728)
GO:0016020	membrane	part_of(EMAPA:16728)
GO:0005634	nucleus	part_of(EMAPA:16731
GO:0005634	nucleus	part_of(EMAPA:16731
GO:0005634	nucleus	part_of(EMAPA:16731
GO:0005737	cytoplasm	part_of(EMAPA:16731
GO:0005634	nucleus	part_of(EMAPA:16731)
GO:0005634	nucleus	part_of(EMAPA:16735
GO:0005634	nucleus	part_of(EMAPA:16735
GO:0005634	nucleus	part_of(EMAPA:16735
GO:0005737	cytoplasm	part_of(EMAPA:16735
GO:0005634	nucleus	part_of(EMAPA:16737
GO:0005634	nucleus	part_of(EMAPA:16737
GO:0005634	nucleus	part_of(EMAPA:16737
GO:0005634	nucleus	part_of(EMAPA:16737
GO:0005634	nucleus	part_of(EMAPA:16737
GO:0005634	nucleus	part_of(EMAPA:16737
GO:0005634	nucleus	part_of(EMAPA:16752
GO:0005737	cytoplasm	part_of(EMAPA:16754)
GO:0005634	nucleus	part_of(EMAPA:16754)
GO:0005737	cytoplasm	part_of(EMAPA:16779
GO:0005634	nucleus	part_of(EMAPA:16779
GO:0005634	nucleus	part_of(EMAPA:16781)
GO:0043025	neuronal cell body	part_of(EMAPA:16797
GO:0030424	axon	part_of(EMAPA:16797
GO:0005737	cytoplasm	part_of(EMAPA:16797
GO:0005634	nucleus	part_of(EMAPA:16797
GO:0045177	apical part of cell	part_of(EMAPA:16799
GO:0030141	secretory granule	part_of(EMAPA:16799
GO:0005737	cytoplasm	part_of(EMAPA:16799
GO:0005634	nucleus	part_of(EMAPA:16799)
GO:0005634	nucleus	part_of(EMAPA:16799)
GO:0030424	axon	part_of(EMAPA:16800
GO:0009986	cell surface	part_of(EMAPA:16800
GO:0030424	axon	part_of(EMAPA:16801
GO:0005737	cytoplasm	part_of(EMAPA:16801)
GO:0005634	nucleus	part_of(EMAPA:16801)
GO:0005634	nucleus	part_of(EMAPA:16805)
GO:0005634	nucleus	part_of(EMAPA:16835
GO:0005604	basement membrane	part_of(EMAPA:16839)
GO:0005604	basement membrane	part_of(EMAPA:16839)
GO:0005886	plasma membrane	part_of(EMAPA:16839)
GO:0045121	membrane raft	part_of(EMAPA:16846
GO:0005634	nucleus	part_of(EMAPA:16846
GO:0005634	nucleus	part_of(EMAPA:16846
GO:0005634	nucleus	part_of(EMAPA:16846
GO:0009925	basal plasma membrane	part_of(EMAPA:16846
GO:0005634	nucleus	part_of(EMAPA:16846
GO:0005634	nucleus	part_of(EMAPA:16846
GO:0005737	cytoplasm	part_of(EMAPA:16846
GO:0009897	external side of plasma membrane	part_of(EMAPA:16846
GO:0031966	mitochondrial membrane	part_of(EMAPA:16846
GO:0005886	plasma membrane	part_of(EMAPA:16846
GO:0009897	external side of plasma membrane	part_of(EMAPA:16846
GO:0005923	bicellular tight junction	part_of(EMAPA:16846
GO:0005739	mitochondrion	part_of(EMAPA:16846
GO:0005634	nucleus	part_of(EMAPA:16846
GO:0043296	apical junction complex	part_of(EMAPA:16846
GO:0005634	nucleus	part_of(EMAPA:16846
GO:0005634	nucleus	part_of(EMAPA:16846
GO:0016020	membrane	part_of(EMAPA:16846
GO:0043296	apical junction complex	part_of(EMAPA:16846
GO:0005829	cytosol	part_of(EMAPA:16846
GO:0009897	external side of plasma membrane	part_of(EMAPA:16846
GO:0009897	external side of plasma membrane	part_of(EMAPA:16846
GO:0009897	external side of plasma membrane	part_of(EMAPA:16846
GO:0009897	external side of plasma membrane	part_of(EMAPA:16846
GO:0009897	external side of plasma membrane	part_of(EMAPA:16846
GO:0005739	mitochondrion	part_of(EMAPA:16846
GO:0005634	nucleus	part_of(EMAPA:16846
GO:0005923	bicellular tight junction	part_of(EMAPA:16846
GO:0005737	cytoplasm	part_of(EMAPA:16846
GO:0005739	mitochondrion	part_of(EMAPA:16846)
GO:0016020	membrane	part_of(EMAPA:16846)
GO:0005783	endoplasmic reticulum	part_of(EMAPA:16846)
GO:0016020	membrane	part_of(EMAPA:16846)
GO:0005634	nucleus	part_of(EMAPA:16846)
GO:0005776	autophagosome	part_of(EMAPA:16846)
GO:0030139	endocytic vesicle	part_of(EMAPA:16846)
GO:0005739	mitochondrion	part_of(EMAPA:16846)
GO:0005768	endosome	part_of(EMAPA:16846)
GO:0005634	nucleus	part_of(EMAPA:16846)
GO:0005737	cytoplasm	part_of(EMAPA:16846)
GO:0005737	cytoplasm	part_of(EMAPA:16846)
GO:0030529	intracellular ribonucleoprotein complex	part_of(EMAPA:16846)
GO:0005829	cytosol	part_of(EMAPA:16846)
GO:0016020	membrane	part_of(EMAPA:16846)
GO:0005886	plasma membrane	part_of(EMAPA:16846)
GO:0005634	nucleus	part_of(EMAPA:16846)
GO:0016020	membrane	part_of(EMAPA:16846)
GO:0005923	bicellular tight junction	part_of(EMAPA:16846)
GO:0005737	cytoplasm	part_of(EMAPA:16846)
GO:0005737	cytoplasm	part_of(EMAPA:16846)
GO:0005741	mitochondrial outer membrane	part_of(EMAPA:16846)
GO:0005739	mitochondrion	part_of(EMAPA:16846)
GO:0005634	nucleus	part_of(EMAPA:16846)
GO:0005923	bicellular tight junction	part_of(EMAPA:16846)
GO:0016021	integral component of membrane	part_of(EMAPA:16846)
GO:0016459	myosin complex	part_of(EMAPA:16846)
GO:0005791	rough endoplasmic reticulum	part_of(EMAPA:16846)
GO:0016020	membrane	part_of(EMAPA:16846)
GO:0046581	intercellular canaliculus	part_of(EMAPA:16846)
GO:0005739	mitochondrion	part_of(EMAPA:16846)
GO:0005764	lysosome	part_of(EMAPA:16846)
GO:0005794	Golgi apparatus	part_of(EMAPA:16846)
GO:0005634	nucleus	part_of(EMAPA:16846)
GO:0005634	nucleus	part_of(EMAPA:16846)
GO:0005789	endoplasmic reticulum membrane	part_of(EMAPA:16846)
GO:0005634	nucleus	part_of(EMAPA:16846)
GO:0005829	cytosol	part_of(EMAPA:16846)
GO:0009897	external side of plasma membrane	part_of(EMAPA:16846)
GO:0005739	mitochondrion	part_of(EMAPA:16846)
GO:0005634	nucleus	part_of(EMAPA:16846)
GO:0030289	protein phosphatase 4 complex	part_of(EMAPA:16846)
GO:0045177	apical part of cell	part_of(EMAPA:16846)
GO:0005778	peroxisomal membrane	part_of(EMAPA:16846)
GO:0005768	endosome	part_of(EMAPA:16846)
GO:0005777	peroxisome	part_of(EMAPA:16846)
GO:0005740	mitochondrial envelope	part_of(EMAPA:16846)
GO:0005886	plasma membrane	part_of(EMAPA:16846)
GO:0016020	membrane	part_of(EMAPA:16846)
GO:0005634	nucleus	part_of(EMAPA:16846)
GO:0005743	mitochondrial inner membrane	part_of(EMAPA:16846)
GO:0046581	intercellular canaliculus	part_of(EMAPA:16846)
GO:0005829	cytosol	part_of(EMAPA:16846)
GO:0005764	lysosome	part_of(EMAPA:16846)
GO:0005829	cytosol	part_of(EMAPA:16846)
GO:0005758	mitochondrial intermembrane space	part_of(EMAPA:16846)
GO:0032782	bile acid secretion	part_of(EMAPA:16846)
GO:0005634	nucleus	part_of(EMAPA:16847
GO:0005634	nucleus	part_of(EMAPA:16847
GO:0005634	nucleus	part_of(EMAPA:16851
GO:0005634	nucleus	part_of(EMAPA:16851
GO:0005737	cytoplasm	part_of(EMAPA:16851
GO:0031514	motile cilium	part_of(EMAPA:16853
GO:0016324	apical plasma membrane	part_of(EMAPA:16853
GO:0030424	axon	part_of(EMAPA:16853)
GO:0005198	structural molecule activity	part_of(EMAPA:16853)
GO:0005737	cytoplasm	part_of(EMAPA:16853)
GO:0035253	ciliary rootlet	part_of(EMAPA:16853)
GO:0005634	nucleus	part_of(EMAPA:16855
GO:0005634	nucleus	part_of(EMAPA:16855
GO:0005634	nucleus	part_of(EMAPA:16855
GO:0005634	nucleus	part_of(EMAPA:16855
GO:0005634	nucleus	part_of(EMAPA:16855
GO:0005634	nucleus	part_of(EMAPA:16855
GO:0005634	nucleus	part_of(EMAPA:16855
GO:0005634	nucleus	part_of(EMAPA:16855
GO:0005634	nucleus	part_of(EMAPA:16855
GO:0097546	ciliary base	part_of(EMAPA:16855
GO:0005930	axoneme	part_of(EMAPA:16855
GO:0031514	motile cilium	part_of(EMAPA:16855
GO:0031514	motile cilium	part_of(EMAPA:16855
GO:0005634	nucleus	part_of(EMAPA:16855
GO:0031514	motile cilium	part_of(EMAPA:16855
GO:0005634	nucleus	part_of(EMAPA:16855
GO:0005634	nucleus	part_of(EMAPA:16855
GO:0005634	nucleus	part_of(EMAPA:16855
GO:0005634	nucleus	part_of(EMAPA:16855
GO:0005634	nucleus	part_of(EMAPA:16855
GO:0005634	nucleus	part_of(EMAPA:16855
GO:0005634	nucleus	part_of(EMAPA:16855
GO:0005634	nucleus	part_of(EMAPA:16855
GO:0005634	nucleus	part_of(EMAPA:16855
GO:0005634	nucleus	part_of(EMAPA:16855
GO:0031514	motile cilium	part_of(EMAPA:16855
GO:0005929	cilium	part_of(EMAPA:16855
GO:0005814	centriole	part_of(EMAPA:16855
GO:0036064	ciliary basal body	part_of(EMAPA:16855)
GO:0045177	apical part of cell	part_of(EMAPA:16855)
GO:0097729	9+2 motile cilium	part_of(EMAPA:16855)
GO:0003341	cilium movement	part_of(EMAPA:16855)
GO:0005634	nucleus	part_of(EMAPA:16894
GO:0005634	nucleus	part_of(EMAPA:16894
GO:0043209	myelin sheath	part_of(EMAPA:16894
GO:0043209	myelin sheath	part_of(EMAPA:16894
GO:0005829	cytosol	part_of(EMAPA:16894
GO:0005634	nucleus	part_of(EMAPA:16894
GO:0042995	cell projection	part_of(EMAPA:16894
GO:0005930	axoneme	part_of(EMAPA:16894
GO:0030424	axon	part_of(EMAPA:16894
GO:0005739	mitochondrion	part_of(EMAPA:16894
GO:0005739	mitochondrion	part_of(EMAPA:16894
GO:0016324	apical plasma membrane	part_of(EMAPA:16894
GO:0005829	cytosol	part_of(EMAPA:16894
GO:0008021	synaptic vesicle	part_of(EMAPA:16894
GO:0005737	cytoplasm	part_of(EMAPA:16894
GO:0005634	nucleus	part_of(EMAPA:16894
GO:0005634	nucleus	part_of(EMAPA:16894
GO:0005667	transcription factor complex	part_of(EMAPA:16894
GO:0005739	mitochondrion	part_of(EMAPA:16894
GO:0005938	cell cortex	part_of(EMAPA:16894
GO:0043679	axon terminus	part_of(EMAPA:16894
GO:0005634	nucleus	part_of(EMAPA:16894
GO:0014069	postsynaptic density	part_of(EMAPA:16894
GO:0043005	neuron projection	part_of(EMAPA:16894
GO:0030425	dendrite	part_of(EMAPA:16894
GO:0005813	centrosome	part_of(EMAPA:16894
GO:0005929	cilium	part_of(EMAPA:16894
GO:0005634	nucleus	part_of(EMAPA:16894
GO:0036064	ciliary basal body	part_of(EMAPA:16894
GO:0036064	ciliary basal body	part_of(EMAPA:16894
GO:0042405	nuclear inclusion body	part_of(EMAPA:16894
GO:0045202	synapse	part_of(EMAPA:16894)
GO:0042995	cell projection	part_of(EMAPA:16894)
GO:0014069	postsynaptic density	part_of(EMAPA:16894)
GO:0005634	nucleus	part_of(EMAPA:16894)
GO:0005634	nucleus	part_of(EMAPA:16894)
GO:0043235	receptor complex	part_of(EMAPA:16894)
GO:0005634	nucleus	part_of(EMAPA:16894)
GO:0031315	extrinsic component of mitochondrial outer membrane	part_of(EMAPA:16894)
GO:0043195	terminal bouton	part_of(EMAPA:16894)
GO:0043234	protein complex	part_of(EMAPA:16894)
GO:0005739	mitochondrion	part_of(EMAPA:16894)
GO:0005955	calcineurin complex	part_of(EMAPA:16894)
GO:0005622	intracellular	part_of(EMAPA:16894)
GO:0032281	AMPA glutamate receptor complex	part_of(EMAPA:16894)
GO:0005515	protein binding	part_of(EMAPA:16894)
GO:0005576	extracellular region	part_of(EMAPA:16894)
GO:0005813	centrosome	part_of(EMAPA:16894)
GO:0005634	nucleus	part_of(EMAPA:16894)
GO:0016020	membrane	part_of(EMAPA:16894)
GO:0045121	membrane raft	part_of(EMAPA:16894)
GO:0048471	perinuclear region of cytoplasm	part_of(EMAPA:16894)
GO:0000159	protein phosphatase type 2A complex	part_of(EMAPA:16894)
GO:0005634	nucleus	part_of(EMAPA:16894)
GO:0005737	cytoplasm	part_of(EMAPA:16894)
GO:0005739	mitochondrion	part_of(EMAPA:16894)
GO:0005783	endoplasmic reticulum	part_of(EMAPA:16894)
GO:0005829	cytosol	part_of(EMAPA:16894)
GO:0005615	extracellular space	part_of(EMAPA:16894)
GO:0043209	myelin sheath	part_of(EMAPA:16894)
GO:0005604	basement membrane	part_of(EMAPA:16894)
GO:0038037	G-protein coupled receptor dimeric complex	part_of(EMAPA:16894)
GO:0005739	mitochondrion	part_of(EMAPA:16894)
GO:0005737	cytoplasm	part_of(EMAPA:16894)
GO:0031965	nuclear membrane	part_of(EMAPA:16894)
GO:0005794	Golgi apparatus	part_of(EMAPA:16894)
GO:0005737	cytoplasm	part_of(EMAPA:16894)
GO:0005737	cytoplasm	part_of(EMAPA:16894)
GO:0043005	neuron projection	part_of(EMAPA:16894)
GO:0030529	intracellular ribonucleoprotein complex	part_of(EMAPA:16894)
GO:0003351	epithelial cilium movement	part_of(EMAPA:16894)
GO:0015630	microtubule cytoskeleton	part_of(EMAPA:16894)
GO:0005844	polysome	part_of(EMAPA:16894)
GO:0043197	dendritic spine	part_of(EMAPA:16894)
GO:0005813	centrosome	part_of(EMAPA:16894)
GO:0005813	centrosome	part_of(EMAPA:16894)
GO:0016020	membrane	part_of(EMAPA:16894)
GO:0005739	mitochondrion	part_of(EMAPA:16894)
GO:0005615	extracellular space	part_of(EMAPA:16894)
GO:0005615	extracellular space	part_of(EMAPA:16894)
GO:0016459	myosin complex	part_of(EMAPA:16894)
GO:0016459	myosin complex	part_of(EMAPA:16894)
GO:0005739	mitochondrion	part_of(EMAPA:16894)
GO:0005634	nucleus	part_of(EMAPA:16894)
GO:0016021	integral component of membrane	part_of(EMAPA:16894)
GO:0005783	endoplasmic reticulum	part_of(EMAPA:16894)
GO:0016020	membrane	part_of(EMAPA:16894)
GO:0016020	membrane	part_of(EMAPA:16894)
GO:0009897	external side of plasma membrane	part_of(EMAPA:16894)
GO:0007420	brain development	part_of(EMAPA:16894)
GO:0030016	myofibril	part_of(EMAPA:16894)
GO:0016020	membrane	part_of(EMAPA:16894)
GO:0045211	postsynaptic membrane	part_of(EMAPA:16894)
GO:0005743	mitochondrial inner membrane	part_of(EMAPA:16894)
GO:0005829	cytosol	part_of(EMAPA:16894)
GO:0097060	synaptic membrane	part_of(EMAPA:16894)
GO:0005634	nucleus	part_of(EMAPA:16894)
GO:0005737	cytoplasm	part_of(EMAPA:16894)
GO:0008021	synaptic vesicle	part_of(EMAPA:16894)
GO:0009986	cell surface	part_of(EMAPA:16894)
GO:0031045	dense core granule	part_of(EMAPA:16894)
GO:0005737	cytoplasm	part_of(EMAPA:16894)
GO:0005737	cytoplasm	part_of(EMAPA:16895)
GO:0005634	nucleus	part_of(EMAPA:16895)
GO:0005829	cytosol	part_of(EMAPA:16895)
GO:0005891	voltage-gated calcium channel complex	part_of(EMAPA:16895)
GO:0043025	neuronal cell body	part_of(EMAPA:16896
GO:0005634	nucleus	part_of(EMAPA:16896
GO:0005634	nucleus	part_of(EMAPA:16896)
GO:0005634	nucleus	part_of(EMAPA:16896)
GO:0016020	membrane	part_of(EMAPA:16896)
GO:0005634	nucleus	part_of(EMAPA:16898
GO:0005886	plasma membrane	part_of(EMAPA:16898)
GO:0005634	nucleus	part_of(EMAPA:16898)
GO:0005634	nucleus	part_of(EMAPA:16898)
GO:0005634	nucleus	part_of(EMAPA:16898)
GO:0005634	nucleus	part_of(EMAPA:16898)
GO:0005634	nucleus	part_of(EMAPA:16898)
GO:0005634	nucleus	part_of(EMAPA:16899)
GO:0005634	nucleus	part_of(EMAPA:16903)
GO:0005634	nucleus	part_of(EMAPA:16906)
GO:0043025	neuronal cell body	part_of(EMAPA:16910
GO:0016020	membrane	part_of(EMAPA:16910
GO:0005634	nucleus	part_of(EMAPA:16910
GO:0005634	nucleus	part_of(EMAPA:16910
GO:0000922	spindle pole	part_of(EMAPA:16910
GO:0005886	plasma membrane	part_of(EMAPA:16910
GO:0030496	midbody	part_of(EMAPA:16910
GO:0030424	axon	part_of(EMAPA:16910
GO:0030424	axon	part_of(EMAPA:16910
GO:0009986	cell surface	part_of(EMAPA:16910
GO:0009986	cell surface	part_of(EMAPA:16910
GO:0005634	nucleus	part_of(EMAPA:16910)
GO:0016459	myosin complex	part_of(EMAPA:16910)
GO:0005634	nucleus	part_of(EMAPA:16910)
GO:0005634	nucleus	part_of(EMAPA:16910)
GO:0005634	nucleus	part_of(EMAPA:16910)
GO:0005634	nucleus	part_of(EMAPA:16910)
GO:0005737	cytoplasm	part_of(EMAPA:16913
GO:0005634	nucleus	part_of(EMAPA:16913
GO:0005902	microvillus	part_of(EMAPA:16913
GO:0005615	extracellular space	part_of(EMAPA:16914)
GO:0005634	nucleus	part_of(EMAPA:16916
GO:0005634	nucleus	part_of(EMAPA:16916
GO:0005634	nucleus	part_of(EMAPA:16974
GO:0043025	neuronal cell body	part_of(EMAPA:16974)
GO:0045202	synapse	part_of(EMAPA:16974)
GO:0005634	nucleus	part_of(EMAPA:16974)
GO:0005634	nucleus	part_of(EMAPA:16976)
GO:0031966	mitochondrial membrane	part_of(EMAPA:16985
GO:0005829	cytosol	part_of(EMAPA:16985
GO:0030424	axon	part_of(EMAPA:16985)
GO:0030424	axon	part_of(EMAPA:16989
GO:0030424	axon	part_of(EMAPA:16989
GO:0030424	axon	part_of(EMAPA:16989
GO:0030424	axon	part_of(EMAPA:16989
GO:0009986	cell surface	part_of(EMAPA:16989
GO:0009986	cell surface	part_of(EMAPA:16989
GO:0009986	cell surface	part_of(EMAPA:16989
GO:0016323	basolateral plasma membrane	part_of(EMAPA:16999
GO:0005634	nucleus	part_of(EMAPA:16999
GO:0005886	plasma membrane	part_of(EMAPA:16999
GO:0009925	basal plasma membrane	part_of(EMAPA:16999
GO:0005634	nucleus	part_of(EMAPA:17003)
GO:0005634	nucleus	part_of(EMAPA:17008)
GO:0005905	clathrin-coated pit	part_of(EMAPA:17021
GO:0045177	apical part of cell	part_of(EMAPA:17021
GO:0005634	nucleus	part_of(EMAPA:17021)
GO:0005923	bicellular tight junction	part_of(EMAPA:17023
GO:0005911	cell-cell junction	part_of(EMAPA:17023
GO:0016328	lateral plasma membrane	part_of(EMAPA:17066
GO:0005634	nucleus	part_of(EMAPA:17066
GO:0005634	nucleus	part_of(EMAPA:17066
GO:0016328	lateral plasma membrane	part_of(EMAPA:17066
GO:0005634	nucleus	part_of(EMAPA:17066
GO:0005634	nucleus	part_of(EMAPA:17066
GO:0005737	cytoplasm	part_of(EMAPA:17067
GO:0005634	nucleus	part_of(EMAPA:17068)
GO:0005634	nucleus	part_of(EMAPA:17068)
GO:0005634	nucleus	part_of(EMAPA:17068)
GO:0030424	axon	part_of(EMAPA:17074
GO:0030424	axon	part_of(EMAPA:17074
GO:0009986	cell surface	part_of(EMAPA:17074
GO:0009986	cell surface	part_of(EMAPA:17074
GO:0030424	axon	part_of(EMAPA:17078
GO:0030424	axon	part_of(EMAPA:17078
GO:0009986	cell surface	part_of(EMAPA:17078
GO:0009986	cell surface	part_of(EMAPA:17078
GO:0043025	neuronal cell body	part_of(EMAPA:17157)
GO:0043025	neuronal cell body	part_of(EMAPA:17157)
GO:0005634	nucleus	part_of(EMAPA:17162
GO:0005923	bicellular tight junction	part_of(EMAPA:17162
GO:0005634	nucleus	part_of(EMAPA:17162
GO:0016323	basolateral plasma membrane	part_of(EMAPA:17162
GO:0009925	basal plasma membrane	part_of(EMAPA:17162
GO:0005737	cytoplasm	part_of(EMAPA:17162
GO:0005634	nucleus	part_of(EMAPA:17162
GO:0005886	plasma membrane	part_of(EMAPA:17162
GO:0005886	plasma membrane	part_of(EMAPA:17162
GO:0005886	plasma membrane	part_of(EMAPA:17168
GO:0001750	photoreceptor outer segment	part_of(EMAPA:17168
GO:0016324	apical plasma membrane	part_of(EMAPA:17168
GO:0008021	synaptic vesicle	part_of(EMAPA:17168
GO:0005737	cytoplasm	part_of(EMAPA:17168
GO:0005737	cytoplasm	part_of(EMAPA:17168
GO:0005887	integral component of plasma membrane	part_of(EMAPA:17168
GO:0005887	integral component of plasma membrane	part_of(EMAPA:17168
GO:0005794	Golgi apparatus	part_of(EMAPA:17168
GO:0036064	ciliary basal body	part_of(EMAPA:17168
GO:0005634	nucleus	part_of(EMAPA:17168
GO:0005634	nucleus	part_of(EMAPA:17168
GO:0005634	nucleus	part_of(EMAPA:17168
GO:0005634	nucleus	part_of(EMAPA:17168
GO:0044292	dendrite terminus	part_of(EMAPA:17168
GO:0044292	dendrite terminus	part_of(EMAPA:17168
GO:0005634	nucleus	part_of(EMAPA:17168
GO:0005634	nucleus	part_of(EMAPA:17168
GO:0005634	nucleus	part_of(EMAPA:17168
GO:0005634	nucleus	part_of(EMAPA:17168
GO:0005634	nucleus	part_of(EMAPA:17168
GO:0045202	synapse	part_of(EMAPA:17168
GO:0043025	neuronal cell body	part_of(EMAPA:17168
GO:0001750	photoreceptor outer segment	part_of(EMAPA:17168
GO:0005737	cytoplasm	part_of(EMAPA:17168
GO:0005737	cytoplasm	part_of(EMAPA:17168
GO:0005737	cytoplasm	part_of(EMAPA:17168
GO:0005737	cytoplasm	part_of(EMAPA:17168
GO:0005737	cytoplasm	part_of(EMAPA:17168
GO:0005737	cytoplasm	part_of(EMAPA:17168
GO:0000242	pericentriolar material	part_of(EMAPA:17168
GO:0005794	Golgi apparatus	part_of(EMAPA:17168
GO:0005634	nucleus	part_of(EMAPA:17168
GO:0005829	cytosol	part_of(EMAPA:17168
GO:0005902	microvillus	part_of(EMAPA:17168
GO:0005930	axoneme	part_of(EMAPA:17168
GO:0045202	synapse	part_of(EMAPA:17168
GO:0005886	plasma membrane	part_of(EMAPA:17168
GO:0043005	neuron projection	part_of(EMAPA:17168
GO:0005886	plasma membrane	part_of(EMAPA:17168
GO:0005886	plasma membrane	part_of(EMAPA:17168
GO:0005794	Golgi apparatus	part_of(EMAPA:17168
GO:0005813	centrosome	part_of(EMAPA:17168
GO:0032391	photoreceptor connecting cilium	part_of(EMAPA:17168
GO:0036064	ciliary basal body	part_of(EMAPA:17168
GO:0030424	axon	part_of(EMAPA:17168
GO:0044292	dendrite terminus	part_of(EMAPA:17168
GO:0044292	dendrite terminus	part_of(EMAPA:17168
GO:0009986	cell surface	part_of(EMAPA:17168
GO:1990075	periciliary membrane compartment	part_of(EMAPA:17168
GO:0005813	centrosome	part_of(EMAPA:17168
GO:0005911	cell-cell junction	part_of(EMAPA:17168
GO:0005911	cell-cell junction	part_of(EMAPA:17168
GO:0005634	nucleus	part_of(EMAPA:17168)
GO:0005634	nucleus	part_of(EMAPA:17168)
GO:0005737	cytoplasm	part_of(EMAPA:17168)
GO:0034464	BBSome	part_of(EMAPA:17168)
GO:0030990	intraciliary transport particle	part_of(EMAPA:17168)
GO:0005634	nucleus	part_of(EMAPA:17168)
GO:0032391	photoreceptor connecting cilium	part_of(EMAPA:17168)
GO:0005198	structural molecule activity	part_of(EMAPA:17168)
GO:0036064	ciliary basal body	part_of(EMAPA:17168)
GO:0045202	synapse	part_of(EMAPA:17168)
GO:0097470	ribbon synapse	part_of(EMAPA:17168)
GO:0030992	intraciliary transport particle B	part_of(EMAPA:17168)
GO:0097440	apical dendrite	part_of(EMAPA:17168)
GO:0035253	ciliary rootlet	part_of(EMAPA:17168)
GO:0001750	photoreceptor outer segment	part_of(EMAPA:17168)
GO:0045202	synapse	part_of(EMAPA:17168)
GO:0043005	neuron projection	part_of(EMAPA:17168)
GO:0032391	photoreceptor connecting cilium	part_of(EMAPA:17168)
GO:0032391	photoreceptor connecting cilium	part_of(EMAPA:17168)
GO:0036064	ciliary basal body	part_of(EMAPA:17168)
GO:0036064	ciliary basal body	part_of(EMAPA:17168)
GO:0030992	intraciliary transport particle B	part_of(EMAPA:17168)
GO:0005814	centriole	part_of(EMAPA:17168)
GO:0001917	photoreceptor inner segment	part_of(EMAPA:17168)
GO:0005923	bicellular tight junction	part_of(EMAPA:17168)
GO:0032391	photoreceptor connecting cilium	part_of(EMAPA:17168)
GO:0019894	kinesin binding	part_of(EMAPA:17168)
GO:0030990	intraciliary transport particle	part_of(EMAPA:17168)
GO:0016020	membrane	part_of(EMAPA:17168)
GO:0035253	ciliary rootlet	part_of(EMAPA:17168)
GO:0005739	mitochondrion	part_of(EMAPA:17168)
GO:0045202	synapse	part_of(EMAPA:17168)
GO:0030990	intraciliary transport particle	part_of(EMAPA:17168)
GO:0048471	perinuclear region of cytoplasm	part_of(EMAPA:17168)
GO:0001917	photoreceptor inner segment	part_of(EMAPA:17168)
GO:0035845	photoreceptor cell outer segment organization	part_of(EMAPA:17168)
GO:0036064	ciliary basal body	part_of(EMAPA:17168)
GO:0001750	photoreceptor outer segment	part_of(EMAPA:17168)
GO:0005637	nuclear inner membrane	part_of(EMAPA:17168)
GO:0005634	nucleus	part_of(EMAPA:17168)
GO:0030992	intraciliary transport particle B	part_of(EMAPA:17168)
GO:0035869	ciliary transition zone	part_of(EMAPA:17168)
GO:0001917	photoreceptor inner segment	part_of(EMAPA:17168)
GO:0001917	photoreceptor inner segment	part_of(EMAPA:17168)
GO:1990075	periciliary membrane compartment	part_of(EMAPA:17168)
GO:1990075	periciliary membrane compartment	part_of(EMAPA:17168)
GO:0005737	cytoplasm	part_of(EMAPA:17171
GO:0005905	clathrin-coated pit	part_of(EMAPA:17172
GO:0060170	ciliary membrane	part_of(EMAPA:17172
GO:0005802	trans-Golgi network	part_of(EMAPA:17172
GO:0005923	bicellular tight junction	part_of(EMAPA:17172
GO:0005634	nucleus	part_of(EMAPA:17172
GO:0005886	plasma membrane	part_of(EMAPA:17172)
GO:0005578	proteinaceous extracellular matrix	part_of(EMAPA:17172)
GO:0030133	transport vesicle	part_of(EMAPA:17172)
GO:0042995	cell projection	part_of(EMAPA:17172)
GO:0005886	plasma membrane	part_of(EMAPA:17172)
GO:0005634	nucleus	part_of(EMAPA:17172)
GO:0030424	axon	part_of(EMAPA:17185
GO:0005883	neurofilament	part_of(EMAPA:17185
GO:0005737	cytoplasm	part_of(EMAPA:17185)
GO:0005634	nucleus	part_of(EMAPA:17185)
GO:0005634	nucleus	part_of(EMAPA:17201
GO:0005634	nucleus	part_of(EMAPA:17201
GO:0005578	proteinaceous extracellular matrix	part_of(EMAPA:17203)
GO:0005737	cytoplasm	part_of(EMAPA:17205)
GO:0005634	nucleus	part_of(EMAPA:17213
GO:0005578	proteinaceous extracellular matrix	part_of(EMAPA:17213)
GO:0005634	nucleus	part_of(EMAPA:17244
GO:0005634	nucleus	part_of(EMAPA:17255
GO:0005634	nucleus	part_of(EMAPA:17256
GO:0005634	nucleus	part_of(EMAPA:17256
GO:0005913	cell-cell adherens junction	part_of(EMAPA:17258
GO:0005913	cell-cell adherens junction	part_of(EMAPA:17258
GO:0030424	axon	part_of(EMAPA:17264
GO:0030424	axon	part_of(EMAPA:17264
GO:0009986	cell surface	part_of(EMAPA:17264
GO:0009986	cell surface	part_of(EMAPA:17264
GO:0032420	stereocilium	part_of(EMAPA:17286
GO:0032420	stereocilium	part_of(EMAPA:17286
GO:0032420	stereocilium	part_of(EMAPA:17286
GO:0032420	stereocilium	part_of(EMAPA:17286
GO:0032420	stereocilium	part_of(EMAPA:17286
GO:0032420	stereocilium	part_of(EMAPA:17286
GO:0032420	stereocilium	part_of(EMAPA:17286
GO:0005929	cilium	part_of(EMAPA:17286
GO:0032426	stereocilium tip	part_of(EMAPA:17286
GO:0032426	stereocilium tip	part_of(EMAPA:17290
GO:0016327	apicolateral plasma membrane	part_of(EMAPA:17290
GO:0032420	stereocilium	part_of(EMAPA:17290
GO:0016328	lateral plasma membrane	part_of(EMAPA:17290
GO:0032426	stereocilium tip	part_of(EMAPA:17293
GO:0016327	apicolateral plasma membrane	part_of(EMAPA:17293
GO:0032420	stereocilium	part_of(EMAPA:17293
GO:0016328	lateral plasma membrane	part_of(EMAPA:17293
GO:0005737	cytoplasm	part_of(EMAPA:17304
GO:0005634	nucleus	part_of(EMAPA:17304
GO:0005737	cytoplasm	part_of(EMAPA:17305
GO:0005737	cytoplasm	part_of(EMAPA:17306
GO:0030315	T-tubule	part_of(EMAPA:17331
GO:0031430	M band	part_of(EMAPA:17331
GO:0005634	nucleus	part_of(EMAPA:17331
GO:0016529	sarcoplasmic reticulum	part_of(EMAPA:17331
GO:0030018	Z disc	part_of(EMAPA:17331
GO:0031430	M band	part_of(EMAPA:17331
GO:0005634	nucleus	part_of(EMAPA:17331)
GO:0030016	myofibril	part_of(EMAPA:17331)
GO:0016529	sarcoplasmic reticulum	part_of(EMAPA:17331)
GO:0008076	voltage-gated potassium channel complex	part_of(EMAPA:17331)
GO:0005737	cytoplasm	part_of(EMAPA:17331)
GO:0005886	plasma membrane	part_of(EMAPA:17337
GO:0030017	sarcomere	part_of(EMAPA:17337
GO:0016459	myosin complex	part_of(EMAPA:17337)
GO:0016020	membrane	part_of(EMAPA:17337)
GO:0030018	Z disc	part_of(EMAPA:17339
GO:0030017	sarcomere	part_of(EMAPA:17339
GO:0031672	A band	part_of(EMAPA:17339
GO:0031674	I band	part_of(EMAPA:17339
GO:0005916	fascia adherens	part_of(EMAPA:17339
GO:0005886	plasma membrane	part_of(EMAPA:17339
GO:0005578	proteinaceous extracellular matrix	part_of(EMAPA:17339)
GO:0005614	interstitial matrix	part_of(EMAPA:17339)
GO:0005578	proteinaceous extracellular matrix	part_of(EMAPA:17342)
GO:0005614	interstitial matrix	part_of(EMAPA:17342)
GO:0016020	membrane	part_of(EMAPA:17348
GO:0030424	axon	part_of(EMAPA:17356
GO:0005634	nucleus	part_of(EMAPA:17356)
GO:0005634	nucleus	part_of(EMAPA:17360)
GO:0005886	plasma membrane	part_of(EMAPA:17365
GO:0005886	plasma membrane	part_of(EMAPA:17365)
GO:0009986	cell surface	part_of(EMAPA:17366
GO:0005604	basement membrane	part_of(EMAPA:17366)
GO:0005578	proteinaceous extracellular matrix	part_of(EMAPA:17366)
GO:0005929	cilium	part_of(EMAPA:17373
GO:0005634	nucleus	part_of(EMAPA:17373
GO:0016327	apicolateral plasma membrane	part_of(EMAPA:17373
GO:0016328	lateral plasma membrane	part_of(EMAPA:17373
GO:0005886	plasma membrane	part_of(EMAPA:17373
GO:0005634	nucleus	part_of(EMAPA:17373
GO:0005634	nucleus	part_of(EMAPA:17373
GO:0016324	apical plasma membrane	part_of(EMAPA:17373
GO:0005923	bicellular tight junction	part_of(EMAPA:17373
GO:0016323	basolateral plasma membrane	part_of(EMAPA:17373
GO:0005911	cell-cell junction	part_of(EMAPA:17373
GO:0005829	cytosol	part_of(EMAPA:17373
GO:0016020	membrane	part_of(EMAPA:17373
GO:0005929	cilium	part_of(EMAPA:17373
GO:0005604	basement membrane	part_of(EMAPA:17373
GO:0005604	basement membrane	part_of(EMAPA:17373
GO:0016020	membrane	part_of(EMAPA:17373)
GO:0016323	basolateral plasma membrane	part_of(EMAPA:17373)
GO:0005911	cell-cell junction	part_of(EMAPA:17373)
GO:0030990	intraciliary transport particle	part_of(EMAPA:17373)
GO:0005737	cytoplasm	part_of(EMAPA:17373)
GO:0045178	basal part of cell	part_of(EMAPA:17373)
GO:0005829	cytosol	part_of(EMAPA:17373)
GO:0031526	brush border membrane	part_of(EMAPA:17373)
GO:0016020	membrane	part_of(EMAPA:17373)
GO:0016021	integral component of membrane	part_of(EMAPA:17373)
GO:0030992	intraciliary transport particle B	part_of(EMAPA:17373)
GO:0005739	mitochondrion	part_of(EMAPA:17373)
GO:0097730	non-motile cilium	part_of(EMAPA:17373)
GO:0005923	bicellular tight junction	part_of(EMAPA:17373)
GO:0030992	intraciliary transport particle B	part_of(EMAPA:17373)
GO:0005739	mitochondrion	part_of(EMAPA:17373)
GO:0005829	cytosol	part_of(EMAPA:17373)
GO:0005634	nucleus	part_of(EMAPA:17373)
GO:0030054	cell junction	part_of(EMAPA:17373)
GO:0009986	cell surface	part_of(EMAPA:17373)
GO:0030990	intraciliary transport particle	part_of(EMAPA:17373)
GO:0005829	cytosol	part_of(EMAPA:17373)
GO:0016020	membrane	part_of(EMAPA:17373)
GO:0016459	myosin complex	part_of(EMAPA:17373)
GO:0005777	peroxisome	part_of(EMAPA:17373)
GO:0005614	interstitial matrix	part_of(EMAPA:17373)
GO:0016459	myosin complex	part_of(EMAPA:17373)
GO:0048471	perinuclear region of cytoplasm	part_of(EMAPA:17373)
GO:0005740	mitochondrial envelope	part_of(EMAPA:17373)
GO:0005886	plasma membrane	part_of(EMAPA:17373)
GO:0016020	membrane	part_of(EMAPA:17373)
GO:0030990	intraciliary transport particle	part_of(EMAPA:17373)
GO:0005739	mitochondrion	part_of(EMAPA:17373)
GO:0005743	mitochondrial inner membrane	part_of(EMAPA:17373)
GO:0005829	cytosol	part_of(EMAPA:17373)
GO:0005604	basement membrane	part_of(EMAPA:17373)
GO:0030992	intraciliary transport particle B	part_of(EMAPA:17373)
GO:0016327	apicolateral plasma membrane	part_of(EMAPA:17373)
GO:0005634	nucleus	part_of(EMAPA:17381)
GO:0005634	nucleus	part_of(EMAPA:17383
GO:0005737	cytoplasm	part_of(EMAPA:17383
GO:0005634	nucleus	part_of(EMAPA:17383
GO:0005634	nucleus	part_of(EMAPA:17383
GO:0005634	nucleus	part_of(EMAPA:17383
GO:0005737	cytoplasm	part_of(EMAPA:17383
GO:0005737	cytoplasm	part_of(EMAPA:17385
GO:0005737	cytoplasm	part_of(EMAPA:17386
GO:0009986	cell surface	part_of(EMAPA:17386
GO:0005737	cytoplasm	part_of(EMAPA:17386
GO:0005634	nucleus	part_of(EMAPA:17386
GO:0005634	nucleus	part_of(EMAPA:17386
GO:0030424	axon	part_of(EMAPA:17412
GO:0016459	myosin complex	part_of(EMAPA:17412
GO:0005634	nucleus	part_of(EMAPA:17416
GO:0031594	neuromuscular junction	part_of(EMAPA:17458
GO:0005578	proteinaceous extracellular matrix	part_of(EMAPA:17458)
GO:0005737	cytoplasm	part_of(EMAPA:17503
GO:0005737	cytoplasm	part_of(EMAPA:17503
GO:0005737	cytoplasm	part_of(EMAPA:17503
GO:0005886	plasma membrane	part_of(EMAPA:17503
GO:0005886	plasma membrane	part_of(EMAPA:17503
GO:0005737	cytoplasm	part_of(EMAPA:17503
GO:0005923	bicellular tight junction	part_of(EMAPA:17503
GO:0005923	bicellular tight junction	part_of(EMAPA:17503
GO:0005634	nucleus	part_of(EMAPA:17503
GO:0005634	nucleus	part_of(EMAPA:17503
GO:0005634	nucleus	part_of(EMAPA:17503
GO:0005923	bicellular tight junction	part_of(EMAPA:17503
GO:0016323	basolateral plasma membrane	part_of(EMAPA:17503)
GO:0005634	nucleus	part_of(EMAPA:17503)
GO:0005604	basement membrane	part_of(EMAPA:17503)
GO:0005622	intracellular	part_of(EMAPA:17503)
GO:0016020	membrane	part_of(EMAPA:17503)
GO:0016020	membrane	part_of(EMAPA:17503)
GO:0005604	basement membrane	part_of(EMAPA:17503)
GO:0016324	apical plasma membrane	part_of(EMAPA:17505
GO:0045177	apical part of cell	part_of(EMAPA:17510
GO:0016324	apical plasma membrane	part_of(EMAPA:17510
GO:0016324	apical plasma membrane	part_of(EMAPA:17512
GO:0030141	secretory granule	part_of(EMAPA:17515
GO:0030141	secretory granule	part_of(EMAPA:17515
GO:0016020	membrane	part_of(EMAPA:17515)
GO:0043195	terminal bouton	part_of(EMAPA:17521
GO:0005654	nucleoplasm	part_of(EMAPA:17525
GO:0005813	centrosome	part_of(EMAPA:17525
GO:0005814	centriole	part_of(EMAPA:17525
GO:0005634	nucleus	part_of(EMAPA:17525
GO:0005634	nucleus	part_of(EMAPA:17525
GO:0005777	peroxisome	part_of(EMAPA:17525
GO:0005730	nucleolus	part_of(EMAPA:17525
GO:0005634	nucleus	part_of(EMAPA:17525
GO:0005576	extracellular region	part_of(EMAPA:17525
GO:0016607	nuclear speck	part_of(EMAPA:17525
GO:0005923	bicellular tight junction	part_of(EMAPA:17525)
GO:0005581	collagen trimer	part_of(EMAPA:17525)
GO:0005913	cell-cell adherens junction	part_of(EMAPA:17525)
GO:0005604	basement membrane	part_of(EMAPA:17525)
GO:0071944	cell periphery	part_of(EMAPA:17525)
GO:0005886	plasma membrane	part_of(EMAPA:17525)
GO:0005604	basement membrane	part_of(EMAPA:17525)
GO:0005911	cell-cell junction	part_of(EMAPA:17525)
GO:0030057	desmosome	part_of(EMAPA:17525)
GO:0005634	nucleus	part_of(EMAPA:17525)
GO:0005581	collagen trimer	part_of(EMAPA:17527
GO:0005578	proteinaceous extracellular matrix	part_of(EMAPA:17527)
GO:0005634	nucleus	part_of(EMAPA:17528
GO:0005622	intracellular	part_of(EMAPA:17528
GO:0005737	cytoplasm	part_of(EMAPA:17528
GO:0005634	nucleus	part_of(EMAPA:17528
GO:0005622	intracellular	part_of(EMAPA:17528
GO:0005622	intracellular	part_of(EMAPA:17528
GO:0005737	cytoplasm	part_of(EMAPA:17528)
GO:0005634	nucleus	part_of(EMAPA:17528)
GO:0005622	intracellular	part_of(EMAPA:17528)
GO:0036457	keratohyalin granule	part_of(EMAPA:17528)
GO:0030056	hemidesmosome	part_of(EMAPA:17528)
GO:0030057	desmosome	part_of(EMAPA:17528)
GO:0071944	cell periphery	part_of(EMAPA:17528)
GO:0036064	ciliary basal body	part_of(EMAPA:17528)
GO:0005929	cilium	part_of(EMAPA:17528)
GO:0005615	extracellular space	part_of(EMAPA:17536
GO:0043025	neuronal cell body	part_of(EMAPA:17536
GO:0005634	nucleus	part_of(EMAPA:17536
GO:0005634	nucleus	part_of(EMAPA:17536
GO:0005634	nucleus	part_of(EMAPA:17536
GO:0043204	perikaryon	part_of(EMAPA:17536
GO:0005737	cytoplasm	part_of(EMAPA:17536
GO:0005634	nucleus	part_of(EMAPA:17536
GO:0005634	nucleus	part_of(EMAPA:17536
GO:0005737	cytoplasm	part_of(EMAPA:17536
GO:0097730	non-motile cilium	part_of(EMAPA:17536
GO:0097730	non-motile cilium	part_of(EMAPA:17536)
GO:0097730	non-motile cilium	part_of(EMAPA:17536)
GO:0005634	nucleus	part_of(EMAPA:17536)
GO:0043005	neuron projection	part_of(EMAPA:17536)
GO:0005634	nucleus	part_of(EMAPA:17540
GO:0005886	plasma membrane	part_of(EMAPA:17540
GO:0008021	synaptic vesicle	part_of(EMAPA:17540
GO:0043679	axon terminus	part_of(EMAPA:17540
GO:0005634	nucleus	part_of(EMAPA:17540)
GO:0030424	axon	part_of(EMAPA:17540)
GO:0005634	nucleus	part_of(EMAPA:17540)
GO:0030424	axon	part_of(EMAPA:17544
GO:0030425	dendrite	part_of(EMAPA:17544
GO:0030425	dendrite	part_of(EMAPA:17544
GO:0005814	centriole	part_of(EMAPA:17544
GO:0060076	excitatory synapse	part_of(EMAPA:17544
GO:0043204	perikaryon	part_of(EMAPA:17544
GO:0005634	nucleus	part_of(EMAPA:17544
GO:0005764	lysosome	part_of(EMAPA:17544
GO:0005737	cytoplasm	part_of(EMAPA:17544
GO:0005635	nuclear envelope	part_of(EMAPA:17544
GO:0016324	apical plasma membrane	part_of(EMAPA:17544
GO:0031410	cytoplasmic vesicle	part_of(EMAPA:17544
GO:0030425	dendrite	part_of(EMAPA:17544
GO:0045177	apical part of cell	part_of(EMAPA:17544
GO:0043025	neuronal cell body	part_of(EMAPA:17544
GO:0043025	neuronal cell body	part_of(EMAPA:17544
GO:0005634	nucleus	part_of(EMAPA:17544
GO:0005634	nucleus	part_of(EMAPA:17544
GO:0030424	axon	part_of(EMAPA:17544
GO:0005634	nucleus	part_of(EMAPA:17544
GO:0030425	dendrite	part_of(EMAPA:17544
GO:0005634	nucleus	part_of(EMAPA:17544
GO:0005634	nucleus	part_of(EMAPA:17544
GO:0005634	nucleus	part_of(EMAPA:17544
GO:0060077	inhibitory synapse	part_of(EMAPA:17544
GO:0030424	axon	part_of(EMAPA:17544
GO:0043025	neuronal cell body	part_of(EMAPA:17544
GO:0005634	nucleus	part_of(EMAPA:17544
GO:0005737	cytoplasm	part_of(EMAPA:17544
GO:0005634	nucleus	part_of(EMAPA:17544
GO:0005634	nucleus	part_of(EMAPA:17544
GO:0005634	nucleus	part_of(EMAPA:17544
GO:0016324	apical plasma membrane	part_of(EMAPA:17544
GO:0043025	neuronal cell body	part_of(EMAPA:17544
GO:0048786	presynaptic active zone	part_of(EMAPA:17544
GO:0005886	plasma membrane	part_of(EMAPA:17544
GO:0030424	axon	part_of(EMAPA:17544
GO:0030424	axon	part_of(EMAPA:17544
GO:0030424	axon	part_of(EMAPA:17544
GO:0005634	nucleus	part_of(EMAPA:17544
GO:0005886	plasma membrane	part_of(EMAPA:17544
GO:0005886	plasma membrane	part_of(EMAPA:17544
GO:0048471	perinuclear region of cytoplasm	part_of(EMAPA:17544
GO:0016020	membrane	part_of(EMAPA:17544
GO:0071598	neuronal ribonucleoprotein granule	part_of(EMAPA:17544
GO:0005737	cytoplasm	part_of(EMAPA:17544
GO:0043025	neuronal cell body	part_of(EMAPA:17544
GO:0009986	cell surface	part_of(EMAPA:17544
GO:0009986	cell surface	part_of(EMAPA:17544
GO:0009986	cell surface	part_of(EMAPA:17544
GO:0014069	postsynaptic density	part_of(EMAPA:17544
GO:0005737	cytoplasm	part_of(EMAPA:17544
GO:0010494	cytoplasmic stress granule	part_of(EMAPA:17544
GO:0030424	axon	part_of(EMAPA:17544
GO:0005829	cytosol	part_of(EMAPA:17544
GO:0045177	apical part of cell	part_of(EMAPA:17544)
GO:0097431	mitotic spindle pole	part_of(EMAPA:17544)
GO:0045202	synapse	part_of(EMAPA:17544)
GO:0005813	centrosome	part_of(EMAPA:17544)
GO:0005737	cytoplasm	part_of(EMAPA:17544)
GO:0005813	centrosome	part_of(EMAPA:17544)
GO:0030426	growth cone	part_of(EMAPA:17544)
GO:0060053	neurofilament cytoskeleton	part_of(EMAPA:17544)
GO:0043196	varicosity	part_of(EMAPA:17544)
GO:0005814	centriole	part_of(EMAPA:17544)
GO:0005634	nucleus	part_of(EMAPA:17544)
GO:0005634	nucleus	part_of(EMAPA:17544)
GO:0005634	nucleus	part_of(EMAPA:17544)
GO:0045202	synapse	part_of(EMAPA:17544)
GO:0030424	axon	part_of(EMAPA:17545
GO:0009986	cell surface	part_of(EMAPA:17545
GO:0051233	spindle midzone	part_of(EMAPA:17547
GO:0005634	nucleus	part_of(EMAPA:17547
GO:0045177	apical part of cell	part_of(EMAPA:17547
GO:0005886	plasma membrane	part_of(EMAPA:17547
GO:0005829	cytosol	part_of(EMAPA:17547)
GO:0005829	cytosol	part_of(EMAPA:17547)
GO:0005737	cytoplasm	part_of(EMAPA:17547)
GO:0005634	nucleus	part_of(EMAPA:17547)
GO:0043025	neuronal cell body	part_of(EMAPA:17549
GO:0045177	apical part of cell	part_of(EMAPA:17549
GO:0005737	cytoplasm	part_of(EMAPA:17549
GO:0043005	neuron projection	part_of(EMAPA:17549
GO:0005634	nucleus	part_of(EMAPA:17549
GO:0030424	axon	part_of(EMAPA:17549
GO:0030424	axon	part_of(EMAPA:17549)
GO:0008021	synaptic vesicle	part_of(EMAPA:17549)
GO:0005886	plasma membrane	part_of(EMAPA:17549)
GO:0005634	nucleus	part_of(EMAPA:17549)
GO:0005856	cytoskeleton	part_of(EMAPA:17549)
GO:0005892	acetylcholine-gated channel complex	part_of(EMAPA:17549)
GO:0043195	terminal bouton	part_of(EMAPA:17549)
GO:0016020	membrane	part_of(EMAPA:17549)
GO:0033269	internode region of axon	part_of(EMAPA:17550
GO:0043209	myelin sheath	part_of(EMAPA:17550
GO:0005634	nucleus	part_of(EMAPA:17550
GO:0033270	paranode region of axon	part_of(EMAPA:17550
GO:0005634	nucleus	part_of(EMAPA:17550
GO:0030424	axon	part_of(EMAPA:17550
GO:0030424	axon	part_of(EMAPA:17550
GO:0009986	cell surface	part_of(EMAPA:17550
GO:0009986	cell surface	part_of(EMAPA:17550
GO:0043025	neuronal cell body	part_of(EMAPA:17550
GO:0005913	cell-cell adherens junction	part_of(EMAPA:17551
GO:0005913	cell-cell adherens junction	part_of(EMAPA:17551
GO:0043005	neuron projection	part_of(EMAPA:17552
GO:0005634	nucleus	part_of(EMAPA:17563
GO:0005634	nucleus	part_of(EMAPA:17563)
GO:0005737	cytoplasm	part_of(EMAPA:17568
GO:0005730	nucleolus	part_of(EMAPA:17572
GO:0043025	neuronal cell body	part_of(EMAPA:17572
GO:0043204	perikaryon	part_of(EMAPA:17572
GO:0043005	neuron projection	part_of(EMAPA:17572
GO:0030424	axon	part_of(EMAPA:17575
GO:0030424	axon	part_of(EMAPA:17575
GO:0009986	cell surface	part_of(EMAPA:17575
GO:0072534	perineuronal net	part_of(EMAPA:17575)
GO:0005578	proteinaceous extracellular matrix	part_of(EMAPA:17575)
GO:0005886	plasma membrane	part_of(EMAPA:17575)
GO:0030424	axon	part_of(EMAPA:17576
GO:0030424	axon	part_of(EMAPA:17576
GO:0030424	axon	part_of(EMAPA:17576
GO:0030424	axon	part_of(EMAPA:17576
GO:0030424	axon	part_of(EMAPA:17576
GO:0030424	axon	part_of(EMAPA:17576
GO:0009986	cell surface	part_of(EMAPA:17576
GO:0009986	cell surface	part_of(EMAPA:17576
GO:0009986	cell surface	part_of(EMAPA:17576
GO:0009986	cell surface	part_of(EMAPA:17576
GO:0009986	cell surface	part_of(EMAPA:17576
GO:0043025	neuronal cell body	part_of(EMAPA:17576
GO:0005634	nucleus	part_of(EMAPA:17577
GO:0043025	neuronal cell body	part_of(EMAPA:17577
GO:0033269	internode region of axon	part_of(EMAPA:17577
GO:0030424	axon	part_of(EMAPA:17577
GO:0005829	cytosol	part_of(EMAPA:17577
GO:0005737	cytoplasm	part_of(EMAPA:17577
GO:0043209	myelin sheath	part_of(EMAPA:17577
GO:0005882	intermediate filament	part_of(EMAPA:17577
GO:0043025	neuronal cell body	part_of(EMAPA:17577
GO:0030426	growth cone	part_of(EMAPA:17577
GO:0033270	paranode region of axon	part_of(EMAPA:17577
GO:0043025	neuronal cell body	part_of(EMAPA:17577
GO:0030424	axon	part_of(EMAPA:17577
GO:0030424	axon	part_of(EMAPA:17577
GO:0005882	intermediate filament	part_of(EMAPA:17577
GO:0005634	nucleus	part_of(EMAPA:17577
GO:0009986	cell surface	part_of(EMAPA:17577
GO:0009986	cell surface	part_of(EMAPA:17577
GO:0030673	axolemma	part_of(EMAPA:17577
GO:0043025	neuronal cell body	part_of(EMAPA:17577
GO:0016020	membrane	part_of(EMAPA:17577)
GO:0060077	inhibitory synapse	part_of(EMAPA:17577)
GO:0005634	nucleus	part_of(EMAPA:17577)
GO:0005634	nucleus	part_of(EMAPA:17577)
GO:0005634	nucleus	part_of(EMAPA:17577)
GO:0060053	neurofilament cytoskeleton	part_of(EMAPA:17577)
GO:0060053	neurofilament cytoskeleton	part_of(EMAPA:17577)
GO:0072579	glycine receptor clustering	part_of(EMAPA:17577)
GO:0043209	myelin sheath	part_of(EMAPA:17577)
GO:0045211	postsynaptic membrane	part_of(EMAPA:17577)
GO:0005634	nucleus	part_of(EMAPA:17577)
GO:0005634	nucleus	part_of(EMAPA:17577)
GO:0005634	nucleus	part_of(EMAPA:17577)
GO:0005886	plasma membrane	part_of(EMAPA:17577)
GO:0005737	cytoplasm	part_of(EMAPA:17578
GO:0005634	nucleus	part_of(EMAPA:17579
GO:0030673	axolemma	part_of(EMAPA:17583
GO:0030424	axon	part_of(EMAPA:17583
GO:0045095	keratin filament	part_of(EMAPA:17589)
GO:0032420	stereocilium	part_of(EMAPA:17597
GO:0032420	stereocilium	part_of(EMAPA:17597
GO:0032420	stereocilium	part_of(EMAPA:17597
GO:0032420	stereocilium	part_of(EMAPA:17597
GO:0032420	stereocilium	part_of(EMAPA:17597
GO:0032420	stereocilium	part_of(EMAPA:17597
GO:0032420	stereocilium	part_of(EMAPA:17597
GO:0032420	stereocilium	part_of(EMAPA:17597
GO:0032426	stereocilium tip	part_of(EMAPA:17597
GO:0005634	nucleus	part_of(EMAPA:17597
GO:0005886	plasma membrane	part_of(EMAPA:17597
GO:0005911	cell-cell junction	part_of(EMAPA:17597
GO:0032420	stereocilium	part_of(EMAPA:17597
GO:0032420	stereocilium	part_of(EMAPA:17597
GO:0005813	centrosome	part_of(EMAPA:17597
GO:0060091	kinocilium	part_of(EMAPA:17597
GO:0060091	kinocilium	part_of(EMAPA:17597
GO:0060091	kinocilium	part_of(EMAPA:17597
GO:0032420	stereocilium	part_of(EMAPA:17597
GO:0005929	cilium	part_of(EMAPA:17597
GO:0043025	neuronal cell body	part_of(EMAPA:17597
GO:0032420	stereocilium	part_of(EMAPA:17597)
GO:0032420	stereocilium	part_of(EMAPA:17597)
GO:0032421	stereocilium bundle	part_of(EMAPA:17597)
GO:0016328	lateral plasma membrane	part_of(EMAPA:17597)
GO:0005578	proteinaceous extracellular matrix	part_of(EMAPA:17597)
GO:0032426	stereocilium tip	part_of(EMAPA:17597)
GO:0000242	pericentriolar material	part_of(EMAPA:17597)
GO:0060091	kinocilium	part_of(EMAPA:17597)
GO:0005737	cytoplasm	part_of(EMAPA:17597)
GO:0032420	stereocilium	part_of(EMAPA:17597)
GO:0032420	stereocilium	part_of(EMAPA:17597)
GO:0032420	stereocilium	part_of(EMAPA:17597)
GO:0005921	gap junction	part_of(EMAPA:17597)
GO:1902636	kinociliary basal body	part_of(EMAPA:17597)
GO:0005813	centrosome	part_of(EMAPA:17597)
GO:0045177	apical part of cell	part_of(EMAPA:17597)
GO:0035869	ciliary transition zone	part_of(EMAPA:17597)
GO:0035869	ciliary transition zone	part_of(EMAPA:17597)
GO:0002141	stereocilia ankle link	part_of(EMAPA:17597)
GO:0005737	cytoplasm	part_of(EMAPA:17598
GO:0005737	cytoplasm	part_of(EMAPA:17598
GO:0005737	cytoplasm	part_of(EMAPA:17598
GO:0005737	cytoplasm	part_of(EMAPA:17598
GO:0032426	stereocilium tip	part_of(EMAPA:17598
GO:0005634	nucleus	part_of(EMAPA:17598
GO:0005634	nucleus	part_of(EMAPA:17598
GO:0005634	nucleus	part_of(EMAPA:17598
GO:0005634	nucleus	part_of(EMAPA:17598
GO:0005737	cytoplasm	part_of(EMAPA:17598)
GO:0005737	cytoplasm	part_of(EMAPA:17600
GO:0005737	cytoplasm	part_of(EMAPA:17600
GO:0005886	plasma membrane	part_of(EMAPA:17600
GO:0005634	nucleus	part_of(EMAPA:17600
GO:0005634	nucleus	part_of(EMAPA:17600
GO:0005737	cytoplasm	part_of(EMAPA:17602
GO:0030424	axon	part_of(EMAPA:17603
GO:0005883	neurofilament	part_of(EMAPA:17603
GO:0044297	cell body	part_of(EMAPA:17603
GO:0043025	neuronal cell body	part_of(EMAPA:17603
GO:0042995	cell projection	part_of(EMAPA:17603
GO:0005622	intracellular	part_of(EMAPA:17604
GO:0030424	axon	part_of(EMAPA:17604
GO:0043025	neuronal cell body	part_of(EMAPA:17604
GO:0005829	cytosol	part_of(EMAPA:17604
GO:0030424	axon	part_of(EMAPA:17604
GO:0005938	cell cortex	part_of(EMAPA:17604
GO:0031514	motile cilium	part_of(EMAPA:17605
GO:0005764	lysosome	part_of(EMAPA:17606
GO:0005739	mitochondrion	part_of(EMAPA:17606
GO:0005929	cilium	part_of(EMAPA:17606
GO:0005769	early endosome	part_of(EMAPA:17606
GO:0097730	non-motile cilium	part_of(EMAPA:17606
GO:0005783	endoplasmic reticulum	part_of(EMAPA:17606
GO:0030424	axon	part_of(EMAPA:17606
GO:0030424	axon	part_of(EMAPA:17606
GO:0009986	cell surface	part_of(EMAPA:17606
GO:0030424	axon	part_of(EMAPA:17606)
GO:0043005	neuron projection	part_of(EMAPA:17606)
GO:0005737	cytoplasm	part_of(EMAPA:17606)
GO:0043025	neuronal cell body	part_of(EMAPA:17606)
GO:0005929	cilium	part_of(EMAPA:17606)
GO:0005801	cis-Golgi network	part_of(EMAPA:17606)
GO:0005794	Golgi apparatus	part_of(EMAPA:17606)
GO:0005604	basement membrane	part_of(EMAPA:17625)
GO:0030424	axon	part_of(EMAPA:17637
GO:0005634	nucleus	part_of(EMAPA:17655
GO:0005634	nucleus	part_of(EMAPA:17655
GO:0005634	nucleus	part_of(EMAPA:17655
GO:0005634	nucleus	part_of(EMAPA:17655
GO:0005634	nucleus	part_of(EMAPA:17655
GO:0005634	nucleus	part_of(EMAPA:17655
GO:0005634	nucleus	part_of(EMAPA:17655
GO:0005634	nucleus	part_of(EMAPA:17655
GO:0005737	cytoplasm	part_of(EMAPA:17655
GO:0005737	cytoplasm	part_of(EMAPA:17655
GO:0045177	apical part of cell	part_of(EMAPA:17655
GO:0045177	apical part of cell	part_of(EMAPA:17655
GO:0005654	nucleoplasm	part_of(EMAPA:17655
GO:0005634	nucleus	part_of(EMAPA:17655
GO:0005634	nucleus	part_of(EMAPA:17655
GO:0005634	nucleus	part_of(EMAPA:17655
GO:0005634	nucleus	part_of(EMAPA:17655
GO:0005634	nucleus	part_of(EMAPA:17655
GO:0005634	nucleus	part_of(EMAPA:17655
GO:0005634	nucleus	part_of(EMAPA:17655
GO:0005634	nucleus	part_of(EMAPA:17655)
GO:0005622	intracellular	part_of(EMAPA:17655)
GO:0005737	cytoplasm	part_of(EMAPA:17655)
GO:0005929	cilium	part_of(EMAPA:17655)
GO:0005634	nucleus	part_of(EMAPA:17656
GO:0005737	cytoplasm	part_of(EMAPA:17658
GO:0005634	nucleus	part_of(EMAPA:17658
GO:0005604	basement membrane	part_of(EMAPA:17658
GO:0005634	nucleus	part_of(EMAPA:17663
GO:0005634	nucleus	part_of(EMAPA:17663
GO:0005634	nucleus	part_of(EMAPA:17663
GO:0005634	nucleus	part_of(EMAPA:17663
GO:0005634	nucleus	part_of(EMAPA:17663
GO:0005634	nucleus	part_of(EMAPA:17663
GO:0005634	nucleus	part_of(EMAPA:17663
GO:0005634	nucleus	part_of(EMAPA:17663
GO:0005737	cytoplasm	part_of(EMAPA:17663
GO:0005737	cytoplasm	part_of(EMAPA:17663
GO:0045177	apical part of cell	part_of(EMAPA:17663
GO:0045177	apical part of cell	part_of(EMAPA:17663
GO:0005654	nucleoplasm	part_of(EMAPA:17663
GO:0005634	nucleus	part_of(EMAPA:17663
GO:0005634	nucleus	part_of(EMAPA:17663
GO:0005634	nucleus	part_of(EMAPA:17663
GO:0005634	nucleus	part_of(EMAPA:17663
GO:0005634	nucleus	part_of(EMAPA:17663
GO:0005634	nucleus	part_of(EMAPA:17663
GO:0005634	nucleus	part_of(EMAPA:17663
GO:0016324	apical plasma membrane	part_of(EMAPA:17663
GO:0016324	apical plasma membrane	part_of(EMAPA:17663
GO:0005737	cytoplasm	part_of(EMAPA:17663)
GO:0005737	cytoplasm	part_of(EMAPA:17663)
GO:0005634	nucleus	part_of(EMAPA:17663)
GO:0005604	basement membrane	part_of(EMAPA:17666
GO:0036064	ciliary basal body	part_of(EMAPA:17672
GO:0030018	Z disc	part_of(EMAPA:17701
GO:0030315	T-tubule	part_of(EMAPA:17701
GO:0030314	junctional membrane complex	part_of(EMAPA:17701
GO:0045211	postsynaptic membrane	part_of(EMAPA:17701
GO:0045211	postsynaptic membrane	part_of(EMAPA:17701
GO:0005886	plasma membrane	part_of(EMAPA:17751
GO:0005604	basement membrane	part_of(EMAPA:17751)
GO:0005604	basement membrane	part_of(EMAPA:17751)
GO:0005604	basement membrane	part_of(EMAPA:17751)
GO:0005634	nucleus	part_of(EMAPA:17751)
GO:0009897	external side of plasma membrane	part_of(EMAPA:17755)
GO:0005911	cell-cell junction	part_of(EMAPA:17756
GO:0016324	apical plasma membrane	part_of(EMAPA:17759
GO:0005737	cytoplasm	part_of(EMAPA:17759)
GO:0005764	lysosome	part_of(EMAPA:17759)
GO:0005634	nucleus	part_of(EMAPA:17759)
GO:0045121	membrane raft	part_of(EMAPA:17759)
GO:0005615	extracellular space	part_of(EMAPA:17759)
GO:0005829	cytosol	part_of(EMAPA:17759)
GO:0005901	caveola	part_of(EMAPA:17759)
GO:0005739	mitochondrion	part_of(EMAPA:17759)
GO:0009986	cell surface	part_of(EMAPA:17760
GO:0005634	nucleus	part_of(EMAPA:17760
GO:0005634	nucleus	part_of(EMAPA:17760
GO:0005737	cytoplasm	part_of(EMAPA:17760
GO:0005634	nucleus	part_of(EMAPA:17760
GO:0005886	plasma membrane	part_of(EMAPA:17760
GO:0005634	nucleus	part_of(EMAPA:17760
GO:0005634	nucleus	part_of(EMAPA:17760
GO:0005737	cytoplasm	part_of(EMAPA:17760
GO:0005737	cytoplasm	part_of(EMAPA:17760
GO:0005802	trans-Golgi network	part_of(EMAPA:17760
GO:0005634	nucleus	part_of(EMAPA:17760)
GO:0005578	proteinaceous extracellular matrix	part_of(EMAPA:17760)
GO:0005634	nucleus	part_of(EMAPA:17760)
GO:0005634	nucleus	part_of(EMAPA:17760)
GO:0009986	cell surface	part_of(EMAPA:17760)
GO:0005634	nucleus	part_of(EMAPA:17760)
GO:0005737	cytoplasm	part_of(EMAPA:17760)
GO:0005634	nucleus	part_of(EMAPA:17761
GO:0005634	nucleus	part_of(EMAPA:17761
GO:0005634	nucleus	part_of(EMAPA:17761
GO:0005634	nucleus	part_of(EMAPA:17761)
GO:0005634	nucleus	part_of(EMAPA:17761)
GO:0005886	plasma membrane	part_of(EMAPA:17775
GO:0005634	nucleus	part_of(EMAPA:17778
GO:0030424	axon	part_of(EMAPA:17778
GO:0030426	growth cone	part_of(EMAPA:17778)
GO:0030424	axon	part_of(EMAPA:17787
GO:0043025	neuronal cell body	part_of(EMAPA:17787
GO:0045202	synapse	part_of(EMAPA:17787
GO:0043204	perikaryon	part_of(EMAPA:17787
GO:0014069	postsynaptic density	part_of(EMAPA:17787
GO:0005634	nucleus	part_of(EMAPA:17787
GO:0005634	nucleus	part_of(EMAPA:17787
GO:0033269	internode region of axon	part_of(EMAPA:17787
GO:0043203	axon hillock	part_of(EMAPA:17787
GO:0005764	lysosome	part_of(EMAPA:17787
GO:0005737	cytoplasm	part_of(EMAPA:17787
GO:0043195	terminal bouton	part_of(EMAPA:17787
GO:0043204	perikaryon	part_of(EMAPA:17787
GO:0043209	myelin sheath	part_of(EMAPA:17787
GO:0005769	early endosome	part_of(EMAPA:17787
GO:0043025	neuronal cell body	part_of(EMAPA:17787
GO:0005737	cytoplasm	part_of(EMAPA:17787
GO:0043025	neuronal cell body	part_of(EMAPA:17787
GO:0005615	extracellular space	part_of(EMAPA:17787
GO:0005634	nucleus	part_of(EMAPA:17787
GO:0043005	neuron projection	part_of(EMAPA:17787
GO:0030425	dendrite	part_of(EMAPA:17787
GO:0042995	cell projection	part_of(EMAPA:17787
GO:0005634	nucleus	part_of(EMAPA:17787
GO:0045202	synapse	part_of(EMAPA:17787
GO:0045202	synapse	part_of(EMAPA:17787
GO:0005634	nucleus	part_of(EMAPA:17787
GO:0005886	plasma membrane	part_of(EMAPA:17787
GO:0030424	axon	part_of(EMAPA:17787
GO:0030425	dendrite	part_of(EMAPA:17787
GO:0033270	paranode region of axon	part_of(EMAPA:17787
GO:0005634	nucleus	part_of(EMAPA:17787
GO:0005777	peroxisome	part_of(EMAPA:17787
GO:0005777	peroxisome	part_of(EMAPA:17787
GO:0030424	axon	part_of(EMAPA:17787
GO:0030424	axon	part_of(EMAPA:17787
GO:0005737	cytoplasm	part_of(EMAPA:17787
GO:0043025	neuronal cell body	part_of(EMAPA:17787
GO:0005737	cytoplasm	part_of(EMAPA:17787
GO:0005737	cytoplasm	part_of(EMAPA:17787
GO:0044224	juxtaparanode region of axon	part_of(EMAPA:17787
GO:0030424	axon	part_of(EMAPA:17787
GO:0030424	axon	part_of(EMAPA:17787
GO:0030424	axon	part_of(EMAPA:17787
GO:0030424	axon	part_of(EMAPA:17787
GO:0030424	axon	part_of(EMAPA:17787
GO:0045202	synapse	part_of(EMAPA:17787
GO:0045202	synapse	part_of(EMAPA:17787
GO:0005634	nucleus	part_of(EMAPA:17787
GO:0005634	nucleus	part_of(EMAPA:17787
GO:0048471	perinuclear region of cytoplasm	part_of(EMAPA:17787
GO:0005770	late endosome	part_of(EMAPA:17787
GO:0014069	postsynaptic density	part_of(EMAPA:17787
GO:0009986	cell surface	part_of(EMAPA:17787
GO:0009986	cell surface	part_of(EMAPA:17787
GO:0009986	cell surface	part_of(EMAPA:17787
GO:0009986	cell surface	part_of(EMAPA:17787
GO:0009986	cell surface	part_of(EMAPA:17787
GO:0043025	neuronal cell body	part_of(EMAPA:17787
GO:0005634	nucleus	part_of(EMAPA:17787
GO:0005634	nucleus	part_of(EMAPA:17787)
GO:0016459	myosin complex	part_of(EMAPA:17787)
GO:0014069	postsynaptic density	part_of(EMAPA:17787)
GO:0005634	nucleus	part_of(EMAPA:17787)
GO:0045202	synapse	part_of(EMAPA:17787)
GO:0005891	voltage-gated calcium channel complex	part_of(EMAPA:17787)
GO:0030868	smooth endoplasmic reticulum membrane	part_of(EMAPA:17787)
GO:0005783	endoplasmic reticulum	part_of(EMAPA:17787)
GO:0043025	neuronal cell body	part_of(EMAPA:17787)
GO:0030424	axon	part_of(EMAPA:17797
GO:0030424	axon	part_of(EMAPA:17797
GO:0030424	axon	part_of(EMAPA:17797
GO:0009986	cell surface	part_of(EMAPA:17797
GO:0009986	cell surface	part_of(EMAPA:17797
GO:0032420	stereocilium	part_of(EMAPA:17815
GO:0005634	nucleus	part_of(EMAPA:17815
GO:0005737	cytoplasm	part_of(EMAPA:17821
GO:0005634	nucleus	part_of(EMAPA:17838
GO:0005886	plasma membrane	part_of(EMAPA:17838
GO:0005622	intracellular	part_of(EMAPA:17838
GO:0005886	plasma membrane	part_of(EMAPA:17838)
GO:0030054	cell junction	part_of(EMAPA:17838)
GO:0005634	nucleus	part_of(EMAPA:17838)
GO:0005634	nucleus	part_of(EMAPA:17838)
GO:0005634	nucleus	part_of(EMAPA:17839
GO:0005634	nucleus	part_of(EMAPA:17840
GO:0005634	nucleus	part_of(EMAPA:17841
GO:0005913	cell-cell adherens junction	part_of(EMAPA:17841
GO:0016020	membrane	part_of(EMAPA:17841)
GO:0005882	intermediate filament	part_of(EMAPA:17841)
GO:0009897	external side of plasma membrane	part_of(EMAPA:17841)
GO:0030424	axon	part_of(EMAPA:17846
GO:0030424	axon	part_of(EMAPA:17846
GO:0030424	axon	part_of(EMAPA:17846
GO:0030424	axon	part_of(EMAPA:17846
GO:0009986	cell surface	part_of(EMAPA:17846
GO:0009986	cell surface	part_of(EMAPA:17846
GO:0005634	nucleus	part_of(EMAPA:17869)
GO:0005578	proteinaceous extracellular matrix	part_of(EMAPA:17869)
GO:0005634	nucleus	part_of(EMAPA:17881
GO:0005634	nucleus	part_of(EMAPA:17881
GO:0030424	axon	part_of(EMAPA:17881
GO:0005634	nucleus	part_of(EMAPA:17900
GO:0005634	nucleus	part_of(EMAPA:17900
GO:0005634	nucleus	part_of(EMAPA:17902
GO:0005913	cell-cell adherens junction	part_of(EMAPA:17902
GO:0005634	nucleus	part_of(EMAPA:17916)
GO:0005634	nucleus	part_of(EMAPA:17916)
GO:0005634	nucleus	part_of(EMAPA:17916)
GO:0005634	nucleus	part_of(EMAPA:17916)
GO:0005634	nucleus	part_of(EMAPA:17916)
GO:0005737	cytoplasm	part_of(EMAPA:17916)
GO:0005737	cytoplasm	part_of(EMAPA:17916)
GO:0005737	cytoplasm	part_of(EMAPA:17916)
GO:0005737	cytoplasm	part_of(EMAPA:17916)
GO:0005737	cytoplasm	part_of(EMAPA:17916)
GO:0030424	axon	part_of(EMAPA:17917
GO:0005634	nucleus	part_of(EMAPA:17917)
GO:0005886	plasma membrane	part_of(EMAPA:17918
GO:0005886	plasma membrane	part_of(EMAPA:17918
GO:0005886	plasma membrane	part_of(EMAPA:17918)
GO:0005886	plasma membrane	part_of(EMAPA:17921
GO:0005886	plasma membrane	part_of(EMAPA:17921)
GO:0030054	cell junction	part_of(EMAPA:17922)
GO:0005578	proteinaceous extracellular matrix	part_of(EMAPA:17930)
GO:0005604	basement membrane	part_of(EMAPA:17930)
GO:0005578	proteinaceous extracellular matrix	part_of(EMAPA:17931)
GO:0005578	proteinaceous extracellular matrix	part_of(EMAPA:17931)
GO:0005578	proteinaceous extracellular matrix	part_of(EMAPA:17931)
GO:0005604	basement membrane	part_of(EMAPA:17931)
GO:0005604	basement membrane	part_of(EMAPA:17931)
GO:0005615	extracellular space	part_of(EMAPA:17936
GO:0030424	axon	part_of(EMAPA:17938
GO:0005604	basement membrane	part_of(EMAPA:17950
GO:0005604	basement membrane	part_of(EMAPA:17950
GO:0005604	basement membrane	part_of(EMAPA:17950
GO:0005604	basement membrane	part_of(EMAPA:17950
GO:0005604	basement membrane	part_of(EMAPA:17950)
GO:0005604	basement membrane	part_of(EMAPA:17950)
GO:0005634	nucleus	part_of(EMAPA:17952
GO:0031526	brush border membrane	part_of(EMAPA:17952)
GO:0016020	membrane	part_of(EMAPA:17952)
GO:0005923	bicellular tight junction	part_of(EMAPA:17952)
GO:0045177	apical part of cell	part_of(EMAPA:17952)
GO:0005923	bicellular tight junction	part_of(EMAPA:17952)
GO:0005634	nucleus	part_of(EMAPA:17954
GO:0009897	external side of plasma membrane	part_of(EMAPA:17962
GO:0031514	motile cilium	part_of(EMAPA:17962
GO:0005634	nucleus	part_of(EMAPA:17962
GO:0005634	nucleus	part_of(EMAPA:17962
GO:0005634	nucleus	part_of(EMAPA:17962
GO:0005737	cytoplasm	part_of(EMAPA:17962
GO:0042585	germinal vesicle	part_of(EMAPA:17962
GO:0016581	NuRD complex	part_of(EMAPA:17962
GO:0005737	cytoplasm	part_of(EMAPA:17962
GO:0005634	nucleus	part_of(EMAPA:17962
GO:0005737	cytoplasm	part_of(EMAPA:17962
GO:0001674	female germ cell nucleus	part_of(EMAPA:17962
GO:0008278	cohesin complex	part_of(EMAPA:17962)
GO:0005737	cytoplasm	part_of(EMAPA:17962)
GO:0005634	nucleus	part_of(EMAPA:17962)
GO:0005737	cytoplasm	part_of(EMAPA:17962)
GO:0005737	cytoplasm	part_of(EMAPA:17965
GO:0000800	lateral element	part_of(EMAPA:17965
GO:0005829	cytosol	part_of(EMAPA:17965
GO:0000802	transverse filament	part_of(EMAPA:17965
GO:0005634	nucleus	part_of(EMAPA:17965
GO:0005634	nucleus	part_of(EMAPA:17965
GO:0015630	microtubule cytoskeleton	part_of(EMAPA:17965
GO:0000793	condensed chromosome	part_of(EMAPA:17965
GO:0001674	female germ cell nucleus	part_of(EMAPA:17965
GO:0000794	condensed nuclear chromosome	part_of(EMAPA:17965
GO:0045120	pronucleus	part_of(EMAPA:17965)
GO:0005634	nucleus	part_of(EMAPA:17965)
GO:0005634	nucleus	part_of(EMAPA:17965)
GO:0005634	nucleus	part_of(EMAPA:17965)
GO:0005737	cytoplasm	part_of(EMAPA:17965)
GO:0005737	cytoplasm	part_of(EMAPA:17972
GO:0015629	actin cytoskeleton	part_of(EMAPA:17972
GO:0045171	intercellular bridge	part_of(EMAPA:17972
GO:0005635	nuclear envelope	part_of(EMAPA:17972
GO:0002177	manchette	part_of(EMAPA:17972
GO:0005634	nucleus	part_of(EMAPA:17972
GO:0005634	nucleus	part_of(EMAPA:17972
GO:0005634	nucleus	part_of(EMAPA:17972
GO:0005634	nucleus	part_of(EMAPA:17972
GO:0005634	nucleus	part_of(EMAPA:17972
GO:0005634	nucleus	part_of(EMAPA:17972
GO:0005634	nucleus	part_of(EMAPA:17972
GO:0005634	nucleus	part_of(EMAPA:17972
GO:0005634	nucleus	part_of(EMAPA:17972
GO:0005634	nucleus	part_of(EMAPA:17972
GO:0005634	nucleus	part_of(EMAPA:17972
GO:0001669	acrosomal vesicle	part_of(EMAPA:17972
GO:0009897	external side of plasma membrane	part_of(EMAPA:17972
GO:0030992	intraciliary transport particle B	part_of(EMAPA:17972
GO:0005737	cytoplasm	part_of(EMAPA:17972
GO:0005634	nucleus	part_of(EMAPA:17972
GO:0005882	intermediate filament	part_of(EMAPA:17972
GO:0005634	nucleus	part_of(EMAPA:17972
GO:0005622	intracellular	part_of(EMAPA:17972
GO:0001669	acrosomal vesicle	part_of(EMAPA:17972
GO:0001669	acrosomal vesicle	part_of(EMAPA:17972
GO:0005794	Golgi apparatus	part_of(EMAPA:17972
GO:0005794	Golgi apparatus	part_of(EMAPA:17972
GO:0005634	nucleus	part_of(EMAPA:17972
GO:0005634	nucleus	part_of(EMAPA:17972
GO:0005813	centrosome	part_of(EMAPA:17972
GO:0005634	nucleus	part_of(EMAPA:17972
GO:0001741	XY body	part_of(EMAPA:17972
GO:0005930	axoneme	part_of(EMAPA:17972
GO:0045171	intercellular bridge	part_of(EMAPA:17972
GO:0001673	male germ cell nucleus	part_of(EMAPA:17972
GO:0001673	male germ cell nucleus	part_of(EMAPA:17972
GO:0005622	intracellular	part_of(EMAPA:17972
GO:0005622	intracellular	part_of(EMAPA:17972
GO:0005634	nucleus	part_of(EMAPA:17972
GO:0005737	cytoplasm	part_of(EMAPA:17972
GO:0005737	cytoplasm	part_of(EMAPA:17972
GO:0005737	cytoplasm	part_of(EMAPA:17972
GO:0005634	nucleus	part_of(EMAPA:17972
GO:0005634	nucleus	part_of(EMAPA:17972
GO:0005634	nucleus	part_of(EMAPA:17972
GO:0005634	nucleus	part_of(EMAPA:17972
GO:0000806	Y chromosome	part_of(EMAPA:17972
GO:0005634	nucleus	part_of(EMAPA:17972
GO:0005634	nucleus	part_of(EMAPA:17972
GO:0000795	synaptonemal complex	part_of(EMAPA:17972
GO:0000784	nuclear chromosome, telomeric region	part_of(EMAPA:17972
GO:0000794	condensed nuclear chromosome	part_of(EMAPA:17972
GO:0005634	nucleus	part_of(EMAPA:17972
GO:0005634	nucleus	part_of(EMAPA:17972
GO:0097225	sperm midpiece	part_of(EMAPA:17972
GO:0097228	sperm principal piece	part_of(EMAPA:17972
GO:0005634	nucleus	part_of(EMAPA:17972
GO:0005634	nucleus	part_of(EMAPA:17972
GO:0005635	nuclear envelope	part_of(EMAPA:17972
GO:0005634	nucleus	part_of(EMAPA:17972
GO:0005634	nucleus	part_of(EMAPA:17972
GO:0000781	chromosome, telomeric region	part_of(EMAPA:17972
GO:0048471	perinuclear region of cytoplasm	part_of(EMAPA:17972
GO:0005829	cytosol	part_of(EMAPA:17972
GO:0001673	male germ cell nucleus	part_of(EMAPA:17972
GO:0001673	male germ cell nucleus	part_of(EMAPA:17972
GO:0001673	male germ cell nucleus	part_of(EMAPA:17972
GO:0000793	condensed chromosome	part_of(EMAPA:17972
GO:0005634	nucleus	part_of(EMAPA:17972
GO:0005634	nucleus	part_of(EMAPA:17972
GO:0005634	nucleus	part_of(EMAPA:17972
GO:0001673	male germ cell nucleus	part_of(EMAPA:17972
GO:0012506	vesicle membrane	part_of(EMAPA:17972
GO:0012506	vesicle membrane	part_of(EMAPA:17972
GO:0031410	cytoplasmic vesicle	part_of(EMAPA:17972
GO:0005911	cell-cell junction	part_of(EMAPA:17972
GO:0005634	nucleus	part_of(EMAPA:17972
GO:0005783	endoplasmic reticulum	part_of(EMAPA:17972
GO:0000805	X chromosome	part_of(EMAPA:17972
GO:0005737	cytoplasm	part_of(EMAPA:17972
GO:0005737	cytoplasm	part_of(EMAPA:17972
GO:0031010	ISWI-type complex	part_of(EMAPA:17972)
GO:0022627	cytosolic small ribosomal subunit	part_of(EMAPA:17972)
GO:0034464	BBSome	part_of(EMAPA:17972)
GO:0005634	nucleus	part_of(EMAPA:17972)
GO:0005634	nucleus	part_of(EMAPA:17972)
GO:0005634	nucleus	part_of(EMAPA:17972)
GO:0030990	intraciliary transport particle	part_of(EMAPA:17972)
GO:0030529	intracellular ribonucleoprotein complex	part_of(EMAPA:17972)
GO:0043186	P granule	part_of(EMAPA:17972)
GO:0016020	membrane	part_of(EMAPA:17972)
GO:0005794	Golgi apparatus	part_of(EMAPA:17972)
GO:0030992	intraciliary transport particle B	part_of(EMAPA:17972)
GO:0005844	polysome	part_of(EMAPA:17972)
GO:0005622	intracellular	part_of(EMAPA:17972)
GO:0030992	intraciliary transport particle B	part_of(EMAPA:17972)
GO:0016021	integral component of membrane	part_of(EMAPA:17972)
GO:0005634	nucleus	part_of(EMAPA:17972)
GO:0005737	cytoplasm	part_of(EMAPA:17972)
GO:0030992	intraciliary transport particle B	part_of(EMAPA:17972)
GO:0001741	XY body	part_of(EMAPA:17972)
GO:0034464	BBSome	part_of(EMAPA:17972)
GO:0000790	nuclear chromatin	part_of(EMAPA:17972)
GO:0005672	transcription factor TFIIA complex	part_of(EMAPA:17972)
GO:0005737	cytoplasm	part_of(EMAPA:17972)
GO:0034464	BBSome	part_of(EMAPA:17972)
GO:0030990	intraciliary transport particle	part_of(EMAPA:17972)
GO:0005783	endoplasmic reticulum	part_of(EMAPA:17972)
GO:0000806	Y chromosome	part_of(EMAPA:17972)
GO:0030849	autosome	part_of(EMAPA:17972)
GO:0034702	ion channel complex	part_of(EMAPA:17972)
GO:0016020	membrane	part_of(EMAPA:17972)
GO:0030990	intraciliary transport particle	part_of(EMAPA:17972)
GO:0022625	cytosolic large ribosomal subunit	part_of(EMAPA:17972)
GO:0005923	bicellular tight junction	part_of(EMAPA:17972)
GO:0030992	intraciliary transport particle B	part_of(EMAPA:17972)
GO:0000805	X chromosome	part_of(EMAPA:17972)
GO:0005634	nucleus	part_of(EMAPA:17975
GO:0005634	nucleus	part_of(EMAPA:17975
GO:0005634	nucleus	part_of(EMAPA:17975)
GO:0005634	nucleus	part_of(EMAPA:17975)
GO:0005634	nucleus	part_of(EMAPA:17982
GO:0005634	nucleus	part_of(EMAPA:17987
GO:0005634	nucleus	part_of(EMAPA:17992
GO:0005634	nucleus	part_of(EMAPA:17998
GO:0005578	proteinaceous extracellular matrix	part_of(EMAPA:18010)
GO:0005583	fibrillar collagen trimer	part_of(EMAPA:18010)
GO:0005578	proteinaceous extracellular matrix	part_of(EMAPA:18042)
GO:0001533	cornified envelope	part_of(EMAPA:18051
GO:0001533	cornified envelope	part_of(EMAPA:18051)
GO:0030424	axon	part_of(EMAPA:18206
GO:0030424	axon	part_of(EMAPA:18206)
GO:0030424	axon	part_of(EMAPA:18206)
GO:0097730	non-motile cilium	part_of(EMAPA:18207)
GO:0030016	myofibril	part_of(EMAPA:18234)
GO:0001527	microfibril	part_of(EMAPA:18237
GO:0001527	microfibril	part_of(EMAPA:18237)
GO:0005634	nucleus	part_of(EMAPA:18247)
GO:0009897	external side of plasma membrane	part_of(EMAPA:18248
GO:0009897	external side of plasma membrane	part_of(EMAPA:18248
GO:0005886	plasma membrane	part_of(EMAPA:18248
GO:0005737	cytoplasm	part_of(EMAPA:18271
GO:0005887	integral component of plasma membrane	part_of(EMAPA:18271
GO:0030424	axon	part_of(EMAPA:18271
GO:0030424	axon	part_of(EMAPA:18271
GO:0005604	basement membrane	part_of(EMAPA:18290)
GO:0005604	basement membrane	part_of(EMAPA:18293)
GO:0030054	cell junction	part_of(EMAPA:18295)
GO:0005886	plasma membrane	part_of(EMAPA:18295)
GO:0005886	plasma membrane	part_of(EMAPA:18295)
GO:0005634	nucleus	part_of(EMAPA:18296)
GO:0005886	plasma membrane	part_of(EMAPA:18297)
GO:0005886	plasma membrane	part_of(EMAPA:18297)
GO:0005604	basement membrane	part_of(EMAPA:18299)
GO:0005578	proteinaceous extracellular matrix	part_of(EMAPA:18310)
GO:0005578	proteinaceous extracellular matrix	part_of(EMAPA:18315)
GO:0005578	proteinaceous extracellular matrix	part_of(EMAPA:18320)
GO:0030424	axon	part_of(EMAPA:18321
GO:0005634	nucleus	part_of(EMAPA:18321
GO:0031240	external side of cell outer membrane	part_of(EMAPA:18321
GO:0043005	neuron projection	part_of(EMAPA:18321
GO:0005634	nucleus	part_of(EMAPA:18321)
GO:0016020	membrane	part_of(EMAPA:18321)
GO:0031410	cytoplasmic vesicle	part_of(EMAPA:18426
GO:0016020	membrane	part_of(EMAPA:18426)
GO:0005794	Golgi apparatus	part_of(EMAPA:18427)
GO:0005634	nucleus	part_of(EMAPA:18428
GO:0097730	non-motile cilium	part_of(EMAPA:18444
GO:0005794	Golgi apparatus	part_of(EMAPA:18444
GO:0005634	nucleus	part_of(EMAPA:18513
GO:0042383	sarcolemma	part_of(EMAPA:18521
GO:0016021	integral component of membrane	part_of(EMAPA:18537
GO:0005856	cytoskeleton	part_of(EMAPA:18537)
GO:0005886	plasma membrane	part_of(EMAPA:18537)
GO:0005886	plasma membrane	part_of(EMAPA:18537)
GO:0045177	apical part of cell	part_of(EMAPA:18543
GO:0005604	basement membrane	part_of(EMAPA:18547)
GO:0005737	cytoplasm	part_of(EMAPA:18577
GO:0005737	cytoplasm	part_of(EMAPA:18577
GO:0005737	cytoplasm	part_of(EMAPA:18577
GO:0043220	Schmidt-Lanterman incisure	part_of(EMAPA:18577
GO:0044224	juxtaparanode region of axon	part_of(EMAPA:18577
GO:0031410	cytoplasmic vesicle	part_of(EMAPA:18577
GO:0005634	nucleus	part_of(EMAPA:18577
GO:0033010	paranodal junction	part_of(EMAPA:18577
GO:0030424	axon	part_of(EMAPA:18577
GO:0043209	myelin sheath	part_of(EMAPA:18577)
GO:0033270	paranode region of axon	part_of(EMAPA:18577)
GO:0033010	paranodal junction	part_of(EMAPA:18577)
GO:0044224	juxtaparanode region of axon	part_of(EMAPA:18577)
GO:0033268	node of Ranvier	part_of(EMAPA:18577)
GO:0033270	paranode region of axon	part_of(EMAPA:18577)
GO:0033270	paranode region of axon	part_of(EMAPA:18577)
GO:0043005	neuron projection	part_of(EMAPA:18590
GO:0005737	cytoplasm	part_of(EMAPA:18590)
GO:0030424	axon	part_of(EMAPA:18591
GO:0030424	axon	part_of(EMAPA:18591
GO:0009986	cell surface	part_of(EMAPA:18591
GO:0009986	cell surface	part_of(EMAPA:18591
GO:0005581	collagen trimer	part_of(EMAPA:18601)
GO:0005578	proteinaceous extracellular matrix	part_of(EMAPA:18601)
GO:0005739	mitochondrion	part_of(EMAPA:18603
GO:0005737	cytoplasm	part_of(EMAPA:18609
GO:0005634	nucleus	part_of(EMAPA:18631)
GO:0016020	membrane	part_of(EMAPA:18631)
GO:0005783	endoplasmic reticulum	part_of(EMAPA:18631)
GO:0005829	cytosol	part_of(EMAPA:18631)
GO:0005622	intracellular	part_of(EMAPA:18631)
GO:0031965	nuclear membrane	part_of(EMAPA:18631)
GO:0005634	nucleus	part_of(EMAPA:18631)
GO:0005737	cytoplasm	part_of(EMAPA:18631)
GO:0030424	axon	part_of(EMAPA:18654
GO:0016324	apical plasma membrane	part_of(EMAPA:18666
GO:0016328	lateral plasma membrane	part_of(EMAPA:18666
GO:0016328	lateral plasma membrane	part_of(EMAPA:18666
GO:0005737	cytoplasm	part_of(EMAPA:18666
GO:0016323	basolateral plasma membrane	part_of(EMAPA:18666
GO:0005737	cytoplasm	part_of(EMAPA:18666)
GO:0005634	nucleus	part_of(EMAPA:18666)
GO:0005923	bicellular tight junction	part_of(EMAPA:18666)
GO:0005634	nucleus	part_of(EMAPA:18680)
GO:0005737	cytoplasm	part_of(EMAPA:18681
GO:0045177	apical part of cell	part_of(EMAPA:18681)
GO:0005634	nucleus	part_of(EMAPA:18685
GO:0005737	cytoplasm	part_of(EMAPA:18686
GO:0005737	cytoplasm	part_of(EMAPA:18686
GO:0005634	nucleus	part_of(EMAPA:18686
GO:0005930	axoneme	part_of(EMAPA:18686
GO:0005737	cytoplasm	part_of(EMAPA:18686
GO:0001669	acrosomal vesicle	part_of(EMAPA:18686
GO:0005794	Golgi apparatus	part_of(EMAPA:18686
GO:0005634	nucleus	part_of(EMAPA:18686
GO:0001741	XY body	part_of(EMAPA:18686
GO:0005737	cytoplasm	part_of(EMAPA:18686)
GO:0005813	centrosome	part_of(EMAPA:18686)
GO:0036126	sperm flagellum	part_of(EMAPA:18686)
GO:0016607	nuclear speck	part_of(EMAPA:18687)
GO:0042382	paraspeckles	part_of(EMAPA:18687)
GO:0005585	collagen type II trimer	part_of(EMAPA:18722
GO:0009897	external side of plasma membrane	part_of(EMAPA:18767
GO:0009897	external side of plasma membrane	part_of(EMAPA:18767
GO:0009897	external side of plasma membrane	part_of(EMAPA:18767
GO:0009897	external side of plasma membrane	part_of(EMAPA:18767
GO:0009897	external side of plasma membrane	part_of(EMAPA:18767
GO:0009897	external side of plasma membrane	part_of(EMAPA:18767
GO:0009897	external side of plasma membrane	part_of(EMAPA:18767
GO:0009897	external side of plasma membrane	part_of(EMAPA:18767
GO:0005604	basement membrane	part_of(EMAPA:18767
GO:0009897	external side of plasma membrane	part_of(EMAPA:18767
GO:0005578	proteinaceous extracellular matrix	part_of(EMAPA:18767
GO:0019815	B cell receptor complex	part_of(EMAPA:18767
GO:0000790	nuclear chromatin	part_of(EMAPA:18767
GO:0005634	nucleus	part_of(EMAPA:18767
GO:0005737	cytoplasm	part_of(EMAPA:18767)
GO:0009897	external side of plasma membrane	part_of(EMAPA:18767)
GO:0042613	MHC class II protein complex	part_of(EMAPA:18767)
GO:0009897	external side of plasma membrane	part_of(EMAPA:18767)
GO:0009897	external side of plasma membrane	part_of(EMAPA:18767)
GO:0009897	external side of plasma membrane	part_of(EMAPA:18767)
GO:0005654	nucleoplasm	part_of(EMAPA:18767)
GO:0005829	cytosol	part_of(EMAPA:18767)
GO:0016020	membrane	part_of(EMAPA:18767)
GO:0009897	external side of plasma membrane	part_of(EMAPA:18767)
GO:0042613	MHC class II protein complex	part_of(EMAPA:18767)
GO:0009897	external side of plasma membrane	part_of(EMAPA:18768
GO:0005622	intracellular	part_of(EMAPA:18768
GO:0005886	plasma membrane	part_of(EMAPA:18768
GO:0009897	external side of plasma membrane	part_of(EMAPA:18768
GO:0009897	external side of plasma membrane	part_of(EMAPA:18768
GO:0009897	external side of plasma membrane	part_of(EMAPA:18768
GO:0005604	basement membrane	part_of(EMAPA:18768
GO:0009897	external side of plasma membrane	part_of(EMAPA:18768
GO:0016459	myosin complex	part_of(EMAPA:18768)
GO:0009897	external side of plasma membrane	part_of(EMAPA:18768)
GO:0005829	cytosol	part_of(EMAPA:18768)
GO:0009897	external side of plasma membrane	part_of(EMAPA:18768)
GO:0009897	external side of plasma membrane	part_of(EMAPA:18768)
GO:0005634	nucleus	part_of(EMAPA:18770
GO:0005634	nucleus	part_of(EMAPA:18771
GO:0005634	nucleus	part_of(EMAPA:18771
GO:0005634	nucleus	part_of(EMAPA:18771)
GO:0005923	bicellular tight junction	part_of(EMAPA:18771)
GO:0045095	keratin filament	part_of(EMAPA:18771)
GO:0005634	nucleus	part_of(EMAPA:18771)
GO:0005634	nucleus	part_of(EMAPA:18771)
GO:0005634	nucleus	part_of(EMAPA:18771)
GO:0016020	membrane	part_of(EMAPA:18771)
GO:0005886	plasma membrane	part_of(EMAPA:18771)
GO:0005913	cell-cell adherens junction	part_of(EMAPA:18771)
GO:0005576	extracellular region	part_of(EMAPA:18771)
GO:0005622	intracellular	part_of(EMAPA:18771)
GO:0005634	nucleus	part_of(EMAPA:18772)
GO:0016020	membrane	part_of(EMAPA:18812
GO:0005634	nucleus	part_of(EMAPA:18812
GO:0005737	cytoplasm	part_of(EMAPA:18812
GO:0005578	proteinaceous extracellular matrix	part_of(EMAPA:18812)
GO:0005578	proteinaceous extracellular matrix	part_of(EMAPA:18812)
GO:0005634	nucleus	part_of(EMAPA:18812)
GO:0016323	basolateral plasma membrane	part_of(EMAPA:18812)
GO:0005886	plasma membrane	part_of(EMAPA:18812)
GO:0005886	plasma membrane	part_of(EMAPA:18813
GO:0045177	apical part of cell	part_of(EMAPA:18813
GO:0045177	apical part of cell	part_of(EMAPA:18813
GO:0045177	apical part of cell	part_of(EMAPA:18813
GO:0005604	basement membrane	part_of(EMAPA:18813
GO:0005886	plasma membrane	part_of(EMAPA:18813
GO:0005886	plasma membrane	part_of(EMAPA:18813
GO:0005886	plasma membrane	part_of(EMAPA:18813
GO:0045177	apical part of cell	part_of(EMAPA:18816
GO:0005886	plasma membrane	part_of(EMAPA:18816
GO:0005634	nucleus	part_of(EMAPA:18816
GO:0005634	nucleus	part_of(EMAPA:18816
GO:0005634	nucleus	part_of(EMAPA:18816
GO:0005634	nucleus	part_of(EMAPA:18816
GO:0016324	apical plasma membrane	part_of(EMAPA:18818
GO:0005634	nucleus	part_of(EMAPA:18818
GO:0005634	nucleus	part_of(EMAPA:18818
GO:0016324	apical plasma membrane	part_of(EMAPA:18821
GO:0005634	nucleus	part_of(EMAPA:18821
GO:0005634	nucleus	part_of(EMAPA:18821
GO:0016324	apical plasma membrane	part_of(EMAPA:18825
GO:0005634	nucleus	part_of(EMAPA:18825
GO:0005634	nucleus	part_of(EMAPA:18825
GO:0016328	lateral plasma membrane	part_of(EMAPA:18852
GO:0005886	plasma membrane	part_of(EMAPA:18852
GO:0016323	basolateral plasma membrane	part_of(EMAPA:18852
GO:0036064	ciliary basal body	part_of(EMAPA:18852)
GO:0036064	ciliary basal body	part_of(EMAPA:18852)
GO:0005923	bicellular tight junction	part_of(EMAPA:18852)
GO:0005634	nucleus	part_of(EMAPA:18862
GO:0005634	nucleus	part_of(EMAPA:18862
GO:0030424	axon	part_of(EMAPA:18871
GO:0030424	axon	part_of(EMAPA:18871
GO:0030424	axon	part_of(EMAPA:18871
GO:0042383	sarcolemma	part_of(EMAPA:18879
GO:0005737	cytoplasm	part_of(EMAPA:18939
GO:0016323	basolateral plasma membrane	part_of(EMAPA:18939
GO:0016020	membrane	part_of(EMAPA:18939)
GO:0005634	nucleus	part_of(EMAPA:18939)
GO:0005737	cytoplasm	part_of(EMAPA:18939)
GO:0016328	lateral plasma membrane	part_of(EMAPA:18939)
GO:0016328	lateral plasma membrane	part_of(EMAPA:18939)
GO:0005634	nucleus	part_of(EMAPA:18939)
GO:0005634	nucleus	part_of(EMAPA:18939)
GO:0016328	lateral plasma membrane	part_of(EMAPA:18939)
GO:0016323	basolateral plasma membrane	part_of(EMAPA:18939)
GO:0005634	nucleus	part_of(EMAPA:18941
GO:0016323	basolateral plasma membrane	part_of(EMAPA:18941
GO:0030141	secretory granule	part_of(EMAPA:18941
GO:0016328	lateral plasma membrane	part_of(EMAPA:18941)
GO:0005578	proteinaceous extracellular matrix	part_of(EMAPA:18948)
GO:0005930	axoneme	part_of(EMAPA:18976
GO:0005615	extracellular space	part_of(EMAPA:18984)
GO:0031514	motile cilium	part_of(EMAPA:18984)
GO:0005634	nucleus	part_of(EMAPA:18984)
GO:0005634	nucleus	part_of(EMAPA:18986
GO:0005634	nucleus	part_of(EMAPA:18995
GO:0005634	nucleus	part_of(EMAPA:18995
GO:0005634	nucleus	part_of(EMAPA:19028)
GO:0045211	postsynaptic membrane	part_of(EMAPA:19037
GO:0008021	synaptic vesicle	part_of(EMAPA:19037
GO:0044306	neuron projection terminus	part_of(EMAPA:19037
GO:0005634	nucleus	part_of(EMAPA:19037
GO:0030424	axon	part_of(EMAPA:19037
GO:0030424	axon	part_of(EMAPA:19037)
GO:0043195	terminal bouton	part_of(EMAPA:19037)
GO:0030424	axon	part_of(EMAPA:19038
GO:0043025	neuronal cell body	part_of(EMAPA:19039
GO:0030425	dendrite	part_of(EMAPA:19039
GO:0008021	synaptic vesicle	part_of(EMAPA:19045
GO:0098793	presynapse	part_of(EMAPA:19061
GO:0045177	apical part of cell	part_of(EMAPA:19061
GO:0005634	nucleus	part_of(EMAPA:19061
GO:0005634	nucleus	part_of(EMAPA:19061
GO:0045178	basal part of cell	part_of(EMAPA:19061
GO:0045178	basal part of cell	part_of(EMAPA:19061
GO:0005886	plasma membrane	part_of(EMAPA:19061
GO:0005886	plasma membrane	part_of(EMAPA:19061
GO:0016328	lateral plasma membrane	part_of(EMAPA:19061
GO:0044291	cell-cell contact zone	part_of(EMAPA:19061)
GO:0016324	apical plasma membrane	part_of(EMAPA:19065
GO:0016324	apical plasma membrane	part_of(EMAPA:19065
GO:0001527	microfibril	part_of(EMAPA:19065
GO:0001527	microfibril	part_of(EMAPA:19065)
GO:0005585	collagen type II trimer	part_of(EMAPA:19106
GO:0005622	intracellular	part_of(EMAPA:19107
GO:0005578	proteinaceous extracellular matrix	part_of(EMAPA:19107
GO:0042383	sarcolemma	part_of(EMAPA:19107
GO:0005576	extracellular region	part_of(EMAPA:19134)
GO:0005622	intracellular	part_of(EMAPA:19142
GO:0005578	proteinaceous extracellular matrix	part_of(EMAPA:19142
GO:0005578	proteinaceous extracellular matrix	part_of(EMAPA:19142)
GO:0005578	proteinaceous extracellular matrix	part_of(EMAPA:19142)
GO:0009897	external side of plasma membrane	part_of(EMAPA:19143
GO:0031519	PcG protein complex	part_of(EMAPA:19143)
GO:0005581	collagen trimer	part_of(EMAPA:19143)
GO:0009897	external side of plasma membrane	part_of(EMAPA:19143)
GO:0030314	junctional membrane complex	part_of(EMAPA:19144
GO:0031594	neuromuscular junction	part_of(EMAPA:19146
GO:0042383	sarcolemma	part_of(EMAPA:19146
GO:0005801	cis-Golgi network	part_of(EMAPA:19148
GO:0005615	extracellular space	part_of(EMAPA:19148
GO:0030175	filopodium	part_of(EMAPA:19148
GO:0032420	stereocilium	part_of(EMAPA:19151
GO:0032420	stereocilium	part_of(EMAPA:19151
GO:0005634	nucleus	part_of(EMAPA:19151
GO:0042734	presynaptic membrane	part_of(EMAPA:19151
GO:0032420	stereocilium	part_of(EMAPA:19151
GO:0032420	stereocilium	part_of(EMAPA:19151
GO:0016324	apical plasma membrane	part_of(EMAPA:19151
GO:0043195	terminal bouton	part_of(EMAPA:19151
GO:0016324	apical plasma membrane	part_of(EMAPA:19151
GO:0032420	stereocilium	part_of(EMAPA:19151
GO:0032420	stereocilium	part_of(EMAPA:19151
GO:0045177	apical part of cell	part_of(EMAPA:19151
GO:0045211	postsynaptic membrane	part_of(EMAPA:19151
GO:0016324	apical plasma membrane	part_of(EMAPA:19151
GO:0032437	cuticular plate	part_of(EMAPA:19151
GO:0015630	microtubule cytoskeleton	part_of(EMAPA:19151
GO:0015630	microtubule cytoskeleton	part_of(EMAPA:19151
GO:0015630	microtubule cytoskeleton	part_of(EMAPA:19151
GO:0015630	microtubule cytoskeleton	part_of(EMAPA:19151
GO:0043025	neuronal cell body	part_of(EMAPA:19151
GO:0005886	plasma membrane	part_of(EMAPA:19151
GO:0045177	apical part of cell	part_of(EMAPA:19151
GO:0045177	apical part of cell	part_of(EMAPA:19151
GO:0005886	plasma membrane	part_of(EMAPA:19151
GO:0005886	plasma membrane	part_of(EMAPA:19151
GO:0036064	ciliary basal body	part_of(EMAPA:19151
GO:0016323	basolateral plasma membrane	part_of(EMAPA:19151)
GO:0005634	nucleus	part_of(EMAPA:19155
GO:0097470	ribbon synapse	part_of(EMAPA:19155
GO:0005634	nucleus	part_of(EMAPA:19155
GO:0016607	nuclear speck	part_of(EMAPA:19155)
GO:0001917	photoreceptor inner segment	part_of(EMAPA:19155)
GO:0001750	photoreceptor outer segment	part_of(EMAPA:19155)
GO:0005737	cytoplasm	part_of(EMAPA:19157
GO:0097470	ribbon synapse	part_of(EMAPA:19157
GO:0005737	cytoplasm	part_of(EMAPA:19157)
GO:0005576	extracellular region	part_of(EMAPA:19180
GO:0005615	extracellular space	part_of(EMAPA:19180)
GO:0005615	extracellular space	part_of(EMAPA:19180)
GO:0005634	nucleus	part_of(EMAPA:19180)
GO:0005576	extracellular region	part_of(EMAPA:19180)
GO:0005739	mitochondrion	part_of(EMAPA:19209)
GO:0005886	plasma membrane	part_of(EMAPA:19209)
GO:0005829	cytosol	part_of(EMAPA:19209)
GO:0030424	axon	part_of(EMAPA:19211
GO:0005923	bicellular tight junction	part_of(EMAPA:19245
GO:0016020	membrane	part_of(EMAPA:19279)
GO:0045177	apical part of cell	part_of(EMAPA:19279)
GO:0016324	apical plasma membrane	part_of(EMAPA:19280)
GO:0005634	nucleus	part_of(EMAPA:19287
GO:0030485	smooth muscle contractile fiber	part_of(EMAPA:19287)
GO:0005634	nucleus	part_of(EMAPA:19287)
GO:0005634	nucleus	part_of(EMAPA:19287)
GO:0031410	cytoplasmic vesicle	part_of(EMAPA:19290
GO:0005634	nucleus	part_of(EMAPA:19290
GO:0005634	nucleus	part_of(EMAPA:19290
GO:0005764	lysosome	part_of(EMAPA:19290
GO:0005764	lysosome	part_of(EMAPA:19290)
GO:0045177	apical part of cell	part_of(EMAPA:19290)
GO:0005813	centrosome	part_of(EMAPA:19290)
GO:0009986	cell surface	part_of(EMAPA:19291)
GO:0005576	extracellular region	part_of(EMAPA:19291)
GO:0005737	cytoplasm	part_of(EMAPA:19291)
GO:0001669	acrosomal vesicle	part_of(EMAPA:19292
GO:0032420	stereocilium	part_of(EMAPA:19293)
GO:0005634	nucleus	part_of(EMAPA:19305
GO:0005634	nucleus	part_of(EMAPA:19305
GO:0005622	intracellular	part_of(EMAPA:19305
GO:0030314	junctional membrane complex	part_of(EMAPA:19318
GO:0005634	nucleus	part_of(EMAPA:19318)
GO:0030424	axon	part_of(EMAPA:25149
GO:0009986	cell surface	part_of(EMAPA:25149
GO:0009986	cell surface	part_of(EMAPA:25765
GO:0009986	cell surface	part_of(EMAPA:25765
GO:0045177	apical part of cell	part_of(EMAPA:25765
GO:0005737	cytoplasm	part_of(EMAPA:25765
GO:0005737	cytoplasm	part_of(EMAPA:25765
GO:0030057	desmosome	part_of(EMAPA:25765)
GO:0005911	cell-cell junction	part_of(EMAPA:25765)
GO:0005634	nucleus	part_of(EMAPA:25765)
GO:0005634	nucleus	part_of(EMAPA:25765)
GO:0005634	nucleus	part_of(EMAPA:25765)
GO:0005634	nucleus	part_of(EMAPA:25765)
GO:0005911	cell-cell junction	part_of(EMAPA:25765)
GO:0005911	cell-cell junction	part_of(EMAPA:25765)
GO:0005886	plasma membrane	part_of(EMAPA:26942)
GO:0005829	cytosol	part_of(EMAPA:26983)
GO:0005634	nucleus	part_of(EMAPA:27735
GO:0005930	axoneme	part_of(EMAPA:27782
GO:0005737	cytoplasm	part_of(EMAPA:27782
GO:0009925	basal plasma membrane	part_of(EMAPA:27782)
GO:0016324	apical plasma membrane	part_of(EMAPA:27782)
GO:0016323	basolateral plasma membrane	part_of(EMAPA:27782)
GO:0015629	actin cytoskeleton	part_of(EMAPA:27782)
GO:0005737	cytoplasm	part_of(EMAPA:27782)
GO:0016323	basolateral plasma membrane	part_of(EMAPA:28011
GO:0016323	basolateral plasma membrane	part_of(EMAPA:28011)
GO:0005634	nucleus	part_of(EMAPA:28089
GO:0016323	basolateral plasma membrane	part_of(EMAPA:28130)
GO:0005903	brush border	part_of(EMAPA:28236
GO:0031410	cytoplasmic vesicle	part_of(EMAPA:28236
GO:0045177	apical part of cell	part_of(EMAPA:28236
GO:0045177	apical part of cell	part_of(EMAPA:28236
GO:0016324	apical plasma membrane	part_of(EMAPA:28236
GO:0016324	apical plasma membrane	part_of(EMAPA:28236
GO:0005634	nucleus	part_of(EMAPA:28239
GO:0036057	slit diaphragm	part_of(EMAPA:28239
GO:0005886	plasma membrane	part_of(EMAPA:28239
GO:0005605	basal lamina	part_of(EMAPA:28239)
GO:0005604	basement membrane	part_of(EMAPA:28239)
GO:0045177	apical part of cell	part_of(EMAPA:28239)
GO:0005604	basement membrane	part_of(EMAPA:28251)
GO:0005903	brush border	part_of(EMAPA:28257
GO:0005634	nucleus	part_of(EMAPA:28281
GO:0005634	nucleus	part_of(EMAPA:28281
GO:0016324	apical plasma membrane	part_of(EMAPA:28281)
GO:0005737	cytoplasm	part_of(EMAPA:28281)
GO:0005737	cytoplasm	part_of(EMAPA:28281)
GO:0031526	brush border membrane	part_of(EMAPA:28281)
GO:0016323	basolateral plasma membrane	part_of(EMAPA:28281)
GO:0045177	apical part of cell	part_of(EMAPA:28281)
GO:0005634	nucleus	part_of(EMAPA:28281)
GO:0005737	cytoplasm	part_of(EMAPA:28287)
GO:0005903	brush border	part_of(EMAPA:28287)
GO:0005634	nucleus	part_of(EMAPA:28287)
GO:0045177	apical part of cell	part_of(EMAPA:28346)
GO:0005886	plasma membrane	part_of(EMAPA:28370)
GO:0045177	apical part of cell	part_of(EMAPA:28370)
GO:0005929	cilium	part_of(EMAPA:28370)
GO:0036064	ciliary basal body	part_of(EMAPA:28370)
GO:0097730	non-motile cilium	part_of(EMAPA:28370)
GO:0005814	centriole	part_of(EMAPA:28370)
GO:0005604	basement membrane	part_of(EMAPA:28387)
GO:0005634	nucleus	part_of(EMAPA:28393
GO:0016323	basolateral plasma membrane	part_of(EMAPA:28393)
GO:0016323	basolateral plasma membrane	part_of(EMAPA:28393)
GO:0016324	apical plasma membrane	part_of(EMAPA:28393)
GO:0016324	apical plasma membrane	part_of(EMAPA:28393)
GO:0005604	basement membrane	part_of(EMAPA:28399)
GO:0016323	basolateral plasma membrane	part_of(EMAPA:28407
GO:0005770	late endosome	part_of(EMAPA:28407
GO:0043296	apical junction complex	part_of(EMAPA:28407
GO:0043296	apical junction complex	part_of(EMAPA:28407
GO:0015629	actin cytoskeleton	part_of(EMAPA:28407
GO:0005764	lysosome	part_of(EMAPA:28407
GO:0016020	membrane	part_of(EMAPA:28407)
GO:0005929	cilium	part_of(EMAPA:28407)
GO:0005604	basement membrane	part_of(EMAPA:28407)
GO:0016323	basolateral plasma membrane	part_of(EMAPA:28407)
GO:0005737	cytoplasm	part_of(EMAPA:28407)
GO:0045177	apical part of cell	part_of(EMAPA:28407)
GO:0045177	apical part of cell	part_of(EMAPA:28407)
GO:0016324	apical plasma membrane	part_of(EMAPA:28407)
GO:0005923	bicellular tight junction	part_of(EMAPA:28457
GO:0030485	smooth muscle contractile fiber	part_of(EMAPA:28637
GO:0005859	muscle myosin complex	part_of(EMAPA:28637
GO:0005634	nucleus	part_of(EMAPA:28747
GO:0031514	motile cilium	part_of(EMAPA:29043
GO:0005929	cilium	part_of(EMAPA:29043
GO:0031514	motile cilium	part_of(EMAPA:29043
GO:0005604	basement membrane	part_of(EMAPA:29098)
GO:0005737	cytoplasm	part_of(EMAPA:29098)
GO:0005634	nucleus	part_of(EMAPA:29098)
GO:0045211	postsynaptic membrane	part_of(EMAPA:29270
GO:0016323	basolateral plasma membrane	part_of(EMAPA:29669
GO:0031526	brush border membrane	part_of(EMAPA:29669
GO:0005930	axoneme	part_of(EMAPA:29747
GO:0036064	ciliary basal body	part_of(EMAPA:29747
GO:0005615	extracellular space	part_of(EMAPA:29771)
GO:0005886	plasma membrane	part_of(EMAPA:29836)
GO:0005622	intracellular	part_of(EMAPA:29915
GO:0005737	cytoplasm	part_of(EMAPA:29915
GO:0031410	cytoplasmic vesicle	part_of(EMAPA:29915
GO:0005737	cytoplasm	part_of(EMAPA:29915
GO:0045177	apical part of cell	part_of(EMAPA:29915
GO:0005886	plasma membrane	part_of(EMAPA:29915)
GO:0005605	basal lamina	part_of(EMAPA:29915)
GO:0005604	basement membrane	part_of(EMAPA:29917)
GO:0005634	nucleus	part_of(EMAPA:29919
GO:0005634	nucleus	part_of(EMAPA:29927
GO:0005634	nucleus	part_of(EMAPA:29929
GO:0005923	bicellular tight junction	part_of(EMAPA:30445)
GO:0005634	nucleus	part_of(EMAPA:30445)
GO:0016323	basolateral plasma membrane	part_of(EMAPA:30445)
GO:0005615	extracellular space	part_of(EMAPA:30449
GO:0005634	nucleus	part_of(EMAPA:30755
GO:0005737	cytoplasm	part_of(EMAPA:30755
GO:0005634	nucleus	part_of(EMAPA:30755
GO:0005634	nucleus	part_of(EMAPA:30755)
GO:0005634	nucleus	part_of(EMAPA:30991
GO:0005604	basement membrane	part_of(EMAPA:31414
GO:0005604	basement membrane	part_of(EMAPA:31414
GO:0005634	nucleus	part_of(EMAPA:31476
GO:0005634	nucleus	part_of(EMAPA:31476
GO:0005634	nucleus	part_of(EMAPA:31476
GO:0005737	cytoplasm	part_of(EMAPA:31476
GO:0005737	cytoplasm	part_of(EMAPA:31476
GO:0005737	cytoplasm	part_of(EMAPA:31476
GO:0005737	cytoplasm	part_of(EMAPA:31476
GO:0001741	XY body	part_of(EMAPA:31476
GO:0005737	cytoplasm	part_of(EMAPA:31476
GO:0005634	nucleus	part_of(EMAPA:31476
GO:0005737	cytoplasm	part_of(EMAPA:31476
GO:0015630	microtubule cytoskeleton	part_of(EMAPA:31476
GO:0015630	microtubule cytoskeleton	part_of(EMAPA:31476
GO:0015630	microtubule cytoskeleton	part_of(EMAPA:31476
GO:0015630	microtubule cytoskeleton	part_of(EMAPA:31476
GO:0005634	nucleus	part_of(EMAPA:31476
GO:0005634	nucleus	part_of(EMAPA:31476
GO:0005634	nucleus	part_of(EMAPA:31476
GO:0005737	cytoplasm	part_of(EMAPA:31476
GO:0005737	cytoplasm	part_of(EMAPA:31476
GO:0005737	cytoplasm	part_of(EMAPA:31476
GO:0005634	nucleus	part_of(EMAPA:31476)
GO:0005634	nucleus	part_of(EMAPA:31482)
GO:0001741	XY body	part_of(EMAPA:31484
GO:0001741	XY body	part_of(EMAPA:31484
GO:0001741	XY body	part_of(EMAPA:31484)
GO:0005634	nucleus	part_of(EMAPA:31484)
GO:0005634	nucleus	part_of(EMAPA:31484)
GO:0001741	XY body	part_of(EMAPA:31484)
GO:0005813	centrosome	part_of(EMAPA:31486)
GO:0005634	nucleus	part_of(EMAPA:31486)
GO:0005813	centrosome	part_of(EMAPA:31488)
GO:0090544	BAF-type complex	part_of(EMAPA:31857)
GO:0090544	BAF-type complex	part_of(EMAPA:31857)
GO:0090544	BAF-type complex	part_of(EMAPA:31857)
GO:0090544	BAF-type complex	part_of(EMAPA:31858)
GO:0090544	BAF-type complex	part_of(EMAPA:31858)
GO:0090544	BAF-type complex	part_of(EMAPA:31858)
GO:0016607	nuclear speck	part_of(EMAPA:31864
GO:0016607	nuclear speck	part_of(EMAPA:31864)
GO:0005634	nucleus	part_of(EMAPA:31864)
GO:0016324	apical plasma membrane	part_of(EMAPA:31865)
GO:0005634	nucleus	part_of(EMAPA:31865)
GO:0005634	nucleus	part_of(EMAPA:31873
GO:0000228	nuclear chromosome	part_of(EMAPA:31873)
GO:0005634	nucleus	part_of(EMAPA:32290
GO:0005634	nucleus	part_of(EMAPA:32290
GO:0005634	nucleus	part_of(EMAPA:32290
GO:0005634	nucleus	part_of(EMAPA:32290
GO:0005737	cytoplasm	part_of(EMAPA:32290
GO:0016020	membrane	part_of(EMAPA:32290
GO:0005737	cytoplasm	part_of(EMAPA:32290)
GO:0005634	nucleus	part_of(EMAPA:32290)
GO:0005634	nucleus	part_of(EMAPA:32290)
GO:0005886	plasma membrane	part_of(EMAPA:32290)
GO:0031594	neuromuscular junction	part_of(EMAPA:32634
GO:0043034	costamere	part_of(EMAPA:32634)
GO:0005622	intracellular	part_of(EMAPA:32662
GO:0005604	basement membrane	part_of(EMAPA:32667)
GO:0043025	neuronal cell body	part_of(EMAPA:32672
GO:0031410	cytoplasmic vesicle	part_of(EMAPA:32672
GO:0043025	neuronal cell body	part_of(EMAPA:32672
GO:0005886	plasma membrane	part_of(EMAPA:32672
GO:0043025	neuronal cell body	part_of(EMAPA:32672
GO:0005737	cytoplasm	part_of(EMAPA:32672)
GO:0005634	nucleus	part_of(EMAPA:32672)
GO:0043025	neuronal cell body	part_of(EMAPA:32678
GO:0043209	myelin sheath	part_of(EMAPA:32678
GO:0048471	perinuclear region of cytoplasm	part_of(EMAPA:32678
GO:0033269	internode region of axon	part_of(EMAPA:32678
GO:0016020	membrane	part_of(EMAPA:32678)
GO:0005813	centrosome	part_of(EMAPA:32679)
GO:0097233	alveolar lamellar body membrane	part_of(EMAPA:32682
GO:0005929	cilium	part_of(EMAPA:32684)
GO:0005886	plasma membrane	part_of(EMAPA:32686)
GO:0005886	plasma membrane	part_of(EMAPA:32686)
GO:0005634	nucleus	part_of(EMAPA:32688
GO:0005913	cell-cell adherens junction	part_of(EMAPA:32688
GO:0042383	sarcolemma	part_of(EMAPA:32688
GO:0014704	intercalated disc	part_of(EMAPA:32688
GO:0005901	caveola	part_of(EMAPA:32688
GO:0005861	troponin complex	part_of(EMAPA:32688
GO:0016459	myosin complex	part_of(EMAPA:32688)
GO:0016459	myosin complex	part_of(EMAPA:32688)
GO:0030016	myofibril	part_of(EMAPA:32688)
GO:0031514	motile cilium	part_of(EMAPA:32689)
GO:0005604	basement membrane	part_of(EMAPA:32689)
GO:0031514	motile cilium	part_of(EMAPA:32691
GO:0005634	nucleus	part_of(EMAPA:32691
GO:0005634	nucleus	part_of(EMAPA:32693
GO:0005737	cytoplasm	part_of(EMAPA:32693
GO:0005634	nucleus	part_of(EMAPA:32693
GO:0005634	nucleus	part_of(EMAPA:32693
GO:0045177	apical part of cell	part_of(EMAPA:32693)
GO:0097730	non-motile cilium	part_of(EMAPA:32705)
GO:0097730	non-motile cilium	part_of(EMAPA:32708)
GO:0030315	T-tubule	part_of(EMAPA:32716
GO:0042383	sarcolemma	part_of(EMAPA:32716
GO:0005886	plasma membrane	part_of(EMAPA:32716
GO:0033017	sarcoplasmic reticulum membrane	part_of(EMAPA:32716
GO:0005634	nucleus	part_of(EMAPA:32716
GO:0005901	caveola	part_of(EMAPA:32716
GO:0005886	plasma membrane	part_of(EMAPA:32716
GO:0031674	I band	part_of(EMAPA:32716
GO:0014801	longitudinal sarcoplasmic reticulum	part_of(EMAPA:32716
GO:0030315	T-tubule	part_of(EMAPA:32716)
GO:0005737	cytoplasm	part_of(EMAPA:32716)
GO:0005605	basal lamina	part_of(EMAPA:32716)
GO:0042383	sarcolemma	part_of(EMAPA:32716)
GO:0005911	cell-cell junction	part_of(EMAPA:32716)
GO:0031430	M band	part_of(EMAPA:32716)
GO:0031594	neuromuscular junction	part_of(EMAPA:32716)
GO:0042383	sarcolemma	part_of(EMAPA:32716)
GO:0016459	myosin complex	part_of(EMAPA:32716)
GO:0005938	cell cortex	part_of(EMAPA:32716)
GO:0016459	myosin complex	part_of(EMAPA:32716)
GO:0005927	muscle tendon junction	part_of(EMAPA:32716)
GO:0005829	cytosol	part_of(EMAPA:32716)
GO:0034677	integrin alpha7-beta1 complex	part_of(EMAPA:32716)
GO:0016020	membrane	part_of(EMAPA:32716)
GO:0005886	plasma membrane	part_of(EMAPA:32716)
GO:0005856	cytoskeleton	part_of(EMAPA:32716)
GO:0030485	smooth muscle contractile fiber	part_of(EMAPA:32717)
GO:0005604	basement membrane	part_of(EMAPA:32717)
GO:0043292	contractile fiber	part_of(EMAPA:32717)
GO:0030424	axon	part_of(EMAPA:32726
GO:0005578	proteinaceous extracellular matrix	part_of(EMAPA:32730
GO:0005794	Golgi apparatus	part_of(EMAPA:32730)
GO:0005578	proteinaceous extracellular matrix	part_of(EMAPA:32730)
GO:0005634	nucleus	part_of(EMAPA:32730)
GO:0005578	proteinaceous extracellular matrix	part_of(EMAPA:32730)
GO:0005583	fibrillar collagen trimer	part_of(EMAPA:32730)
GO:0005614	interstitial matrix	part_of(EMAPA:32730)
GO:0005578	proteinaceous extracellular matrix	part_of(EMAPA:32730)
GO:1990716	axonemal central apparatus	part_of(EMAPA:32738)
GO:1904158	axonemal central apparatus assembly	part_of(EMAPA:32738)
GO:0005604	basement membrane	part_of(EMAPA:32738)
GO:0016323	basolateral plasma membrane	part_of(EMAPA:32741
GO:0005604	basement membrane	part_of(EMAPA:32741)
GO:0005923	bicellular tight junction	part_of(EMAPA:32743
GO:0005605	basal lamina	part_of(EMAPA:32743)
GO:0005604	basement membrane	part_of(EMAPA:32743)
GO:0005923	bicellular tight junction	part_of(EMAPA:32743)
GO:0005634	nucleus	part_of(EMAPA:32744)
GO:0005911	cell-cell junction	part_of(EMAPA:32746
GO:0030315	T-tubule	part_of(EMAPA:32746
GO:0014704	intercalated disc	part_of(EMAPA:32746
GO:0016529	sarcoplasmic reticulum	part_of(EMAPA:32748
GO:0034706	sodium channel complex	part_of(EMAPA:32748
GO:0005886	plasma membrane	part_of(EMAPA:32748
GO:0014704	intercalated disc	part_of(EMAPA:32748
GO:0030315	T-tubule	part_of(EMAPA:32748
GO:0005737	cytoplasm	part_of(EMAPA:32748
GO:0005901	caveola	part_of(EMAPA:32748
GO:0042383	sarcolemma	part_of(EMAPA:32748
GO:0005921	gap junction	part_of(EMAPA:32748
GO:0030016	myofibril	part_of(EMAPA:32748)
GO:0005614	interstitial matrix	part_of(EMAPA:32748)
GO:0005634	nucleus	part_of(EMAPA:32760
GO:0009986	cell surface	part_of(EMAPA:32760
GO:0005737	cytoplasm	part_of(EMAPA:32760
GO:0009897	external side of plasma membrane	part_of(EMAPA:32760
GO:0005737	cytoplasm	part_of(EMAPA:32760
GO:0005615	extracellular space	part_of(EMAPA:32760
GO:0001726	ruffle	part_of(EMAPA:32760
GO:0009897	external side of plasma membrane	part_of(EMAPA:32760
GO:0031982	vesicle	part_of(EMAPA:32760
GO:0005886	plasma membrane	part_of(EMAPA:32760
GO:0031410	cytoplasmic vesicle	part_of(EMAPA:32760
GO:0005938	cell cortex	part_of(EMAPA:32760
GO:0009897	external side of plasma membrane	part_of(EMAPA:32760
GO:0005829	cytosol	part_of(EMAPA:32760
GO:0005576	extracellular region	part_of(EMAPA:32760)
GO:0009897	external side of plasma membrane	part_of(EMAPA:32760)
GO:0009897	external side of plasma membrane	part_of(EMAPA:32760)
GO:0009897	external side of plasma membrane	part_of(EMAPA:32760)
GO:0016328	lateral plasma membrane	part_of(EMAPA:32764
GO:0016328	lateral plasma membrane	part_of(EMAPA:32764
GO:0005737	cytoplasm	part_of(EMAPA:32764
GO:0016323	basolateral plasma membrane	part_of(EMAPA:32764
GO:0016323	basolateral plasma membrane	part_of(EMAPA:32764
GO:0016324	apical plasma membrane	part_of(EMAPA:32764)
GO:0005902	microvillus	part_of(EMAPA:32764)
GO:0097730	non-motile cilium	part_of(EMAPA:32767
GO:0097730	non-motile cilium	part_of(EMAPA:32767)
GO:0043025	neuronal cell body	part_of(EMAPA:32768
GO:0005634	nucleus	part_of(EMAPA:32768
GO:0045211	postsynaptic membrane	part_of(EMAPA:32768
GO:0030425	dendrite	part_of(EMAPA:32768
GO:0005634	nucleus	part_of(EMAPA:32768
GO:0043197	dendritic spine	part_of(EMAPA:32768
GO:0005737	cytoplasm	part_of(EMAPA:32768
GO:0042734	presynaptic membrane	part_of(EMAPA:32768
GO:0097730	non-motile cilium	part_of(EMAPA:32768
GO:0043198	dendritic shaft	part_of(EMAPA:32768
GO:0097730	non-motile cilium	part_of(EMAPA:32768)
GO:0097730	non-motile cilium	part_of(EMAPA:32768)
GO:0043025	neuronal cell body	part_of(EMAPA:32769
GO:0005634	nucleus	part_of(EMAPA:32769
GO:0043025	neuronal cell body	part_of(EMAPA:32770
GO:0042734	presynaptic membrane	part_of(EMAPA:32770
GO:0045211	postsynaptic membrane	part_of(EMAPA:32770
GO:0043195	terminal bouton	part_of(EMAPA:32770
GO:0005634	nucleus	part_of(EMAPA:32770
GO:0005634	nucleus	part_of(EMAPA:32770
GO:0048471	perinuclear region of cytoplasm	part_of(EMAPA:32770
GO:0005737	cytoplasm	part_of(EMAPA:32770
GO:0016020	membrane	part_of(EMAPA:32770)
GO:0097440	apical dendrite	part_of(EMAPA:32770)
GO:0097730	non-motile cilium	part_of(EMAPA:32770)
GO:0032983	kainate selective glutamate receptor complex	part_of(EMAPA:32770)
GO:0005634	nucleus	part_of(EMAPA:32771
GO:0005634	nucleus	part_of(EMAPA:32779
GO:0005634	nucleus	part_of(EMAPA:32779
GO:0005634	nucleus	part_of(EMAPA:32779
GO:0005634	nucleus	part_of(EMAPA:32779)
GO:0005634	nucleus	part_of(EMAPA:32779)
GO:0005578	proteinaceous extracellular matrix	part_of(EMAPA:32782)
GO:0065010	extracellular membrane-bounded organelle	part_of(EMAPA:32782)
GO:0005634	nucleus	part_of(EMAPA:32785
GO:0005634	nucleus	part_of(EMAPA:32785)
GO:0001533	cornified envelope	part_of(EMAPA:32786
GO:0071944	cell periphery	part_of(EMAPA:32786
GO:0042734	presynaptic membrane	part_of(EMAPA:32789
GO:0097730	non-motile cilium	part_of(EMAPA:32789)
GO:0005923	bicellular tight junction	part_of(EMAPA:32802
GO:0045177	apical part of cell	part_of(EMAPA:32802
GO:0005911	cell-cell junction	part_of(EMAPA:32802)
GO:0005923	bicellular tight junction	part_of(EMAPA:32802)
GO:0005634	nucleus	part_of(EMAPA:32804
GO:0043005	neuron projection	part_of(EMAPA:32804)
GO:0030424	axon	part_of(EMAPA:32804)
GO:0044224	juxtaparanode region of axon	part_of(EMAPA:32809
GO:0005634	nucleus	part_of(EMAPA:32809
GO:0045202	synapse	part_of(EMAPA:32809)
GO:0045202	synapse	part_of(EMAPA:32809)
GO:0005923	bicellular tight junction	part_of(EMAPA:32816
GO:0005923	bicellular tight junction	part_of(EMAPA:32816
GO:0005929	cilium	part_of(EMAPA:32827
GO:0005634	nucleus	part_of(EMAPA:32834
GO:0005634	nucleus	part_of(EMAPA:32834
GO:0009986	cell surface	part_of(EMAPA:32834
GO:0016324	apical plasma membrane	part_of(EMAPA:32834
GO:0005902	microvillus	part_of(EMAPA:32834)
GO:0043025	neuronal cell body	part_of(EMAPA:32837
GO:0043005	neuron projection	part_of(EMAPA:32842
GO:0005886	plasma membrane	part_of(EMAPA:32842
GO:0045202	synapse	part_of(EMAPA:32842
GO:0005886	plasma membrane	part_of(EMAPA:32842
GO:0043194	axon initial segment	part_of(EMAPA:32842
GO:0030425	dendrite	part_of(EMAPA:32842
GO:0005634	nucleus	part_of(EMAPA:32842
GO:0043005	neuron projection	part_of(EMAPA:32845
GO:0030424	axon	part_of(EMAPA:32845
GO:0005737	cytoplasm	part_of(EMAPA:32845
GO:0005737	cytoplasm	part_of(EMAPA:32845
GO:0005886	plasma membrane	part_of(EMAPA:32845
GO:0005886	plasma membrane	part_of(EMAPA:32845
GO:0005886	plasma membrane	part_of(EMAPA:32845
GO:0005886	plasma membrane	part_of(EMAPA:32845
GO:0005794	Golgi apparatus	part_of(EMAPA:32845
GO:0043005	neuron projection	part_of(EMAPA:32845
GO:0016607	nuclear speck	part_of(EMAPA:32845
GO:0045202	synapse	part_of(EMAPA:32845
GO:0030424	axon	part_of(EMAPA:32845
GO:0031252	cell leading edge	part_of(EMAPA:32845
GO:0030425	dendrite	part_of(EMAPA:32845
GO:0005634	nucleus	part_of(EMAPA:32845
GO:0005764	lysosome	part_of(EMAPA:32845
GO:0005634	nucleus	part_of(EMAPA:32845
GO:0030136	clathrin-coated vesicle	part_of(EMAPA:32845
GO:0043025	neuronal cell body	part_of(EMAPA:32845
GO:0005576	extracellular region	part_of(EMAPA:32845
GO:0005634	nucleus	part_of(EMAPA:32845
GO:0014069	postsynaptic density	part_of(EMAPA:32845
GO:0030426	growth cone	part_of(EMAPA:32845
GO:0048786	presynaptic active zone	part_of(EMAPA:32845
GO:0005634	nucleus	part_of(EMAPA:32845
GO:0031410	cytoplasmic vesicle	part_of(EMAPA:32845
GO:0005911	cell-cell junction	part_of(EMAPA:32845
GO:0030425	dendrite	part_of(EMAPA:32845
GO:0005634	nucleus	part_of(EMAPA:32845
GO:0043198	dendritic shaft	part_of(EMAPA:32845
GO:0043198	dendritic shaft	part_of(EMAPA:32845
GO:0043198	dendritic shaft	part_of(EMAPA:32845
GO:0043198	dendritic shaft	part_of(EMAPA:32845
GO:0031410	cytoplasmic vesicle	part_of(EMAPA:32845
GO:0070044	synaptobrevin 2-SNAP-25-syntaxin-1a complex	part_of(EMAPA:32845
GO:0030424	axon	part_of(EMAPA:32845
GO:0045202	synapse	part_of(EMAPA:32845
GO:0044297	cell body	part_of(EMAPA:32845
GO:0043025	neuronal cell body	part_of(EMAPA:32845
GO:0030425	dendrite	part_of(EMAPA:32845
GO:0005886	plasma membrane	part_of(EMAPA:32845
GO:0030424	axon	part_of(EMAPA:32845
GO:0005737	cytoplasm	part_of(EMAPA:32845
GO:0043025	neuronal cell body	part_of(EMAPA:32845
GO:0005737	cytoplasm	part_of(EMAPA:32845
GO:0044224	juxtaparanode region of axon	part_of(EMAPA:32845
GO:0030425	dendrite	part_of(EMAPA:32845
GO:0045202	synapse	part_of(EMAPA:32845
GO:0005886	plasma membrane	part_of(EMAPA:32845
GO:0030424	axon	part_of(EMAPA:32845
GO:0005634	nucleus	part_of(EMAPA:32845
GO:0042995	cell projection	part_of(EMAPA:32845
GO:0043005	neuron projection	part_of(EMAPA:32845
GO:0070032	synaptobrevin 2-SNAP-25-syntaxin-1a-complexin I complex	part_of(EMAPA:32845
GO:0043025	neuronal cell body	part_of(EMAPA:32845
GO:0043025	neuronal cell body	part_of(EMAPA:32845
GO:0043025	neuronal cell body	part_of(EMAPA:32845
GO:0043025	neuronal cell body	part_of(EMAPA:32845
GO:0045202	synapse	part_of(EMAPA:32845
GO:0043025	neuronal cell body	part_of(EMAPA:32845
GO:0009986	cell surface	part_of(EMAPA:32845
GO:0005802	trans-Golgi network	part_of(EMAPA:32845
GO:0043197	dendritic spine	part_of(EMAPA:32845
GO:0043025	neuronal cell body	part_of(EMAPA:32845
GO:0043025	neuronal cell body	part_of(EMAPA:32845
GO:0030424	axon	part_of(EMAPA:32845
GO:0030424	axon	part_of(EMAPA:32845
GO:0030425	dendrite	part_of(EMAPA:32845)
GO:0032279	asymmetric synapse	part_of(EMAPA:32845)
GO:0014069	postsynaptic density	part_of(EMAPA:32845)
GO:0045202	synapse	part_of(EMAPA:32845)
GO:0045202	synapse	part_of(EMAPA:32845)
GO:0005768	endosome	part_of(EMAPA:32845)
GO:0016020	membrane	part_of(EMAPA:32845)
GO:0030424	axon	part_of(EMAPA:32845)
GO:0043025	neuronal cell body	part_of(EMAPA:32845)
GO:0005892	acetylcholine-gated channel complex	part_of(EMAPA:32845)
GO:0043195	terminal bouton	part_of(EMAPA:32845)
GO:0044302	dentate gyrus mossy fiber	part_of(EMAPA:32845)
GO:0043025	neuronal cell body	part_of(EMAPA:32846
GO:0043025	neuronal cell body	part_of(EMAPA:32846)
GO:0043025	neuronal cell body	part_of(EMAPA:32847
GO:0005930	axoneme	part_of(EMAPA:32860
GO:0016323	basolateral plasma membrane	part_of(EMAPA:32860
GO:0005737	cytoplasm	part_of(EMAPA:32860
GO:0043296	apical junction complex	part_of(EMAPA:32860
GO:0036064	ciliary basal body	part_of(EMAPA:32860
GO:0005886	plasma membrane	part_of(EMAPA:32867
GO:0030425	dendrite	part_of(EMAPA:32869
GO:0030424	axon	part_of(EMAPA:32869
GO:0009986	cell surface	part_of(EMAPA:32869
GO:0030424	axon	part_of(EMAPA:32870
GO:0009986	cell surface	part_of(EMAPA:32870
GO:0005886	plasma membrane	part_of(EMAPA:32871
GO:0005902	microvillus	part_of(EMAPA:32873
GO:0016324	apical plasma membrane	part_of(EMAPA:32873
GO:0005634	nucleus	part_of(EMAPA:32873
GO:0005923	bicellular tight junction	part_of(EMAPA:32873
GO:0005923	bicellular tight junction	part_of(EMAPA:32873
GO:0005923	bicellular tight junction	part_of(EMAPA:32873
GO:0016323	basolateral plasma membrane	part_of(EMAPA:32873
GO:0005923	bicellular tight junction	part_of(EMAPA:32874
GO:0009897	external side of plasma membrane	part_of(EMAPA:32874
GO:0031526	brush border membrane	part_of(EMAPA:32874)
GO:0005634	nucleus	part_of(EMAPA:32874)
GO:0016020	membrane	part_of(EMAPA:32874)
GO:0005923	bicellular tight junction	part_of(EMAPA:32874)
GO:0005829	cytosol	part_of(EMAPA:32874)
GO:0045177	apical part of cell	part_of(EMAPA:32874)
GO:0005923	bicellular tight junction	part_of(EMAPA:32883
GO:0005886	plasma membrane	part_of(EMAPA:32888)
GO:0005886	plasma membrane	part_of(EMAPA:32888)
GO:0005737	cytoplasm	part_of(EMAPA:32906
GO:0005604	basement membrane	part_of(EMAPA:32906)
GO:0005578	proteinaceous extracellular matrix	part_of(EMAPA:32906)
GO:0005584	collagen type I trimer	part_of(EMAPA:32906)
GO:0005923	bicellular tight junction	part_of(EMAPA:32924
GO:0005923	bicellular tight junction	part_of(EMAPA:32924
GO:0005923	bicellular tight junction	part_of(EMAPA:32924
GO:0009897	external side of plasma membrane	part_of(EMAPA:32927
GO:0005634	nucleus	part_of(EMAPA:32927
GO:0005739	mitochondrion	part_of(EMAPA:32927
GO:0030141	secretory granule	part_of(EMAPA:32927
GO:0005829	cytosol	part_of(EMAPA:32927
GO:0005634	nucleus	part_of(EMAPA:32927
GO:0005634	nucleus	part_of(EMAPA:32927
GO:0005634	nucleus	part_of(EMAPA:32927
GO:0005634	nucleus	part_of(EMAPA:32927
GO:0005886	plasma membrane	part_of(EMAPA:32927)
GO:0016020	membrane	part_of(EMAPA:32927)
GO:0005737	cytoplasm	part_of(EMAPA:32927)
GO:0005634	nucleus	part_of(EMAPA:32927)
GO:0005737	cytoplasm	part_of(EMAPA:32927)
GO:0005634	nucleus	part_of(EMAPA:32927)
GO:0005923	bicellular tight junction	part_of(EMAPA:32952
GO:0005923	bicellular tight junction	part_of(EMAPA:32952
GO:0005923	bicellular tight junction	part_of(EMAPA:32952
GO:0005923	bicellular tight junction	part_of(EMAPA:32952
GO:0005923	bicellular tight junction	part_of(EMAPA:32952
GO:0005923	bicellular tight junction	part_of(EMAPA:32952
GO:0005923	bicellular tight junction	part_of(EMAPA:32952
GO:0005923	bicellular tight junction	part_of(EMAPA:32952
GO:0016328	lateral plasma membrane	part_of(EMAPA:32952
GO:0016328	lateral plasma membrane	part_of(EMAPA:32952
GO:0016328	lateral plasma membrane	part_of(EMAPA:32952
GO:0016328	lateral plasma membrane	part_of(EMAPA:32952
GO:0005923	bicellular tight junction	part_of(EMAPA:32952
GO:0005923	bicellular tight junction	part_of(EMAPA:32952
GO:0005923	bicellular tight junction	part_of(EMAPA:32952
GO:0045177	apical part of cell	part_of(EMAPA:32953
GO:0005634	nucleus	part_of(EMAPA:35115)
GO:0005901	caveola	part_of(EMAPA:35117)
GO:0005634	nucleus	part_of(EMAPA:35121
GO:0005634	nucleus	part_of(EMAPA:35121
GO:0005634	nucleus	part_of(EMAPA:35121
GO:0030027	lamellipodium	part_of(EMAPA:35134
GO:0005923	bicellular tight junction	part_of(EMAPA:35134
GO:0019934	cGMP-mediated signaling	part_of(EMAPA:35135)
GO:0097730	non-motile cilium	part_of(EMAPA:35142)
GO:0005634	nucleus	part_of(EMAPA:35142)
GO:0005605	basal lamina	part_of(EMAPA:35146)
GO:0005605	basal lamina	part_of(EMAPA:35146)
GO:0005605	basal lamina	part_of(EMAPA:35146)
GO:0005923	bicellular tight junction	part_of(EMAPA:35147
GO:0005634	nucleus	part_of(EMAPA:35147)
GO:0043198	dendritic shaft	part_of(EMAPA:35163
GO:0005911	cell-cell junction	part_of(EMAPA:35176
GO:0005605	basal lamina	part_of(EMAPA:35198)
GO:0005605	basal lamina	part_of(EMAPA:35198)
GO:0005605	basal lamina	part_of(EMAPA:35198)
GO:0005604	basement membrane	part_of(EMAPA:35198)
GO:0005604	basement membrane	part_of(EMAPA:35198)
GO:0005604	basement membrane	part_of(EMAPA:35198)
GO:0005886	plasma membrane	part_of(EMAPA:35211
GO:0044297	cell body	part_of(EMAPA:35211
GO:0005938	cell cortex	part_of(EMAPA:35211
GO:0005790	smooth endoplasmic reticulum	part_of(EMAPA:35211
GO:0030673	axolemma	part_of(EMAPA:35211
GO:0030424	axon	part_of(EMAPA:35211
GO:0030425	dendrite	part_of(EMAPA:35211
GO:0005790	smooth endoplasmic reticulum	part_of(EMAPA:35211)
GO:0045202	synapse	part_of(EMAPA:35211)
GO:0005886	plasma membrane	part_of(EMAPA:35211)
GO:0043197	dendritic spine	part_of(EMAPA:35211)
GO:0043198	dendritic shaft	part_of(EMAPA:35211)
GO:0030425	dendrite	part_of(EMAPA:35214
GO:0030424	axon	part_of(EMAPA:35214
GO:0005634	nucleus	part_of(EMAPA:35217
GO:0005634	nucleus	part_of(EMAPA:35217
GO:0005737	cytoplasm	part_of(EMAPA:35217
GO:0005634	nucleus	part_of(EMAPA:35217
GO:0005634	nucleus	part_of(EMAPA:35217
GO:0014069	postsynaptic density	part_of(EMAPA:35217)
GO:0030425	dendrite	part_of(EMAPA:35218
GO:0030424	axon	part_of(EMAPA:35218
GO:0030424	axon	part_of(EMAPA:35221
GO:0005634	nucleus	part_of(EMAPA:35221
GO:0030425	dendrite	part_of(EMAPA:35221
GO:0098794	postsynapse	part_of(EMAPA:35221
GO:0043083	synaptic cleft	part_of(EMAPA:35221)
GO:0044301	climbing fiber	part_of(EMAPA:35221)
GO:0005634	nucleus	part_of(EMAPA:35221)
GO:0098793	presynapse	part_of(EMAPA:35221)
GO:0030424	axon	part_of(EMAPA:35223
GO:0005634	nucleus	part_of(EMAPA:35223
GO:0031410	cytoplasmic vesicle	part_of(EMAPA:35223
GO:0043025	neuronal cell body	part_of(EMAPA:35223
GO:0005634	nucleus	part_of(EMAPA:35223
GO:0043005	neuron projection	part_of(EMAPA:35223
GO:0043025	neuronal cell body	part_of(EMAPA:35223
GO:0031410	cytoplasmic vesicle	part_of(EMAPA:35223
GO:0030425	dendrite	part_of(EMAPA:35223
GO:0005634	nucleus	part_of(EMAPA:35223
GO:0005634	nucleus	part_of(EMAPA:35223
GO:0005737	cytoplasm	part_of(EMAPA:35223
GO:0043025	neuronal cell body	part_of(EMAPA:35223
GO:0043197	dendritic spine	part_of(EMAPA:35223
GO:0033268	node of Ranvier	part_of(EMAPA:35235)
GO:0005604	basement membrane	part_of(EMAPA:35239
GO:0016328	lateral plasma membrane	part_of(EMAPA:35239
GO:0005911	cell-cell junction	part_of(EMAPA:35239)
GO:0030133	transport vesicle	part_of(EMAPA:35239)
GO:0005913	cell-cell adherens junction	part_of(EMAPA:35239)
GO:0005829	cytosol	part_of(EMAPA:35248
GO:0005634	nucleus	part_of(EMAPA:35248
GO:0033268	node of Ranvier	part_of(EMAPA:35253)
GO:0043209	myelin sheath	part_of(EMAPA:35253)
GO:0005634	nucleus	part_of(EMAPA:35255)
GO:0005634	nucleus	part_of(EMAPA:35255)
GO:0043025	neuronal cell body	part_of(EMAPA:35256
GO:0005634	nucleus	part_of(EMAPA:35256)
GO:0005634	nucleus	part_of(EMAPA:35257)
GO:0005634	nucleus	part_of(EMAPA:35258)
GO:0043025	neuronal cell body	part_of(EMAPA:35259
GO:0005634	nucleus	part_of(EMAPA:35259)
GO:0005634	nucleus	part_of(EMAPA:35260)
GO:0005923	bicellular tight junction	part_of(EMAPA:35266
GO:0030054	cell junction	part_of(EMAPA:35266
GO:0005730	nucleolus	part_of(EMAPA:35266
GO:0005730	nucleolus	part_of(EMAPA:35266)
GO:0005604	basement membrane	part_of(EMAPA:35269)
GO:0005737	cytoplasm	part_of(EMAPA:35269)
GO:0005604	basement membrane	part_of(EMAPA:35269)
GO:0005604	basement membrane	part_of(EMAPA:35269)
GO:0005604	basement membrane	part_of(EMAPA:35269)
GO:0005604	basement membrane	part_of(EMAPA:35274)
GO:0005634	nucleus	part_of(EMAPA:35276
GO:0005634	nucleus	part_of(EMAPA:35278
GO:0005578	proteinaceous extracellular matrix	part_of(EMAPA:35281)
GO:0043025	neuronal cell body	part_of(EMAPA:35295
GO:0005615	extracellular space	part_of(EMAPA:35307)
GO:0005604	basement membrane	part_of(EMAPA:35309
GO:0045177	apical part of cell	part_of(EMAPA:35309
GO:0045095	keratin filament	part_of(EMAPA:35315
GO:0005634	nucleus	part_of(EMAPA:35315)
GO:0005634	nucleus	part_of(EMAPA:35315)
GO:0005886	plasma membrane	part_of(EMAPA:35315)
GO:0045095	keratin filament	part_of(EMAPA:35315)
GO:0043195	terminal bouton	part_of(EMAPA:35330
GO:0030424	axon	part_of(EMAPA:35345
GO:0016324	apical plasma membrane	part_of(EMAPA:35370
GO:0031594	neuromuscular junction	part_of(EMAPA:35375
GO:0031594	neuromuscular junction	part_of(EMAPA:35375)
GO:0005615	extracellular space	part_of(EMAPA:35375)
GO:0043025	neuronal cell body	part_of(EMAPA:35380
GO:0008021	synaptic vesicle	part_of(EMAPA:35380
GO:0043679	axon terminus	part_of(EMAPA:35380
GO:0043195	terminal bouton	part_of(EMAPA:35380
GO:0005634	nucleus	part_of(EMAPA:35380)
GO:0031410	cytoplasmic vesicle	part_of(EMAPA:35386
GO:0043025	neuronal cell body	part_of(EMAPA:35386
GO:0005634	nucleus	part_of(EMAPA:35395
GO:0048786	presynaptic active zone	part_of(EMAPA:35409
GO:0043025	neuronal cell body	part_of(EMAPA:35409
GO:0042995	cell projection	part_of(EMAPA:35409
GO:0005634	nucleus	part_of(EMAPA:35409
GO:0005634	nucleus	part_of(EMAPA:35413
GO:0016328	lateral plasma membrane	part_of(EMAPA:35413)
GO:0016607	nuclear speck	part_of(EMAPA:35413)
GO:0045211	postsynaptic membrane	part_of(EMAPA:35413)
GO:0030425	dendrite	part_of(EMAPA:35413)
GO:0005578	proteinaceous extracellular matrix	part_of(EMAPA:35415)
GO:0005578	proteinaceous extracellular matrix	part_of(EMAPA:35415)
GO:0097730	non-motile cilium	part_of(EMAPA:35419)
GO:0097730	non-motile cilium	part_of(EMAPA:35421)
GO:0031594	neuromuscular junction	part_of(EMAPA:35436)
GO:0030424	axon	part_of(EMAPA:35437
GO:0009986	cell surface	part_of(EMAPA:35437
GO:0005634	nucleus	part_of(EMAPA:35438
GO:0030424	axon	part_of(EMAPA:35439
GO:0005578	proteinaceous extracellular matrix	part_of(EMAPA:35440)
GO:0019934	cGMP-mediated signaling	part_of(EMAPA:35443)
GO:0045986	negative regulation of smooth muscle contraction	part_of(EMAPA:35443)
GO:0005923	bicellular tight junction	part_of(EMAPA:35457
GO:0005911	cell-cell junction	part_of(EMAPA:35457
GO:0016324	apical plasma membrane	part_of(EMAPA:35459
GO:0005615	extracellular space	part_of(EMAPA:35463
GO:0016324	apical plasma membrane	part_of(EMAPA:35463)
GO:0005923	bicellular tight junction	part_of(EMAPA:35465)
GO:0005923	bicellular tight junction	part_of(EMAPA:35465)
GO:0005614	interstitial matrix	part_of(EMAPA:35493)
GO:0005614	interstitial matrix	part_of(EMAPA:35493)
GO:0005578	proteinaceous extracellular matrix	part_of(EMAPA:35505)
GO:0060348	bone development	part_of(EMAPA:35505)
GO:0005581	collagen trimer	part_of(EMAPA:35505)
GO:0005581	collagen trimer	part_of(EMAPA:35506)
GO:0005585	collagen type II trimer	part_of(EMAPA:35508)
GO:0016323	basolateral plasma membrane	part_of(EMAPA:35512)
GO:0016324	apical plasma membrane	part_of(EMAPA:35512)
GO:0016324	apical plasma membrane	part_of(EMAPA:35512)
GO:0005634	nucleus	part_of(EMAPA:35516
GO:0009897	external side of plasma membrane	part_of(EMAPA:35523
GO:0005634	nucleus	part_of(EMAPA:35523
GO:0009897	external side of plasma membrane	part_of(EMAPA:35523
GO:0019815	B cell receptor complex	part_of(EMAPA:35523
GO:0005737	cytoplasm	part_of(EMAPA:35523)
GO:0042613	MHC class II protein complex	part_of(EMAPA:35523)
GO:0009897	external side of plasma membrane	part_of(EMAPA:35523)
GO:0005789	endoplasmic reticulum membrane	part_of(EMAPA:35523)
GO:0042613	MHC class II protein complex	part_of(EMAPA:35523)
GO:0005604	basement membrane	part_of(EMAPA:35532)
GO:0097730	non-motile cilium	part_of(EMAPA:35542
GO:0030424	axon	part_of(EMAPA:35547
GO:0009986	cell surface	part_of(EMAPA:35547
GO:0005911	cell-cell junction	part_of(EMAPA:35577)
GO:0042383	sarcolemma	part_of(EMAPA:35577)
GO:0042383	sarcolemma	part_of(EMAPA:35578
GO:0016020	membrane	part_of(EMAPA:35578
GO:0045211	postsynaptic membrane	part_of(EMAPA:35578
GO:0005737	cytoplasm	part_of(EMAPA:35578
GO:0045121	membrane raft	part_of(EMAPA:35578
GO:0005739	mitochondrion	part_of(EMAPA:35578
GO:0031594	neuromuscular junction	part_of(EMAPA:35578
GO:0005886	plasma membrane	part_of(EMAPA:35578
GO:0043195	terminal bouton	part_of(EMAPA:35578
GO:0015629	actin cytoskeleton	part_of(EMAPA:35578
GO:0005886	plasma membrane	part_of(EMAPA:35578
GO:0005634	nucleus	part_of(EMAPA:35578
GO:0005634	nucleus	part_of(EMAPA:35578
GO:0030016	myofibril	part_of(EMAPA:35578
GO:0043234	protein complex	part_of(EMAPA:35578)
GO:0016529	sarcoplasmic reticulum	part_of(EMAPA:35578)
GO:0030018	Z disc	part_of(EMAPA:35578)
GO:0030315	T-tubule	part_of(EMAPA:35578)
GO:0005605	basal lamina	part_of(EMAPA:35578)
GO:0030016	myofibril	part_of(EMAPA:35578)
GO:0014802	terminal cisterna	part_of(EMAPA:35578)
GO:0005737	cytoplasm	part_of(EMAPA:35588
GO:0005622	intracellular	part_of(EMAPA:35588)
GO:0016323	basolateral plasma membrane	part_of(EMAPA:35592
GO:0045177	apical part of cell	part_of(EMAPA:35604
GO:0030425	dendrite	part_of(EMAPA:35604
GO:0045202	synapse	part_of(EMAPA:35607)
GO:0005886	plasma membrane	part_of(EMAPA:35608
GO:0005886	plasma membrane	part_of(EMAPA:35608
GO:0030424	axon	part_of(EMAPA:35608
GO:0030425	dendrite	part_of(EMAPA:35609
GO:0005634	nucleus	part_of(EMAPA:35609
GO:0045202	synapse	part_of(EMAPA:35610)
GO:0045202	synapse	part_of(EMAPA:35611)
GO:0016324	apical plasma membrane	part_of(EMAPA:35613
GO:0016020	membrane	part_of(EMAPA:35616)
GO:0097730	non-motile cilium	part_of(EMAPA:35616)
GO:0005634	nucleus	part_of(EMAPA:35627
GO:0005634	nucleus	part_of(EMAPA:35628
GO:0005737	cytoplasm	part_of(EMAPA:35631
GO:0005737	cytoplasm	part_of(EMAPA:35632)
GO:0016581	NuRD complex	part_of(EMAPA:35633
GO:0005634	nucleus	part_of(EMAPA:35633
GO:0005886	plasma membrane	part_of(EMAPA:35651
GO:0045177	apical part of cell	part_of(EMAPA:35651
GO:0042588	zymogen granule	part_of(EMAPA:35651
GO:0042588	zymogen granule	part_of(EMAPA:35651
GO:0016323	basolateral plasma membrane	part_of(EMAPA:35651
GO:0045178	basal part of cell	part_of(EMAPA:35651
GO:0031201	SNARE complex	part_of(EMAPA:35651
GO:0031201	SNARE complex	part_of(EMAPA:35651
GO:0042589	zymogen granule membrane	part_of(EMAPA:35651
GO:0005614	interstitial matrix	part_of(EMAPA:35681)
GO:0005614	interstitial matrix	part_of(EMAPA:35681)
GO:0005615	extracellular space	part_of(EMAPA:35683)
GO:0005615	extracellular space	part_of(EMAPA:35683)
GO:0032391	photoreceptor connecting cilium	part_of(EMAPA:35686
GO:0045202	synapse	part_of(EMAPA:35686
GO:0005930	axoneme	part_of(EMAPA:35686
GO:0005929	cilium	part_of(EMAPA:35686
GO:0045202	synapse	part_of(EMAPA:35686
GO:0045202	synapse	part_of(EMAPA:35686
GO:0045202	synapse	part_of(EMAPA:35686
GO:0045202	synapse	part_of(EMAPA:35686
GO:0001917	photoreceptor inner segment	part_of(EMAPA:35687)
GO:0042995	cell projection	part_of(EMAPA:35688)
GO:0005615	extracellular space	part_of(EMAPA:35689)
GO:0005737	cytoplasm	part_of(EMAPA:35689)
GO:0005913	cell-cell adherens junction	part_of(EMAPA:35689)
GO:0005615	extracellular space	part_of(EMAPA:35690
GO:0005615	extracellular space	part_of(EMAPA:35690
GO:0005615	extracellular space	part_of(EMAPA:35690)
GO:0005737	cytoplasm	part_of(EMAPA:35713
GO:0005737	cytoplasm	part_of(EMAPA:35714)
GO:0005634	nucleus	part_of(EMAPA:35714)
GO:0042734	presynaptic membrane	part_of(EMAPA:35718)
GO:0031410	cytoplasmic vesicle	part_of(EMAPA:35718)
GO:0045211	postsynaptic membrane	part_of(EMAPA:35718)
GO:0005923	bicellular tight junction	part_of(EMAPA:35735
GO:0043296	apical junction complex	part_of(EMAPA:35735
GO:0043296	apical junction complex	part_of(EMAPA:35735)
GO:0005923	bicellular tight junction	part_of(EMAPA:35735)
GO:0005923	bicellular tight junction	part_of(EMAPA:35735)
GO:0005634	nucleus	part_of(EMAPA:35739
GO:0005634	nucleus	part_of(EMAPA:35739
GO:0030425	dendrite	part_of(EMAPA:35741
GO:0045211	postsynaptic membrane	part_of(EMAPA:35741
GO:0097470	ribbon synapse	part_of(EMAPA:35741)
GO:0097470	ribbon synapse	part_of(EMAPA:35741)
GO:0045202	synapse	part_of(EMAPA:35741)
GO:0001917	photoreceptor inner segment	part_of(EMAPA:35742)
GO:0001750	photoreceptor outer segment	part_of(EMAPA:35742)
GO:0005576	extracellular region	part_of(EMAPA:35742)
GO:0051286	cell tip	part_of(EMAPA:35744
GO:0044306	neuron projection terminus	part_of(EMAPA:35744
GO:0097470	ribbon synapse	part_of(EMAPA:35744
GO:0045202	synapse	part_of(EMAPA:35744
GO:0044306	neuron projection terminus	part_of(EMAPA:35744
GO:0044306	neuron projection terminus	part_of(EMAPA:35744
GO:0042734	presynaptic membrane	part_of(EMAPA:35744
GO:0045202	synapse	part_of(EMAPA:35744)
GO:0005737	cytoplasm	part_of(EMAPA:35744)
GO:1990796	photoreceptor cell terminal bouton	part_of(EMAPA:35744)
GO:0045211	postsynaptic membrane	part_of(EMAPA:35744)
GO:0042734	presynaptic membrane	part_of(EMAPA:35744)
GO:0030425	dendrite	part_of(EMAPA:35745
GO:0044224	juxtaparanode region of axon	part_of(EMAPA:35745
GO:0005923	bicellular tight junction	part_of(EMAPA:35751
GO:0005923	bicellular tight junction	part_of(EMAPA:35751)
GO:0016607	nuclear speck	part_of(EMAPA:35763)
GO:0005794	Golgi apparatus	part_of(EMAPA:35764)
GO:0042571	immunoglobulin complex, circulating	part_of(EMAPA:35770)
GO:0005615	extracellular space	part_of(EMAPA:35770)
GO:0005615	extracellular space	part_of(EMAPA:35770)
GO:0005886	plasma membrane	part_of(EMAPA:35772)
GO:0016323	basolateral plasma membrane	part_of(EMAPA:35777
GO:0005634	nucleus	part_of(EMAPA:35777
GO:0005923	bicellular tight junction	part_of(EMAPA:35777
GO:0005634	nucleus	part_of(EMAPA:35777
GO:0005634	nucleus	part_of(EMAPA:35777)
GO:0030057	desmosome	part_of(EMAPA:35778
GO:0048471	perinuclear region of cytoplasm	part_of(EMAPA:35778
GO:0005923	bicellular tight junction	part_of(EMAPA:35778
GO:0045095	keratin filament	part_of(EMAPA:35778
GO:0005911	cell-cell junction	part_of(EMAPA:35778
GO:0005794	Golgi apparatus	part_of(EMAPA:35778
GO:0016323	basolateral plasma membrane	part_of(EMAPA:35778
GO:0005886	plasma membrane	part_of(EMAPA:35783
GO:0016323	basolateral plasma membrane	part_of(EMAPA:35784
GO:0005923	bicellular tight junction	part_of(EMAPA:35784
GO:0016020	membrane	part_of(EMAPA:35784)
GO:0043292	contractile fiber	part_of(EMAPA:35786
GO:0005927	muscle tendon junction	part_of(EMAPA:35786
GO:0031430	M band	part_of(EMAPA:35786
GO:0043195	terminal bouton	part_of(EMAPA:35786
GO:0043034	costamere	part_of(EMAPA:35786
GO:0030018	Z disc	part_of(EMAPA:35786)
GO:0030424	axon	part_of(EMAPA:35790
GO:0005886	plasma membrane	part_of(EMAPA:35790
GO:0043025	neuronal cell body	part_of(EMAPA:35790
GO:0043083	synaptic cleft	part_of(EMAPA:35790)
GO:0030424	axon	part_of(EMAPA:35790)
GO:0043679	axon terminus	part_of(EMAPA:35790)
GO:0030425	dendrite	part_of(EMAPA:35794
GO:0043025	neuronal cell body	part_of(EMAPA:35794
GO:0005737	cytoplasm	part_of(EMAPA:35794
GO:0045211	postsynaptic membrane	part_of(EMAPA:35794
GO:0005737	cytoplasm	part_of(EMAPA:35798
GO:0005739	mitochondrion	part_of(EMAPA:35798
GO:0005634	nucleus	part_of(EMAPA:35798
GO:0005737	cytoplasm	part_of(EMAPA:35803
GO:0005634	nucleus	part_of(EMAPA:35806
GO:0005634	nucleus	part_of(EMAPA:35806
GO:0005634	nucleus	part_of(EMAPA:35806)
GO:0030141	secretory granule	part_of(EMAPA:35817
GO:0005615	extracellular space	part_of(EMAPA:35817)
GO:0005622	intracellular	part_of(EMAPA:35827)
GO:0005886	plasma membrane	part_of(EMAPA:35830
GO:0097386	glial cell projection	part_of(EMAPA:35830)
GO:0030425	dendrite	part_of(EMAPA:35832
GO:0005737	cytoplasm	part_of(EMAPA:35835
GO:0005737	cytoplasm	part_of(EMAPA:35835
GO:0030425	dendrite	part_of(EMAPA:35835
GO:0043025	neuronal cell body	part_of(EMAPA:35835
GO:0043025	neuronal cell body	part_of(EMAPA:35835
GO:0005737	cytoplasm	part_of(EMAPA:35835
GO:0030424	axon	part_of(EMAPA:35835
GO:0005737	cytoplasm	part_of(EMAPA:35836)
GO:0005737	cytoplasm	part_of(EMAPA:35850
GO:0005614	interstitial matrix	part_of(EMAPA:35854)
GO:0005614	interstitial matrix	part_of(EMAPA:35854)
GO:0005911	cell-cell junction	part_of(EMAPA:35866)
GO:0042383	sarcolemma	part_of(EMAPA:35866)
GO:0005634	nucleus	part_of(EMAPA:35867)
GO:0005737	cytoplasm	part_of(EMAPA:35883
GO:0005634	nucleus	part_of(EMAPA:35896
GO:0016324	apical plasma membrane	part_of(EMAPA:35896)
GO:0005634	nucleus	part_of(EMAPA:35897
GO:0005605	basal lamina	part_of(EMAPA:35917)
GO:0005605	basal lamina	part_of(EMAPA:35917)
GO:0005605	basal lamina	part_of(EMAPA:35917)
GO:0005615	extracellular space	part_of(EMAPA:35921)
GO:0042995	cell projection	part_of(EMAPA:35927
GO:0005886	plasma membrane	part_of(EMAPA:35935
GO:0097730	non-motile cilium	part_of(EMAPA:35944
GO:0097730	non-motile cilium	part_of(EMAPA:35944
GO:0031514	motile cilium	part_of(EMAPA:35962
GO:0005578	proteinaceous extracellular matrix	part_of(EMAPA:35988)
GO:0005737	cytoplasm	part_of(EMAPA:35988)
GO:0005634	nucleus	part_of(EMAPA:35988)
GO:0030141	secretory granule	part_of(EMAPA:35998
GO:0005634	nucleus	part_of(EMAPA:35998)
GO:0005737	cytoplasm	part_of(EMAPA:35998)
GO:0045177	apical part of cell	part_of(EMAPA:36032
GO:0016323	basolateral plasma membrane	part_of(EMAPA:36032)
GO:0044291	cell-cell contact zone	part_of(EMAPA:36032)
GO:0005634	nucleus	part_of(EMAPA:36035)
GO:0005737	cytoplasm	part_of(EMAPA:36035)
GO:0005578	proteinaceous extracellular matrix	part_of(EMAPA:36159)
GO:0043195	terminal bouton	part_of(EMAPA:36240
GO:0030315	T-tubule	part_of(EMAPA:36247)
GO:0031674	I band	part_of(EMAPA:36267)
GO:0005783	endoplasmic reticulum	part_of(EMAPA:36285)
GO:0005886	plasma membrane	part_of(EMAPA:36286
GO:0005737	cytoplasm	part_of(EMAPA:36286
GO:0005886	plasma membrane	part_of(EMAPA:36292
GO:0005886	plasma membrane	part_of(EMAPA:36292
GO:0016323	basolateral plasma membrane	part_of(EMAPA:36292)
GO:0005634	nucleus	part_of(EMAPA:36292)
GO:0016324	apical plasma membrane	part_of(EMAPA:36292)
GO:0005886	plasma membrane	part_of(EMAPA:36292)
GO:0005886	plasma membrane	part_of(EMAPA:36292)
GO:0031430	M band	part_of(EMAPA:36390)
GO:0031672	A band	part_of(EMAPA:36390)
GO:0031674	I band	part_of(EMAPA:36390)
GO:0043292	contractile fiber	part_of(EMAPA:36390)
GO:0030018	Z disc	part_of(EMAPA:36390)
GO:0005737	cytoplasm	part_of(EMAPA:36458
GO:0005886	plasma membrane	part_of(EMAPA:36458
GO:0005783	endoplasmic reticulum	part_of(EMAPA:36503)
GO:0005634	nucleus	part_of(EMAPA:36504)
GO:0005634	nucleus	part_of(EMAPA:36504)
GO:0016324	apical plasma membrane	part_of(EMAPA:36506
GO:0005584	collagen type I trimer	part_of(EMAPA:36509)
GO:0042734	presynaptic membrane	part_of(EMAPA:36510
GO:0045211	postsynaptic membrane	part_of(EMAPA:36510
GO:0031594	neuromuscular junction	part_of(EMAPA:36512
GO:0030424	axon	part_of(EMAPA:36513
GO:0009986	cell surface	part_of(EMAPA:36513
GO:0005886	plasma membrane	part_of(EMAPA:36522)
GO:0043195	terminal bouton	part_of(EMAPA:36523
GO:0016323	basolateral plasma membrane	part_of(EMAPA:36524
GO:0005634	nucleus	part_of(EMAPA:36524
GO:0016324	apical plasma membrane	part_of(EMAPA:36524
GO:0046581	intercellular canaliculus	part_of(EMAPA:36534)
GO:0005576	extracellular region	part_of(EMAPA:36536)
GO:0005576	extracellular region	part_of(EMAPA:36536)
GO:0005576	extracellular region	part_of(EMAPA:36537)
GO:0005576	extracellular region	part_of(EMAPA:36540)
GO:0005576	extracellular region	part_of(EMAPA:36545)
GO:0005576	extracellular region	part_of(EMAPA:36554)
GO:0005604	basement membrane	part_of(EMAPA:36568)
GO:0005634	nucleus	part_of(EMAPA:36572)
GO:0005737	cytoplasm	part_of(EMAPA:36572)
GO:0005634	nucleus	part_of(EMAPA:36574
GO:0043025	neuronal cell body	part_of(EMAPA:36624
GO:0032092	positive regulation of protein binding	part_of(GO:0000122
GO:0032091	negative regulation of protein binding	part_of(GO:0000122
GO:0004674	protein serine/threonine kinase activity	part_of(GO:0000122)
GO:0008140	cAMP response element binding protein binding	part_of(GO:0000122)
GO:0043539	protein serine/threonine kinase activator activity	part_of(GO:0000122)
GO:0001085	RNA polymerase II transcription factor binding	part_of(GO:0000122)
GO:0045944	positive regulation of transcription from RNA polymerase II promoter	part_of(GO:0000165
GO:0001933	negative regulation of protein phosphorylation	part_of(GO:0000165
GO:0000171	ribonuclease MRP activity	part_of(GO:0000172)
GO:0042787	protein ubiquitination involved in ubiquitin-dependent protein catabolic process	part_of(GO:0000209)
GO:0034450	ubiquitin-ubiquitin ligase activity	part_of(GO:0000209)
GO:0097708	intracellular vesicle	part_of(GO:0000242
GO:1900182	positive regulation of protein localization to nucleus	part_of(GO:0000302
GO:0000187	activation of MAPK activity	part_of(GO:0000302
GO:0038066	p38MAPK cascade	part_of(GO:0000302)
GO:0000187	activation of MAPK activity	part_of(GO:0000303
GO:0038066	p38MAPK cascade	part_of(GO:0000303)
GO:1903052	positive regulation of proteolysis involved in cellular protein catabolic process	part_of(GO:0000422
GO:0016567	protein ubiquitination	part_of(GO:0000422
GO:0051646	mitochondrion localization	part_of(GO:0000422)
GO:0090656	t-circle formation	part_of(GO:0000722)
GO:0003684	damaged DNA binding	part_of(GO:0000723)
GO:0003906	DNA-(apurinic or apyrimidinic site) lyase activity	part_of(GO:0000723)
GO:0008309	double-stranded DNA exodeoxyribonuclease activity	part_of(GO:0000723)
GO:0006284	base-excision repair	part_of(GO:0000723)
GO:0016890	site-specific endodeoxyribonuclease activity, specific for altered base	part_of(GO:0000723)
GO:0004707	MAP kinase activity	part_of(GO:0000749)
GO:0006513	protein monoubiquitination	part_of(GO:0000749)
GO:0031384	regulation of initiation of mating projection growth	part_of(GO:0000749)
GO:0005886	plasma membrane	part_of(GO:0000765)
GO:0032460	negative regulation of protein oligomerization	part_of(GO:0000786)
GO:0070374	positive regulation of ERK1 and ERK2 cascade	part_of(GO:0001649
GO:0033604	negative regulation of catecholamine secretion	part_of(GO:0001666)
GO:0006357	regulation of transcription from RNA polymerase II promoter	part_of(GO:0001678)
GO:0006357	regulation of transcription from RNA polymerase II promoter	part_of(GO:0001678)
GO:0046626	regulation of insulin receptor signaling pathway	part_of(GO:0001678)
GO:0015630	microtubule cytoskeleton	part_of(GO:0001750)
GO:0005930	axoneme	part_of(GO:0001750)
GO:1990927	calcium ion regulated lysosome exocytosis	part_of(GO:0001778)
GO:0001778	plasma membrane repair	part_of(GO:0001778)
GO:0010470	regulation of gastrulation	part_of(GO:0001837)
GO:0055037	recycling endosome	part_of(GO:0001891)
GO:0005783	endoplasmic reticulum	part_of(GO:0001917)
GO:0005794	Golgi apparatus	part_of(GO:0001917)
GO:1990075	periciliary membrane compartment	part_of(GO:0001917)
GO:1905596	negative regulation of low-density lipoprotein particle receptor binding	part_of(GO:0001920
GO:0032805	positive regulation of low-density lipoprotein particle receptor catabolic process	part_of(GO:0001920
GO:1905598	negative regulation of low-density lipoprotein receptor activity	part_of(GO:0001920
GO:0010989	negative regulation of low-density lipoprotein particle clearance	part_of(GO:0001920
GO:1905601	negative regulation of receptor-mediated endocytosis involved in cholesterol transport	part_of(GO:0001920
GO:0002020	protease binding	part_of(GO:0001920
GO:0050750	low-density lipoprotein particle receptor binding	part_of(GO:0001920
GO:0030546	receptor activator activity	part_of(GO:0001921
GO:0032804	negative regulation of low-density lipoprotein particle receptor catabolic process	part_of(GO:0001921
GO:0032804	negative regulation of low-density lipoprotein particle receptor catabolic process	part_of(GO:0001921
GO:0032804	negative regulation of low-density lipoprotein particle receptor catabolic process	part_of(GO:0001921
GO:0002020	protease binding	part_of(GO:0001921
GO:0005515	protein binding	part_of(GO:0001921
GO:0032804	negative regulation of low-density lipoprotein particle receptor catabolic process	part_of(GO:0001921
GO:1905581	positive regulation of low-density lipoprotein particle clearance	part_of(GO:0001921
GO:1905581	positive regulation of low-density lipoprotein particle clearance	part_of(GO:0001921
GO:1905581	positive regulation of low-density lipoprotein particle clearance	part_of(GO:0001921
GO:0032804	negative regulation of low-density lipoprotein particle receptor catabolic process	part_of(GO:0001921
GO:1905599	positive regulation of low-density lipoprotein receptor activity	part_of(GO:0001921
GO:1905599	positive regulation of low-density lipoprotein receptor activity	part_of(GO:0001921
GO:1905581	positive regulation of low-density lipoprotein particle clearance	part_of(GO:0001921
GO:1905597	positive regulation of low-density lipoprotein particle receptor binding	part_of(GO:0001921
GO:1905597	positive regulation of low-density lipoprotein particle receptor binding	part_of(GO:0001921
GO:1905602	positive regulation of receptor-mediated endocytosis involved in cholesterol transport	part_of(GO:0001921)
GO:1905602	positive regulation of receptor-mediated endocytosis involved in cholesterol transport	part_of(GO:0001921)
GO:1905602	positive regulation of receptor-mediated endocytosis involved in cholesterol transport	part_of(GO:0001921)
GO:0010629	negative regulation of gene expression	part_of(GO:0002154)
GO:0061051	positive regulation of cell growth involved in cardiac muscle cell development	part_of(GO:0002154)
GO:0016322	neuron remodeling	part_of(GO:0002164
GO:0010628	positive regulation of gene expression	part_of(GO:0002237
GO:0010628	positive regulation of gene expression	part_of(GO:0002237
GO:0005615	extracellular space	part_of(GO:0002371)
GO:0051930	regulation of sensory perception of pain	part_of(GO:0002544)
GO:0051930	regulation of sensory perception of pain	part_of(GO:0002544)
GO:0032967	positive regulation of collagen biosynthetic process	part_of(GO:0002931
GO:0010628	positive regulation of gene expression	part_of(GO:0002931
GO:1905205	positive regulation of connective tissue replacement	part_of(GO:0002931
GO:1905204	negative regulation of connective tissue replacement	part_of(GO:0002931
GO:0010628	positive regulation of gene expression	part_of(GO:0002931
GO:1905205	positive regulation of connective tissue replacement	part_of(GO:0002931
GO:0010628	positive regulation of gene expression	part_of(GO:0002931
GO:0010666	positive regulation of cardiac muscle cell apoptotic process	part_of(GO:0002931)
GO:1905178	regulation of cardiac muscle tissue regeneration	part_of(GO:0002931)
GO:0061026	cardiac muscle tissue regeneration	part_of(GO:0002931)
GO:0032914	positive regulation of transforming growth factor beta1 production	part_of(GO:0002931)
GO:0101020	estrogen 16-alpha-hydroxylase activity	part_of(GO:0002933
GO:0101020	estrogen 16-alpha-hydroxylase activity	part_of(GO:0002933
GO:0101020	estrogen 16-alpha-hydroxylase activity	part_of(GO:0002933
GO:0008395	steroid hydroxylase activity	part_of(GO:0002933
GO:0008395	steroid hydroxylase activity	part_of(GO:0002933
GO:1905205	positive regulation of connective tissue replacement	part_of(GO:0003015
GO:1905205	positive regulation of connective tissue replacement	part_of(GO:0003015
GO:0019722	calcium-mediated signaling	part_of(GO:0003031
GO:0050907	detection of chemical stimulus involved in sensory perception	part_of(GO:0003031
GO:0045921	positive regulation of exocytosis	part_of(GO:0003031
GO:0050907	detection of chemical stimulus involved in sensory perception	part_of(GO:0003031
GO:1904457	positive regulation of neuronal action potential	part_of(GO:0003031
GO:0019722	calcium-mediated signaling	part_of(GO:0003031
GO:0035195	gene silencing by miRNA	part_of(GO:0003136
GO:1905111	positive regulation of pulmonary blood vessel remodeling	part_of(GO:0003299
GO:1905111	positive regulation of pulmonary blood vessel remodeling	part_of(GO:0003299
GO:0070886	positive regulation of calcineurin-NFAT signaling cascade	part_of(GO:0003300
GO:0031346	positive regulation of cell projection organization	part_of(GO:0003300)
GO:1900181	negative regulation of protein localization to nucleus	part_of(GO:0003300)
GO:0070886	positive regulation of calcineurin-NFAT signaling cascade	part_of(GO:0003300)
GO:0045944	positive regulation of transcription from RNA polymerase II promoter	part_of(GO:0003376)
GO:0010628	positive regulation of gene expression	part_of(GO:0003388
GO:0010628	positive regulation of gene expression	part_of(GO:0003388)
GO:0010629	negative regulation of gene expression	part_of(GO:0003388)
GO:0005515	protein binding	part_of(GO:0003720
GO:0090026	positive regulation of monocyte chemotaxis	part_of(GO:0004945
GO:0005622	intracellular	part_of(GO:0005622
GO:0031490	chromatin DNA binding	part_of(GO:0005634
GO:0032993	protein-DNA complex	part_of(GO:0005634
GO:0033142	progesterone receptor binding	part_of(GO:0005634
GO:0009416	response to light stimulus	part_of(GO:0005634)
GO:0032993	protein-DNA complex	part_of(GO:0005634)
GO:0005655	nucleolar ribonuclease P complex	part_of(GO:0005655)
GO:0004526	ribonuclease P activity	part_of(GO:0005655)
GO:0045121	membrane raft	part_of(GO:0005765
GO:0090534	calcium ion-transporting ATPase complex	part_of(GO:0005783)
GO:0043234	protein complex	part_of(GO:0005789)
GO:0005641	nuclear envelope lumen	part_of(GO:0005794)
GO:0031982	vesicle	part_of(GO:0005829)
GO:0045121	membrane raft	part_of(GO:0005886)
GO:0005905	clathrin-coated pit	part_of(GO:0005886)
GO:0031201	SNARE complex	part_of(GO:0005886)
GO:0032432	actin filament bundle	part_of(GO:0005902
GO:0030864	cortical actin cytoskeleton	part_of(GO:0005902
GO:0005903	brush border	part_of(GO:0005915
GO:0070971	endoplasmic reticulum exit site	part_of(GO:0005938
GO:0004748	ribonucleoside-diphosphate reductase activity, thioredoxin disulfide as acceptor	part_of(GO:0005971)
GO:0005971	ribonucleoside-diphosphate reductase complex	part_of(GO:0005971)
GO:0016885	ligase activity, forming carbon-carbon bonds	part_of(GO:0006084
GO:0016830	carbon-carbon lyase activity	part_of(GO:0006085)
GO:0016830	carbon-carbon lyase activity	part_of(GO:0006085)
GO:0060382	regulation of DNA strand elongation	part_of(GO:0006275)
GO:1990599	3' overhang single-stranded DNA endodeoxyribonuclease activity	part_of(GO:0006303)
GO:0043234	protein complex	part_of(GO:0006335)
GO:0043234	protein complex	part_of(GO:0006336)
GO:0032088	negative regulation of NF-kappaB transcription factor activity	part_of(GO:0006357)
GO:0030295	protein kinase activator activity	part_of(GO:0006357)
GO:0006357	regulation of transcription from RNA polymerase II promoter	part_of(GO:0006357)
GO:0036435	K48-linked polyubiquitin binding	part_of(GO:0006468
GO:0043393	regulation of protein binding	part_of(GO:0006468)
GO:1904146	positive regulation of meiotic cell cycle process involved in oocyte maturation	part_of(GO:0006468)
GO:0018105	peptidyl-serine phosphorylation	part_of(GO:0006469)
GO:0018105	peptidyl-serine phosphorylation	part_of(GO:0006469)
GO:0003985	acetyl-CoA C-acetyltransferase activity	part_of(GO:0006550)
GO:0003985	acetyl-CoA C-acetyltransferase activity	part_of(GO:0006550)
GO:0004485	methylcrotonoyl-CoA carboxylase activity	part_of(GO:0006552)
GO:0004674	protein serine/threonine kinase activity	part_of(GO:0006606)
GO:0008139	nuclear localization sequence binding	part_of(GO:0006607)
GO:0004419	hydroxymethylglutaryl-CoA lyase activity	part_of(GO:0006629)
GO:0004771	sterol esterase activity	part_of(GO:0006695)
GO:0008525	phosphatidylcholine transporter activity	part_of(GO:0006810)
GO:0045055	regulated exocytosis	part_of(GO:0006869)
GO:0045944	positive regulation of transcription from RNA polymerase II promoter	part_of(GO:0006879)
GO:0045921	positive regulation of exocytosis	part_of(GO:0006903)
GO:0030866	cortical actin cytoskeleton organization	part_of(GO:0006909)
GO:0005776	autophagosome	part_of(GO:0006914)
GO:2000786	positive regulation of autophagosome assembly	part_of(GO:0006914)
GO:0042325	regulation of phosphorylation	part_of(GO:0006915)
GO:0035195	gene silencing by miRNA	part_of(GO:0006954
GO:0043032	positive regulation of macrophage activation	part_of(GO:0006954
GO:0010628	positive regulation of gene expression	part_of(GO:0006954
GO:0010628	positive regulation of gene expression	part_of(GO:0006954
GO:0010628	positive regulation of gene expression	part_of(GO:0006954
GO:0010628	positive regulation of gene expression	part_of(GO:0006954
GO:0010628	positive regulation of gene expression	part_of(GO:0006954
GO:0010628	positive regulation of gene expression	part_of(GO:0006954
GO:0010628	positive regulation of gene expression	part_of(GO:0006954
GO:0010628	positive regulation of gene expression	part_of(GO:0006954
GO:0010628	positive regulation of gene expression	part_of(GO:0006954
GO:0010628	positive regulation of gene expression	part_of(GO:0006954
GO:0042102	positive regulation of T cell proliferation	part_of(GO:0006954
GO:0034115	negative regulation of heterotypic cell-cell adhesion	part_of(GO:0006954)
GO:0002696	positive regulation of leukocyte activation	part_of(GO:0006954)
GO:0050870	positive regulation of T cell activation	part_of(GO:0006954)
GO:1902565	positive regulation of neutrophil activation	part_of(GO:0006954)
GO:0010942	positive regulation of cell death	part_of(GO:0006955
GO:0035278	miRNA mediated inhibition of translation	part_of(GO:0006955
GO:0050891	multicellular organismal water homeostasis	part_of(GO:0006972)
GO:0019901	protein kinase binding	part_of(GO:0006972)
GO:0050891	multicellular organismal water homeostasis	part_of(GO:0006972)
GO:0005515	protein binding	part_of(GO:0006974)
GO:0003684	damaged DNA binding	part_of(GO:0006974)
GO:0034399	nuclear periphery	part_of(GO:0006974)
GO:0043066	negative regulation of apoptotic process	part_of(GO:0006974)
GO:2001170	negative regulation of ATP biosynthetic process	part_of(GO:0006974)
GO:0010508	positive regulation of autophagy	part_of(GO:0006995)
GO:0032007	negative regulation of TOR signaling	part_of(GO:0006995)
GO:0006468	protein phosphorylation	part_of(GO:0006995)
GO:0044804	nucleophagy	part_of(GO:0006995)
GO:0010507	negative regulation of autophagy	part_of(GO:0006995)
GO:2000786	positive regulation of autophagosome assembly	part_of(GO:0006995)
GO:0061709	reticulophagy	part_of(GO:0006995)
GO:0051087	chaperone binding	part_of(GO:0007004
GO:1904867	protein localization to Cajal body	part_of(GO:0007004
GO:0003720	telomerase activity	part_of(GO:0007004)
GO:0005515	protein binding	part_of(GO:0007004)
GO:0035195	gene silencing by miRNA	part_of(GO:0007004)
GO:0051973	positive regulation of telomerase activity	part_of(GO:0007004)
GO:0070200	establishment of protein localization to telomere	part_of(GO:0007004)
GO:0005515	protein binding	part_of(GO:0007004)
GO:0005515	protein binding	part_of(GO:0007004)
GO:0044183	protein binding involved in protein folding	part_of(GO:0007004)
GO:0044183	protein binding involved in protein folding	part_of(GO:0007004)
GO:1904851	positive regulation of establishment of protein localization to telomere	part_of(GO:0007004)
GO:0071987	WD40-repeat domain binding	part_of(GO:0007004)
GO:0071987	WD40-repeat domain binding	part_of(GO:0007004)
GO:0051087	chaperone binding	part_of(GO:0007004)
GO:0051087	chaperone binding	part_of(GO:0007004)
GO:0070034	telomerase RNA binding	part_of(GO:0007004)
GO:0070034	telomerase RNA binding	part_of(GO:0007004)
GO:0070200	establishment of protein localization to telomere	part_of(GO:0007004)
GO:0070182	DNA polymerase binding	part_of(GO:0007004)
GO:0044183	protein binding involved in protein folding	part_of(GO:0007023)
GO:0007023	post-chaperonin tubulin folding pathway	part_of(GO:0007023)
GO:0019722	calcium-mediated signaling	part_of(GO:0007040)
GO:0003677	DNA binding	part_of(GO:0007064)
GO:0061776	topological DNA entrapment activity	part_of(GO:0007064)
GO:0004674	protein serine/threonine kinase activity	part_of(GO:0007076)
GO:1990814	DNA/DNA annealing activity	part_of(GO:0007076)
GO:2001045	negative regulation of integrin-mediated signaling pathway	part_of(GO:0007160)
GO:2001045	negative regulation of integrin-mediated signaling pathway	part_of(GO:0007160)
GO:0043539	protein serine/threonine kinase activator activity	part_of(GO:0007173)
GO:0035195	gene silencing by miRNA	part_of(GO:0007173)
GO:0035195	gene silencing by miRNA	part_of(GO:0007173)
GO:0045860	positive regulation of protein kinase activity	part_of(GO:0007173)
GO:0045860	positive regulation of protein kinase activity	part_of(GO:0007173)
GO:0045944	positive regulation of transcription from RNA polymerase II promoter	part_of(GO:0007179
GO:0045944	positive regulation of transcription from RNA polymerase II promoter	part_of(GO:0007179
GO:0010800	positive regulation of peptidyl-threonine phosphorylation	part_of(GO:0007179)
GO:0033138	positive regulation of peptidyl-serine phosphorylation	part_of(GO:0007179)
GO:0005515	protein binding	part_of(GO:0007186)
GO:0010801	negative regulation of peptidyl-threonine phosphorylation	part_of(GO:0007205
GO:0050731	positive regulation of peptidyl-tyrosine phosphorylation	part_of(GO:0007205
GO:0051898	negative regulation of protein kinase B signaling	part_of(GO:0007212)
GO:0005109	frizzled binding	part_of(GO:0007223)
GO:0032403	protein complex binding	part_of(GO:0007229)
GO:0001953	negative regulation of cell-matrix adhesion	part_of(GO:0007229)
GO:0001953	negative regulation of cell-matrix adhesion	part_of(GO:0007229)
GO:0005178	integrin binding	part_of(GO:0007229)
GO:0033626	positive regulation of integrin activation by cell surface receptor linked signal transduction	part_of(GO:0007229)
GO:0023019	signal transduction involved in regulation of gene expression	part_of(GO:0007249
GO:0023019	signal transduction involved in regulation of gene expression	part_of(GO:0007249
GO:0023019	signal transduction involved in regulation of gene expression	part_of(GO:0007249
GO:0050766	positive regulation of phagocytosis	part_of(GO:0007249
GO:0045807	positive regulation of endocytosis	part_of(GO:0007249
GO:0010629	negative regulation of gene expression	part_of(GO:0007249)
GO:0050729	positive regulation of inflammatory response	part_of(GO:0007249)
GO:0048018	receptor agonist activity	part_of(GO:0007267)
GO:0007409	axonogenesis	part_of(GO:0007416
GO:1905386	positive regulation of protein localization to presynapse	part_of(GO:0007416)
GO:0042813	Wnt-activated receptor activity	part_of(GO:0007416)
GO:1902474	positive regulation of protein localization to synapse	part_of(GO:0007416)
GO:0042813	Wnt-activated receptor activity	part_of(GO:0007416)
GO:0033278	cell proliferation in midbrain	part_of(GO:0007420)
GO:1901631	positive regulation of presynaptic membrane organization	part_of(GO:0007528)
GO:0016485	protein processing	part_of(GO:0007596
GO:0004252	serine-type endopeptidase activity	part_of(GO:0007596
GO:1900004	negative regulation of serine-type endopeptidase activity	part_of(GO:0007596
GO:0042923	neuropeptide binding	part_of(GO:0007611)
GO:0090325	regulation of locomotion involved in locomotory behavior	part_of(GO:0007638
GO:0002933	lipid hydroxylation	part_of(GO:0008202)
GO:0101020	estrogen 16-alpha-hydroxylase activity	part_of(GO:0008202)
GO:0101020	estrogen 16-alpha-hydroxylase activity	part_of(GO:0008202)
GO:0101020	estrogen 16-alpha-hydroxylase activity	part_of(GO:0008202)
GO:0008395	steroid hydroxylase activity	part_of(GO:0008202)
GO:0008395	steroid hydroxylase activity	part_of(GO:0008202)
GO:0045893	positive regulation of transcription, DNA-templated	part_of(GO:0008283
GO:1900182	positive regulation of protein localization to nucleus	part_of(GO:0008286)
GO:0050731	positive regulation of peptidyl-tyrosine phosphorylation	part_of(GO:0008286)
GO:0008286	insulin receptor signaling pathway	part_of(GO:0008286)
GO:0043410	positive regulation of MAPK cascade	part_of(GO:0008286)
GO:0008105	asymmetric protein localization	part_of(GO:0008356)
GO:0010629	negative regulation of gene expression	part_of(GO:0008406
GO:0051302	regulation of cell division	part_of(GO:0008406)
GO:0051781	positive regulation of cell division	part_of(GO:0008406)
GO:0007530	sex determination	part_of(GO:0008406)
GO:1904787	positive regulation of asymmetric protein localization involved in cell fate determination	part_of(GO:0008406)
GO:0010628	positive regulation of gene expression	part_of(GO:0008406)
GO:0051782	negative regulation of cell division	part_of(GO:0008406)
GO:0010942	positive regulation of cell death	part_of(GO:0009267)
GO:0061684	chaperone-mediated autophagy	part_of(GO:0009267)
GO:1904747	positive regulation of apoptotic process involved in development	part_of(GO:0009267)
GO:0009267	cellular response to starvation	part_of(GO:0009267)
GO:1904715	negative regulation of chaperone-mediated autophagy	part_of(GO:0009267)
GO:0016236	macroautophagy	part_of(GO:0009267)
GO:0005615	extracellular space	part_of(GO:0009267)
GO:0010506	regulation of autophagy	part_of(GO:0009267)
GO:0000045	autophagosome assembly	part_of(GO:0009267)
GO:0004175	endopeptidase activity	part_of(GO:0009405)
GO:0035897	proteolysis in other organism	part_of(GO:0009405)
GO:0010628	positive regulation of gene expression	part_of(GO:0009408)
GO:0043565	sequence-specific DNA binding	part_of(GO:0009408)
GO:0001046	core promoter sequence-specific DNA binding	part_of(GO:0009408)
GO:0010629	negative regulation of gene expression	part_of(GO:0009411)
GO:0001778	plasma membrane repair	part_of(GO:0009611)
GO:1904706	negative regulation of vascular smooth muscle cell proliferation	part_of(GO:0009611)
GO:0045824	negative regulation of innate immune response	part_of(GO:0009617
GO:0003081	regulation of systemic arterial blood pressure by renin-angiotensin	part_of(GO:0009651)
GO:0005516	calmodulin binding	part_of(GO:0009790)
GO:0045214	sarcomere organization	part_of(GO:0009790)
GO:0000146	microfilament motor activity	part_of(GO:0009790)
GO:0003009	skeletal muscle contraction	part_of(GO:0009790)
GO:0042623	ATPase activity, coupled	part_of(GO:0009790)
GO:0051015	actin filament binding	part_of(GO:0009790)
GO:0060325	face morphogenesis	part_of(GO:0009790)
GO:0045596	negative regulation of cell differentiation	part_of(GO:0009792)
GO:0043234	protein complex	part_of(GO:0009986
GO:0043234	protein complex	part_of(GO:0009986)
GO:0044216	other organism cell	part_of(GO:0009986)
GO:0035195	gene silencing by miRNA	part_of(GO:0010421
GO:0034392	negative regulation of smooth muscle cell apoptotic process	part_of(GO:0010421)
GO:0015884	folic acid transport	part_of(GO:0010447)
GO:0044877	macromolecular complex binding	part_of(GO:0010521)
GO:1900181	negative regulation of protein localization to nucleus	part_of(GO:0010614
GO:0051898	negative regulation of protein kinase B signaling	part_of(GO:0010614)
GO:0070372	regulation of ERK1 and ERK2 cascade	part_of(GO:0010614)
GO:0035195	gene silencing by miRNA	part_of(GO:0010614)
GO:0004674	protein serine/threonine kinase activity	part_of(GO:0010620)
GO:0034614	cellular response to reactive oxygen species	part_of(GO:0010628)
GO:0010498	proteasomal protein catabolic process	part_of(GO:0010629)
GO:0045944	positive regulation of transcription from RNA polymerase II promoter	part_of(GO:0010636)
GO:0035195	gene silencing by miRNA	part_of(GO:0010667)
GO:0004674	protein serine/threonine kinase activity	part_of(GO:0010845)
GO:0004674	protein serine/threonine kinase activity	part_of(GO:0010971)
GO:0045762	positive regulation of adenylate cyclase activity	part_of(GO:0010976)
GO:0032489	regulation of Cdc42 protein signal transduction	part_of(GO:0010976)
GO:0050848	regulation of calcium-mediated signaling	part_of(GO:0010976)
GO:0005516	calmodulin binding	part_of(GO:0010976)
GO:0005515	protein binding	part_of(GO:0010976)
GO:0001920	negative regulation of receptor recycling	part_of(GO:0010989
GO:0032805	positive regulation of low-density lipoprotein particle receptor catabolic process	part_of(GO:0010989
GO:1905596	negative regulation of low-density lipoprotein particle receptor binding	part_of(GO:0010989)
GO:0046959	habituation	part_of(GO:0010996)
GO:0055059	asymmetric neuroblast division	part_of(GO:0014019)
GO:0001934	positive regulation of protein phosphorylation	part_of(GO:0014067
GO:0001934	positive regulation of protein phosphorylation	part_of(GO:0014068
GO:0001934	positive regulation of protein phosphorylation	part_of(GO:0014068
GO:0007166	cell surface receptor signaling pathway	part_of(GO:0014070)
GO:0038166	angiotensin-activated signaling pathway	part_of(GO:0014824)
GO:0035195	gene silencing by miRNA	part_of(GO:0014829)
GO:0035195	gene silencing by miRNA	part_of(GO:0014829)
GO:1905111	positive regulation of pulmonary blood vessel remodeling	part_of(GO:0014895
GO:1905111	positive regulation of pulmonary blood vessel remodeling	part_of(GO:0014895
GO:0034105	positive regulation of tissue remodeling	part_of(GO:0014898)
GO:0035278	miRNA mediated inhibition of translation	part_of(GO:0014902
GO:0035278	miRNA mediated inhibition of translation	part_of(GO:0014902
GO:0035278	miRNA mediated inhibition of translation	part_of(GO:0014902
GO:1903231	mRNA binding involved in posttranscriptional gene silencing	part_of(GO:0014902
GO:1903231	mRNA binding involved in posttranscriptional gene silencing	part_of(GO:0014902
GO:1903231	mRNA binding involved in posttranscriptional gene silencing	part_of(GO:0014902
GO:0070373	negative regulation of ERK1 and ERK2 cascade	part_of(GO:0014902)
GO:0006898	receptor-mediated endocytosis	part_of(GO:0015889)
GO:0015245	fatty acid transporter activity	part_of(GO:0015908
GO:0008526	phosphatidylinositol transporter activity	part_of(GO:0015914)
GO:0016830	carbon-carbon lyase activity	part_of(GO:0015936
GO:0003985	acetyl-CoA C-acetyltransferase activity	part_of(GO:0015937
GO:0019034	viral replication complex	part_of(GO:0016020)
GO:0098594	mucin granule	part_of(GO:0016020)
GO:0045944	positive regulation of transcription from RNA polymerase II promoter	part_of(GO:0016036
GO:0005634	nucleus	part_of(GO:0016036)
GO:0003700	transcription factor activity, sequence-specific DNA binding	part_of(GO:0016036)
GO:0045944	positive regulation of transcription from RNA polymerase II promoter	part_of(GO:0016036)
GO:0032092	positive regulation of protein binding	part_of(GO:0016055
GO:0005515	protein binding	part_of(GO:0016055)
GO:0048018	receptor agonist activity	part_of(GO:0016055)
GO:0005515	protein binding	part_of(GO:0016055)
GO:0017147	Wnt-protein binding	part_of(GO:0016055)
GO:0005515	protein binding	part_of(GO:0016233)
GO:1904146	positive regulation of meiotic cell cycle process involved in oocyte maturation	part_of(GO:0016310)
GO:1902473	regulation of protein localization to synapse	part_of(GO:0016322)
GO:0044853	plasma membrane raft	part_of(GO:0016323
GO:0009986	cell surface	part_of(GO:0016323
GO:0009986	cell surface	part_of(GO:0016323
GO:0005901	caveola	part_of(GO:0016323)
GO:0005886	plasma membrane	part_of(GO:0016323)
GO:0009986	cell surface	part_of(GO:0016324
GO:0005903	brush border	part_of(GO:0016324)
GO:0005901	caveola	part_of(GO:0016324)
GO:0030018	Z disc	part_of(GO:0016529)
GO:1990425	ryanodine receptor complex	part_of(GO:0016529)
GO:0005515	protein binding	part_of(GO:0016567)
GO:0031647	regulation of protein stability	part_of(GO:0016567)
GO:0061630	ubiquitin protein ligase activity	part_of(GO:0016567)
GO:0050821	protein stabilization	part_of(GO:0016579)
GO:0000784	nuclear chromosome, telomeric region	part_of(GO:0016605
GO:0004694	eukaryotic translation initiation factor 2alpha kinase activity	part_of(GO:0017148)
GO:0018105	peptidyl-serine phosphorylation	part_of(GO:0017148)
GO:0005546	phosphatidylinositol-4,5-bisphosphate binding	part_of(GO:0017158)
GO:0000149	SNARE binding	part_of(GO:0017158)
GO:1900182	positive regulation of protein localization to nucleus	part_of(GO:0018107
GO:1904457	positive regulation of neuronal action potential	part_of(GO:0019722
GO:0045944	positive regulation of transcription from RNA polymerase II promoter	part_of(GO:0019933
GO:0001205	transcriptional activator activity, RNA polymerase II distal enhancer sequence-specific binding	part_of(GO:0019933)
GO:0045944	positive regulation of transcription from RNA polymerase II promoter	part_of(GO:0019933)
GO:0045944	positive regulation of transcription from RNA polymerase II promoter	part_of(GO:0021549)
GO:0033278	cell proliferation in midbrain	part_of(GO:0022008)
GO:0018107	peptidyl-threonine phosphorylation	part_of(GO:0023016)
GO:0018107	peptidyl-threonine phosphorylation	part_of(GO:0023016)
GO:0030295	protein kinase activator activity	part_of(GO:0023016)
GO:0004674	protein serine/threonine kinase activity	part_of(GO:0023016)
GO:0004672	protein kinase activity	part_of(GO:0023016)
GO:0006468	protein phosphorylation	part_of(GO:0023016)
GO:0030864	cortical actin cytoskeleton	part_of(GO:0030027
GO:0032689	negative regulation of interferon-gamma production	part_of(GO:0030101
GO:0043322	negative regulation of natural killer cell degranulation	part_of(GO:0030101
GO:0032689	negative regulation of interferon-gamma production	part_of(GO:0030101
GO:0045953	negative regulation of natural killer cell mediated cytotoxicity	part_of(GO:0030101
GO:0030864	cortical actin cytoskeleton	part_of(GO:0030175
GO:0061357	positive regulation of Wnt protein secretion	part_of(GO:0030177
GO:0006468	protein phosphorylation	part_of(GO:0030177
GO:0061357	positive regulation of Wnt protein secretion	part_of(GO:0030177)
GO:0006508	proteolysis	part_of(GO:0030178
GO:0004222	metalloendopeptidase activity	part_of(GO:0030178)
GO:0006508	proteolysis	part_of(GO:0030178)
GO:0032091	negative regulation of protein binding	part_of(GO:0030178)
GO:0032091	negative regulation of protein binding	part_of(GO:0030178)
GO:1904808	positive regulation of protein oxidation	part_of(GO:0030178)
GO:0017147	Wnt-protein binding	part_of(GO:0030178)
GO:0039706	co-receptor binding	part_of(GO:0030178)
GO:0032461	positive regulation of protein oligomerization	part_of(GO:0030178)
GO:0006508	proteolysis	part_of(GO:0030178)
GO:0005515	protein binding	part_of(GO:0030178)
GO:0004222	metalloendopeptidase activity	part_of(GO:0030178)
GO:0004222	metalloendopeptidase activity	part_of(GO:0030178)
GO:0006508	proteolysis	part_of(GO:0030178)
GO:0004175	endopeptidase activity	part_of(GO:0030178)
GO:0050821	protein stabilization	part_of(GO:0030182)
GO:0008013	beta-catenin binding	part_of(GO:0030182)
GO:0050821	protein stabilization	part_of(GO:0030182)
GO:0019899	enzyme binding	part_of(GO:0030182)
GO:0030659	cytoplasmic vesicle membrane	part_of(GO:0030315
GO:0006915	apoptotic process	part_of(GO:0030326)
GO:0008283	cell proliferation	part_of(GO:0030326)
GO:0008201	heparin binding	part_of(GO:0030326)
GO:0010628	positive regulation of gene expression	part_of(GO:0030335)
GO:0043231	intracellular membrane-bounded organelle	part_of(GO:0030424
GO:0005739	mitochondrion	part_of(GO:0030424
GO:0005737	cytoplasm	part_of(GO:0030424
GO:0045202	synapse	part_of(GO:0030424)
GO:0005874	microtubule	part_of(GO:0030424)
GO:0005739	mitochondrion	part_of(GO:0030424)
GO:0036464	cytoplasmic ribonucleoprotein granule	part_of(GO:0030425
GO:0043231	intracellular membrane-bounded organelle	part_of(GO:0030425
GO:0005886	plasma membrane	part_of(GO:0030425
GO:0005886	plasma membrane	part_of(GO:0030425
GO:0014069	postsynaptic density	part_of(GO:0030425
GO:0098982	GABA-ergic synapse	part_of(GO:0030425)
GO:0030133	transport vesicle	part_of(GO:0030425)
GO:0036464	cytoplasmic ribonucleoprotein granule	part_of(GO:0030425)
GO:0030951	establishment or maintenance of microtubule cytoskeleton polarity	part_of(GO:0030425)
GO:0098978	glutamatergic synapse	part_of(GO:0030425)
GO:0005768	endosome	part_of(GO:0030425)
GO:0005739	mitochondrion	part_of(GO:0030425)
GO:0042470	melanosome	part_of(GO:0030425)
GO:0012506	vesicle membrane	part_of(GO:0030426
GO:0005886	plasma membrane	part_of(GO:0030426
GO:0097708	intracellular vesicle	part_of(GO:0030426)
GO:0016567	protein ubiquitination	part_of(GO:0030433
GO:0045944	positive regulation of transcription from RNA polymerase II promoter	part_of(GO:0030509
GO:0035195	gene silencing by miRNA	part_of(GO:0030509
GO:0035195	gene silencing by miRNA	part_of(GO:0030509
GO:0035195	gene silencing by miRNA	part_of(GO:0030509
GO:0045944	positive regulation of transcription from RNA polymerase II promoter	part_of(GO:0030509
GO:0060391	positive regulation of SMAD protein import into nucleus	part_of(GO:0030509)
GO:0060391	positive regulation of SMAD protein import into nucleus	part_of(GO:0030509)
GO:0060391	positive regulation of SMAD protein import into nucleus	part_of(GO:0030509)
GO:0010628	positive regulation of gene expression	part_of(GO:0030509)
GO:0010628	positive regulation of gene expression	part_of(GO:0030509)
GO:0060391	positive regulation of SMAD protein import into nucleus	part_of(GO:0030509)
GO:0060391	positive regulation of SMAD protein import into nucleus	part_of(GO:0030509)
GO:0060391	positive regulation of SMAD protein import into nucleus	part_of(GO:0030509)
GO:0060395	SMAD protein signal transduction	part_of(GO:0030509)
GO:0035195	gene silencing by miRNA	part_of(GO:0030512)
GO:0035195	gene silencing by miRNA	part_of(GO:0030512)
GO:0035195	gene silencing by miRNA	part_of(GO:0030512)
GO:0010629	negative regulation of gene expression	part_of(GO:0030514)
GO:0010629	negative regulation of gene expression	part_of(GO:0030514)
GO:0035195	gene silencing by miRNA	part_of(GO:0030514)
GO:0035195	gene silencing by miRNA	part_of(GO:0030514)
GO:0007194	negative regulation of adenylate cyclase activity	part_of(GO:0030818
GO:0005515	protein binding	part_of(GO:0030837)
GO:0045944	positive regulation of transcription from RNA polymerase II promoter	part_of(GO:0030901
GO:0001569	branching involved in blood vessel morphogenesis	part_of(GO:0030902
GO:0002042	cell migration involved in sprouting angiogenesis	part_of(GO:0030902
GO:0044212	transcription regulatory region DNA binding	part_of(GO:0030968)
GO:0044212	transcription regulatory region DNA binding	part_of(GO:0030968)
GO:0044212	transcription regulatory region DNA binding	part_of(GO:0030968)
GO:0044212	transcription regulatory region DNA binding	part_of(GO:0030968)
GO:0004672	protein kinase activity	part_of(GO:0030968)
GO:0004521	endoribonuclease activity	part_of(GO:0030969)
GO:0008233	peptidase activity	part_of(GO:0030970)
GO:0004674	protein serine/threonine kinase activity	part_of(GO:0030999)
GO:0004674	protein serine/threonine kinase activity	part_of(GO:0031031)
GO:0004525	ribonuclease III activity	part_of(GO:0031053)
GO:1900149	positive regulation of Schwann cell migration	part_of(GO:0031103)
GO:0004674	protein serine/threonine kinase activity	part_of(GO:0031138)
GO:0015629	actin cytoskeleton	part_of(GO:0031143)
GO:0090665	glycoprotein complex	part_of(GO:0031160)
GO:0006171	cAMP biosynthetic process	part_of(GO:0031288)
GO:0032091	negative regulation of protein binding	part_of(GO:0031333)
GO:0032091	negative regulation of protein binding	part_of(GO:0031333)
GO:0003691	double-stranded telomeric DNA binding	part_of(GO:0031397)
GO:0032091	negative regulation of protein binding	part_of(GO:0031398)
GO:0031301	integral component of organelle membrane	part_of(GO:0031410)
GO:0004722	protein serine/threonine phosphatase activity	part_of(GO:0031536)
GO:0005004	GPI-linked ephrin receptor activity	part_of(GO:0031547)
GO:0005169	neurotrophin TRKB receptor binding	part_of(GO:0031547)
GO:0048672	positive regulation of collateral sprouting	part_of(GO:0031547)
GO:0048672	positive regulation of collateral sprouting	part_of(GO:0031547)
GO:0045211	postsynaptic membrane	part_of(GO:0031594)
GO:0031396	regulation of protein ubiquitination	part_of(GO:0031647)
GO:0004674	protein serine/threonine kinase activity	part_of(GO:0031658)
GO:0031658	negative regulation of cyclin-dependent protein serine/threonine kinase activity involved in G1/S transition of mitotic cell cycle	part_of(GO:0031658)
GO:0070374	positive regulation of ERK1 and ERK2 cascade	part_of(GO:0031663)
GO:0000045	autophagosome assembly	part_of(GO:0031667)
GO:0030307	positive regulation of cell growth	part_of(GO:0031670)
GO:0033138	positive regulation of peptidyl-serine phosphorylation	part_of(GO:0031954
GO:0045792	negative regulation of cell size	part_of(GO:0032008)
GO:0045793	positive regulation of cell size	part_of(GO:0032008)
GO:0004721	phosphoprotein phosphatase activity	part_of(GO:0032091)
GO:0004721	phosphoprotein phosphatase activity	part_of(GO:0032091)
GO:0004465	lipoprotein lipase activity	part_of(GO:0032094
GO:0007626	locomotory behavior	part_of(GO:0032094)
GO:0006468	protein phosphorylation	part_of(GO:0032147
GO:1904430	negative regulation of t-circle formation	part_of(GO:0032208)
GO:1904874	positive regulation of telomerase RNA localization to Cajal body	part_of(GO:0032212
GO:1904874	positive regulation of telomerase RNA localization to Cajal body	part_of(GO:0032212
GO:1904871	positive regulation of protein localization to Cajal body	part_of(GO:0032212
GO:1904355	positive regulation of telomere capping	part_of(GO:0032212
GO:0090671	telomerase RNA localization to Cajal body	part_of(GO:0032212)
GO:1905602	positive regulation of receptor-mediated endocytosis involved in cholesterol transport	part_of(GO:0032385
GO:1905602	positive regulation of receptor-mediated endocytosis involved in cholesterol transport	part_of(GO:0032385
GO:1905602	positive regulation of receptor-mediated endocytosis involved in cholesterol transport	part_of(GO:0032385
GO:0032435	negative regulation of proteasomal ubiquitin-dependent protein catabolic process	part_of(GO:0032435)
GO:0031397	negative regulation of protein ubiquitination	part_of(GO:0032435)
GO:0018105	peptidyl-serine phosphorylation	part_of(GO:0032436
GO:0071639	positive regulation of monocyte chemotactic protein-1 production	part_of(GO:0032495)
GO:0051092	positive regulation of NF-kappaB transcription factor activity	part_of(GO:0032495)
GO:0030546	receptor activator activity	part_of(GO:0032804
GO:0002020	protease binding	part_of(GO:0032804
GO:0005515	protein binding	part_of(GO:0032804
GO:1905581	positive regulation of low-density lipoprotein particle clearance	part_of(GO:0032804
GO:1905581	positive regulation of low-density lipoprotein particle clearance	part_of(GO:0032804
GO:1905581	positive regulation of low-density lipoprotein particle clearance	part_of(GO:0032804
GO:1905599	positive regulation of low-density lipoprotein receptor activity	part_of(GO:0032804
GO:1905599	positive regulation of low-density lipoprotein receptor activity	part_of(GO:0032804
GO:1905581	positive regulation of low-density lipoprotein particle clearance	part_of(GO:0032804
GO:0001921	positive regulation of receptor recycling	part_of(GO:0032804
GO:0001921	positive regulation of receptor recycling	part_of(GO:0032804
GO:1905597	positive regulation of low-density lipoprotein particle receptor binding	part_of(GO:0032804
GO:1905597	positive regulation of low-density lipoprotein particle receptor binding	part_of(GO:0032804
GO:0001920	negative regulation of receptor recycling	part_of(GO:0032805
GO:1905596	negative regulation of low-density lipoprotein particle receptor binding	part_of(GO:0032805
GO:1905598	negative regulation of low-density lipoprotein receptor activity	part_of(GO:0032805
GO:0010989	negative regulation of low-density lipoprotein particle clearance	part_of(GO:0032805
GO:1905601	negative regulation of receptor-mediated endocytosis involved in cholesterol transport	part_of(GO:0032805
GO:0002020	protease binding	part_of(GO:0032805
GO:0050750	low-density lipoprotein particle receptor binding	part_of(GO:0032805
GO:0090664	response to high population density	part_of(GO:0032868)
GO:0008114	phosphogluconate 2-dehydrogenase activity	part_of(GO:0032868)
GO:0004470	malic enzyme activity	part_of(GO:0032868)
GO:0016829	lyase activity	part_of(GO:0032868)
GO:0004345	glucose-6-phosphate dehydrogenase activity	part_of(GO:0032868)
GO:0004312	fatty acid synthase activity	part_of(GO:0032868)
GO:0035195	gene silencing by miRNA	part_of(GO:0032869
GO:1900087	positive regulation of G1/S transition of mitotic cell cycle	part_of(GO:0032869
GO:0001934	positive regulation of protein phosphorylation	part_of(GO:0032869
GO:0042993	positive regulation of transcription factor import into nucleus	part_of(GO:0032869)
GO:0032148	activation of protein kinase B activity	part_of(GO:0032869)
GO:1904707	positive regulation of vascular smooth muscle cell proliferation	part_of(GO:0032869)
GO:0001934	positive regulation of protein phosphorylation	part_of(GO:0032869)
GO:0051897	positive regulation of protein kinase B signaling	part_of(GO:0032869)
GO:0045944	positive regulation of transcription from RNA polymerase II promoter	part_of(GO:0032869)
GO:0010800	positive regulation of peptidyl-threonine phosphorylation	part_of(GO:0032924)
GO:0033138	positive regulation of peptidyl-serine phosphorylation	part_of(GO:0032924)
GO:0045944	positive regulation of transcription from RNA polymerase II promoter	part_of(GO:0032924)
GO:0010628	positive regulation of gene expression	part_of(GO:0032967)
GO:1904657	negative regulation of sensory perception of sweet taste	part_of(GO:0033041
GO:1904657	negative regulation of sensory perception of sweet taste	part_of(GO:0033041
GO:1904657	negative regulation of sensory perception of sweet taste	part_of(GO:0033041
GO:0045944	positive regulation of transcription from RNA polymerase II promoter	part_of(GO:0033173
GO:0000976	transcription regulatory region sequence-specific DNA binding	part_of(GO:0033173
GO:0060070	canonical Wnt signaling pathway	part_of(GO:0033278
GO:0035195	gene silencing by miRNA	part_of(GO:0033554
GO:0035195	gene silencing by miRNA	part_of(GO:0033554
GO:0070374	positive regulation of ERK1 and ERK2 cascade	part_of(GO:0033554
GO:0010629	negative regulation of gene expression	part_of(GO:0033554
GO:0010629	negative regulation of gene expression	part_of(GO:0033554
GO:0051898	negative regulation of protein kinase B signaling	part_of(GO:0033554
GO:1903364	positive regulation of cellular protein catabolic process	part_of(GO:0033554
GO:0035195	gene silencing by miRNA	part_of(GO:0033554
GO:0035195	gene silencing by miRNA	part_of(GO:0033554
GO:1905205	positive regulation of connective tissue replacement	part_of(GO:0033554
GO:1904685	positive regulation of metalloendopeptidase activity	part_of(GO:0033554
GO:0010628	positive regulation of gene expression	part_of(GO:0033554
GO:0035195	gene silencing by miRNA	part_of(GO:0033554
GO:0035195	gene silencing by miRNA	part_of(GO:0033554
GO:1903671	negative regulation of sprouting angiogenesis	part_of(GO:0033554
GO:0000187	activation of MAPK activity	part_of(GO:0033554
GO:1905205	positive regulation of connective tissue replacement	part_of(GO:0033554
GO:1905205	positive regulation of connective tissue replacement	part_of(GO:0033554
GO:0035195	gene silencing by miRNA	part_of(GO:0033554
GO:0035195	gene silencing by miRNA	part_of(GO:0033554
GO:0010628	positive regulation of gene expression	part_of(GO:0033554
GO:0035195	gene silencing by miRNA	part_of(GO:0033554
GO:1900745	positive regulation of p38MAPK cascade	part_of(GO:0033554
GO:0035195	gene silencing by miRNA	part_of(GO:0033554
GO:1904707	positive regulation of vascular smooth muscle cell proliferation	part_of(GO:0033554)
GO:1905149	positive regulation of smooth muscle hypertrophy	part_of(GO:0033554)
GO:0010821	regulation of mitochondrion organization	part_of(GO:0033554)
GO:1901216	positive regulation of neuron death	part_of(GO:0033554)
GO:2001234	negative regulation of apoptotic signaling pathway	part_of(GO:0033554)
GO:0060548	negative regulation of cell death	part_of(GO:0033554)
GO:1905205	positive regulation of connective tissue replacement	part_of(GO:0033554)
GO:0043524	negative regulation of neuron apoptotic process	part_of(GO:0033554)
GO:1904685	positive regulation of metalloendopeptidase activity	part_of(GO:0033554)
GO:0010613	positive regulation of cardiac muscle hypertrophy	part_of(GO:0033554)
GO:1905205	positive regulation of connective tissue replacement	part_of(GO:0033554)
GO:1901215	negative regulation of neuron death	part_of(GO:0033554)
GO:0046322	negative regulation of fatty acid oxidation	part_of(GO:0033554)
GO:0000932	P-body	part_of(GO:0033554)
GO:1905205	positive regulation of connective tissue replacement	part_of(GO:0033554)
GO:0010628	positive regulation of gene expression	part_of(GO:0033554)
GO:0016525	negative regulation of angiogenesis	part_of(GO:0033554)
GO:0007229	integrin-mediated signaling pathway	part_of(GO:0033625)
GO:0004842	ubiquitin-protein transferase activity	part_of(GO:0033768)
GO:0004842	ubiquitin-protein transferase activity	part_of(GO:0033768)
GO:0016567	protein ubiquitination	part_of(GO:0033768)
GO:0010628	positive regulation of gene expression	part_of(GO:0034141
GO:0010628	positive regulation of gene expression	part_of(GO:0034141
GO:0010628	positive regulation of gene expression	part_of(GO:0034141
GO:0010628	positive regulation of gene expression	part_of(GO:0034141
GO:0010628	positive regulation of gene expression	part_of(GO:0034145
GO:0010628	positive regulation of gene expression	part_of(GO:0034145)
GO:0010628	positive regulation of gene expression	part_of(GO:0034145)
GO:0010628	positive regulation of gene expression	part_of(GO:0034145)
GO:0010628	positive regulation of gene expression	part_of(GO:0034165)
GO:0010628	positive regulation of gene expression	part_of(GO:0034198
GO:0010628	positive regulation of gene expression	part_of(GO:0034198
GO:0010628	positive regulation of gene expression	part_of(GO:0034198
GO:0010628	positive regulation of gene expression	part_of(GO:0034198
GO:0010508	positive regulation of autophagy	part_of(GO:0034198)
GO:0071074	eukaryotic initiation factor eIF2 binding	part_of(GO:0034198)
GO:0034198	cellular response to amino acid starvation	part_of(GO:0034198)
GO:0032007	negative regulation of TOR signaling	part_of(GO:0034198)
GO:0004694	eukaryotic translation initiation factor 2alpha kinase activity	part_of(GO:0034198)
GO:0010998	regulation of translational initiation by eIF2 alpha phosphorylation	part_of(GO:0034198)
GO:0032008	positive regulation of TOR signaling	part_of(GO:0034198)
GO:0016236	macroautophagy	part_of(GO:0034198)
GO:0010628	positive regulation of gene expression	part_of(GO:0034198)
GO:0010628	positive regulation of gene expression	part_of(GO:0034198)
GO:0005041	low-density lipoprotein receptor activity	part_of(GO:0034383
GO:0090118	receptor-mediated endocytosis involved in cholesterol transport	part_of(GO:0034383
GO:1905602	positive regulation of receptor-mediated endocytosis involved in cholesterol transport	part_of(GO:0034383
GO:0090118	receptor-mediated endocytosis involved in cholesterol transport	part_of(GO:0034383)
GO:0003847	1-alkyl-2-acetylglycerophosphocholine esterase activity	part_of(GO:0034441
GO:1902895	positive regulation of pri-miRNA transcription from RNA polymerase II promoter	part_of(GO:0034599
GO:0034599	cellular response to oxidative stress	part_of(GO:0034599
GO:2000637	positive regulation of gene silencing by miRNA	part_of(GO:0034599
GO:2000377	regulation of reactive oxygen species metabolic process	part_of(GO:0034599
GO:0035195	gene silencing by miRNA	part_of(GO:0034599
GO:0035195	gene silencing by miRNA	part_of(GO:0034599
GO:0006508	proteolysis	part_of(GO:0034599)
GO:0070585	protein localization to mitochondrion	part_of(GO:0034599)
GO:0010667	negative regulation of cardiac muscle cell apoptotic process	part_of(GO:0034599)
GO:0006457	protein folding	part_of(GO:0034599)
GO:0042177	negative regulation of protein catabolic process	part_of(GO:0034599)
GO:0006508	proteolysis	part_of(GO:0034599)
GO:0051898	negative regulation of protein kinase B signaling	part_of(GO:0034599)
GO:0008134	transcription factor binding	part_of(GO:0034599)
GO:0060548	negative regulation of cell death	part_of(GO:0034599)
GO:0010666	positive regulation of cardiac muscle cell apoptotic process	part_of(GO:0034599)
GO:0005515	protein binding	part_of(GO:0034599)
GO:1990507	ATP-independent chaperone mediated protein folding	part_of(GO:0034599)
GO:1901215	negative regulation of neuron death	part_of(GO:0034599)
GO:0008233	peptidase activity	part_of(GO:0034599)
GO:0008013	beta-catenin binding	part_of(GO:0034599)
GO:0008233	peptidase activity	part_of(GO:0034599)
GO:0030163	protein catabolic process	part_of(GO:0034599)
GO:0045944	positive regulation of transcription from RNA polymerase II promoter	part_of(GO:0034599)
GO:0051082	unfolded protein binding	part_of(GO:0034599)
GO:0061077	chaperone-mediated protein folding	part_of(GO:0034599)
GO:0006508	proteolysis	part_of(GO:0034599)
GO:0010629	negative regulation of gene expression	part_of(GO:0034599)
GO:0000122	negative regulation of transcription from RNA polymerase II promoter	part_of(GO:0034605
GO:1902476	chloride transmembrane transport	part_of(GO:0034605
GO:0000122	negative regulation of transcription from RNA polymerase II promoter	part_of(GO:0034605
GO:0000122	negative regulation of transcription from RNA polymerase II promoter	part_of(GO:0034605
GO:0000122	negative regulation of transcription from RNA polymerase II promoter	part_of(GO:0034605
GO:0005229	intracellular calcium activated chloride channel activity	part_of(GO:0034605
GO:0000122	negative regulation of transcription from RNA polymerase II promoter	part_of(GO:0034605
GO:0000122	negative regulation of transcription from RNA polymerase II promoter	part_of(GO:0034605
GO:1902808	positive regulation of cell cycle G1/S phase transition	part_of(GO:0034605)
GO:0010628	positive regulation of gene expression	part_of(GO:0034605)
GO:0006470	protein dephosphorylation	part_of(GO:0034605)
GO:0010494	cytoplasmic stress granule	part_of(GO:0034605)
GO:1902751	positive regulation of cell cycle G2/M phase transition	part_of(GO:0034605)
GO:0006457	protein folding	part_of(GO:0034605)
GO:0051082	unfolded protein binding	part_of(GO:0034605)
GO:0003677	DNA binding	part_of(GO:0034605)
GO:0008284	positive regulation of cell proliferation	part_of(GO:0034605)
GO:1902894	negative regulation of pri-miRNA transcription from RNA polymerase II promoter	part_of(GO:0034614)
GO:0032369	negative regulation of lipid transport	part_of(GO:0034614)
GO:1903599	positive regulation of mitophagy	part_of(GO:0034614)
GO:0032370	positive regulation of lipid transport	part_of(GO:0034614)
GO:0010744	positive regulation of macrophage derived foam cell differentiation	part_of(GO:0034614)
GO:0050728	negative regulation of inflammatory response	part_of(GO:0034616
GO:0050729	positive regulation of inflammatory response	part_of(GO:0034616
GO:1904996	positive regulation of leukocyte adhesion to vascular endothelial cell	part_of(GO:0034616)
GO:1903038	negative regulation of leukocyte cell-cell adhesion	part_of(GO:0034616)
GO:1903231	mRNA binding involved in posttranscriptional gene silencing	part_of(GO:0034616)
GO:0035278	miRNA mediated inhibition of translation	part_of(GO:0034616)
GO:0071629	cytoplasm-associated proteasomal ubiquitin-dependent protein catabolic process	part_of(GO:0034620)
GO:0071629	cytoplasm-associated proteasomal ubiquitin-dependent protein catabolic process	part_of(GO:0034620)
GO:0000977	RNA polymerase II regulatory region sequence-specific DNA binding	part_of(GO:0034644
GO:0071318	cellular response to ATP	part_of(GO:0034644)
GO:0031293	membrane protein intracellular domain proteolysis	part_of(GO:0034976
GO:0033137	negative regulation of peptidyl-serine phosphorylation	part_of(GO:0034976
GO:0044212	transcription regulatory region DNA binding	part_of(GO:0034976
GO:0031293	membrane protein intracellular domain proteolysis	part_of(GO:0034976
GO:0043066	negative regulation of apoptotic process	part_of(GO:0034976
GO:0061099	negative regulation of protein tyrosine kinase activity	part_of(GO:0034976
GO:0006468	protein phosphorylation	part_of(GO:0034976
GO:0035195	gene silencing by miRNA	part_of(GO:0034976
GO:0010628	positive regulation of gene expression	part_of(GO:0034976
GO:0061098	positive regulation of protein tyrosine kinase activity	part_of(GO:0034976
GO:0010628	positive regulation of gene expression	part_of(GO:0034976
GO:0031293	membrane protein intracellular domain proteolysis	part_of(GO:0034976)
GO:0046982	protein heterodimerization activity	part_of(GO:0034976)
GO:0071074	eukaryotic initiation factor eIF2 binding	part_of(GO:0034976)
GO:0004694	eukaryotic translation initiation factor 2alpha kinase activity	part_of(GO:0034976)
GO:0006996	organelle organization	part_of(GO:0034976)
GO:0016567	protein ubiquitination	part_of(GO:0034976)
GO:0004694	eukaryotic translation initiation factor 2alpha kinase activity	part_of(GO:0034976)
GO:0031293	membrane protein intracellular domain proteolysis	part_of(GO:0034976)
GO:0010998	regulation of translational initiation by eIF2 alpha phosphorylation	part_of(GO:0034976)
GO:0031293	membrane protein intracellular domain proteolysis	part_of(GO:0034976)
GO:0010666	positive regulation of cardiac muscle cell apoptotic process	part_of(GO:0034976)
GO:0007257	activation of JUN kinase activity	part_of(GO:0034976)
GO:0051082	unfolded protein binding	part_of(GO:0034976)
GO:0045454	cell redox homeostasis	part_of(GO:0034976)
GO:0046330	positive regulation of JNK cascade	part_of(GO:0034976)
GO:0010821	regulation of mitochondrion organization	part_of(GO:0034976)
GO:0090074	negative regulation of protein homodimerization activity	part_of(GO:0034976)
GO:0090074	negative regulation of protein homodimerization activity	part_of(GO:0034976)
GO:0090074	negative regulation of protein homodimerization activity	part_of(GO:0034976)
GO:0043525	positive regulation of neuron apoptotic process	part_of(GO:0034976)
GO:0051898	negative regulation of protein kinase B signaling	part_of(GO:0034976)
GO:1900182	positive regulation of protein localization to nucleus	part_of(GO:0034976)
GO:1901216	positive regulation of neuron death	part_of(GO:0034976)
GO:0010628	positive regulation of gene expression	part_of(GO:0034976)
GO:0010628	positive regulation of gene expression	part_of(GO:0034976)
GO:0010628	positive regulation of gene expression	part_of(GO:0034976)
GO:0000122	negative regulation of transcription from RNA polymerase II promoter	part_of(GO:0034976)
GO:0035591	signaling adaptor activity	part_of(GO:0034976)
GO:0071074	eukaryotic initiation factor eIF2 binding	part_of(GO:0034976)
GO:0036003	positive regulation of transcription from RNA polymerase II promoter in response to stress	part_of(GO:0034976)
GO:0036003	positive regulation of transcription from RNA polymerase II promoter in response to stress	part_of(GO:0034976)
GO:0036003	positive regulation of transcription from RNA polymerase II promoter in response to stress	part_of(GO:0034976)
GO:0043507	positive regulation of JUN kinase activity	part_of(GO:0034976)
GO:1900182	positive regulation of protein localization to nucleus	part_of(GO:0034976)
GO:0010998	regulation of translational initiation by eIF2 alpha phosphorylation	part_of(GO:0034976)
GO:0010628	positive regulation of gene expression	part_of(GO:0034976)
GO:0010628	positive regulation of gene expression	part_of(GO:0034976)
GO:0032469	endoplasmic reticulum calcium ion homeostasis	part_of(GO:0034976)
GO:0010667	negative regulation of cardiac muscle cell apoptotic process	part_of(GO:0034976)
GO:1903231	mRNA binding involved in posttranscriptional gene silencing	part_of(GO:0035019)
GO:0060070	canonical Wnt signaling pathway	part_of(GO:0035108)
GO:0009953	dorsal/ventral pattern formation	part_of(GO:0035108)
GO:0004402	histone acetyltransferase activity	part_of(GO:0035267)
GO:0010628	positive regulation of gene expression	part_of(GO:0035455)
GO:0005634	nucleus	part_of(GO:0035457)
GO:0033141	positive regulation of peptidyl-serine phosphorylation of STAT protein	part_of(GO:0035458)
GO:0045944	positive regulation of transcription from RNA polymerase II promoter	part_of(GO:0035458)
GO:0000149	SNARE binding	part_of(GO:0035494)
GO:0016887	ATPase activity	part_of(GO:0035494)
GO:0032403	protein complex binding	part_of(GO:0035494)
GO:0001934	positive regulation of protein phosphorylation	part_of(GO:0035567)
GO:0001934	positive regulation of protein phosphorylation	part_of(GO:0035567)
GO:0014068	positive regulation of phosphatidylinositol 3-kinase signaling	part_of(GO:0035655
GO:0014065	phosphatidylinositol 3-kinase signaling	part_of(GO:0035655
GO:0032148	activation of protein kinase B activity	part_of(GO:0035655
GO:0051897	positive regulation of protein kinase B signaling	part_of(GO:0035655)
GO:0035767	endothelial cell chemotaxis	part_of(GO:0035729)
GO:0004175	endopeptidase activity	part_of(GO:0035897
GO:0035767	endothelial cell chemotaxis	part_of(GO:0035924
GO:0045603	positive regulation of endothelial cell differentiation	part_of(GO:0035924)
GO:0045766	positive regulation of angiogenesis	part_of(GO:0035924)
GO:1903061	positive regulation of protein lipidation	part_of(GO:0035967)
GO:1903061	positive regulation of protein lipidation	part_of(GO:0035967)
GO:1901215	negative regulation of neuron death	part_of(GO:0035967)
GO:0051247	positive regulation of protein metabolic process	part_of(GO:0035967)
GO:0032270	positive regulation of cellular protein metabolic process	part_of(GO:0035987
GO:0032270	positive regulation of cellular protein metabolic process	part_of(GO:0035987
GO:0032270	positive regulation of cellular protein metabolic process	part_of(GO:0035987
GO:0032270	positive regulation of cellular protein metabolic process	part_of(GO:0035987
GO:0032270	positive regulation of cellular protein metabolic process	part_of(GO:0035987
GO:0032270	positive regulation of cellular protein metabolic process	part_of(GO:0035987
GO:1904707	positive regulation of vascular smooth muscle cell proliferation	part_of(GO:0036120)
GO:0035767	endothelial cell chemotaxis	part_of(GO:0036120)
GO:0048662	negative regulation of smooth muscle cell proliferation	part_of(GO:0036120)
GO:0035195	gene silencing by miRNA	part_of(GO:0036120)
GO:0035195	gene silencing by miRNA	part_of(GO:0036120)
GO:1904754	positive regulation of vascular associated smooth muscle cell migration	part_of(GO:0036120)
GO:0097598	sperm cytoplasmic droplet	part_of(GO:0036126)
GO:0055118	negative regulation of cardiac muscle contraction	part_of(GO:0036293)
GO:0003677	DNA binding	part_of(GO:0036436)
GO:0031491	nucleosome binding	part_of(GO:0036436)
GO:0031491	nucleosome binding	part_of(GO:0036436)
GO:0003677	DNA binding	part_of(GO:0036436)
GO:0003677	DNA binding	part_of(GO:0036437)
GO:0031491	nucleosome binding	part_of(GO:0036437)
GO:0031491	nucleosome binding	part_of(GO:0036437)
GO:0003677	DNA binding	part_of(GO:0036437)
GO:0010763	positive regulation of fibroblast migration	part_of(GO:0036446
GO:0035195	gene silencing by miRNA	part_of(GO:0036446)
GO:1901215	negative regulation of neuron death	part_of(GO:0036471)
GO:0043066	negative regulation of apoptotic process	part_of(GO:0036471)
GO:0046329	negative regulation of JNK cascade	part_of(GO:0036474
GO:0034392	negative regulation of smooth muscle cell apoptotic process	part_of(GO:0036474
GO:0043508	negative regulation of JUN kinase activity	part_of(GO:0036474
GO:0034393	positive regulation of smooth muscle cell apoptotic process	part_of(GO:0036474)
GO:0032874	positive regulation of stress-activated MAPK cascade	part_of(GO:0036481)
GO:0016567	protein ubiquitination	part_of(GO:0036503)
GO:0051082	unfolded protein binding	part_of(GO:0036503)
GO:1902379	chemoattractant activity involved in axon guidance	part_of(GO:0036516)
GO:1902379	chemoattractant activity involved in axon guidance	part_of(GO:0036517)
GO:0052014	catabolism by symbiont of host protein	part_of(GO:0036523)
GO:0036524	protein deglycase activity	part_of(GO:0036526)
GO:0036524	protein deglycase activity	part_of(GO:0036527)
GO:0036524	protein deglycase activity	part_of(GO:0036528)
GO:0036524	protein deglycase activity	part_of(GO:0036529)
GO:0036524	protein deglycase activity	part_of(GO:0036530)
GO:0061630	ubiquitin protein ligase activity	part_of(GO:0038018)
GO:2000188	regulation of cholesterol homeostasis	part_of(GO:0038027
GO:0010628	positive regulation of gene expression	part_of(GO:0038066)
GO:0050731	positive regulation of peptidyl-tyrosine phosphorylation	part_of(GO:0038084
GO:0048010	vascular endothelial growth factor receptor signaling pathway	part_of(GO:0038084)
GO:0048010	vascular endothelial growth factor receptor signaling pathway	part_of(GO:0038084)
GO:0070374	positive regulation of ERK1 and ERK2 cascade	part_of(GO:0038084)
GO:0050731	positive regulation of peptidyl-tyrosine phosphorylation	part_of(GO:0038084)
GO:0070374	positive regulation of ERK1 and ERK2 cascade	part_of(GO:0038084)
GO:0070374	positive regulation of ERK1 and ERK2 cascade	part_of(GO:0038084)
GO:0038190	VEGF-activated neuropilin signaling pathway	part_of(GO:0038084)
GO:0038190	VEGF-activated neuropilin signaling pathway	part_of(GO:0038084)
GO:0048010	vascular endothelial growth factor receptor signaling pathway	part_of(GO:0038084)
GO:0045824	negative regulation of innate immune response	part_of(GO:0038123)
GO:0045777	positive regulation of blood pressure	part_of(GO:0038166)
GO:0048018	receptor agonist activity	part_of(GO:0038166)
GO:1905695	positive regulation of phosphatidic acid biosynthetic process	part_of(GO:0038183)
GO:0045944	positive regulation of transcription from RNA polymerase II promoter	part_of(GO:0038183)
GO:0044803	multi-organism membrane organization	part_of(GO:0039694)
GO:0046786	viral replication complex formation and maintenance	part_of(GO:0039694)
GO:0043052	thermotaxis	part_of(GO:0040040
GO:0050862	positive regulation of T cell receptor signaling pathway	part_of(GO:0042110)
GO:0007165	signal transduction	part_of(GO:0042130)
GO:0001818	negative regulation of cytokine production	part_of(GO:0042130)
GO:0007267	cell-cell signaling	part_of(GO:0042130)
GO:0045944	positive regulation of transcription from RNA polymerase II promoter	part_of(GO:0042149
GO:0045944	positive regulation of transcription from RNA polymerase II promoter	part_of(GO:0042149
GO:2000785	regulation of autophagosome assembly	part_of(GO:0042149)
GO:0008139	nuclear localization sequence binding	part_of(GO:0042308)
GO:0030659	cytoplasmic vesicle membrane	part_of(GO:0042383
GO:0005901	caveola	part_of(GO:0042383)
GO:0005890	sodium:potassium-exchanging ATPase complex	part_of(GO:0042383)
GO:0050891	multicellular organismal water homeostasis	part_of(GO:0042538
GO:0033138	positive regulation of peptidyl-serine phosphorylation	part_of(GO:0042538
GO:0050891	multicellular organismal water homeostasis	part_of(GO:0042538
GO:0000122	negative regulation of transcription from RNA polymerase II promoter	part_of(GO:0042538)
GO:0031965	nuclear membrane	part_of(GO:0042585)
GO:0031201	SNARE complex	part_of(GO:0042589)
GO:0004465	lipoprotein lipase activity	part_of(GO:0042594)
GO:0034383	low-density lipoprotein particle clearance	part_of(GO:0042632
GO:0090118	receptor-mediated endocytosis involved in cholesterol transport	part_of(GO:0042632
GO:0005041	low-density lipoprotein receptor activity	part_of(GO:0042632)
GO:0070508	cholesterol import	part_of(GO:0042632)
GO:0031234	extrinsic component of cytoplasmic side of plasma membrane	part_of(GO:0042734
GO:0005515	protein binding	part_of(GO:0042769)
GO:0012506	vesicle membrane	part_of(GO:0043005)
GO:0031982	vesicle	part_of(GO:0043005)
GO:0005829	cytosol	part_of(GO:0043005)
GO:0043195	terminal bouton	part_of(GO:0043005)
GO:0022603	regulation of anatomical structure morphogenesis	part_of(GO:0043009)
GO:0045992	negative regulation of embryonic development	part_of(GO:0043009)
GO:0048471	perinuclear region of cytoplasm	part_of(GO:0043025
GO:0005783	endoplasmic reticulum	part_of(GO:0043025)
GO:0031982	vesicle	part_of(GO:0043025)
GO:0005794	Golgi apparatus	part_of(GO:0043025)
GO:0030133	transport vesicle	part_of(GO:0043025)
GO:0043231	intracellular membrane-bounded organelle	part_of(GO:0043025)
GO:0012506	vesicle membrane	part_of(GO:0043025)
GO:0031965	nuclear membrane	part_of(GO:0043025)
GO:0005739	mitochondrion	part_of(GO:0043025)
GO:0019992	diacylglycerol binding	part_of(GO:0043065)
GO:0072655	establishment of protein localization to mitochondrion	part_of(GO:0043065)
GO:0030261	chromosome condensation	part_of(GO:0043131)
GO:0010955	negative regulation of protein processing	part_of(GO:0043154
GO:0016567	protein ubiquitination	part_of(GO:0043161)
GO:0042058	regulation of epidermal growth factor receptor signaling pathway	part_of(GO:0043162)
GO:0014069	postsynaptic density	part_of(GO:0043197)
GO:0005634	nucleus	part_of(GO:0043235)
GO:0016239	positive regulation of macroautophagy	part_of(GO:0043276)
GO:0032007	negative regulation of TOR signaling	part_of(GO:0043276)
GO:0032008	positive regulation of TOR signaling	part_of(GO:0043276)
GO:0031929	TOR signaling	part_of(GO:0043276)
GO:0016242	negative regulation of macroautophagy	part_of(GO:0043276)
GO:0090200	positive regulation of release of cytochrome c from mitochondria	part_of(GO:0043331)
GO:1902043	positive regulation of extrinsic apoptotic signaling pathway via death domain receptors	part_of(GO:0043331)
GO:0035897	proteolysis in other organism	part_of(GO:0043409
GO:0061665	SUMO ligase activity	part_of(GO:0043433)
GO:0061665	SUMO ligase activity	part_of(GO:0043433)
GO:0010628	positive regulation of gene expression	part_of(GO:0043491)
GO:0000122	negative regulation of transcription from RNA polymerase II promoter	part_of(GO:0043524)
GO:1902254	negative regulation of intrinsic apoptotic signaling pathway by p53 class mediator	part_of(GO:0043524)
GO:0031648	protein destabilization	part_of(GO:0043524)
GO:1990440	positive regulation of transcription from RNA polymerase II promoter in response to endoplasmic reticulum stress	part_of(GO:0043525)
GO:1990440	positive regulation of transcription from RNA polymerase II promoter in response to endoplasmic reticulum stress	part_of(GO:0043525)
GO:0032927	positive regulation of activin receptor signaling pathway	part_of(GO:0043537)
GO:0010629	negative regulation of gene expression	part_of(GO:0043569)
GO:0010629	negative regulation of gene expression	part_of(GO:0043569)
GO:0000790	nuclear chromatin	part_of(GO:0043596)
GO:0043596	nuclear replication fork	part_of(GO:0043596)
GO:0034453	microtubule anchoring	part_of(GO:0043622)
GO:0004602	glutathione peroxidase activity	part_of(GO:0043651
GO:0004602	glutathione peroxidase activity	part_of(GO:0043651)
GO:0048787	presynaptic active zone membrane	part_of(GO:0043679)
GO:0008021	synaptic vesicle	part_of(GO:0043679)
GO:0005768	endosome	part_of(GO:0043679)
GO:1990969	modulation by host of viral RNA-binding transcription factor activity	part_of(GO:0043923)
GO:1990968	modulation by host of RNA binding by virus	part_of(GO:0043923)
GO:0033128	negative regulation of histone phosphorylation	part_of(GO:0043987
GO:0036464	cytoplasmic ribonucleoprotein granule	part_of(GO:0044297)
GO:0005737	cytoplasm	part_of(GO:0044297)
GO:0048786	presynaptic active zone	part_of(GO:0044305)
GO:0098793	presynapse	part_of(GO:0044305)
GO:0031045	dense core granule	part_of(GO:0044306)
GO:1990742	microvesicle	part_of(GO:0044306)
GO:0031201	SNARE complex	part_of(GO:0044306)
GO:0014069	postsynaptic density	part_of(GO:0044309)
GO:0014069	postsynaptic density	part_of(GO:0044309)
GO:1903588	negative regulation of blood vessel endothelial cell proliferation involved in sprouting angiogenesis	part_of(GO:0044344)
GO:0005515	protein binding	part_of(GO:0044744
GO:0051087	chaperone binding	part_of(GO:0044744
GO:0044183	protein binding involved in protein folding	part_of(GO:0044744
GO:0071987	WD40-repeat domain binding	part_of(GO:0044744
GO:0051087	chaperone binding	part_of(GO:0044744
GO:0070034	telomerase RNA binding	part_of(GO:0044744
GO:0050832	defense response to fungus	part_of(GO:0045087)
GO:1901244	positive regulation of transcription from RNA polymerase II promoter involved in defense response to fungus	part_of(GO:0045087)
GO:0032432	actin filament bundle	part_of(GO:0045177
GO:0042588	zymogen granule	part_of(GO:0045178)
GO:0030141	secretory granule	part_of(GO:0045178)
GO:0031234	extrinsic component of cytoplasmic side of plasma membrane	part_of(GO:0045211
GO:0016887	ATPase activity	part_of(GO:0045261)
GO:0090555	phosphatidylethanolamine-translocating ATPase activity	part_of(GO:0045332)
GO:0090555	phosphatidylethanolamine-translocating ATPase activity	part_of(GO:0045332)
GO:0090554	phosphatidylcholine-translocating ATPase activity	part_of(GO:0045332)
GO:0090554	phosphatidylcholine-translocating ATPase activity	part_of(GO:0045332)
GO:0090556	phosphatidylserine-translocating ATPase activity	part_of(GO:0045332)
GO:0070374	positive regulation of ERK1 and ERK2 cascade	part_of(GO:0045444
GO:0010629	negative regulation of gene expression	part_of(GO:0045596)
GO:0035195	gene silencing by miRNA	part_of(GO:0045603)
GO:0010628	positive regulation of gene expression	part_of(GO:0045646)
GO:0051568	histone H3-K4 methylation	part_of(GO:0045646)
GO:0042800	histone methyltransferase activity (H3-K4 specific)	part_of(GO:0045646)
GO:0004674	protein serine/threonine kinase activity	part_of(GO:0045732
GO:0032436	positive regulation of proteasomal ubiquitin-dependent protein catabolic process	part_of(GO:0045736)
GO:0032436	positive regulation of proteasomal ubiquitin-dependent protein catabolic process	part_of(GO:0045736)
GO:0008284	positive regulation of cell proliferation	part_of(GO:0045766)
GO:0030335	positive regulation of cell migration	part_of(GO:0045766)
GO:2000660	negative regulation of interleukin-1-mediated signaling pathway	part_of(GO:0045779)
GO:1990948	ubiquitin ligase inhibitor activity	part_of(GO:0045841)
GO:0038166	angiotensin-activated signaling pathway	part_of(GO:0045893
GO:0003031	detection of carbon dioxide	part_of(GO:0045921)
GO:0006903	vesicle targeting	part_of(GO:0045921)
GO:1904457	positive regulation of neuronal action potential	part_of(GO:0045921)
GO:0005546	phosphatidylinositol-4,5-bisphosphate binding	part_of(GO:0045921)
GO:0019722	calcium-mediated signaling	part_of(GO:0045921)
GO:0006325	chromatin organization	part_of(GO:0045944)
GO:0033234	negative regulation of protein sumoylation	part_of(GO:0045944)
GO:0000983	transcription factor activity, RNA polymerase II core promoter sequence-specific	part_of(GO:0045944)
GO:0003700	transcription factor activity, sequence-specific DNA binding	part_of(GO:0045944)
GO:0004143	diacylglycerol kinase activity	part_of(GO:0046339
GO:0004143	diacylglycerol kinase activity	part_of(GO:0046339
GO:0004143	diacylglycerol kinase activity	part_of(GO:0046339
GO:0003985	acetyl-CoA C-acetyltransferase activity	part_of(GO:0046356)
GO:0003847	1-alkyl-2-acetylglycerophosphocholine esterase activity	part_of(GO:0046469
GO:0004622	lysophospholipase activity	part_of(GO:0046475
GO:0004143	diacylglycerol kinase activity	part_of(GO:0046486
GO:0004143	diacylglycerol kinase activity	part_of(GO:0046486
GO:0004143	diacylglycerol kinase activity	part_of(GO:0046486
GO:0006357	regulation of transcription from RNA polymerase II promoter	part_of(GO:0046626
GO:0006357	regulation of transcription from RNA polymerase II promoter	part_of(GO:0046626
GO:0045944	positive regulation of transcription from RNA polymerase II promoter	part_of(GO:0046628)
GO:0005515	protein binding	part_of(GO:0046826)
GO:0005515	protein binding	part_of(GO:0046826)
GO:0046826	negative regulation of protein export from nucleus	part_of(GO:0046826)
GO:0004143	diacylglycerol kinase activity	part_of(GO:0046834
GO:0004143	diacylglycerol kinase activity	part_of(GO:0046834)
GO:0004143	diacylglycerol kinase activity	part_of(GO:0046834)
GO:0004143	diacylglycerol kinase activity	part_of(GO:0046834)
GO:0004143	diacylglycerol kinase activity	part_of(GO:0046835)
GO:0004143	diacylglycerol kinase activity	part_of(GO:0046835)
GO:0004143	diacylglycerol kinase activity	part_of(GO:0046835)
GO:0004143	diacylglycerol kinase activity	part_of(GO:0046835)
GO:0004143	diacylglycerol kinase activity	part_of(GO:0046835)
GO:0003985	acetyl-CoA C-acetyltransferase activity	part_of(GO:0046952)
GO:0010996	response to auditory stimulus	part_of(GO:0046959
GO:1905176	positive regulation of vascular smooth muscle cell dedifferentiation	part_of(GO:0048008
GO:0035278	miRNA mediated inhibition of translation	part_of(GO:0048008
GO:1904754	positive regulation of vascular associated smooth muscle cell migration	part_of(GO:0048008)
GO:1904707	positive regulation of vascular smooth muscle cell proliferation	part_of(GO:0048008)
GO:0035195	gene silencing by miRNA	part_of(GO:0048008)
GO:0030297	transmembrane receptor protein tyrosine kinase activator activity	part_of(GO:0048011
GO:0005168	neurotrophin TRKA receptor binding	part_of(GO:0048011)
GO:0030297	transmembrane receptor protein tyrosine kinase activator activity	part_of(GO:0048011)
GO:0005004	GPI-linked ephrin receptor activity	part_of(GO:0048011)
GO:0001934	positive regulation of protein phosphorylation	part_of(GO:0048011)
GO:1905355	spine apparatus assembly	part_of(GO:0048169)
GO:0005770	late endosome	part_of(GO:0048471)
GO:0031902	late endosome membrane	part_of(GO:0048471)
GO:0030904	retromer complex	part_of(GO:0048471)
GO:0031550	positive regulation of brain-derived neurotrophic factor receptor signaling pathway	part_of(GO:0048668
GO:0031547	brain-derived neurotrophic factor receptor signaling pathway	part_of(GO:0048668
GO:0005170	neurotrophin TRKC receptor binding	part_of(GO:0048668)
GO:0031103	axon regeneration	part_of(GO:0048678)
GO:0030178	negative regulation of Wnt signaling pathway	part_of(GO:0048699)
GO:0035567	non-canonical Wnt signaling pathway	part_of(GO:0048812
GO:0035567	non-canonical Wnt signaling pathway	part_of(GO:0048812)
GO:0001070	RNA binding transcription factor activity	part_of(GO:0050434)
GO:0017137	Rab GTPase binding	part_of(GO:0050714
GO:0090090	negative regulation of canonical Wnt signaling pathway	part_of(GO:0050807)
GO:0071108	protein K48-linked deubiquitination	part_of(GO:0050821)
GO:0016579	protein deubiquitination	part_of(GO:0050821)
GO:0008285	negative regulation of cell proliferation	part_of(GO:0050829
GO:0045944	positive regulation of transcription from RNA polymerase II promoter	part_of(GO:0050830)
GO:0045087	innate immune response	part_of(GO:0050832)
GO:0045944	positive regulation of transcription from RNA polymerase II promoter	part_of(GO:0050852
GO:0007165	signal transduction	part_of(GO:0050868)
GO:0001818	negative regulation of cytokine production	part_of(GO:0050868)
GO:0007267	cell-cell signaling	part_of(GO:0050868)
GO:0003031	detection of carbon dioxide	part_of(GO:0050907
GO:0003031	detection of carbon dioxide	part_of(GO:0050907
GO:0045921	positive regulation of exocytosis	part_of(GO:0050907
GO:1904457	positive regulation of neuronal action potential	part_of(GO:0050907
GO:0019722	calcium-mediated signaling	part_of(GO:0050907
GO:0019722	calcium-mediated signaling	part_of(GO:0050907)
GO:0051930	regulation of sensory perception of pain	part_of(GO:0050965
GO:0051930	regulation of sensory perception of pain	part_of(GO:0050965)
GO:0051930	regulation of sensory perception of pain	part_of(GO:0050976
GO:0051087	chaperone binding	part_of(GO:0051086)
GO:1903721	positive regulation of I-kappaB phosphorylation	part_of(GO:0051092)
GO:0000982	transcription factor activity, RNA polymerase II core promoter proximal region sequence-specific binding	part_of(GO:0051145)
GO:0051220	cytoplasmic sequestering of protein	part_of(GO:0051220)
GO:0005515	protein binding	part_of(GO:0051220)
GO:0005515	protein binding	part_of(GO:0051220)
GO:0036449	microtubule minus-end	part_of(GO:0051233)
GO:0004175	endopeptidase activity	part_of(GO:0051306)
GO:0004175	endopeptidase activity	part_of(GO:0051307)
GO:0051307	meiotic chromosome separation	part_of(GO:0051307)
GO:0006468	protein phosphorylation	part_of(GO:0051443)
GO:0004674	protein serine/threonine kinase activity	part_of(GO:0051443)
GO:0018105	peptidyl-serine phosphorylation	part_of(GO:0051443)
GO:0018108	peptidyl-tyrosine phosphorylation	part_of(GO:0051444)
GO:0032091	negative regulation of protein binding	part_of(GO:0051444)
GO:0005515	protein binding	part_of(GO:0051457)
GO:0004674	protein serine/threonine kinase activity	part_of(GO:0051457)
GO:0043547	positive regulation of GTPase activity	part_of(GO:0051591)
GO:0043547	positive regulation of GTPase activity	part_of(GO:0051591)
GO:0032148	activation of protein kinase B activity	part_of(GO:0051591)
GO:0090630	activation of GTPase activity	part_of(GO:0051591)
GO:0006935	chemotaxis	part_of(GO:0051592)
GO:0045184	establishment of protein localization	part_of(GO:0051593)
GO:1900016	negative regulation of cytokine production involved in inflammatory response	part_of(GO:0051607
GO:0045918	negative regulation of cytolysis	part_of(GO:0051607)
GO:0031342	negative regulation of cell killing	part_of(GO:0051607)
GO:0005515	protein binding	part_of(GO:0051704)
GO:0008134	transcription factor binding	part_of(GO:0051704)
GO:0005739	mitochondrion	part_of(GO:0051882)
GO:0001934	positive regulation of protein phosphorylation	part_of(GO:0051896)
GO:0090090	negative regulation of canonical Wnt signaling pathway	part_of(GO:0051964)
GO:0051222	positive regulation of protein transport	part_of(GO:0051965)
GO:0005515	protein binding	part_of(GO:0051972)
GO:0070182	DNA polymerase binding	part_of(GO:0051972)
GO:1904871	positive regulation of protein localization to Cajal body	part_of(GO:0051973)
GO:1904355	positive regulation of telomere capping	part_of(GO:0051973)
GO:0010521	telomerase inhibitor activity	part_of(GO:0051974
GO:0098505	G-rich strand telomeric DNA binding	part_of(GO:0051974
GO:0005515	protein binding	part_of(GO:0051974
GO:0044877	macromolecular complex binding	part_of(GO:0051974
GO:0051978	lysophospholipid transporter activity	part_of(GO:0051977)
GO:0008237	metallopeptidase activity	part_of(GO:0052014)
GO:0047372	acylglycerol lipase activity	part_of(GO:0052651
GO:0047372	acylglycerol lipase activity	part_of(GO:0052651
GO:0047372	acylglycerol lipase activity	part_of(GO:0052651
GO:0047372	acylglycerol lipase activity	part_of(GO:0052651
GO:0047372	acylglycerol lipase activity	part_of(GO:0052651
GO:0047372	acylglycerol lipase activity	part_of(GO:0052651
GO:0047372	acylglycerol lipase activity	part_of(GO:0052651
GO:0047372	acylglycerol lipase activity	part_of(GO:0052651
GO:0047372	acylglycerol lipase activity	part_of(GO:0052651
GO:0045860	positive regulation of protein kinase activity	part_of(GO:0055007)
GO:0010629	negative regulation of gene expression	part_of(GO:0055007)
GO:0010628	positive regulation of gene expression	part_of(GO:0055007)
GO:0010628	positive regulation of gene expression	part_of(GO:0055007)
GO:0010628	positive regulation of gene expression	part_of(GO:0055007)
GO:0001934	positive regulation of protein phosphorylation	part_of(GO:0055007)
GO:0010628	positive regulation of gene expression	part_of(GO:0055007)
GO:0010628	positive regulation of gene expression	part_of(GO:0055007)
GO:0001933	negative regulation of protein phosphorylation	part_of(GO:0055007)
GO:0045167	asymmetric protein localization involved in cell fate determination	part_of(GO:0055059)
GO:0050729	positive regulation of inflammatory response	part_of(GO:0055096)
GO:0050728	negative regulation of inflammatory response	part_of(GO:0055096)
GO:0090197	positive regulation of chemokine secretion	part_of(GO:0055096)
GO:0042632	cholesterol homeostasis	part_of(GO:0055096)
GO:1903427	negative regulation of reactive oxygen species biosynthetic process	part_of(GO:0055096)
GO:2000352	negative regulation of endothelial cell apoptotic process	part_of(GO:0055096)
GO:0090198	negative regulation of chemokine secretion	part_of(GO:0055096)
GO:1904996	positive regulation of leukocyte adhesion to vascular endothelial cell	part_of(GO:0055098)
GO:0071639	positive regulation of monocyte chemotactic protein-1 production	part_of(GO:0055098)
GO:0035195	gene silencing by miRNA	part_of(GO:0055098)
GO:0010628	positive regulation of gene expression	part_of(GO:0055098)
GO:0032755	positive regulation of interleukin-6 production	part_of(GO:0055098)
GO:0035195	gene silencing by miRNA	part_of(GO:0055098)
GO:0045944	positive regulation of transcription from RNA polymerase II promoter	part_of(GO:0060070
GO:0048018	receptor agonist activity	part_of(GO:0060070
GO:0008013	beta-catenin binding	part_of(GO:0060070
GO:0001934	positive regulation of protein phosphorylation	part_of(GO:0060070
GO:0001934	positive regulation of protein phosphorylation	part_of(GO:0060070
GO:0001934	positive regulation of protein phosphorylation	part_of(GO:0060070
GO:0042813	Wnt-activated receptor activity	part_of(GO:0060070
GO:0039706	co-receptor binding	part_of(GO:0060070
GO:0048018	receptor agonist activity	part_of(GO:0060070)
GO:0006468	protein phosphorylation	part_of(GO:0060070)
GO:0005109	frizzled binding	part_of(GO:0060070)
GO:0060070	canonical Wnt signaling pathway	part_of(GO:0060070)
GO:0042813	Wnt-activated receptor activity	part_of(GO:0060070)
GO:0001934	positive regulation of protein phosphorylation	part_of(GO:0060070)
GO:0001934	positive regulation of protein phosphorylation	part_of(GO:0060070)
GO:0017147	Wnt-protein binding	part_of(GO:0060070)
GO:0004672	protein kinase activity	part_of(GO:0060070)
GO:0042813	Wnt-activated receptor activity	part_of(GO:0060071
GO:0042813	Wnt-activated receptor activity	part_of(GO:0060071
GO:0042813	Wnt-activated receptor activity	part_of(GO:0060071
GO:0042813	Wnt-activated receptor activity	part_of(GO:0060071
GO:0017147	Wnt-protein binding	part_of(GO:0060071
GO:0017147	Wnt-protein binding	part_of(GO:0060071
GO:0005109	frizzled binding	part_of(GO:0060071)
GO:0098793	presynapse	part_of(GO:0060076
GO:0098793	presynapse	part_of(GO:0060077)
GO:0045211	postsynaptic membrane	part_of(GO:0060077)
GO:0045893	positive regulation of transcription, DNA-templated	part_of(GO:0060174)
GO:1903441	protein localization to ciliary membrane	part_of(GO:0060271
GO:1903441	protein localization to ciliary membrane	part_of(GO:0060271
GO:0010629	negative regulation of gene expression	part_of(GO:0060299
GO:0033141	positive regulation of peptidyl-serine phosphorylation of STAT protein	part_of(GO:0060337)
GO:0045944	positive regulation of transcription from RNA polymerase II promoter	part_of(GO:0060337)
GO:0035195	gene silencing by miRNA	part_of(GO:0060338)
GO:0035195	gene silencing by miRNA	part_of(GO:0060338)
GO:0035195	gene silencing by miRNA	part_of(GO:0060371)
GO:1903609	negative regulation of inward rectifier potassium channel activity	part_of(GO:0060371)
GO:0045944	positive regulation of transcription from RNA polymerase II promoter	part_of(GO:0060761
GO:0030676	Rac guanyl-nucleotide exchange factor activity	part_of(GO:0060828)
GO:0032436	positive regulation of proteasomal ubiquitin-dependent protein catabolic process	part_of(GO:0060828)
GO:0016055	Wnt signaling pathway	part_of(GO:0060997)
GO:1905205	positive regulation of connective tissue replacement	part_of(GO:0061042
GO:1905205	positive regulation of connective tissue replacement	part_of(GO:0061042)
GO:1905204	negative regulation of connective tissue replacement	part_of(GO:0061042)
GO:0006886	intracellular protein transport	part_of(GO:0061357
GO:0042147	retrograde transport, endosome to Golgi	part_of(GO:0061357)
GO:0000982	transcription factor activity, RNA polymerase II core promoter proximal region sequence-specific binding	part_of(GO:0061406)
GO:0000982	transcription factor activity, RNA polymerase II core promoter proximal region sequence-specific binding	part_of(GO:0061406)
GO:0000982	transcription factor activity, RNA polymerase II core promoter proximal region sequence-specific binding	part_of(GO:0061406)
GO:0000982	transcription factor activity, RNA polymerase II core promoter proximal region sequence-specific binding	part_of(GO:0061406)
GO:0061635	regulation of protein complex stability	part_of(GO:0061684
GO:0098575	lumenal side of lysosomal membrane	part_of(GO:0061684)
GO:0017038	protein import	part_of(GO:0061684)
GO:0043335	protein unfolding	part_of(GO:0061684)
GO:0043254	regulation of protein complex assembly	part_of(GO:0061684)
GO:0043254	regulation of protein complex assembly	part_of(GO:0061684)
GO:1904589	regulation of protein import	part_of(GO:0061684)
GO:0036258	multivesicular body assembly	part_of(GO:0061738
GO:0001786	phosphatidylserine binding	part_of(GO:0061738
GO:0003677	DNA binding	part_of(GO:0061780)
GO:0061775	cohesin ATPase activity	part_of(GO:0061780)
GO:0043008	ATP-dependent protein binding	part_of(GO:0061781)
GO:0003677	DNA binding	part_of(GO:0061781)
GO:0061775	cohesin ATPase activity	part_of(GO:0061781)
GO:0061782	vesicle fusion with vesicle	part_of(GO:0061792)
GO:0006379	mRNA cleavage	part_of(GO:0070054)
GO:0004521	endoribonuclease activity	part_of(GO:0070054)
GO:0005125	cytokine activity	part_of(GO:0070102)
GO:0045944	positive regulation of transcription from RNA polymerase II promoter	part_of(GO:0070102)
GO:0045944	positive regulation of transcription from RNA polymerase II promoter	part_of(GO:0070102)
GO:0045944	positive regulation of transcription from RNA polymerase II promoter	part_of(GO:0070102)
GO:0045944	positive regulation of transcription from RNA polymerase II promoter	part_of(GO:0070102)
GO:0070182	DNA polymerase binding	part_of(GO:0070200
GO:0070182	DNA polymerase binding	part_of(GO:0070200
GO:1904874	positive regulation of telomerase RNA localization to Cajal body	part_of(GO:0070203
GO:0005515	protein binding	part_of(GO:0070203
GO:0005515	protein binding	part_of(GO:0070203
GO:0044183	protein binding involved in protein folding	part_of(GO:0070203
GO:0071987	WD40-repeat domain binding	part_of(GO:0070203
GO:0051087	chaperone binding	part_of(GO:0070203
GO:0070034	telomerase RNA binding	part_of(GO:0070203
GO:0090671	telomerase RNA localization to Cajal body	part_of(GO:0070203
GO:0035195	gene silencing by miRNA	part_of(GO:0070301
GO:0042347	negative regulation of NF-kappaB import into nucleus	part_of(GO:0070301
GO:1903427	negative regulation of reactive oxygen species biosynthetic process	part_of(GO:0070301
GO:0035195	gene silencing by miRNA	part_of(GO:0070301
GO:0035195	gene silencing by miRNA	part_of(GO:0070301
GO:0033138	positive regulation of peptidyl-serine phosphorylation	part_of(GO:0070301
GO:0018108	peptidyl-tyrosine phosphorylation	part_of(GO:0070301
GO:0018105	peptidyl-serine phosphorylation	part_of(GO:0070301)
GO:0006470	protein dephosphorylation	part_of(GO:0070301)
GO:0004674	protein serine/threonine kinase activity	part_of(GO:0070301)
GO:0032148	activation of protein kinase B activity	part_of(GO:0070301)
GO:0051897	positive regulation of protein kinase B signaling	part_of(GO:0070301)
GO:0033138	positive regulation of peptidyl-serine phosphorylation	part_of(GO:0070301)
GO:1903208	negative regulation of hydrogen peroxide-induced neuron death	part_of(GO:0070301)
GO:0010667	negative regulation of cardiac muscle cell apoptotic process	part_of(GO:0070301)
GO:0005080	protein kinase C binding	part_of(GO:0070301)
GO:0006468	protein phosphorylation	part_of(GO:0070301)
GO:0019901	protein kinase binding	part_of(GO:0070301)
GO:0032147	activation of protein kinase activity	part_of(GO:0070301)
GO:0006897	endocytosis	part_of(GO:0070301)
GO:0045893	positive regulation of transcription, DNA-templated	part_of(GO:0070371)
GO:0001934	positive regulation of protein phosphorylation	part_of(GO:0070372)
GO:0035195	gene silencing by miRNA	part_of(GO:0070372)
GO:1903231	mRNA binding involved in posttranscriptional gene silencing	part_of(GO:0070372)
GO:0001934	positive regulation of protein phosphorylation	part_of(GO:0070374
GO:2000340	positive regulation of chemokine (C-X-C motif) ligand 1 production	part_of(GO:0070374)
GO:0071642	positive regulation of macrophage inflammatory protein 1 alpha production	part_of(GO:0070374)
GO:0031646	positive regulation of neurological system process	part_of(GO:0070374)
GO:0034383	low-density lipoprotein particle clearance	part_of(GO:0070508
GO:0005041	low-density lipoprotein receptor activity	part_of(GO:0070508
GO:0090118	receptor-mediated endocytosis involved in cholesterol transport	part_of(GO:0070508
GO:0045944	positive regulation of transcription from RNA polymerase II promoter	part_of(GO:0071158
GO:0005634	nucleus	part_of(GO:0071217)
GO:0060100	positive regulation of phagocytosis, engulfment	part_of(GO:0071222)
GO:0010508	positive regulation of autophagy	part_of(GO:0071222)
GO:1901222	regulation of NIK/NF-kappaB signaling	part_of(GO:0071225
GO:0070374	positive regulation of ERK1 and ERK2 cascade	part_of(GO:0071225)
GO:1903753	negative regulation of p38MAPK cascade	part_of(GO:0071225)
GO:0035195	gene silencing by miRNA	part_of(GO:0071260)
GO:0035195	gene silencing by miRNA	part_of(GO:0071260)
GO:0035195	gene silencing by miRNA	part_of(GO:0071260)
GO:0010667	negative regulation of cardiac muscle cell apoptotic process	part_of(GO:0071277)
GO:0035278	miRNA mediated inhibition of translation	part_of(GO:0071277)
GO:0010666	positive regulation of cardiac muscle cell apoptotic process	part_of(GO:0071277)
GO:0017075	syntaxin-1 binding	part_of(GO:0071277)
GO:0055072	iron ion homeostasis	part_of(GO:0071281)
GO:2000630	positive regulation of miRNA metabolic process	part_of(GO:0071316
GO:0006930	substrate-dependent cell migration, cell extension	part_of(GO:0071318)
GO:0006654	phosphatidic acid biosynthetic process	part_of(GO:0071320)
GO:0033138	positive regulation of peptidyl-serine phosphorylation	part_of(GO:0071320)
GO:0045944	positive regulation of transcription from RNA polymerase II promoter	part_of(GO:0071320)
GO:0035195	gene silencing by miRNA	part_of(GO:0071333
GO:0035195	gene silencing by miRNA	part_of(GO:0071333
GO:1902895	positive regulation of pri-miRNA transcription from RNA polymerase II promoter	part_of(GO:0071333)
GO:1902260	negative regulation of delayed rectifier potassium channel activity	part_of(GO:0071333)
GO:1905032	negative regulation of membrane repolarization during cardiac muscle cell action potential	part_of(GO:0071333)
GO:0050714	positive regulation of protein secretion	part_of(GO:0071333)
GO:0036289	peptidyl-serine autophosphorylation	part_of(GO:0071333)
GO:0035591	signaling adaptor activity	part_of(GO:0071333)
GO:1901142	insulin metabolic process	part_of(GO:0071333)
GO:1902895	positive regulation of pri-miRNA transcription from RNA polymerase II promoter	part_of(GO:0071333)
GO:0033137	negative regulation of peptidyl-serine phosphorylation	part_of(GO:0071333)
GO:0001938	positive regulation of endothelial cell proliferation	part_of(GO:0071345
GO:0043536	positive regulation of blood vessel endothelial cell migration	part_of(GO:0071345)
GO:0002408	myeloid dendritic cell chemotaxis	part_of(GO:0071345)
GO:1903588	negative regulation of blood vessel endothelial cell proliferation involved in sprouting angiogenesis	part_of(GO:0071345)
GO:0005634	nucleus	part_of(GO:0071346)
GO:0051603	proteolysis involved in cellular protein catabolic process	part_of(GO:0071347
GO:0042527	negative regulation of tyrosine phosphorylation of Stat6 protein	part_of(GO:0071353)
GO:2000630	positive regulation of miRNA metabolic process	part_of(GO:0071354
GO:0010628	positive regulation of gene expression	part_of(GO:0071356
GO:0010629	negative regulation of gene expression	part_of(GO:0071356
GO:0010629	negative regulation of gene expression	part_of(GO:0071356
GO:0051603	proteolysis involved in cellular protein catabolic process	part_of(GO:0071356
GO:0035195	gene silencing by miRNA	part_of(GO:0071356
GO:1903721	positive regulation of I-kappaB phosphorylation	part_of(GO:0071356
GO:0010629	negative regulation of gene expression	part_of(GO:0071356
GO:0035195	gene silencing by miRNA	part_of(GO:0071356
GO:1904996	positive regulation of leukocyte adhesion to vascular endothelial cell	part_of(GO:0071356
GO:0010628	positive regulation of gene expression	part_of(GO:0071356
GO:0010628	positive regulation of gene expression	part_of(GO:0071356
GO:1904995	negative regulation of leukocyte adhesion to vascular endothelial cell	part_of(GO:0071356
GO:0010628	positive regulation of gene expression	part_of(GO:0071356
GO:1902042	negative regulation of extrinsic apoptotic signaling pathway via death domain receptors	part_of(GO:0071356)
GO:0071676	negative regulation of mononuclear cell migration	part_of(GO:0071356)
GO:0032436	positive regulation of proteasomal ubiquitin-dependent protein catabolic process	part_of(GO:0071356)
GO:1904999	positive regulation of leukocyte adhesion to arterial endothelial cell	part_of(GO:0071356)
GO:1904995	negative regulation of leukocyte adhesion to vascular endothelial cell	part_of(GO:0071356)
GO:1904998	negative regulation of leukocyte adhesion to arterial endothelial cell	part_of(GO:0071356)
GO:0033138	positive regulation of peptidyl-serine phosphorylation	part_of(GO:0071363)
GO:1900087	positive regulation of G1/S transition of mitotic cell cycle	part_of(GO:0071363)
GO:0043539	protein serine/threonine kinase activator activity	part_of(GO:0071364)
GO:0045860	positive regulation of protein kinase activity	part_of(GO:0071364)
GO:0045860	positive regulation of protein kinase activity	part_of(GO:0071364)
GO:2000630	positive regulation of miRNA metabolic process	part_of(GO:0071375
GO:0010629	negative regulation of gene expression	part_of(GO:0071380)
GO:0010628	positive regulation of gene expression	part_of(GO:0071380)
GO:2000825	positive regulation of androgen receptor activity	part_of(GO:0071383
GO:0042787	protein ubiquitination involved in ubiquitin-dependent protein catabolic process	part_of(GO:0071383
GO:0005515	protein binding	part_of(GO:0071383
GO:0005515	protein binding	part_of(GO:0071383
GO:0045944	positive regulation of transcription from RNA polymerase II promoter	part_of(GO:0071383
GO:0036369	transcription factor catabolic process	part_of(GO:0071383)
GO:0071168	protein localization to chromatin	part_of(GO:0071391
GO:0071168	protein localization to chromatin	part_of(GO:0071391
GO:0000122	negative regulation of transcription from RNA polymerase II promoter	part_of(GO:0071391)
GO:1903799	negative regulation of production of miRNAs involved in gene silencing by miRNA	part_of(GO:0071391)
GO:0000790	nuclear chromatin	part_of(GO:0071391)
GO:1903799	negative regulation of production of miRNAs involved in gene silencing by miRNA	part_of(GO:0071391)
GO:0071733	transcriptional activation by promoter-enhancer looping	part_of(GO:0071392
GO:0045944	positive regulation of transcription from RNA polymerase II promoter	part_of(GO:0071392
GO:0045944	positive regulation of transcription from RNA polymerase II promoter	part_of(GO:0071392)
GO:1902656	calcium ion import into cytosol	part_of(GO:0071399)
GO:0008527	taste receptor activity	part_of(GO:0071399)
GO:0070543	response to linoleic acid	part_of(GO:0071399)
GO:1902656	calcium ion import into cytosol	part_of(GO:0071400)
GO:0008527	taste receptor activity	part_of(GO:0071400)
GO:0001077	transcriptional activator activity, RNA polymerase II core promoter proximal region sequence-specific binding	part_of(GO:0071400)
GO:0034201	response to oleic acid	part_of(GO:0071400)
GO:0050728	negative regulation of inflammatory response	part_of(GO:0071404
GO:0090118	receptor-mediated endocytosis involved in cholesterol transport	part_of(GO:0071404
GO:0034383	low-density lipoprotein particle clearance	part_of(GO:0071404)
GO:0010628	positive regulation of gene expression	part_of(GO:0071404)
GO:0010628	positive regulation of gene expression	part_of(GO:0071417)
GO:0010508	positive regulation of autophagy	part_of(GO:0071447)
GO:0010508	positive regulation of autophagy	part_of(GO:0071447)
GO:0010666	positive regulation of cardiac muscle cell apoptotic process	part_of(GO:0071455)
GO:0001228	transcriptional activator activity, RNA polymerase II transcription regulatory region sequence-specific binding	part_of(GO:0071456
GO:1905111	positive regulation of pulmonary blood vessel remodeling	part_of(GO:0071456
GO:0010629	negative regulation of gene expression	part_of(GO:0071456
GO:0010629	negative regulation of gene expression	part_of(GO:0071456
GO:0035195	gene silencing by miRNA	part_of(GO:0071456
GO:0030509	BMP signaling pathway	part_of(GO:0071456
GO:0035195	gene silencing by miRNA	part_of(GO:0071456
GO:0030514	negative regulation of BMP signaling pathway	part_of(GO:0071456
GO:0030512	negative regulation of transforming growth factor beta receptor signaling pathway	part_of(GO:0071456
GO:0010667	negative regulation of cardiac muscle cell apoptotic process	part_of(GO:0071456
GO:1903244	positive regulation of cardiac muscle hypertrophy in response to stress	part_of(GO:0071456
GO:0010667	negative regulation of cardiac muscle cell apoptotic process	part_of(GO:0071456
GO:0010629	negative regulation of gene expression	part_of(GO:0071456
GO:0010629	negative regulation of gene expression	part_of(GO:0071456
GO:0010628	positive regulation of gene expression	part_of(GO:0071456
GO:0010628	positive regulation of gene expression	part_of(GO:0071456
GO:1903715	regulation of aerobic respiration	part_of(GO:0071456
GO:0051897	positive regulation of protein kinase B signaling	part_of(GO:0071456
GO:0010628	positive regulation of gene expression	part_of(GO:0071456
GO:0035195	gene silencing by miRNA	part_of(GO:0071456
GO:0010628	positive regulation of gene expression	part_of(GO:0071456
GO:0010628	positive regulation of gene expression	part_of(GO:0071456
GO:0051897	positive regulation of protein kinase B signaling	part_of(GO:0071456
GO:0051897	positive regulation of protein kinase B signaling	part_of(GO:0071456
GO:2000270	negative regulation of fibroblast apoptotic process	part_of(GO:0071456
GO:1902895	positive regulation of pri-miRNA transcription from RNA polymerase II promoter	part_of(GO:0071456
GO:0035195	gene silencing by miRNA	part_of(GO:0071456
GO:0035195	gene silencing by miRNA	part_of(GO:0071456
GO:0090281	negative regulation of calcium ion import	part_of(GO:0071456
GO:0010508	positive regulation of autophagy	part_of(GO:0071456
GO:0010508	positive regulation of autophagy	part_of(GO:0071456
GO:0010508	positive regulation of autophagy	part_of(GO:0071456
GO:1903599	positive regulation of mitophagy	part_of(GO:0071456
GO:2000378	negative regulation of reactive oxygen species metabolic process	part_of(GO:0071456)
GO:0051881	regulation of mitochondrial membrane potential	part_of(GO:0071456)
GO:1904707	positive regulation of vascular smooth muscle cell proliferation	part_of(GO:0071456)
GO:0043065	positive regulation of apoptotic process	part_of(GO:0071456)
GO:0035195	gene silencing by miRNA	part_of(GO:0071456)
GO:0043066	negative regulation of apoptotic process	part_of(GO:0071456)
GO:1905149	positive regulation of smooth muscle hypertrophy	part_of(GO:0071456)
GO:0043065	positive regulation of apoptotic process	part_of(GO:0071456)
GO:2000773	negative regulation of cellular senescence	part_of(GO:0071456)
GO:0032460	negative regulation of protein oligomerization	part_of(GO:0071456)
GO:0035195	gene silencing by miRNA	part_of(GO:0071456)
GO:0035307	positive regulation of protein dephosphorylation	part_of(GO:0071456)
GO:0050728	negative regulation of inflammatory response	part_of(GO:0071456)
GO:0010940	positive regulation of necrotic cell death	part_of(GO:0071456)
GO:0010629	negative regulation of gene expression	part_of(GO:0071456)
GO:0005515	protein binding	part_of(GO:0071456)
GO:0010507	negative regulation of autophagy	part_of(GO:0071456)
GO:0033138	positive regulation of peptidyl-serine phosphorylation	part_of(GO:0071456)
GO:1905205	positive regulation of connective tissue replacement	part_of(GO:0071456)
GO:0032793	positive regulation of CREB transcription factor activity	part_of(GO:0071456)
GO:0010468	regulation of gene expression	part_of(GO:0071456)
GO:0010508	positive regulation of autophagy	part_of(GO:0071456)
GO:0051897	positive regulation of protein kinase B signaling	part_of(GO:0071456)
GO:0035195	gene silencing by miRNA	part_of(GO:0071456)
GO:0035195	gene silencing by miRNA	part_of(GO:0071456)
GO:2000251	positive regulation of actin cytoskeleton reorganization	part_of(GO:0071468)
GO:0018107	peptidyl-threonine phosphorylation	part_of(GO:0071474
GO:0004674	protein serine/threonine kinase activity	part_of(GO:0071474
GO:2000251	positive regulation of actin cytoskeleton reorganization	part_of(GO:0071474)
GO:0005935	cellular bud neck	part_of(GO:0071474)
GO:0005938	cell cortex	part_of(GO:0071474)
GO:0003779	actin binding	part_of(GO:0071474)
GO:0005934	cellular bud tip	part_of(GO:0071474)
GO:0023016	signal transduction by trans-phosphorylation	part_of(GO:0071474)
GO:0000131	incipient cellular bud site	part_of(GO:0071474)
GO:0090527	actin filament reorganization	part_of(GO:0071474)
GO:0032880	regulation of protein localization	part_of(GO:0071474)
GO:0071474	cellular hyperosmotic response	part_of(GO:0071474)
GO:0008284	positive regulation of cell proliferation	part_of(GO:0071478)
GO:1901670	negative regulation of superoxide dismutase activity	part_of(GO:0071479)
GO:0004674	protein serine/threonine kinase activity	part_of(GO:0071481)
GO:0018105	peptidyl-serine phosphorylation	part_of(GO:0071481)
GO:0009650	UV protection	part_of(GO:0071493)
GO:1902749	regulation of cell cycle G2/M phase transition	part_of(GO:0071494)
GO:0031954	positive regulation of protein autophosphorylation	part_of(GO:0071494)
GO:0070372	regulation of ERK1 and ERK2 cascade	part_of(GO:0071494)
GO:0043406	positive regulation of MAP kinase activity	part_of(GO:0071494)
GO:0006809	nitric oxide biosynthetic process	part_of(GO:0071499)
GO:0045429	positive regulation of nitric oxide biosynthetic process	part_of(GO:0071499)
GO:1903038	negative regulation of leukocyte cell-cell adhesion	part_of(GO:0071499)
GO:0045429	positive regulation of nitric oxide biosynthetic process	part_of(GO:0071499)
GO:0071500	cellular response to nitrosative stress	part_of(GO:0071500)
GO:1904262	negative regulation of TORC1 signaling	part_of(GO:0071500)
GO:0006914	autophagy	part_of(GO:0071500)
GO:0010506	regulation of autophagy	part_of(GO:0071500)
GO:0010508	positive regulation of autophagy	part_of(GO:0071500)
GO:0045944	positive regulation of transcription from RNA polymerase II promoter	part_of(GO:0071542)
GO:0045944	positive regulation of transcription from RNA polymerase II promoter	part_of(GO:0071542)
GO:0045944	positive regulation of transcription from RNA polymerase II promoter	part_of(GO:0071542)
GO:0045944	positive regulation of transcription from RNA polymerase II promoter	part_of(GO:0071542)
GO:0010629	negative regulation of gene expression	part_of(GO:0071542)
GO:0045944	positive regulation of transcription from RNA polymerase II promoter	part_of(GO:0071542)
GO:0016015	morphogen activity	part_of(GO:0071542)
GO:0060070	canonical Wnt signaling pathway	part_of(GO:0071542)
GO:0090630	activation of GTPase activity	part_of(GO:0071542)
GO:0010628	positive regulation of gene expression	part_of(GO:0071542)
GO:0010628	positive regulation of gene expression	part_of(GO:0071559
GO:0010628	positive regulation of gene expression	part_of(GO:0071559
GO:0010628	positive regulation of gene expression	part_of(GO:0071559
GO:0048147	negative regulation of fibroblast proliferation	part_of(GO:0071559
GO:0010629	negative regulation of gene expression	part_of(GO:0071559
GO:0010629	negative regulation of gene expression	part_of(GO:0071559
GO:0010629	negative regulation of gene expression	part_of(GO:0071559
GO:0048146	positive regulation of fibroblast proliferation	part_of(GO:0071559
GO:0035195	gene silencing by miRNA	part_of(GO:0071559)
GO:0010718	positive regulation of epithelial to mesenchymal transition	part_of(GO:0071559)
GO:1904762	positive regulation of myofibroblast differentiation	part_of(GO:0071559)
GO:1904761	negative regulation of myofibroblast differentiation	part_of(GO:0071559)
GO:0000983	transcription factor activity, RNA polymerase II core promoter sequence-specific	part_of(GO:0071560
GO:0090263	positive regulation of canonical Wnt signaling pathway	part_of(GO:0071560)
GO:0035195	gene silencing by miRNA	part_of(GO:0071560)
GO:0010629	negative regulation of gene expression	part_of(GO:0071560)
GO:0010629	negative regulation of gene expression	part_of(GO:0071560)
GO:0035886	vascular smooth muscle cell differentiation	part_of(GO:0071560)
GO:0032148	activation of protein kinase B activity	part_of(GO:0071560)
GO:0051897	positive regulation of protein kinase B signaling	part_of(GO:0071560)
GO:0000122	negative regulation of transcription from RNA polymerase II promoter	part_of(GO:0071560)
GO:0035195	gene silencing by miRNA	part_of(GO:0071560)
GO:0090090	negative regulation of canonical Wnt signaling pathway	part_of(GO:0071560)
GO:0030335	positive regulation of cell migration	part_of(GO:0071560)
GO:1902895	positive regulation of pri-miRNA transcription from RNA polymerase II promoter	part_of(GO:0071560)
GO:0035195	gene silencing by miRNA	part_of(GO:0071560)
GO:0035195	gene silencing by miRNA	part_of(GO:0071560)
GO:0032834	positive regulation of CD4-positive, CD25-positive, alpha-beta regulatory T cell differentiation involved in immune response	part_of(GO:0071636)
GO:0045944	positive regulation of transcription from RNA polymerase II promoter	part_of(GO:0071773
GO:0045944	positive regulation of transcription from RNA polymerase II promoter	part_of(GO:0071773
GO:0045944	positive regulation of transcription from RNA polymerase II promoter	part_of(GO:0071773
GO:0030509	BMP signaling pathway	part_of(GO:0071773)
GO:0030509	BMP signaling pathway	part_of(GO:0071773)
GO:0006879	cellular iron ion homeostasis	part_of(GO:0071773)
GO:0032331	negative regulation of chondrocyte differentiation	part_of(GO:0071773)
GO:0045944	positive regulation of transcription from RNA polymerase II promoter	part_of(GO:0071773)
GO:0060395	SMAD protein signal transduction	part_of(GO:0071773)
GO:1901522	positive regulation of transcription from RNA polymerase II promoter involved in cellular response to chemical stimulus	part_of(GO:0071773)
GO:0032331	negative regulation of chondrocyte differentiation	part_of(GO:0071773)
GO:0045944	positive regulation of transcription from RNA polymerase II promoter	part_of(GO:0071773)
GO:0045944	positive regulation of transcription from RNA polymerase II promoter	part_of(GO:0071773)
GO:2000279	negative regulation of DNA biosynthetic process	part_of(GO:0071773)
GO:0043154	negative regulation of cysteine-type endopeptidase activity involved in apoptotic process	part_of(GO:0071874
GO:1902109	negative regulation of mitochondrial membrane permeability involved in apoptotic process	part_of(GO:0071874
GO:0005884	actin filament	part_of(GO:0071944)
GO:0001527	microfibril	part_of(GO:0071953
GO:0001527	microfibril	part_of(GO:0071953
GO:0001527	microfibril	part_of(GO:0071953)
GO:0033128	negative regulation of histone phosphorylation	part_of(GO:0072355)
GO:0036064	ciliary basal body	part_of(GO:0072372)
GO:0043065	positive regulation of apoptotic process	part_of(GO:0072719
GO:0016239	positive regulation of macroautophagy	part_of(GO:0072719)
GO:0006457	protein folding	part_of(GO:0072721)
GO:1905111	positive regulation of pulmonary blood vessel remodeling	part_of(GO:0080135
GO:1902514	regulation of calcium ion transmembrane transport via high voltage-gated calcium channel	part_of(GO:0086001)
GO:1901205	negative regulation of adrenergic receptor signaling pathway involved in heart process	part_of(GO:0086003)
GO:0005222	intracellular cAMP activated cation channel activity	part_of(GO:0086015)
GO:0071320	cellular response to cAMP	part_of(GO:0086015)
GO:0051897	positive regulation of protein kinase B signaling	part_of(GO:0086023
GO:0051897	positive regulation of protein kinase B signaling	part_of(GO:0086023
GO:0031346	positive regulation of cell projection organization	part_of(GO:0086024
GO:0039706	co-receptor binding	part_of(GO:0090090
GO:0032091	negative regulation of protein binding	part_of(GO:0090090
GO:0005515	protein binding	part_of(GO:0090090)
GO:0017147	Wnt-protein binding	part_of(GO:0090090)
GO:0031648	protein destabilization	part_of(GO:0090090)
GO:0032092	positive regulation of protein binding	part_of(GO:0090090)
GO:0045732	positive regulation of protein catabolic process	part_of(GO:0090090)
GO:0005102	receptor binding	part_of(GO:0090090)
GO:1904723	negative regulation of Wnt-Frizzled-LRP5/6 complex assembly	part_of(GO:0090090)
GO:0032436	positive regulation of proteasomal ubiquitin-dependent protein catabolic process	part_of(GO:0090090)
GO:0005041	low-density lipoprotein receptor activity	part_of(GO:0090118
GO:0004771	sterol esterase activity	part_of(GO:0090122
GO:1990606	membrane scission GTPase motor activity	part_of(GO:0090149)
GO:0030159	receptor signaling complex scaffold activity	part_of(GO:0090263
GO:0004674	protein serine/threonine kinase activity	part_of(GO:0090263)
GO:1905171	positive regulation of protein localization to phagocytic vesicle	part_of(GO:0090382)
GO:1901214	regulation of neuron death	part_of(GO:0090650
GO:0090650	cellular response to oxygen-glucose deprivation	part_of(GO:0090650
GO:2000353	positive regulation of endothelial cell apoptotic process	part_of(GO:0090650
GO:0009749	response to glucose	part_of(GO:0090664)
GO:0008285	negative regulation of cell proliferation	part_of(GO:0097011)
GO:0070374	positive regulation of ERK1 and ERK2 cascade	part_of(GO:0097028)
GO:0035195	gene silencing by miRNA	part_of(GO:0097067
GO:0043524	negative regulation of neuron apoptotic process	part_of(GO:0097237)
GO:0043524	negative regulation of neuron apoptotic process	part_of(GO:0097237)
GO:1901215	negative regulation of neuron death	part_of(GO:0097238)
GO:1990163	ATP-dependent four-way junction helicase activity	part_of(GO:0097373)
GO:0043140	ATP-dependent 3'-5' DNA helicase activity	part_of(GO:0097373)
GO:0009986	cell surface	part_of(GO:0097450)
GO:0044306	neuron projection terminus	part_of(GO:0097457)
GO:1904154	positive regulation of retrograde protein transport, ER to cytosol	part_of(GO:0097466)
GO:0004571	mannosyl-oligosaccharide 1,2-alpha-mannosidase activity	part_of(GO:0097466)
GO:0008021	synaptic vesicle	part_of(GO:0097470)
GO:0042734	presynaptic membrane	part_of(GO:0097470)
GO:0048786	presynaptic active zone	part_of(GO:0097470)
GO:0042734	presynaptic membrane	part_of(GO:0097470)
GO:0003697	single-stranded DNA binding	part_of(GO:0097505)
GO:0043142	single-stranded DNA-dependent ATPase activity	part_of(GO:0097505)
GO:0050728	negative regulation of inflammatory response	part_of(GO:0097699
GO:1904996	positive regulation of leukocyte adhesion to vascular endothelial cell	part_of(GO:0097699
GO:0071639	positive regulation of monocyte chemotactic protein-1 production	part_of(GO:0097699
GO:0035195	gene silencing by miRNA	part_of(GO:0097699
GO:0035195	gene silencing by miRNA	part_of(GO:0097699
GO:0010628	positive regulation of gene expression	part_of(GO:0097699
GO:0032755	positive regulation of interleukin-6 production	part_of(GO:0097699
GO:0010628	positive regulation of gene expression	part_of(GO:0097699
GO:0035195	gene silencing by miRNA	part_of(GO:0097699
GO:0035195	gene silencing by miRNA	part_of(GO:0097700
GO:0035195	gene silencing by miRNA	part_of(GO:0097706)
GO:0032967	positive regulation of collagen biosynthetic process	part_of(GO:0097709
GO:0010628	positive regulation of gene expression	part_of(GO:0097709
GO:0035195	gene silencing by miRNA	part_of(GO:0098586
GO:0043032	positive regulation of macrophage activation	part_of(GO:0098586
GO:1900015	regulation of cytokine production involved in inflammatory response	part_of(GO:0098586
GO:0010940	positive regulation of necrotic cell death	part_of(GO:0098586
GO:0042527	negative regulation of tyrosine phosphorylation of Stat6 protein	part_of(GO:0098586
GO:0010628	positive regulation of gene expression	part_of(GO:0098586
GO:0010628	positive regulation of gene expression	part_of(GO:0098586
GO:0010628	positive regulation of gene expression	part_of(GO:0098586
GO:0010628	positive regulation of gene expression	part_of(GO:0098586
GO:0010628	positive regulation of gene expression	part_of(GO:0098586
GO:0010628	positive regulation of gene expression	part_of(GO:0098586
GO:0010628	positive regulation of gene expression	part_of(GO:0098586
GO:0010628	positive regulation of gene expression	part_of(GO:0098586
GO:0010628	positive regulation of gene expression	part_of(GO:0098586
GO:0010628	positive regulation of gene expression	part_of(GO:0098586
GO:0043030	regulation of macrophage activation	part_of(GO:0098586
GO:0010628	positive regulation of gene expression	part_of(GO:0098586
GO:0002696	positive regulation of leukocyte activation	part_of(GO:0098586
GO:0042102	positive regulation of T cell proliferation	part_of(GO:0098586
GO:0050729	positive regulation of inflammatory response	part_of(GO:0098586
GO:1900165	negative regulation of interleukin-6 secretion	part_of(GO:0098586
GO:0032713	negative regulation of interleukin-4 production	part_of(GO:0098586
GO:0032729	positive regulation of interferon-gamma production	part_of(GO:0098586
GO:0050870	positive regulation of T cell activation	part_of(GO:0098586
GO:1902565	positive regulation of neutrophil activation	part_of(GO:0098586
GO:0032696	negative regulation of interleukin-13 production	part_of(GO:0098586
GO:0050713	negative regulation of interleukin-1 beta secretion	part_of(GO:0098586
GO:0002739	regulation of cytokine secretion involved in immune response	part_of(GO:0098586)
GO:0050729	positive regulation of inflammatory response	part_of(GO:0098586)
GO:1901223	negative regulation of NIK/NF-kappaB signaling	part_of(GO:0098586)
GO:1901224	positive regulation of NIK/NF-kappaB signaling	part_of(GO:0098586)
GO:0002686	negative regulation of leukocyte migration	part_of(GO:0098586)
GO:0005737	cytoplasm	part_of(GO:0098595)
GO:0036487	nitric-oxide synthase inhibitor activity	part_of(GO:0098736
GO:0051001	negative regulation of nitric-oxide synthase activity	part_of(GO:0098736)
GO:0031396	regulation of protein ubiquitination	part_of(GO:0098779)
GO:0031396	regulation of protein ubiquitination	part_of(GO:0098779)
GO:0005739	mitochondrion	part_of(GO:0098780)
GO:0008021	synaptic vesicle	part_of(GO:0098793
GO:0032839	dendrite cytoplasm	part_of(GO:0098794)
GO:0032839	dendrite cytoplasm	part_of(GO:0098794)
GO:0016286	small conductance calcium-activated potassium channel activity	part_of(GO:0098914)
GO:0071805	potassium ion transmembrane transport	part_of(GO:0098914)
GO:0048786	presynaptic active zone	part_of(GO:0098978
GO:0098793	presynapse	part_of(GO:0098978
GO:0099038	ceramide-translocating ATPase activity	part_of(GO:0099040)
GO:0035567	non-canonical Wnt signaling pathway	part_of(GO:0099068
GO:0035418	protein localization to synapse	part_of(GO:0099526)
GO:0006607	NLS-bearing protein import into nucleus	part_of(GO:0099527)
GO:0007212	dopamine receptor signaling pathway	part_of(GO:0099565)
GO:0004674	protein serine/threonine kinase activity	part_of(GO:0100002)
GO:0004674	protein serine/threonine kinase activity	part_of(GO:0100002)
GO:0018108	peptidyl-tyrosine phosphorylation	part_of(GO:1900020)
GO:2001020	regulation of response to DNA damage stimulus	part_of(GO:1900034)
GO:1905111	positive regulation of pulmonary blood vessel remodeling	part_of(GO:1900037
GO:0061575	cyclin-dependent protein serine/threonine kinase activator activity	part_of(GO:1900087)
GO:1904721	negative regulation of mRNA endonucleolytic cleavage involved in unfolded protein response	part_of(GO:1900102)
GO:0050848	regulation of calcium-mediated signaling	part_of(GO:1900115)
GO:0030546	receptor activator activity	part_of(GO:1900122
GO:0002020	protease binding	part_of(GO:1900122
GO:0005515	protein binding	part_of(GO:1900122
GO:0004693	cyclin-dependent protein serine/threonine kinase activity	part_of(GO:1900182)
GO:1905154	negative regulation of membrane invagination	part_of(GO:1900186)
GO:1905469	negative regulation of clathrin-coated pit assembly	part_of(GO:1900186)
GO:0032481	positive regulation of type I interferon production	part_of(GO:1900246)
GO:0099074	mitochondrion to lysosome transport	part_of(GO:1900407)
GO:2001184	positive regulation of interleukin-12 secretion	part_of(GO:1900745)
GO:0051001	negative regulation of nitric-oxide synthase activity	part_of(GO:1901205)
GO:0036487	nitric-oxide synthase inhibitor activity	part_of(GO:1901205)
GO:0000187	activation of MAPK activity	part_of(GO:1901215)
GO:0043123	positive regulation of I-kappaB kinase/NF-kappaB signaling	part_of(GO:1901215)
GO:0035195	gene silencing by miRNA	part_of(GO:1901295)
GO:0010629	negative regulation of gene expression	part_of(GO:1901295)
GO:0010629	negative regulation of gene expression	part_of(GO:1901295)
GO:0043154	negative regulation of cysteine-type endopeptidase activity involved in apoptotic process	part_of(GO:1901799)
GO:0010506	regulation of autophagy	part_of(GO:1901799)
GO:0031334	positive regulation of protein complex assembly	part_of(GO:1901838)
GO:0071169	establishment of protein localization to chromatin	part_of(GO:1901838)
GO:2001234	negative regulation of apoptotic signaling pathway	part_of(GO:1902065)
GO:0035864	response to potassium ion	part_of(GO:1902074
GO:0050850	positive regulation of calcium-mediated signaling	part_of(GO:1902074
GO:0010035	response to inorganic substance	part_of(GO:1902074
GO:0010035	response to inorganic substance	part_of(GO:1902074
GO:0010035	response to inorganic substance	part_of(GO:1902074
GO:0010035	response to inorganic substance	part_of(GO:1902074
GO:0010035	response to inorganic substance	part_of(GO:1902074
GO:0032026	response to magnesium ion	part_of(GO:1902074)
GO:0010226	response to lithium ion	part_of(GO:1902074)
GO:0007635	chemosensory behavior	part_of(GO:1902074)
GO:0007635	chemosensory behavior	part_of(GO:1902074)
GO:0010035	response to inorganic substance	part_of(GO:1902074)
GO:0006935	chemotaxis	part_of(GO:1902074)
GO:0006935	chemotaxis	part_of(GO:1902074)
GO:0010035	response to inorganic substance	part_of(GO:1902074)
GO:0010035	response to inorganic substance	part_of(GO:1902074)
GO:0010035	response to inorganic substance	part_of(GO:1902074)
GO:0010035	response to inorganic substance	part_of(GO:1902074)
GO:0010035	response to inorganic substance	part_of(GO:1902074)
GO:1990757	ubiquitin ligase activator activity	part_of(GO:1902102)
GO:0004674	protein serine/threonine kinase activity	part_of(GO:1902176)
GO:0018105	peptidyl-serine phosphorylation	part_of(GO:1902176)
GO:0010955	negative regulation of protein processing	part_of(GO:1902236)
GO:0072542	protein phosphatase activator activity	part_of(GO:1902310)
GO:0004721	phosphoprotein phosphatase activity	part_of(GO:1902406)
GO:0004721	phosphoprotein phosphatase activity	part_of(GO:1902412)
GO:0004674	protein serine/threonine kinase activity	part_of(GO:1902425)
GO:0031334	positive regulation of protein complex assembly	part_of(GO:1902661
GO:0071169	establishment of protein localization to chromatin	part_of(GO:1902661
GO:0004674	protein serine/threonine kinase activity	part_of(GO:1902845)
GO:0004721	phosphoprotein phosphatase activity	part_of(GO:1902846)
GO:0016830	carbon-carbon lyase activity	part_of(GO:1902860
GO:0016310	phosphorylation	part_of(GO:1902902)
GO:0016301	kinase activity	part_of(GO:1902902)
GO:0031297	replication fork processing	part_of(GO:1902990)
GO:0004003	ATP-dependent DNA helicase activity	part_of(GO:1902990)
GO:0017108	5'-flap endonuclease activity	part_of(GO:1902990)
GO:0032508	DNA duplex unwinding	part_of(GO:1902990)
GO:0090305	nucleic acid phosphodiester bond hydrolysis	part_of(GO:1902990)
GO:0007260	tyrosine phosphorylation of STAT protein	part_of(GO:1903013)
GO:0000976	transcription regulatory region sequence-specific DNA binding	part_of(GO:1903013)
GO:2000366	positive regulation of STAT protein import into nucleus	part_of(GO:1903013)
GO:0005515	protein binding	part_of(GO:1903070)
GO:2001268	negative regulation of cysteine-type endopeptidase activity involved in apoptotic signaling pathway	part_of(GO:1903122)
GO:1903214	regulation of protein targeting to mitochondrion	part_of(GO:1903146
GO:0005515	protein binding	part_of(GO:1903178)
GO:0032436	positive regulation of proteasomal ubiquitin-dependent protein catabolic process	part_of(GO:1903204
GO:0099605	regulation of action potential firing rate	part_of(GO:1903351)
GO:0018105	peptidyl-serine phosphorylation	part_of(GO:1903413
GO:0006654	phosphatidic acid biosynthetic process	part_of(GO:1903413
GO:1903432	regulation of TORC1 signaling	part_of(GO:1903413
GO:0006111	regulation of gluconeogenesis	part_of(GO:1903413)
GO:0042137	sequestering of neurotransmitter	part_of(GO:1903427)
GO:0004693	cyclin-dependent protein serine/threonine kinase activity	part_of(GO:1903465)
GO:0005515	protein binding	part_of(GO:1903599
GO:1904905	negative regulation of endothelial cell-matrix adhesion via fibronectin	part_of(GO:1903671)
GO:0043537	negative regulation of blood vessel endothelial cell migration	part_of(GO:1903671)
GO:0045944	positive regulation of transcription from RNA polymerase II promoter	part_of(GO:1903779)
GO:0045944	positive regulation of transcription from RNA polymerase II promoter	part_of(GO:1903779)
GO:0045944	positive regulation of transcription from RNA polymerase II promoter	part_of(GO:1903779)
GO:0045944	positive regulation of transcription from RNA polymerase II promoter	part_of(GO:1903779)
GO:0045944	positive regulation of transcription from RNA polymerase II promoter	part_of(GO:1903779)
GO:0045944	positive regulation of transcription from RNA polymerase II promoter	part_of(GO:1903779)
GO:0045944	positive regulation of transcription from RNA polymerase II promoter	part_of(GO:1903788)
GO:0045944	positive regulation of transcription from RNA polymerase II promoter	part_of(GO:1903788)
GO:0043433	negative regulation of sequence-specific DNA binding transcription factor activity	part_of(GO:1903892)
GO:0043433	negative regulation of sequence-specific DNA binding transcription factor activity	part_of(GO:1903892)
GO:0010628	positive regulation of gene expression	part_of(GO:1903936)
GO:0008284	positive regulation of cell proliferation	part_of(GO:1903936)
GO:1990440	positive regulation of transcription from RNA polymerase II promoter in response to endoplasmic reticulum stress	part_of(GO:1903984)
GO:0071108	protein K48-linked deubiquitination	part_of(GO:1904153)
GO:1990380	Lys48-specific deubiquitinase activity	part_of(GO:1904153)
GO:0070536	protein K63-linked deubiquitination	part_of(GO:1904153)
GO:0035871	protein K11-linked deubiquitination	part_of(GO:1904153)
GO:0061578	Lys63-specific deubiquitinase activity	part_of(GO:1904153)
GO:0005515	protein binding	part_of(GO:1904263)
GO:0005524	ATP binding	part_of(GO:1904287)
GO:0036435	K48-linked polyubiquitin binding	part_of(GO:1904293)
GO:0005515	protein binding	part_of(GO:1904293)
GO:0051117	ATPase binding	part_of(GO:1904293)
GO:1903094	negative regulation of protein K48-linked deubiquitination	part_of(GO:1904293)
GO:2000157	negative regulation of ubiquitin-specific protease activity	part_of(GO:1904293)
GO:0016579	protein deubiquitination	part_of(GO:1904293)
GO:0016579	protein deubiquitination	part_of(GO:1904294)
GO:2000050	regulation of non-canonical Wnt signaling pathway	part_of(GO:1904338)
GO:0005515	protein binding	part_of(GO:1904353)
GO:0010521	telomerase inhibitor activity	part_of(GO:1904356)
GO:0098505	G-rich strand telomeric DNA binding	part_of(GO:1904356)
GO:0005515	protein binding	part_of(GO:1904356)
GO:0036508	protein alpha-1,2-demannosylation	part_of(GO:1904382)
GO:0036509	trimming of terminal mannose on B branch	part_of(GO:1904382)
GO:0003031	detection of carbon dioxide	part_of(GO:1904457
GO:0050907	detection of chemical stimulus involved in sensory perception	part_of(GO:1904457
GO:0003031	detection of carbon dioxide	part_of(GO:1904457)
GO:0050907	detection of chemical stimulus involved in sensory perception	part_of(GO:1904457)
GO:0004674	protein serine/threonine kinase activity	part_of(GO:1904514)
GO:0005515	protein binding	part_of(GO:1904515)
GO:0004674	protein serine/threonine kinase activity	part_of(GO:1904537)
GO:1904558	response to dextromethorphan	part_of(GO:1904559)
GO:1902656	calcium ion import into cytosol	part_of(GO:1904559)
GO:0033038	bitter taste receptor activity	part_of(GO:1904559)
GO:1902656	calcium ion import into cytosol	part_of(GO:1904561)
GO:0033038	bitter taste receptor activity	part_of(GO:1904561)
GO:1904560	response to diphenidol	part_of(GO:1904561)
GO:0097193	intrinsic apoptotic signaling pathway	part_of(GO:1904646)
GO:0004674	protein serine/threonine kinase activity	part_of(GO:1904666)
GO:0035195	gene silencing by miRNA	part_of(GO:1904676)
GO:0035195	gene silencing by miRNA	part_of(GO:1904676)
GO:0035195	gene silencing by miRNA	part_of(GO:1904676)
GO:1903231	mRNA binding involved in posttranscriptional gene silencing	part_of(GO:1904676)
GO:1903231	mRNA binding involved in posttranscriptional gene silencing	part_of(GO:1904676)
GO:0019825	oxygen binding	part_of(GO:1904681)
GO:0030335	positive regulation of cell migration	part_of(GO:1904685)
GO:1905111	positive regulation of pulmonary blood vessel remodeling	part_of(GO:1904707)
GO:1905111	positive regulation of pulmonary blood vessel remodeling	part_of(GO:1904707)
GO:0043202	lysosomal lumen	part_of(GO:1904714)
GO:0004185	serine-type carboxypeptidase activity	part_of(GO:1904715)
GO:0006508	proteolysis	part_of(GO:1904715)
GO:0004185	serine-type carboxypeptidase activity	part_of(GO:1904715)
GO:0032091	negative regulation of protein binding	part_of(GO:1904723)
GO:0004674	protein serine/threonine kinase activity	part_of(GO:1904776)
GO:0004674	protein serine/threonine kinase activity	part_of(GO:1904789)
GO:0031333	negative regulation of protein complex assembly	part_of(GO:1904876)
GO:0004721	phosphoprotein phosphatase activity	part_of(GO:1904886
GO:0004721	phosphoprotein phosphatase activity	part_of(GO:1904886
GO:0032091	negative regulation of protein binding	part_of(GO:1904886)
GO:0032091	negative regulation of protein binding	part_of(GO:1904886)
GO:0006508	proteolysis	part_of(GO:1904924)
GO:0008233	peptidase activity	part_of(GO:1904924)
GO:0045944	positive regulation of transcription from RNA polymerase II promoter	part_of(GO:1904948)
GO:0045944	positive regulation of transcription from RNA polymerase II promoter	part_of(GO:1904948)
GO:0045944	positive regulation of transcription from RNA polymerase II promoter	part_of(GO:1904948)
GO:0010628	positive regulation of gene expression	part_of(GO:1904996
GO:0090370	negative regulation of cholesterol efflux	part_of(GO:1905093)
GO:0010629	negative regulation of gene expression	part_of(GO:1905093)
GO:0010629	negative regulation of gene expression	part_of(GO:1905093)
GO:2000188	regulation of cholesterol homeostasis	part_of(GO:1905093)
GO:0052548	regulation of endopeptidase activity	part_of(GO:1905165)
GO:0004674	protein serine/threonine kinase activity	part_of(GO:1905183)
GO:1903748	negative regulation of establishment of protein localization to mitochondrion	part_of(GO:1905259
GO:0047372	acylglycerol lipase activity	part_of(GO:1905344)
GO:0047372	acylglycerol lipase activity	part_of(GO:1905344)
GO:0047372	acylglycerol lipase activity	part_of(GO:1905344)
GO:0005515	protein binding	part_of(GO:1905406)
GO:0003690	double-stranded DNA binding	part_of(GO:1905406)
GO:0032051	clathrin light chain binding	part_of(GO:1905445)
GO:1905602	positive regulation of receptor-mediated endocytosis involved in cholesterol transport	part_of(GO:1905581
GO:0001921	positive regulation of receptor recycling	part_of(GO:1905581
GO:0001921	positive regulation of receptor recycling	part_of(GO:1905581
GO:1905602	positive regulation of receptor-mediated endocytosis involved in cholesterol transport	part_of(GO:1905581
GO:1905602	positive regulation of receptor-mediated endocytosis involved in cholesterol transport	part_of(GO:1905581
GO:0032804	negative regulation of low-density lipoprotein particle receptor catabolic process	part_of(GO:1905581)
GO:0032804	negative regulation of low-density lipoprotein particle receptor catabolic process	part_of(GO:1905581)
GO:0032804	negative regulation of low-density lipoprotein particle receptor catabolic process	part_of(GO:1905581)
GO:0032804	negative regulation of low-density lipoprotein particle receptor catabolic process	part_of(GO:1905581)
GO:0032804	negative regulation of low-density lipoprotein particle receptor catabolic process	part_of(GO:1905581)
GO:1905596	negative regulation of low-density lipoprotein particle receptor binding	part_of(GO:1905596
GO:1905598	negative regulation of low-density lipoprotein receptor activity	part_of(GO:1905596
GO:0010989	negative regulation of low-density lipoprotein particle clearance	part_of(GO:1905596
GO:1905601	negative regulation of receptor-mediated endocytosis involved in cholesterol transport	part_of(GO:1905596
GO:0001920	negative regulation of receptor recycling	part_of(GO:1905596)
GO:0032805	positive regulation of low-density lipoprotein particle receptor catabolic process	part_of(GO:1905596)
GO:0032804	negative regulation of low-density lipoprotein particle receptor catabolic process	part_of(GO:1905597
GO:0032804	negative regulation of low-density lipoprotein particle receptor catabolic process	part_of(GO:1905597
GO:0032804	negative regulation of low-density lipoprotein particle receptor catabolic process	part_of(GO:1905597
GO:1905602	positive regulation of receptor-mediated endocytosis involved in cholesterol transport	part_of(GO:1905597
GO:0032804	negative regulation of low-density lipoprotein particle receptor catabolic process	part_of(GO:1905597
GO:1905581	positive regulation of low-density lipoprotein particle clearance	part_of(GO:1905597
GO:1905581	positive regulation of low-density lipoprotein particle clearance	part_of(GO:1905597
GO:1905581	positive regulation of low-density lipoprotein particle clearance	part_of(GO:1905597
GO:0032804	negative regulation of low-density lipoprotein particle receptor catabolic process	part_of(GO:1905597
GO:1905599	positive regulation of low-density lipoprotein receptor activity	part_of(GO:1905597
GO:1905599	positive regulation of low-density lipoprotein receptor activity	part_of(GO:1905597
GO:1905581	positive regulation of low-density lipoprotein particle clearance	part_of(GO:1905597
GO:0001921	positive regulation of receptor recycling	part_of(GO:1905597
GO:0001921	positive regulation of receptor recycling	part_of(GO:1905597
GO:1905597	positive regulation of low-density lipoprotein particle receptor binding	part_of(GO:1905597
GO:1905597	positive regulation of low-density lipoprotein particle receptor binding	part_of(GO:1905597
GO:1905602	positive regulation of receptor-mediated endocytosis involved in cholesterol transport	part_of(GO:1905597
GO:1905602	positive regulation of receptor-mediated endocytosis involved in cholesterol transport	part_of(GO:1905597
GO:0001920	negative regulation of receptor recycling	part_of(GO:1905598
GO:1905596	negative regulation of low-density lipoprotein particle receptor binding	part_of(GO:1905598
GO:0032805	positive regulation of low-density lipoprotein particle receptor catabolic process	part_of(GO:1905598
GO:0010989	negative regulation of low-density lipoprotein particle clearance	part_of(GO:1905598)
GO:1905601	negative regulation of receptor-mediated endocytosis involved in cholesterol transport	part_of(GO:1905598)
GO:0032804	negative regulation of low-density lipoprotein particle receptor catabolic process	part_of(GO:1905599
GO:0032804	negative regulation of low-density lipoprotein particle receptor catabolic process	part_of(GO:1905599
GO:0032804	negative regulation of low-density lipoprotein particle receptor catabolic process	part_of(GO:1905599
GO:1905602	positive regulation of receptor-mediated endocytosis involved in cholesterol transport	part_of(GO:1905599
GO:0032804	negative regulation of low-density lipoprotein particle receptor catabolic process	part_of(GO:1905599
GO:1905581	positive regulation of low-density lipoprotein particle clearance	part_of(GO:1905599
GO:1905581	positive regulation of low-density lipoprotein particle clearance	part_of(GO:1905599
GO:1905581	positive regulation of low-density lipoprotein particle clearance	part_of(GO:1905599
GO:0032804	negative regulation of low-density lipoprotein particle receptor catabolic process	part_of(GO:1905599
GO:1905599	positive regulation of low-density lipoprotein receptor activity	part_of(GO:1905599
GO:1905599	positive regulation of low-density lipoprotein receptor activity	part_of(GO:1905599
GO:1905581	positive regulation of low-density lipoprotein particle clearance	part_of(GO:1905599
GO:0001921	positive regulation of receptor recycling	part_of(GO:1905599
GO:0001921	positive regulation of receptor recycling	part_of(GO:1905599
GO:1905597	positive regulation of low-density lipoprotein particle receptor binding	part_of(GO:1905599
GO:1905597	positive regulation of low-density lipoprotein particle receptor binding	part_of(GO:1905599
GO:1905602	positive regulation of receptor-mediated endocytosis involved in cholesterol transport	part_of(GO:1905599
GO:1905602	positive regulation of receptor-mediated endocytosis involved in cholesterol transport	part_of(GO:1905599
GO:0001920	negative regulation of receptor recycling	part_of(GO:1905601
GO:1905596	negative regulation of low-density lipoprotein particle receptor binding	part_of(GO:1905601
GO:0010989	negative regulation of low-density lipoprotein particle clearance	part_of(GO:1905601
GO:1905601	negative regulation of receptor-mediated endocytosis involved in cholesterol transport	part_of(GO:1905601
GO:1905598	negative regulation of low-density lipoprotein receptor activity	part_of(GO:1905601)
GO:0032804	negative regulation of low-density lipoprotein particle receptor catabolic process	part_of(GO:1905602
GO:0032804	negative regulation of low-density lipoprotein particle receptor catabolic process	part_of(GO:1905602
GO:0032804	negative regulation of low-density lipoprotein particle receptor catabolic process	part_of(GO:1905602
GO:1905602	positive regulation of receptor-mediated endocytosis involved in cholesterol transport	part_of(GO:1905602
GO:0032804	negative regulation of low-density lipoprotein particle receptor catabolic process	part_of(GO:1905602
GO:0032804	negative regulation of low-density lipoprotein particle receptor catabolic process	part_of(GO:1905602
GO:1905581	positive regulation of low-density lipoprotein particle clearance	part_of(GO:1905602)
GO:1905581	positive regulation of low-density lipoprotein particle clearance	part_of(GO:1905602)
GO:1905581	positive regulation of low-density lipoprotein particle clearance	part_of(GO:1905602)
GO:1905599	positive regulation of low-density lipoprotein receptor activity	part_of(GO:1905602)
GO:1905599	positive regulation of low-density lipoprotein receptor activity	part_of(GO:1905602)
GO:1905581	positive regulation of low-density lipoprotein particle clearance	part_of(GO:1905602)
GO:0001921	positive regulation of receptor recycling	part_of(GO:1905602)
GO:0001921	positive regulation of receptor recycling	part_of(GO:1905602)
GO:1905597	positive regulation of low-density lipoprotein particle receptor binding	part_of(GO:1905602)
GO:1905597	positive regulation of low-density lipoprotein particle receptor binding	part_of(GO:1905602)
GO:0004143	diacylglycerol kinase activity	part_of(GO:1990090)
GO:0070528	protein kinase C signaling	part_of(GO:1990182)
GO:0060070	canonical Wnt signaling pathway	part_of(GO:1990403)
GO:0003700	transcription factor activity, sequence-specific DNA binding	part_of(GO:1990440)
GO:0003700	transcription factor activity, sequence-specific DNA binding	part_of(GO:1990440)
GO:0019888	protein phosphatase regulator activity	part_of(GO:1990441)
GO:0042588	zymogen granule	part_of(GO:1990794)
GO:0008569	ATP-dependent microtubule motor activity, minus-end-directed	part_of(GO:1990852)
GO:0008569	ATP-dependent microtubule motor activity, minus-end-directed	part_of(GO:1990852)
GO:1990757	ubiquitin ligase activator activity	part_of(GO:1990950)
GO:0035255	ionotropic glutamate receptor binding	part_of(GO:2000008)
GO:0005515	protein binding	part_of(GO:2000008)
GO:0090630	activation of GTPase activity	part_of(GO:2000050)
GO:0032092	positive regulation of protein binding	part_of(GO:2000050)
GO:0004672	protein kinase activity	part_of(GO:2000052)
GO:0004672	protein kinase activity	part_of(GO:2000052)
GO:0004672	protein kinase activity	part_of(GO:2000052)
GO:0006468	protein phosphorylation	part_of(GO:2000052)
GO:0006468	protein phosphorylation	part_of(GO:2000052)
GO:0030674	protein binding, bridging	part_of(GO:2000060)
GO:2000060	positive regulation of protein ubiquitination involved in ubiquitin-dependent protein catabolic process	part_of(GO:2000060)
GO:0002020	protease binding	part_of(GO:2000272)
GO:0050750	low-density lipoprotein particle receptor binding	part_of(GO:2000272)
GO:0030546	receptor activator activity	part_of(GO:2000273)
GO:0002020	protease binding	part_of(GO:2000273)
GO:0005515	protein binding	part_of(GO:2000273)
GO:0030837	negative regulation of actin filament polymerization	part_of(GO:2000369)
GO:0016055	Wnt signaling pathway	part_of(GO:2000463)
GO:0005085	guanyl-nucleotide exchange factor activity	part_of(GO:2000784)
GO:0004674	protein serine/threonine kinase activity	part_of(GO:2001033)
GO:0007165	signal transduction	part_of(GO:2001044)
GO:0005576	extracellular region	part_of(UBERON:0000006)
GO:0005623	cell	part_of(UBERON:0000006)
GO:0005622	intracellular	part_of(UBERON:0000006)
GO:0043231	intracellular membrane-bounded organelle	part_of(UBERON:0000006)
GO:0005737	cytoplasm	part_of(UBERON:0000006)
GO:0005615	extracellular space	part_of(UBERON:0000006)
GO:0005737	cytoplasm	part_of(UBERON:0000006)
GO:0005737	cytoplasm	part_of(UBERON:0000006)
GO:0031045	dense core granule	part_of(UBERON:0000007
GO:1990742	microvesicle	part_of(UBERON:0000007
GO:0005634	nucleus	part_of(UBERON:0000007
GO:0043204	perikaryon	part_of(UBERON:0000007)
GO:0005777	peroxisome	part_of(UBERON:0000007)
GO:0005737	cytoplasm	part_of(UBERON:0000007)
GO:0031045	dense core granule	part_of(UBERON:0000007)
GO:0005623	cell	part_of(UBERON:0000007)
GO:0070852	cell body fiber	part_of(UBERON:0000007)
GO:0048471	perinuclear region of cytoplasm	part_of(UBERON:0000007)
GO:0005782	peroxisomal matrix	part_of(UBERON:0000007)
GO:0005623	cell	part_of(UBERON:0000007)
GO:0005782	peroxisomal matrix	part_of(UBERON:0000007)
GO:0005623	cell	part_of(UBERON:0000007)
GO:0005623	cell	part_of(UBERON:0000007)
GO:0033268	node of Ranvier	part_of(UBERON:0000010)
GO:0043209	myelin sheath	part_of(UBERON:0000010)
GO:0001527	microfibril	part_of(UBERON:0000014
GO:0005901	caveola	part_of(UBERON:0000014
GO:0005901	caveola	part_of(UBERON:0000014
GO:0071953	elastic fiber	part_of(UBERON:0000014)
GO:0005615	extracellular space	part_of(UBERON:0000014)
GO:0071953	elastic fiber	part_of(UBERON:0000014)
GO:0001527	microfibril	part_of(UBERON:0000014)
GO:0005737	cytoplasm	part_of(UBERON:0000014)
GO:0005623	cell	part_of(UBERON:0000016)
GO:0005737	cytoplasm	part_of(UBERON:0000016)
GO:0005634	nucleus	part_of(UBERON:0000016)
GO:0005737	cytoplasm	part_of(UBERON:0000017)
GO:0005930	axoneme	part_of(UBERON:0000019)
GO:0036064	ciliary basal body	part_of(UBERON:0000019)
GO:0005737	cytoplasm	part_of(UBERON:0000030
GO:0005886	plasma membrane	part_of(UBERON:0000030
GO:0005623	cell	part_of(UBERON:0000030)
GO:0005737	cytoplasm	part_of(UBERON:0000030)
GO:0005623	cell	part_of(UBERON:0000035)
GO:0005623	cell	part_of(UBERON:0000037)
GO:0005615	extracellular space	part_of(UBERON:0000038)
GO:0005623	cell	part_of(UBERON:0000038)
GO:0070852	cell body fiber	part_of(UBERON:0000044)
GO:0031982	vesicle	part_of(UBERON:0000044)
GO:0005782	peroxisomal matrix	part_of(UBERON:0000044)
GO:0005782	peroxisomal matrix	part_of(UBERON:0000044)
GO:0030424	axon	part_of(UBERON:0000044)
GO:0044297	cell body	part_of(UBERON:0000044)
GO:0005829	cytosol	part_of(UBERON:0000045
GO:0005623	cell	part_of(UBERON:0000045
GO:0005737	cytoplasm	part_of(UBERON:0000045
GO:0043025	neuronal cell body	part_of(UBERON:0000045)
GO:0005634	nucleus	part_of(UBERON:0000056)
GO:0005634	nucleus	part_of(UBERON:0000056)
GO:0005634	nucleus	part_of(UBERON:0000056)
GO:0005623	cell	part_of(UBERON:0000059)
GO:0005615	extracellular space	part_of(UBERON:0000059)
GO:0003253	cardiac neural crest cell migration involved in outflow tract morphogenesis	part_of(UBERON:0000068)
GO:0003147	neural crest cell migration involved in heart formation	part_of(UBERON:0000068)
GO:0061626	pharyngeal arch artery morphogenesis	part_of(UBERON:0000068)
GO:0001947	heart looping	part_of(UBERON:0000068)
GO:0061713	anterior neural tube closure	part_of(UBERON:0000068)
GO:0016324	apical plasma membrane	part_of(UBERON:0000074)
GO:0045121	membrane raft	part_of(UBERON:0000074)
GO:0005829	cytosol	part_of(UBERON:0000076)
GO:0005623	cell	part_of(UBERON:0000076)
GO:0005886	plasma membrane	part_of(UBERON:0000076)
GO:0005829	cytosol	part_of(UBERON:0000080
GO:0005604	basement membrane	part_of(UBERON:0000082)
GO:0005737	cytoplasm	part_of(UBERON:0000082)
GO:0005737	cytoplasm	part_of(UBERON:0000086
GO:0005634	nucleus	part_of(UBERON:0000087)
GO:0005634	nucleus	part_of(UBERON:0000089
GO:0005634	nucleus	part_of(UBERON:0000089
GO:0005634	nucleus	part_of(UBERON:0000090)
GO:0071953	elastic fiber	part_of(UBERON:0000114)
GO:0005623	cell	part_of(UBERON:0000125
GO:0005737	cytoplasm	part_of(UBERON:0000160
GO:0005886	plasma membrane	part_of(UBERON:0000160
GO:0005623	cell	part_of(UBERON:0000160)
GO:0005634	nucleus	part_of(UBERON:0000160)
GO:0005623	cell	part_of(UBERON:0000160)
GO:0005737	cytoplasm	part_of(UBERON:0000160)
GO:0005634	nucleus	part_of(UBERON:0000160)
GO:0005623	cell	part_of(UBERON:0000160)
GO:0009925	basal plasma membrane	part_of(UBERON:0000160)
GO:0031526	brush border membrane	part_of(UBERON:0000160)
GO:0031982	vesicle	part_of(UBERON:0000160)
GO:0016328	lateral plasma membrane	part_of(UBERON:0000160)
GO:0005623	cell	part_of(UBERON:0000160)
GO:0005829	cytosol	part_of(UBERON:0000160)
GO:0005737	cytoplasm	part_of(UBERON:0000160)
GO:0005623	cell	part_of(UBERON:0000160)
GO:0005886	plasma membrane	part_of(UBERON:0000160)
GO:0005886	plasma membrane	part_of(UBERON:0000160)
GO:0005634	nucleus	part_of(UBERON:0000160)
GO:0005634	nucleus	part_of(UBERON:0000160)
GO:0005622	intracellular	part_of(UBERON:0000178
GO:0005737	cytoplasm	part_of(UBERON:0000178
GO:0005634	nucleus	part_of(UBERON:0000178
GO:0005737	cytoplasm	part_of(UBERON:0000178)
GO:0070062	extracellular exosome	part_of(UBERON:0000178)
GO:0005623	cell	part_of(UBERON:0000178)
GO:0005623	cell	part_of(UBERON:0000178)
GO:0016324	apical plasma membrane	part_of(UBERON:0000201)
GO:0016323	basolateral plasma membrane	part_of(UBERON:0000201)
GO:0043204	perikaryon	part_of(UBERON:0000203)
GO:0005623	cell	part_of(UBERON:0000203)
GO:0005623	cell	part_of(UBERON:0000204
GO:0043204	perikaryon	part_of(UBERON:0000204)
GO:0070852	cell body fiber	part_of(UBERON:0000204)
GO:0043204	perikaryon	part_of(UBERON:0000204)
GO:0043204	perikaryon	part_of(UBERON:0000204)
GO:0009925	basal plasma membrane	part_of(UBERON:0000309)
GO:0031430	M band	part_of(UBERON:0000309)
GO:0055120	striated muscle dense body	part_of(UBERON:0000309)
GO:0005615	extracellular space	part_of(UBERON:0000317)
GO:0016324	apical plasma membrane	part_of(UBERON:0000317)
GO:0005634	nucleus	part_of(UBERON:0000317)
GO:0016323	basolateral plasma membrane	part_of(UBERON:0000317)
GO:0005737	cytoplasm	part_of(UBERON:0000319
GO:0005887	integral component of plasma membrane	part_of(UBERON:0000320)
GO:0016324	apical plasma membrane	part_of(UBERON:0000325)
GO:0016323	basolateral plasma membrane	part_of(UBERON:0000333)
GO:0005737	cytoplasm	part_of(UBERON:0000333)
GO:0016324	apical plasma membrane	part_of(UBERON:0000333)
GO:0005634	nucleus	part_of(UBERON:0000333)
GO:0005737	cytoplasm	part_of(UBERON:0000344
GO:0098592	cytoplasmic side of apical plasma membrane	part_of(UBERON:0000344
GO:0070852	cell body fiber	part_of(UBERON:0000344)
GO:0044297	cell body	part_of(UBERON:0000344)
GO:0001527	microfibril	part_of(UBERON:0000351
GO:0001527	microfibril	part_of(UBERON:0000351
GO:0005737	cytoplasm	part_of(UBERON:0000353)
GO:0005694	chromosome	part_of(UBERON:0000358)
GO:0070938	contractile ring	part_of(UBERON:0000358)
GO:0000922	spindle pole	part_of(UBERON:0000358)
GO:0005890	sodium:potassium-exchanging ATPase complex	part_of(UBERON:0000362)
GO:0005737	cytoplasm	part_of(UBERON:0000362)
GO:0005634	nucleus	part_of(UBERON:0000362)
GO:0005634	nucleus	part_of(UBERON:0000365)
GO:0005634	nucleus	part_of(UBERON:0000365)
GO:0002011	morphogenesis of an epithelial sheet	part_of(UBERON:0000365)
GO:0005634	nucleus	part_of(UBERON:0000371)
GO:0019898	extrinsic component of membrane	part_of(UBERON:0000389
GO:0019898	extrinsic component of membrane	part_of(UBERON:0000389
GO:0005829	cytosol	part_of(UBERON:0000389)
GO:0019898	extrinsic component of membrane	part_of(UBERON:0000390
GO:0019898	extrinsic component of membrane	part_of(UBERON:0000390
GO:0031528	microvillus membrane	part_of(UBERON:0000400)
GO:0005782	peroxisomal matrix	part_of(UBERON:0000423)
GO:0005737	cytoplasm	part_of(UBERON:0000428)
GO:0070852	cell body fiber	part_of(UBERON:0000432)
GO:0030424	axon	part_of(UBERON:0000432)
GO:0070852	cell body fiber	part_of(UBERON:0000432)
GO:0043204	perikaryon	part_of(UBERON:0000432)
GO:0005634	nucleus	part_of(UBERON:0000435
GO:0016020	membrane	part_of(UBERON:0000435)
GO:0043205	fibril	part_of(UBERON:0000444
GO:0043204	perikaryon	part_of(UBERON:0000446
GO:0043204	perikaryon	part_of(UBERON:0000446
GO:0005634	nucleus	part_of(UBERON:0000449)
GO:0005737	cytoplasm	part_of(UBERON:0000449)
GO:0005737	cytoplasm	part_of(UBERON:0000453
GO:0005623	cell	part_of(UBERON:0000464)
GO:0005737	cytoplasm	part_of(UBERON:0000473
GO:0005777	peroxisome	part_of(UBERON:0000473
GO:0097598	sperm cytoplasmic droplet	part_of(UBERON:0000473
GO:0005777	peroxisome	part_of(UBERON:0000473
GO:0005634	nucleus	part_of(UBERON:0000473
GO:0005777	peroxisome	part_of(UBERON:0000473
GO:0005737	cytoplasm	part_of(UBERON:0000473
GO:0016020	membrane	part_of(UBERON:0000473
GO:0005634	nucleus	part_of(UBERON:0000473)
GO:0005623	cell	part_of(UBERON:0000473)
GO:0005737	cytoplasm	part_of(UBERON:0000473)
GO:0036126	sperm flagellum	part_of(UBERON:0000473)
GO:0005737	cytoplasm	part_of(UBERON:0000473)
GO:0005737	cytoplasm	part_of(UBERON:0000473)
GO:0005737	cytoplasm	part_of(UBERON:0000473)
GO:0005829	cytosol	part_of(UBERON:0000473)
GO:0005777	peroxisome	part_of(UBERON:0000473)
GO:0005623	cell	part_of(UBERON:0000473)
GO:0005623	cell	part_of(UBERON:0000473)
GO:0005777	peroxisome	part_of(UBERON:0000473)
GO:0016020	membrane	part_of(UBERON:0000473)
GO:0005623	cell	part_of(UBERON:0000473)
GO:0048471	perinuclear region of cytoplasm	part_of(UBERON:0000473)
GO:0005623	cell	part_of(UBERON:0000483
GO:0005737	cytoplasm	part_of(UBERON:0000483
GO:0098592	cytoplasmic side of apical plasma membrane	part_of(UBERON:0000483
GO:0005634	nucleus	part_of(UBERON:0000483)
GO:0061689	tricellular tight junction	part_of(UBERON:0000483)
GO:0005737	cytoplasm	part_of(UBERON:0000483)
GO:0071944	cell periphery	part_of(UBERON:0000483)
GO:0005604	basement membrane	part_of(UBERON:0000483)
GO:0005623	cell	part_of(UBERON:0000483)
GO:0005737	cytoplasm	part_of(UBERON:0000912
GO:0030017	sarcomere	part_of(UBERON:0000922
GO:0005604	basement membrane	part_of(UBERON:0000922
GO:0005604	basement membrane	part_of(UBERON:0000922
GO:0005604	basement membrane	part_of(UBERON:0000922
GO:0005604	basement membrane	part_of(UBERON:0000922
GO:0005604	basement membrane	part_of(UBERON:0000922
GO:0005604	basement membrane	part_of(UBERON:0000922
GO:0005604	basement membrane	part_of(UBERON:0000922
GO:0005859	muscle myosin complex	part_of(UBERON:0000922
GO:0005604	basement membrane	part_of(UBERON:0000922
GO:0005604	basement membrane	part_of(UBERON:0000922
GO:0005604	basement membrane	part_of(UBERON:0000922
GO:0005604	basement membrane	part_of(UBERON:0000922
GO:0005604	basement membrane	part_of(UBERON:0000922
GO:0005604	basement membrane	part_of(UBERON:0000922
GO:0005604	basement membrane	part_of(UBERON:0000922
GO:0005604	basement membrane	part_of(UBERON:0000922
GO:0005604	basement membrane	part_of(UBERON:0000922
GO:0005604	basement membrane	part_of(UBERON:0000922
GO:0000790	nuclear chromatin	part_of(UBERON:0000922)
GO:0005739	mitochondrion	part_of(UBERON:0000922)
GO:0005623	cell	part_of(UBERON:0000922)
GO:0005623	cell	part_of(UBERON:0000922)
GO:0005604	basement membrane	part_of(UBERON:0000922)
GO:0005604	basement membrane	part_of(UBERON:0000924)
GO:0045178	basal part of cell	part_of(UBERON:0000924)
GO:0031012	extracellular matrix	part_of(UBERON:0000924)
GO:0005604	basement membrane	part_of(UBERON:0000925)
GO:0045178	basal part of cell	part_of(UBERON:0000925)
GO:0000790	nuclear chromatin	part_of(UBERON:0000925)
GO:0005634	nucleus	part_of(UBERON:0000925)
GO:0005737	cytoplasm	part_of(UBERON:0000925)
GO:0043205	fibril	part_of(UBERON:0000925)
GO:0005634	nucleus	part_of(UBERON:0000926
GO:0043205	fibril	part_of(UBERON:0000926
GO:0009986	cell surface	part_of(UBERON:0000927
GO:0005886	plasma membrane	part_of(UBERON:0000927
GO:0009986	cell surface	part_of(UBERON:0000930
GO:0005886	plasma membrane	part_of(UBERON:0000930
GO:0009986	cell surface	part_of(UBERON:0000931
GO:0005886	plasma membrane	part_of(UBERON:0000931
GO:0005623	cell	part_of(UBERON:0000935
GO:0005623	cell	part_of(UBERON:0000945
GO:0016020	membrane	part_of(UBERON:0000945
GO:0005623	cell	part_of(UBERON:0000945)
GO:0005615	extracellular space	part_of(UBERON:0000945)
GO:0001527	microfibril	part_of(UBERON:0000947
GO:0005623	cell	part_of(UBERON:0000947
GO:0071953	elastic fiber	part_of(UBERON:0000947)
GO:0005737	cytoplasm	part_of(UBERON:0000947)
GO:0005623	cell	part_of(UBERON:0000948
GO:0030018	Z disc	part_of(UBERON:0000948
GO:0005623	cell	part_of(UBERON:0000948
GO:0005623	cell	part_of(UBERON:0000948
GO:0005901	caveola	part_of(UBERON:0000948
GO:0005623	cell	part_of(UBERON:0000948
GO:0005623	cell	part_of(UBERON:0000948
GO:0005890	sodium:potassium-exchanging ATPase complex	part_of(UBERON:0000948
GO:0016020	membrane	part_of(UBERON:0000948
GO:0009986	cell surface	part_of(UBERON:0000948)
GO:0005829	cytosol	part_of(UBERON:0000948)
GO:0005634	nucleus	part_of(UBERON:0000948)
GO:0005634	nucleus	part_of(UBERON:0000948)
GO:0005623	cell	part_of(UBERON:0000948)
GO:0005623	cell	part_of(UBERON:0000948)
GO:0034704	calcium channel complex	part_of(UBERON:0000948)
GO:0031430	M band	part_of(UBERON:0000948)
GO:0005886	plasma membrane	part_of(UBERON:0000948)
GO:0005623	cell	part_of(UBERON:0000948)
GO:0033017	sarcoplasmic reticulum membrane	part_of(UBERON:0000948)
GO:0005739	mitochondrion	part_of(UBERON:0000948)
GO:0005515	protein binding	part_of(UBERON:0000948)
GO:0005891	voltage-gated calcium channel complex	part_of(UBERON:0000948)
GO:0042383	sarcolemma	part_of(UBERON:0000948)
GO:0016529	sarcoplasmic reticulum	part_of(UBERON:0000948)
GO:0005737	cytoplasm	part_of(UBERON:0000948)
GO:0014704	intercalated disc	part_of(UBERON:0000948)
GO:0005829	cytosol	part_of(UBERON:0000948)
GO:0005739	mitochondrion	part_of(UBERON:0000948)
GO:0016020	membrane	part_of(UBERON:0000948)
GO:0036379	myofilament	part_of(UBERON:0000948)
GO:0005623	cell	part_of(UBERON:0000948)
GO:0005737	cytoplasm	part_of(UBERON:0000948)
GO:0030018	Z disc	part_of(UBERON:0000948)
GO:0008076	voltage-gated potassium channel complex	part_of(UBERON:0000948)
GO:0005737	cytoplasm	part_of(UBERON:0000948)
GO:0016020	membrane	part_of(UBERON:0000948)
GO:0005623	cell	part_of(UBERON:0000948)
GO:0050998	nitric-oxide synthase binding	part_of(UBERON:0000948)
GO:0005634	nucleus	part_of(UBERON:0000948)
GO:0005634	nucleus	part_of(UBERON:0000948)
GO:0048471	perinuclear region of cytoplasm	part_of(UBERON:0000948)
GO:0005634	nucleus	part_of(UBERON:0000948)
GO:0030315	T-tubule	part_of(UBERON:0000948)
GO:0005623	cell	part_of(UBERON:0000955
GO:0005634	nucleus	part_of(UBERON:0000955
GO:0016020	membrane	part_of(UBERON:0000955
GO:0005737	cytoplasm	part_of(UBERON:0000955
GO:0005829	cytosol	part_of(UBERON:0000955
GO:0005623	cell	part_of(UBERON:0000955
GO:0005623	cell	part_of(UBERON:0000955
GO:0097449	astrocyte projection	part_of(UBERON:0000955
GO:0005623	cell	part_of(UBERON:0000955
GO:0010506	regulation of autophagy	part_of(UBERON:0000955
GO:0005856	cytoskeleton	part_of(UBERON:0000955
GO:0016020	membrane	part_of(UBERON:0000955
GO:0005829	cytosol	part_of(UBERON:0000955
GO:0005634	nucleus	part_of(UBERON:0000955)
GO:0019898	extrinsic component of membrane	part_of(UBERON:0000955)
GO:0005634	nucleus	part_of(UBERON:0000955)
GO:0005623	cell	part_of(UBERON:0000955)
GO:0005829	cytosol	part_of(UBERON:0000955)
GO:0005829	cytosol	part_of(UBERON:0000955)
GO:0005829	cytosol	part_of(UBERON:0000955)
GO:0005623	cell	part_of(UBERON:0000955)
GO:0000151	ubiquitin ligase complex	part_of(UBERON:0000955)
GO:0008021	synaptic vesicle	part_of(UBERON:0000955)
GO:0097418	neurofibrillary tangle	part_of(UBERON:0000955)
GO:0044297	cell body	part_of(UBERON:0000955)
GO:0044297	cell body	part_of(UBERON:0000955)
GO:0016021	integral component of membrane	part_of(UBERON:0000955)
GO:0005886	plasma membrane	part_of(UBERON:0000955)
GO:0097060	synaptic membrane	part_of(UBERON:0000955)
GO:0005768	endosome	part_of(UBERON:0000955)
GO:0016020	membrane	part_of(UBERON:0000955)
GO:0005739	mitochondrion	part_of(UBERON:0000955)
GO:0005737	cytoplasm	part_of(UBERON:0000955)
GO:0031982	vesicle	part_of(UBERON:0000955)
GO:0005623	cell	part_of(UBERON:0000955)
GO:0005758	mitochondrial intermembrane space	part_of(UBERON:0000955)
GO:0030424	axon	part_of(UBERON:0000955)
GO:0005634	nucleus	part_of(UBERON:0000955)
GO:0005634	nucleus	part_of(UBERON:0000955)
GO:0005829	cytosol	part_of(UBERON:0000955)
GO:0019898	extrinsic component of membrane	part_of(UBERON:0000955)
GO:0055037	recycling endosome	part_of(UBERON:0000955)
GO:0005737	cytoplasm	part_of(UBERON:0000955)
GO:0097060	synaptic membrane	part_of(UBERON:0000955)
GO:0005739	mitochondrion	part_of(UBERON:0000955)
GO:0005739	mitochondrion	part_of(UBERON:0000955)
GO:0005759	mitochondrial matrix	part_of(UBERON:0000955)
GO:0005829	cytosol	part_of(UBERON:0000955)
GO:0005829	cytosol	part_of(UBERON:0000955)
GO:0005623	cell	part_of(UBERON:0000955)
GO:0043195	terminal bouton	part_of(UBERON:0000955)
GO:0030136	clathrin-coated vesicle	part_of(UBERON:0000955)
GO:0005829	cytosol	part_of(UBERON:0000955)
GO:0005737	cytoplasm	part_of(UBERON:0000955)
GO:0016020	membrane	part_of(UBERON:0000955)
GO:0048471	perinuclear region of cytoplasm	part_of(UBERON:0000955)
GO:0005783	endoplasmic reticulum	part_of(UBERON:0000955)
GO:0031410	cytoplasmic vesicle	part_of(UBERON:0000955)
GO:0005623	cell	part_of(UBERON:0000955)
GO:0097179	protease inhibitor complex	part_of(UBERON:0000955)
GO:0005737	cytoplasm	part_of(UBERON:0000955)
GO:0030061	mitochondrial crista	part_of(UBERON:0000955)
GO:0005634	nucleus	part_of(UBERON:0000955)
GO:0005634	nucleus	part_of(UBERON:0000956
GO:0005886	plasma membrane	part_of(UBERON:0000956
GO:0043025	neuronal cell body	part_of(UBERON:0000956
GO:0032839	dendrite cytoplasm	part_of(UBERON:0000956
GO:0043194	axon initial segment	part_of(UBERON:0000956
GO:0005737	cytoplasm	part_of(UBERON:0000956
GO:0014069	postsynaptic density	part_of(UBERON:0000956)
GO:0005634	nucleus	part_of(UBERON:0000956)
GO:0005634	nucleus	part_of(UBERON:0000956)
GO:0005829	cytosol	part_of(UBERON:0000956)
GO:0005737	cytoplasm	part_of(UBERON:0000956)
GO:0005739	mitochondrion	part_of(UBERON:0000956)
GO:0005829	cytosol	part_of(UBERON:0000956)
GO:0030425	dendrite	part_of(UBERON:0000956)
GO:0097440	apical dendrite	part_of(UBERON:0000956)
GO:0045211	postsynaptic membrane	part_of(UBERON:0000956)
GO:0044297	cell body	part_of(UBERON:0000956)
GO:0030672	synaptic vesicle membrane	part_of(UBERON:0000956)
GO:0005634	nucleus	part_of(UBERON:0000956)
GO:0043197	dendritic spine	part_of(UBERON:0000956)
GO:0097060	synaptic membrane	part_of(UBERON:0000956)
GO:0005829	cytosol	part_of(UBERON:0000956)
GO:0030424	axon	part_of(UBERON:0000959)
GO:0030424	axon	part_of(UBERON:0000959)
GO:0001527	microfibril	part_of(UBERON:0000964)
GO:0016020	membrane	part_of(UBERON:0000964)
GO:0001527	microfibril	part_of(UBERON:0000964)
GO:0019898	extrinsic component of membrane	part_of(UBERON:0000965
GO:0019898	extrinsic component of membrane	part_of(UBERON:0000965
GO:0019898	extrinsic component of membrane	part_of(UBERON:0000965
GO:0019898	extrinsic component of membrane	part_of(UBERON:0000965
GO:0019898	extrinsic component of membrane	part_of(UBERON:0000965
GO:0005829	cytosol	part_of(UBERON:0000965
GO:0005829	cytosol	part_of(UBERON:0000965
GO:0005623	cell	part_of(UBERON:0000965)
GO:0005623	cell	part_of(UBERON:0000965)
GO:0005623	cell	part_of(UBERON:0000966
GO:0005623	cell	part_of(UBERON:0000966
GO:0005623	cell	part_of(UBERON:0000966)
GO:0031550	positive regulation of brain-derived neurotrophic factor receptor signaling pathway	part_of(UBERON:0000966)
GO:0097060	synaptic membrane	part_of(UBERON:0000966)
GO:0016020	membrane	part_of(UBERON:0000966)
GO:0001750	photoreceptor outer segment	part_of(UBERON:0000966)
GO:0030132	clathrin coat of coated pit	part_of(UBERON:0000966)
GO:0031547	brain-derived neurotrophic factor receptor signaling pathway	part_of(UBERON:0000966)
GO:0005623	cell	part_of(UBERON:0000966)
GO:0005623	cell	part_of(UBERON:0000966)
GO:0005874	microtubule	part_of(UBERON:0000966)
GO:0005634	nucleus	part_of(UBERON:0000966)
GO:0005634	nucleus	part_of(UBERON:0000970)
GO:0005623	cell	part_of(UBERON:0000970)
GO:0005829	cytosol	part_of(UBERON:0000970)
GO:0005623	cell	part_of(UBERON:0000970)
GO:0005623	cell	part_of(UBERON:0000970)
GO:0005737	cytoplasm	part_of(UBERON:0000970)
GO:0005634	nucleus	part_of(UBERON:0000970)
GO:0005623	cell	part_of(UBERON:0000975)
GO:0005623	cell	part_of(UBERON:0000991
GO:0009986	cell surface	part_of(UBERON:0000991)
GO:0005623	cell	part_of(UBERON:0000992
GO:0005783	endoplasmic reticulum	part_of(UBERON:0000992
GO:0060473	cortical granule	part_of(UBERON:0000992
GO:0005856	cytoskeleton	part_of(UBERON:0000992
GO:0005623	cell	part_of(UBERON:0000992
GO:0005623	cell	part_of(UBERON:0000992)
GO:0005623	cell	part_of(UBERON:0000992)
GO:0005623	cell	part_of(UBERON:0000992)
GO:0016020	membrane	part_of(UBERON:0000992)
GO:0000790	nuclear chromatin	part_of(UBERON:0000993
GO:0005634	nucleus	part_of(UBERON:0000993
GO:0005623	cell	part_of(UBERON:0000993
GO:0016363	nuclear matrix	part_of(UBERON:0000993
GO:0005829	cytosol	part_of(UBERON:0000993
GO:0005829	cytosol	part_of(UBERON:0000993)
GO:0005634	nucleus	part_of(UBERON:0000993)
GO:0031490	chromatin DNA binding	part_of(UBERON:0000993)
GO:0005622	intracellular	part_of(UBERON:0000993)
GO:0016363	nuclear matrix	part_of(UBERON:0000993)
GO:0033142	progesterone receptor binding	part_of(UBERON:0000993)
GO:0000790	nuclear chromatin	part_of(UBERON:0000993)
GO:0005829	cytosol	part_of(UBERON:0000993)
GO:0005737	cytoplasm	part_of(UBERON:0000996)
GO:0005737	cytoplasm	part_of(UBERON:0001003
GO:0005615	extracellular space	part_of(UBERON:0001003
GO:0005615	extracellular space	part_of(UBERON:0001003
GO:0005623	cell	part_of(UBERON:0001003
GO:0009925	basal plasma membrane	part_of(UBERON:0001003)
GO:0005615	extracellular space	part_of(UBERON:0001003)
GO:0005604	basement membrane	part_of(UBERON:0001003)
GO:0016328	lateral plasma membrane	part_of(UBERON:0001003)
GO:0005623	cell	part_of(UBERON:0001013
GO:0005615	extracellular space	part_of(UBERON:0001013)
GO:0005634	nucleus	part_of(UBERON:0001013)
GO:0005737	cytoplasm	part_of(UBERON:0001013)
GO:0005634	nucleus	part_of(UBERON:0001013)
GO:0030424	axon	part_of(UBERON:0001019)
GO:0043204	perikaryon	part_of(UBERON:0001021)
GO:0005605	basal lamina	part_of(UBERON:0001029
GO:0043083	synaptic cleft	part_of(UBERON:0001029
GO:0070852	cell body fiber	part_of(UBERON:0001041
GO:0009986	cell surface	part_of(UBERON:0001041
GO:0005886	plasma membrane	part_of(UBERON:0001041
GO:0044297	cell body	part_of(UBERON:0001041
GO:0031012	extracellular matrix	part_of(UBERON:0001041)
GO:0070852	cell body fiber	part_of(UBERON:0001043)
GO:0044297	cell body	part_of(UBERON:0001043)
GO:0009986	cell surface	part_of(UBERON:0001044
GO:0005886	plasma membrane	part_of(UBERON:0001044
GO:0005700	polytene chromosome	part_of(UBERON:0001044)
GO:0009986	cell surface	part_of(UBERON:0001044)
GO:0009986	cell surface	part_of(UBERON:0001045
GO:0005886	plasma membrane	part_of(UBERON:0001045
GO:0009986	cell surface	part_of(UBERON:0001046
GO:0005886	plasma membrane	part_of(UBERON:0001046
GO:0005623	cell	part_of(UBERON:0001049
GO:0005623	cell	part_of(UBERON:0001049
GO:0005634	nucleus	part_of(UBERON:0001049)
GO:0005623	cell	part_of(UBERON:0001049)
GO:0005634	nucleus	part_of(UBERON:0001049)
GO:0005604	basement membrane	part_of(UBERON:0001049)
GO:0005634	nucleus	part_of(UBERON:0001049)
GO:0009986	cell surface	part_of(UBERON:0001054
GO:0005886	plasma membrane	part_of(UBERON:0001054
GO:0005829	cytosol	part_of(UBERON:0001082)
GO:0005634	nucleus	part_of(UBERON:0001082)
GO:0014704	intercalated disc	part_of(UBERON:0001083)
GO:0031672	A band	part_of(UBERON:0001083)
GO:0070062	extracellular exosome	part_of(UBERON:0001088)
GO:0005615	extracellular space	part_of(UBERON:0001088)
GO:0005615	extracellular space	part_of(UBERON:0001088)
GO:0005615	extracellular space	part_of(UBERON:0001088)
GO:0005576	extracellular region	part_of(UBERON:0001088)
GO:0070062	extracellular exosome	part_of(UBERON:0001088)
GO:0005615	extracellular space	part_of(UBERON:0001088)
GO:0005615	extracellular space	part_of(UBERON:0001089)
GO:0030017	sarcomere	part_of(UBERON:0001103)
GO:0098723	skeletal muscle myofibril	part_of(UBERON:0001103)
GO:0042383	sarcolemma	part_of(UBERON:0001112
GO:0005927	muscle tendon junction	part_of(UBERON:0001112
GO:0098723	skeletal muscle myofibril	part_of(UBERON:0001112
GO:0031594	neuromuscular junction	part_of(UBERON:0001112
GO:0005737	cytoplasm	part_of(UBERON:0001112
GO:0090636	outer dense plaque of desmosome	part_of(UBERON:0001112
GO:0005605	basal lamina	part_of(UBERON:0001112)
GO:0043083	synaptic cleft	part_of(UBERON:0001112)
GO:0005777	peroxisome	part_of(UBERON:0001113)
GO:0005886	plasma membrane	part_of(UBERON:0001132)
GO:0005737	cytoplasm	part_of(UBERON:0001132)
GO:0005737	cytoplasm	part_of(UBERON:0001133
GO:0005623	cell	part_of(UBERON:0001133
GO:0005777	peroxisome	part_of(UBERON:0001133)
GO:0005623	cell	part_of(UBERON:0001133)
GO:0005829	cytosol	part_of(UBERON:0001133)
GO:0005912	adherens junction	part_of(UBERON:0001133)
GO:0030018	Z disc	part_of(UBERON:0001133)
GO:0030016	myofibril	part_of(UBERON:0001133)
GO:0005623	cell	part_of(UBERON:0001133)
GO:0045893	positive regulation of transcription, DNA-templated	part_of(UBERON:0001133)
GO:0014704	intercalated disc	part_of(UBERON:0001133)
GO:0005737	cytoplasm	part_of(UBERON:0001134
GO:0005737	cytoplasm	part_of(UBERON:0001134
GO:0005623	cell	part_of(UBERON:0001134
GO:0005623	cell	part_of(UBERON:0001134
GO:0005623	cell	part_of(UBERON:0001134
GO:0016020	membrane	part_of(UBERON:0001134)
GO:0045892	negative regulation of transcription, DNA-templated	part_of(UBERON:0001134)
GO:0042383	sarcolemma	part_of(UBERON:0001134)
GO:0005623	cell	part_of(UBERON:0001134)
GO:0005887	integral component of plasma membrane	part_of(UBERON:0001134)
GO:0031430	M band	part_of(UBERON:0001134)
GO:0005623	cell	part_of(UBERON:0001134)
GO:0014802	terminal cisterna	part_of(UBERON:0001134)
GO:0030315	T-tubule	part_of(UBERON:0001134)
GO:0005829	cytosol	part_of(UBERON:0001134)
GO:0005634	nucleus	part_of(UBERON:0001134)
GO:0003700	transcription factor activity, sequence-specific DNA binding	part_of(UBERON:0001134)
GO:0042826	histone deacetylase binding	part_of(UBERON:0001134)
GO:0048471	perinuclear region of cytoplasm	part_of(UBERON:0001134)
GO:0005623	cell	part_of(UBERON:0001134)
GO:0070491	repressing transcription factor binding	part_of(UBERON:0001134)
GO:0014701	junctional sarcoplasmic reticulum membrane	part_of(UBERON:0001134)
GO:0030016	myofibril	part_of(UBERON:0001134)
GO:0043034	costamere	part_of(UBERON:0001134)
GO:0003714	transcription corepressor activity	part_of(UBERON:0001134)
GO:0005739	mitochondrion	part_of(UBERON:0001134)
GO:0000987	core promoter proximal region sequence-specific DNA binding	part_of(UBERON:0001134)
GO:0005829	cytosol	part_of(UBERON:0001134)
GO:0030018	Z disc	part_of(UBERON:0001134)
GO:0098723	skeletal muscle myofibril	part_of(UBERON:0001134)
GO:0030018	Z disc	part_of(UBERON:0001134)
GO:0005623	cell	part_of(UBERON:0001153
GO:0070852	cell body fiber	part_of(UBERON:0001153)
GO:0005737	cytoplasm	part_of(UBERON:0001153)
GO:0044297	cell body	part_of(UBERON:0001153)
GO:0006939	smooth muscle contraction	part_of(UBERON:0001155
GO:0016323	basolateral plasma membrane	part_of(UBERON:0001155)
GO:0048471	perinuclear region of cytoplasm	part_of(UBERON:0001155)
GO:0016328	lateral plasma membrane	part_of(UBERON:0001155)
GO:0005623	cell	part_of(UBERON:0001166)
GO:0043196	varicosity	part_of(UBERON:0001193
GO:0005623	cell	part_of(UBERON:0001199
GO:0005737	cytoplasm	part_of(UBERON:0001199)
GO:0005623	cell	part_of(UBERON:0001200)
GO:0005623	cell	part_of(UBERON:0001200)
GO:0005615	extracellular space	part_of(UBERON:0001211)
GO:0016323	basolateral plasma membrane	part_of(UBERON:0001212)
GO:0016323	basolateral plasma membrane	part_of(UBERON:0001213)
GO:0031410	cytoplasmic vesicle	part_of(UBERON:0001213)
GO:0044853	plasma membrane raft	part_of(UBERON:0001213)
GO:0005903	brush border	part_of(UBERON:0001213)
GO:0005634	nucleus	part_of(UBERON:0001230)
GO:0005634	nucleus	part_of(UBERON:0001231)
GO:1990794	basolateral part of cell	part_of(UBERON:0001231)
GO:0005737	cytoplasm	part_of(UBERON:0001231)
GO:0009986	cell surface	part_of(UBERON:0001235)
GO:0005623	cell	part_of(UBERON:0001236)
GO:0005737	cytoplasm	part_of(UBERON:0001236)
GO:0005634	nucleus	part_of(UBERON:0001236)
GO:0005623	cell	part_of(UBERON:0001238)
GO:0004467	long-chain fatty acid-CoA ligase activity	part_of(UBERON:0001242)
GO:0005623	cell	part_of(UBERON:0001242)
GO:0009986	cell surface	part_of(UBERON:0001250)
GO:0005634	nucleus	part_of(UBERON:0001255)
GO:0005634	nucleus	part_of(UBERON:0001255)
GO:0005737	cytoplasm	part_of(UBERON:0001255)
GO:0009986	cell surface	part_of(UBERON:0001255)
GO:0005737	cytoplasm	part_of(UBERON:0001255)
GO:0005737	cytoplasm	part_of(UBERON:0001264
GO:0005737	cytoplasm	part_of(UBERON:0001264
GO:0016020	membrane	part_of(UBERON:0001264
GO:0005623	cell	part_of(UBERON:0001264)
GO:0005623	cell	part_of(UBERON:0001264)
GO:0005737	cytoplasm	part_of(UBERON:0001264)
GO:0005737	cytoplasm	part_of(UBERON:0001264)
GO:0005634	nucleus	part_of(UBERON:0001264)
GO:0048471	perinuclear region of cytoplasm	part_of(UBERON:0001280
GO:0005737	cytoplasm	part_of(UBERON:0001280)
GO:0005623	cell	part_of(UBERON:0001281
GO:0005737	cytoplasm	part_of(UBERON:0001281
GO:0005634	nucleus	part_of(UBERON:0001281
GO:0005623	cell	part_of(UBERON:0001281)
GO:0005737	cytoplasm	part_of(UBERON:0001281)
GO:0016323	basolateral plasma membrane	part_of(UBERON:0001281)
GO:0005923	bicellular tight junction	part_of(UBERON:0001283
GO:0016327	apicolateral plasma membrane	part_of(UBERON:0001283
GO:0005886	plasma membrane	part_of(UBERON:0001283
GO:0016020	membrane	part_of(UBERON:0001283)
GO:0031528	microvillus membrane	part_of(UBERON:0001283)
GO:0048471	perinuclear region of cytoplasm	part_of(UBERON:0001283)
GO:0048471	perinuclear region of cytoplasm	part_of(UBERON:0001287)
GO:0048471	perinuclear region of cytoplasm	part_of(UBERON:0001292)
GO:0016323	basolateral plasma membrane	part_of(UBERON:0001292)
GO:0005634	nucleus	part_of(UBERON:0001295)
GO:0005737	cytoplasm	part_of(UBERON:0001295)
GO:0030017	sarcomere	part_of(UBERON:0001298)
GO:0098723	skeletal muscle myofibril	part_of(UBERON:0001298)
GO:0005634	nucleus	part_of(UBERON:0001301)
GO:0005634	nucleus	part_of(UBERON:0001304
GO:0005623	cell	part_of(UBERON:0001305)
GO:0005623	cell	part_of(UBERON:0001305)
GO:0005615	extracellular space	part_of(UBERON:0001305)
GO:0030424	axon	part_of(UBERON:0001322)
GO:0030424	axon	part_of(UBERON:0001322)
GO:0005615	extracellular space	part_of(UBERON:0001359)
GO:0005615	extracellular space	part_of(UBERON:0001359)
GO:1903561	extracellular vesicle	part_of(UBERON:0001359)
GO:0005623	cell	part_of(UBERON:0001374)
GO:0042383	sarcolemma	part_of(UBERON:0001374)
GO:0005623	cell	part_of(UBERON:0001375)
GO:0005623	cell	part_of(UBERON:0001375)
GO:0005622	intracellular	part_of(UBERON:0001381)
GO:0071944	cell periphery	part_of(UBERON:0001381)
GO:0030017	sarcomere	part_of(UBERON:0001385)
GO:0098723	skeletal muscle myofibril	part_of(UBERON:0001385)
GO:0030017	sarcomere	part_of(UBERON:0001386)
GO:0098723	skeletal muscle myofibril	part_of(UBERON:0001386)
GO:0031012	extracellular matrix	part_of(UBERON:0001388)
GO:0030017	sarcomere	part_of(UBERON:0001388)
GO:0098723	skeletal muscle myofibril	part_of(UBERON:0001388)
GO:0030017	sarcomere	part_of(UBERON:0001389)
GO:0098723	skeletal muscle myofibril	part_of(UBERON:0001389)
GO:0030017	sarcomere	part_of(UBERON:0001409)
GO:0005927	muscle tendon junction	part_of(UBERON:0001495)
GO:0005865	striated muscle thin filament	part_of(UBERON:0001495)
GO:0030018	Z disc	part_of(UBERON:0001495)
GO:0042383	sarcolemma	part_of(UBERON:0001495)
GO:0005623	cell	part_of(UBERON:0001495)
GO:0005623	cell	part_of(UBERON:0001495)
GO:0005615	extracellular space	part_of(UBERON:0001496)
GO:0031012	extracellular matrix	part_of(UBERON:0001496)
GO:0005622	intracellular	part_of(UBERON:0001555)
GO:0005615	extracellular space	part_of(UBERON:0001555)
GO:0005737	cytoplasm	part_of(UBERON:0001621
GO:0005634	nucleus	part_of(UBERON:0001621)
GO:0005634	nucleus	part_of(UBERON:0001630
GO:0005623	cell	part_of(UBERON:0001630
GO:0005623	cell	part_of(UBERON:0001630)
GO:0005623	cell	part_of(UBERON:0001630)
GO:0005623	cell	part_of(UBERON:0001630)
GO:0043196	varicosity	part_of(UBERON:0001639)
GO:0043204	perikaryon	part_of(UBERON:0001643
GO:0043204	perikaryon	part_of(UBERON:0001643)
GO:0005634	nucleus	part_of(UBERON:0001648)
GO:0005634	nucleus	part_of(UBERON:0001648)
GO:0005604	basement membrane	part_of(UBERON:0001711
GO:0005623	cell	part_of(UBERON:0001715
GO:0043204	perikaryon	part_of(UBERON:0001715)
GO:0016020	membrane	part_of(UBERON:0001727)
GO:0005829	cytosol	part_of(UBERON:0001744)
GO:0009897	external side of plasma membrane	part_of(UBERON:0001754
GO:0000790	nuclear chromatin	part_of(UBERON:0001754)
GO:0070852	cell body fiber	part_of(UBERON:0001759)
GO:0044297	cell body	part_of(UBERON:0001759)
GO:0005604	basement membrane	part_of(UBERON:0001772)
GO:0044297	cell body	part_of(UBERON:0001780)
GO:0005623	cell	part_of(UBERON:0001782
GO:0005737	cytoplasm	part_of(UBERON:0001782
GO:0005856	cytoskeleton	part_of(UBERON:0001782
GO:0005623	cell	part_of(UBERON:0001782)
GO:0070852	cell body fiber	part_of(UBERON:0001783)
GO:0005856	cytoskeleton	part_of(UBERON:0001787
GO:0005623	cell	part_of(UBERON:0001789
GO:0005856	cytoskeleton	part_of(UBERON:0001789
GO:0005623	cell	part_of(UBERON:0001789)
GO:0005929	cilium	part_of(UBERON:0001789)
GO:0036064	ciliary basal body	part_of(UBERON:0001789)
GO:0044317	rod spherule	part_of(UBERON:0001789)
GO:0005623	cell	part_of(UBERON:0001790
GO:0005623	cell	part_of(UBERON:0001790
GO:0005623	cell	part_of(UBERON:0001790
GO:0005737	cytoplasm	part_of(UBERON:0001790
GO:0005856	cytoskeleton	part_of(UBERON:0001790
GO:0005634	nucleus	part_of(UBERON:0001790
GO:0005829	cytosol	part_of(UBERON:0001790)
GO:0097470	ribbon synapse	part_of(UBERON:0001790)
GO:0048471	perinuclear region of cytoplasm	part_of(UBERON:0001791)
GO:0005623	cell	part_of(UBERON:0001791)
GO:0070852	cell body fiber	part_of(UBERON:0001791)
GO:0005886	plasma membrane	part_of(UBERON:0001791)
GO:0097447	dendritic tree	part_of(UBERON:0001791)
GO:0005634	nucleus	part_of(UBERON:0001791)
GO:0005623	cell	part_of(UBERON:0001791)
GO:0005856	cytoskeleton	part_of(UBERON:0001791)
GO:0044297	cell body	part_of(UBERON:0001791)
GO:0005623	cell	part_of(UBERON:0001791)
GO:0005634	nucleus	part_of(UBERON:0001791)
GO:0005623	cell	part_of(UBERON:0001792
GO:0005886	plasma membrane	part_of(UBERON:0001792
GO:0005623	cell	part_of(UBERON:0001792
GO:0044297	cell body	part_of(UBERON:0001792
GO:0044298	cell body membrane	part_of(UBERON:0001792)
GO:0005623	cell	part_of(UBERON:0001792)
GO:0005634	nucleus	part_of(UBERON:0001792)
GO:0005623	cell	part_of(UBERON:0001792)
GO:0070852	cell body fiber	part_of(UBERON:0001793)
GO:0030424	axon	part_of(UBERON:0001793)
GO:0005623	cell	part_of(UBERON:0001793)
GO:0005623	cell	part_of(UBERON:0001795
GO:0005829	cytosol	part_of(UBERON:0001795
GO:0005634	nucleus	part_of(UBERON:0001795
GO:0070852	cell body fiber	part_of(UBERON:0001795)
GO:0005634	nucleus	part_of(UBERON:0001795)
GO:0019898	extrinsic component of membrane	part_of(UBERON:0001803
GO:0005604	basement membrane	part_of(UBERON:0001803
GO:0005829	cytosol	part_of(UBERON:0001803)
GO:0070852	cell body fiber	part_of(UBERON:0001807)
GO:0044297	cell body	part_of(UBERON:0001807)
GO:0043204	perikaryon	part_of(UBERON:0001810)
GO:0005615	extracellular space	part_of(UBERON:0001827)
GO:0005615	extracellular space	part_of(UBERON:0001827)
GO:0070062	extracellular exosome	part_of(UBERON:0001831)
GO:0005615	extracellular space	part_of(UBERON:0001836)
GO:0005615	extracellular space	part_of(UBERON:0001836)
GO:0005615	extracellular space	part_of(UBERON:0001836)
GO:0045177	apical part of cell	part_of(UBERON:0001844
GO:0045177	apical part of cell	part_of(UBERON:0001844
GO:0005623	cell	part_of(UBERON:0001846
GO:0005623	cell	part_of(UBERON:0001846)
GO:0016360	sensory organ precursor cell fate determination	part_of(UBERON:0001846)
GO:0005623	cell	part_of(UBERON:0001852
GO:0005634	nucleus	part_of(UBERON:0001870
GO:0005737	cytoplasm	part_of(UBERON:0001870
GO:1990452	Parkin-FBXW7-Cul1 ubiquitin ligase complex	part_of(UBERON:0001870)
GO:0005634	nucleus	part_of(UBERON:0001875)
GO:0005737	cytoplasm	part_of(UBERON:0001875)
GO:0044297	cell body	part_of(UBERON:0001876)
GO:0043005	neuron projection	part_of(UBERON:0001876)
GO:0043204	perikaryon	part_of(UBERON:0001877
GO:0043204	perikaryon	part_of(UBERON:0001877
GO:0043005	neuron projection	part_of(UBERON:0001877)
GO:0043005	neuron projection	part_of(UBERON:0001877)
GO:0005623	cell	part_of(UBERON:0001880
GO:0005623	cell	part_of(UBERON:0001880
GO:0030424	axon	part_of(UBERON:0001880
GO:0043204	perikaryon	part_of(UBERON:0001880)
GO:0030425	dendrite	part_of(UBERON:0001880)
GO:0005623	cell	part_of(UBERON:0001880)
GO:0043204	perikaryon	part_of(UBERON:0001882
GO:0043204	perikaryon	part_of(UBERON:0001882)
GO:0044297	cell body	part_of(UBERON:0001883)
GO:0043005	neuron projection	part_of(UBERON:0001883)
GO:0005634	nucleus	part_of(UBERON:0001885
GO:1990635	proximal dendrite	part_of(UBERON:0001885)
GO:0043025	neuronal cell body	part_of(UBERON:0001885)
GO:0030424	axon	part_of(UBERON:0001885)
GO:0043204	perikaryon	part_of(UBERON:0001885)
GO:0030425	dendrite	part_of(UBERON:0001885)
GO:0005623	cell	part_of(UBERON:0001886)
GO:0005623	cell	part_of(UBERON:0001886)
GO:0070852	cell body fiber	part_of(UBERON:0001890)
GO:0014069	postsynaptic density	part_of(UBERON:0001890)
GO:0016020	membrane	part_of(UBERON:0001890)
GO:0043204	perikaryon	part_of(UBERON:0001890)
GO:0030424	axon	part_of(UBERON:0001891
GO:0005737	cytoplasm	part_of(UBERON:0001891
GO:0030425	dendrite	part_of(UBERON:0001891
GO:0005829	cytosol	part_of(UBERON:0001891
GO:0043204	perikaryon	part_of(UBERON:0001891
GO:0005623	cell	part_of(UBERON:0001891
GO:0005634	nucleus	part_of(UBERON:0001891)
GO:0004348	glucosylceramidase activity	part_of(UBERON:0001891)
GO:0005737	cytoplasm	part_of(UBERON:0001891)
GO:0005623	cell	part_of(UBERON:0001891)
GO:0006680	glucosylceramide catabolic process	part_of(UBERON:0001891)
GO:0043204	perikaryon	part_of(UBERON:0001891)
GO:0005829	cytosol	part_of(UBERON:0001891)
GO:0005634	nucleus	part_of(UBERON:0001891)
GO:0005623	cell	part_of(UBERON:0001891)
GO:0005623	cell	part_of(UBERON:0001893
GO:0005623	cell	part_of(UBERON:0001893
GO:0005623	cell	part_of(UBERON:0001893
GO:0005623	cell	part_of(UBERON:0001893
GO:0005623	cell	part_of(UBERON:0001893
GO:0005623	cell	part_of(UBERON:0001893
GO:0043195	terminal bouton	part_of(UBERON:0001893)
GO:0044297	cell body	part_of(UBERON:0001893)
GO:0044297	cell body	part_of(UBERON:0001893)
GO:0005623	cell	part_of(UBERON:0001893)
GO:0043005	neuron projection	part_of(UBERON:0001893)
GO:0005623	cell	part_of(UBERON:0001893)
GO:0070852	cell body fiber	part_of(UBERON:0001893)
GO:0005634	nucleus	part_of(UBERON:0001894
GO:0005737	cytoplasm	part_of(UBERON:0001894
GO:0043025	neuronal cell body	part_of(UBERON:0001894
GO:0005623	cell	part_of(UBERON:0001894
GO:0005623	cell	part_of(UBERON:0001894
GO:0005623	cell	part_of(UBERON:0001894)
GO:0043204	perikaryon	part_of(UBERON:0001894)
GO:0030425	dendrite	part_of(UBERON:0001894)
GO:0005623	cell	part_of(UBERON:0001895)
GO:0005623	cell	part_of(UBERON:0001896
GO:0043204	perikaryon	part_of(UBERON:0001896)
GO:0005634	nucleus	part_of(UBERON:0001896)
GO:0044297	cell body	part_of(UBERON:0001896)
GO:0005737	cytoplasm	part_of(UBERON:0001896)
GO:0070852	cell body fiber	part_of(UBERON:0001896)
GO:0097440	apical dendrite	part_of(UBERON:0001897
GO:0043204	perikaryon	part_of(UBERON:0001897)
GO:0005874	microtubule	part_of(UBERON:0001897)
GO:0043025	neuronal cell body	part_of(UBERON:0001897)
GO:0005623	cell	part_of(UBERON:0001897)
GO:0005741	mitochondrial outer membrane	part_of(UBERON:0001897)
GO:0030673	axolemma	part_of(UBERON:0001897)
GO:0030425	dendrite	part_of(UBERON:0001897)
GO:0008021	synaptic vesicle	part_of(UBERON:0001897)
GO:0005623	cell	part_of(UBERON:0001898
GO:0043204	perikaryon	part_of(UBERON:0001898
GO:0043005	neuron projection	part_of(UBERON:0001898
GO:0005623	cell	part_of(UBERON:0001898
GO:0043204	perikaryon	part_of(UBERON:0001898)
GO:0044297	cell body	part_of(UBERON:0001898)
GO:0005773	vacuole	part_of(UBERON:0001898)
GO:0005829	cytosol	part_of(UBERON:0001898)
GO:0005623	cell	part_of(UBERON:0001898)
GO:0005783	endoplasmic reticulum	part_of(UBERON:0001898)
GO:0044297	cell body	part_of(UBERON:0001898)
GO:0070852	cell body fiber	part_of(UBERON:0001898)
GO:0030061	mitochondrial crista	part_of(UBERON:0001898)
GO:0043025	neuronal cell body	part_of(UBERON:0001898)
GO:0043005	neuron projection	part_of(UBERON:0001898)
GO:0070852	cell body fiber	part_of(UBERON:0001898)
GO:0016020	membrane	part_of(UBERON:0001898)
GO:0016020	membrane	part_of(UBERON:0001898)
GO:0043204	perikaryon	part_of(UBERON:0001898)
GO:0005886	plasma membrane	part_of(UBERON:0001901
GO:1990399	epithelium regeneration	part_of(UBERON:0001901)
GO:0098609	cell-cell adhesion	part_of(UBERON:0001901)
GO:0043204	perikaryon	part_of(UBERON:0001904)
GO:0005634	nucleus	part_of(UBERON:0001904)
GO:0005737	cytoplasm	part_of(UBERON:0001904)
GO:0005623	cell	part_of(UBERON:0001905
GO:0005829	cytosol	part_of(UBERON:0001905
GO:0009646	response to absence of light	part_of(UBERON:0001905
GO:0005623	cell	part_of(UBERON:0001905
GO:0009416	response to light stimulus	part_of(UBERON:0001905
GO:0005634	nucleus	part_of(UBERON:0001905
GO:0009416	response to light stimulus	part_of(UBERON:0001905)
GO:0097232	lamellar body membrane	part_of(UBERON:0001905)
GO:0016020	membrane	part_of(UBERON:0001905)
GO:0005623	cell	part_of(UBERON:0001905)
GO:0005634	nucleus	part_of(UBERON:0001905)
GO:0036064	ciliary basal body	part_of(UBERON:0001905)
GO:0005623	cell	part_of(UBERON:0001905)
GO:0016020	membrane	part_of(UBERON:0001905)
GO:0009416	response to light stimulus	part_of(UBERON:0001905)
GO:0042599	lamellar body	part_of(UBERON:0001905)
GO:0005623	cell	part_of(UBERON:0001905)
GO:0005796	Golgi lumen	part_of(UBERON:0001911)
GO:0000139	Golgi membrane	part_of(UBERON:0001911)
GO:0005794	Golgi apparatus	part_of(UBERON:0001911)
GO:0005623	cell	part_of(UBERON:0001911)
GO:0070062	extracellular exosome	part_of(UBERON:0001913)
GO:0005615	extracellular space	part_of(UBERON:0001913)
GO:0071752	secretory dimeric IgA immunoglobulin complex	part_of(UBERON:0001914)
GO:0071751	secretory IgA immunoglobulin complex	part_of(UBERON:0001914)
GO:0071751	secretory IgA immunoglobulin complex	part_of(UBERON:0001914)
GO:0071752	secretory dimeric IgA immunoglobulin complex	part_of(UBERON:0001914)
GO:0005615	extracellular space	part_of(UBERON:0001914)
GO:0071756	pentameric IgM immunoglobulin complex	part_of(UBERON:0001914)
GO:0005623	cell	part_of(UBERON:0001925
GO:0043204	perikaryon	part_of(UBERON:0001926)
GO:0044297	cell body	part_of(UBERON:0001927)
GO:0044297	cell body	part_of(UBERON:0001927)
GO:0044297	cell body	part_of(UBERON:0001928
GO:0043204	perikaryon	part_of(UBERON:0001928
GO:0005623	cell	part_of(UBERON:0001928
GO:0043204	perikaryon	part_of(UBERON:0001928
GO:0043005	neuron projection	part_of(UBERON:0001928
GO:0005623	cell	part_of(UBERON:0001928
GO:0005634	nucleus	part_of(UBERON:0001928
GO:0005623	cell	part_of(UBERON:0001928
GO:0043025	neuronal cell body	part_of(UBERON:0001928)
GO:0043204	perikaryon	part_of(UBERON:0001928)
GO:0005634	nucleus	part_of(UBERON:0001928)
GO:0043005	neuron projection	part_of(UBERON:0001928)
GO:0043204	perikaryon	part_of(UBERON:0001929
GO:0043005	neuron projection	part_of(UBERON:0001929
GO:0043204	perikaryon	part_of(UBERON:0001929)
GO:0043204	perikaryon	part_of(UBERON:0001929)
GO:0043204	perikaryon	part_of(UBERON:0001929)
GO:0043005	neuron projection	part_of(UBERON:0001929)
GO:0043204	perikaryon	part_of(UBERON:0001929)
GO:0005623	cell	part_of(UBERON:0001930
GO:0043204	perikaryon	part_of(UBERON:0001930
GO:0043204	perikaryon	part_of(UBERON:0001930
GO:0030424	axon	part_of(UBERON:0001930
GO:0030424	axon	part_of(UBERON:0001930
GO:0043204	perikaryon	part_of(UBERON:0001930
GO:0043025	neuronal cell body	part_of(UBERON:0001930)
GO:0043025	neuronal cell body	part_of(UBERON:0001930)
GO:0030424	axon	part_of(UBERON:0001932
GO:0030424	axon	part_of(UBERON:0001932
GO:0005634	nucleus	part_of(UBERON:0001932)
GO:0005623	cell	part_of(UBERON:0001932)
GO:0005634	nucleus	part_of(UBERON:0001932)
GO:0005623	cell	part_of(UBERON:0001935
GO:0030424	axon	part_of(UBERON:0001935)
GO:0043204	perikaryon	part_of(UBERON:0001935)
GO:0043005	neuron projection	part_of(UBERON:0001935)
GO:0005634	nucleus	part_of(UBERON:0001935)
GO:0030424	axon	part_of(UBERON:0001935)
GO:0043005	neuron projection	part_of(UBERON:0001935)
GO:0043204	perikaryon	part_of(UBERON:0001935)
GO:0005623	cell	part_of(UBERON:0001941)
GO:0043204	perikaryon	part_of(UBERON:0001944)
GO:0070852	cell body fiber	part_of(UBERON:0001944)
GO:0043204	perikaryon	part_of(UBERON:0001944)
GO:0005623	cell	part_of(UBERON:0001945
GO:0009986	cell surface	part_of(UBERON:0001945
GO:0005737	cytoplasm	part_of(UBERON:0001945
GO:0005623	cell	part_of(UBERON:0001945
GO:0005623	cell	part_of(UBERON:0001945
GO:0043204	perikaryon	part_of(UBERON:0001945)
GO:0005623	cell	part_of(UBERON:0001945)
GO:0043005	neuron projection	part_of(UBERON:0001945)
GO:0043005	neuron projection	part_of(UBERON:0001945)
GO:0016020	membrane	part_of(UBERON:0001945)
GO:0043204	perikaryon	part_of(UBERON:0001945)
GO:0044297	cell body	part_of(UBERON:0001946)
GO:0005623	cell	part_of(UBERON:0001949)
GO:0009986	cell surface	part_of(UBERON:0001950
GO:0005886	plasma membrane	part_of(UBERON:0001950)
GO:0005886	plasma membrane	part_of(UBERON:0001954)
GO:0030425	dendrite	part_of(UBERON:0001954)
GO:0005169	neurotrophin TRKB receptor binding	part_of(UBERON:0001954)
GO:0005515	protein binding	part_of(UBERON:0001954)
GO:0005737	cytoplasm	part_of(UBERON:0001959
GO:0005615	extracellular space	part_of(UBERON:0001968)
GO:0005615	extracellular space	part_of(UBERON:0001969
GO:0005615	extracellular space	part_of(UBERON:0001969
GO:0005615	extracellular space	part_of(UBERON:0001969
GO:0005615	extracellular space	part_of(UBERON:0001969
GO:0042594	response to starvation	part_of(UBERON:0001969)
GO:0005623	cell	part_of(UBERON:0001969)
GO:0071751	secretory IgA immunoglobulin complex	part_of(UBERON:0001969)
GO:0014070	response to organic cyclic compound	part_of(UBERON:0001969)
GO:0005515	protein binding	part_of(UBERON:0001969)
GO:0032355	response to estradiol	part_of(UBERON:0001969)
GO:0005623	cell	part_of(UBERON:0001969)
GO:0005615	extracellular space	part_of(UBERON:0001969)
GO:0005537	mannose binding	part_of(UBERON:0001969)
GO:0008061	chitin binding	part_of(UBERON:0001969)
GO:0071748	monomeric IgA immunoglobulin complex	part_of(UBERON:0001969)
GO:0071756	pentameric IgM immunoglobulin complex	part_of(UBERON:0001969)
GO:0001530	lipopolysaccharide binding	part_of(UBERON:0001969)
GO:0005615	extracellular space	part_of(UBERON:0001969)
GO:0005623	cell	part_of(UBERON:0001969)
GO:0005615	extracellular space	part_of(UBERON:0001977
GO:0005615	extracellular space	part_of(UBERON:0001977)
GO:0005615	extracellular space	part_of(UBERON:0001977)
GO:0071751	secretory IgA immunoglobulin complex	part_of(UBERON:0001977)
GO:0071752	secretory dimeric IgA immunoglobulin complex	part_of(UBERON:0001977)
GO:0005615	extracellular space	part_of(UBERON:0001977)
GO:0005615	extracellular space	part_of(UBERON:0001977)
GO:0071756	pentameric IgM immunoglobulin complex	part_of(UBERON:0001977)
GO:0071757	hexameric IgM immunoglobulin complex	part_of(UBERON:0001977)
GO:0005737	cytoplasm	part_of(UBERON:0001979
GO:0005623	cell	part_of(UBERON:0001982
GO:0005604	basement membrane	part_of(UBERON:0001982
GO:0071711	basement membrane organization	part_of(UBERON:0001982)
GO:0005634	nucleus	part_of(UBERON:0001986
GO:0005623	cell	part_of(UBERON:0001986
GO:0005886	plasma membrane	part_of(UBERON:0001986)
GO:0045121	membrane raft	part_of(UBERON:0001986)
GO:0005623	cell	part_of(UBERON:0001986)
GO:0005911	cell-cell junction	part_of(UBERON:0001986)
GO:0030837	negative regulation of actin filament polymerization	part_of(UBERON:0001986)
GO:0030864	cortical actin cytoskeleton	part_of(UBERON:0001986)
GO:0070062	extracellular exosome	part_of(UBERON:0001987)
GO:0005622	intracellular	part_of(UBERON:0001987)
GO:0005623	cell	part_of(UBERON:0001997
GO:0009986	cell surface	part_of(UBERON:0001997)
GO:0005623	cell	part_of(UBERON:0001997)
GO:0005737	cytoplasm	part_of(UBERON:0002025
GO:0016323	basolateral plasma membrane	part_of(UBERON:0002025)
GO:0005737	cytoplasm	part_of(UBERON:0002026
GO:0005737	cytoplasm	part_of(UBERON:0002026
GO:0005737	cytoplasm	part_of(UBERON:0002027)
GO:0030313	cell envelope	part_of(UBERON:0002027)
GO:0005737	cytoplasm	part_of(UBERON:0002027)
GO:0005634	nucleus	part_of(UBERON:0002028)
GO:0005634	nucleus	part_of(UBERON:0002028)
GO:0043005	neuron projection	part_of(UBERON:0002034
GO:0043204	perikaryon	part_of(UBERON:0002034
GO:0043204	perikaryon	part_of(UBERON:0002034)
GO:0043005	neuron projection	part_of(UBERON:0002034)
GO:0043204	perikaryon	part_of(UBERON:0002034)
GO:0005623	cell	part_of(UBERON:0002035
GO:0043204	perikaryon	part_of(UBERON:0002035
GO:0043204	perikaryon	part_of(UBERON:0002035
GO:0009925	basal plasma membrane	part_of(UBERON:0002036
GO:0031430	M band	part_of(UBERON:0002036
GO:0005623	cell	part_of(UBERON:0002037
GO:0005634	nucleus	part_of(UBERON:0002037
GO:0044297	cell body	part_of(UBERON:0002037
GO:0005623	cell	part_of(UBERON:0002037
GO:0005623	cell	part_of(UBERON:0002037
GO:0044307	dendritic branch	part_of(UBERON:0002037
GO:0005623	cell	part_of(UBERON:0002037)
GO:0005634	nucleus	part_of(UBERON:0002037)
GO:0043025	neuronal cell body	part_of(UBERON:0002037)
GO:0005886	plasma membrane	part_of(UBERON:0002037)
GO:0005737	cytoplasm	part_of(UBERON:0002037)
GO:0005623	cell	part_of(UBERON:0002037)
GO:0005623	cell	part_of(UBERON:0002037)
GO:0030425	dendrite	part_of(UBERON:0002037)
GO:0097409	glial cytoplasmic inclusion	part_of(UBERON:0002037)
GO:0005623	cell	part_of(UBERON:0002037)
GO:0044297	cell body	part_of(UBERON:0002037)
GO:0034399	nuclear periphery	part_of(UBERON:0002038
GO:0005739	mitochondrion	part_of(UBERON:0002038
GO:0005829	cytosol	part_of(UBERON:0002038
GO:0043005	neuron projection	part_of(UBERON:0002038
GO:0005634	nucleus	part_of(UBERON:0002038
GO:0005737	cytoplasm	part_of(UBERON:0002038
GO:0005634	nucleus	part_of(UBERON:0002038
GO:1990037	Lewy body core	part_of(UBERON:0002038
GO:0005783	endoplasmic reticulum	part_of(UBERON:0002038
GO:0005737	cytoplasm	part_of(UBERON:0002038
GO:0005623	cell	part_of(UBERON:0002038)
GO:0005634	nucleus	part_of(UBERON:0002038)
GO:0005634	nucleus	part_of(UBERON:0002038)
GO:1990038	Lewy body corona	part_of(UBERON:0002038)
GO:0005737	cytoplasm	part_of(UBERON:0002038)
GO:0005789	endoplasmic reticulum membrane	part_of(UBERON:0002038)
GO:1990037	Lewy body core	part_of(UBERON:0002038)
GO:0045202	synapse	part_of(UBERON:0002038)
GO:0097462	Lewy neurite	part_of(UBERON:0002038)
GO:0000139	Golgi membrane	part_of(UBERON:0002038)
GO:0097409	glial cytoplasmic inclusion	part_of(UBERON:0002038)
GO:0097414	classical Lewy body	part_of(UBERON:0002038)
GO:0043025	neuronal cell body	part_of(UBERON:0002043)
GO:0005829	cytosol	part_of(UBERON:0002046)
GO:0016020	membrane	part_of(UBERON:0002046)
GO:0005623	cell	part_of(UBERON:0002048
GO:0009986	cell surface	part_of(UBERON:0002048)
GO:0048146	positive regulation of fibroblast proliferation	part_of(UBERON:0002048)
GO:0005634	nucleus	part_of(UBERON:0002048)
GO:0005623	cell	part_of(UBERON:0002048)
GO:0005622	intracellular	part_of(UBERON:0002048)
GO:0005623	cell	part_of(UBERON:0002048)
GO:0005764	lysosome	part_of(UBERON:0002048)
GO:0005829	cytosol	part_of(UBERON:0002048)
GO:0048471	perinuclear region of cytoplasm	part_of(UBERON:0002048)
GO:0005623	cell	part_of(UBERON:0002048)
GO:0005737	cytoplasm	part_of(UBERON:0002048)
GO:0005623	cell	part_of(UBERON:0002048)
GO:0005634	nucleus	part_of(UBERON:0002048)
GO:0005737	cytoplasm	part_of(UBERON:0002055)
GO:0005891	voltage-gated calcium channel complex	part_of(UBERON:0002055)
GO:0005634	nucleus	part_of(UBERON:0002062)
GO:0009986	cell surface	part_of(UBERON:0002066)
GO:0000932	P-body	part_of(UBERON:0002067)
GO:0005730	nucleolus	part_of(UBERON:0002067)
GO:0005737	cytoplasm	part_of(UBERON:0002069
GO:0061436	establishment of skin barrier	part_of(UBERON:0002069)
GO:0036457	keratohyalin granule	part_of(UBERON:0002069)
GO:0005634	nucleus	part_of(UBERON:0002072
GO:0005737	cytoplasm	part_of(UBERON:0002073)
GO:0016020	membrane	part_of(UBERON:0002078
GO:0016020	membrane	part_of(UBERON:0002079
GO:0016020	membrane	part_of(UBERON:0002080)
GO:0071944	cell periphery	part_of(UBERON:0002081)
GO:0048471	perinuclear region of cytoplasm	part_of(UBERON:0002081)
GO:0005737	cytoplasm	part_of(UBERON:0002081)
GO:0016528	sarcoplasm	part_of(UBERON:0002081)
GO:0005737	cytoplasm	part_of(UBERON:0002082
GO:0048471	perinuclear region of cytoplasm	part_of(UBERON:0002082)
GO:0005635	nuclear envelope	part_of(UBERON:0002082)
GO:0030315	T-tubule	part_of(UBERON:0002082)
GO:0071944	cell periphery	part_of(UBERON:0002082)
GO:0036379	myofilament	part_of(UBERON:0002082)
GO:0016020	membrane	part_of(UBERON:0002082)
GO:0036379	myofilament	part_of(UBERON:0002082)
GO:0048471	perinuclear region of cytoplasm	part_of(UBERON:0002082)
GO:0036379	myofilament	part_of(UBERON:0002082)
GO:0036379	myofilament	part_of(UBERON:0002082)
GO:0034704	calcium channel complex	part_of(UBERON:0002082)
GO:0016528	sarcoplasm	part_of(UBERON:0002082)
GO:0016529	sarcoplasmic reticulum	part_of(UBERON:0002082)
GO:0048471	perinuclear region of cytoplasm	part_of(UBERON:0002082)
GO:0016020	membrane	part_of(UBERON:0002084
GO:0016529	sarcoplasmic reticulum	part_of(UBERON:0002084)
GO:0014801	longitudinal sarcoplasmic reticulum	part_of(UBERON:0002084)
GO:0031012	extracellular matrix	part_of(UBERON:0002084)
GO:0005623	cell	part_of(UBERON:0002084)
GO:0014704	intercalated disc	part_of(UBERON:0002084)
GO:0005615	extracellular space	part_of(UBERON:0002084)
GO:0033017	sarcoplasmic reticulum membrane	part_of(UBERON:0002084)
GO:0005623	cell	part_of(UBERON:0002087
GO:0001527	microfibril	part_of(UBERON:0002097)
GO:0071953	elastic fiber	part_of(UBERON:0002097)
GO:0005604	basement membrane	part_of(UBERON:0002097)
GO:0005623	cell	part_of(UBERON:0002106
GO:0005623	cell	part_of(UBERON:0002106
GO:0009986	cell surface	part_of(UBERON:0002106
GO:0009986	cell surface	part_of(UBERON:0002106
GO:0005623	cell	part_of(UBERON:0002106
GO:0016363	nuclear matrix	part_of(UBERON:0002106
GO:0005623	cell	part_of(UBERON:0002106
GO:0005623	cell	part_of(UBERON:0002106)
GO:0005829	cytosol	part_of(UBERON:0002106)
GO:0005623	cell	part_of(UBERON:0002106)
GO:0005829	cytosol	part_of(UBERON:0002106)
GO:0005737	cytoplasm	part_of(UBERON:0002106)
GO:0000790	nuclear chromatin	part_of(UBERON:0002106)
GO:0005634	nucleus	part_of(UBERON:0002106)
GO:0005737	cytoplasm	part_of(UBERON:0002106)
GO:0005623	cell	part_of(UBERON:0002107
GO:0009986	cell surface	part_of(UBERON:0002107
GO:0005623	cell	part_of(UBERON:0002107
GO:0005623	cell	part_of(UBERON:0002107
GO:0005737	cytoplasm	part_of(UBERON:0002107
GO:0005829	cytosol	part_of(UBERON:0002107
GO:0005623	cell	part_of(UBERON:0002107
GO:0005623	cell	part_of(UBERON:0002107
GO:0005623	cell	part_of(UBERON:0002107
GO:0005623	cell	part_of(UBERON:0002107
GO:0005737	cytoplasm	part_of(UBERON:0002107
GO:0005829	cytosol	part_of(UBERON:0002107
GO:0016020	membrane	part_of(UBERON:0002107)
GO:0005737	cytoplasm	part_of(UBERON:0002107)
GO:0005923	bicellular tight junction	part_of(UBERON:0002107)
GO:0005783	endoplasmic reticulum	part_of(UBERON:0002107)
GO:0005634	nucleus	part_of(UBERON:0002107)
GO:0005623	cell	part_of(UBERON:0002107)
GO:0005623	cell	part_of(UBERON:0002107)
GO:0005829	cytosol	part_of(UBERON:0002107)
GO:0099503	secretory vesicle	part_of(UBERON:0002107)
GO:0005634	nucleus	part_of(UBERON:0002107)
GO:0045121	membrane raft	part_of(UBERON:0002107)
GO:0005759	mitochondrial matrix	part_of(UBERON:0002107)
GO:0005634	nucleus	part_of(UBERON:0002107)
GO:0005737	cytoplasm	part_of(UBERON:0002107)
GO:0005739	mitochondrion	part_of(UBERON:0002107)
GO:0005634	nucleus	part_of(UBERON:0002107)
GO:0005623	cell	part_of(UBERON:0002107)
GO:0005811	lipid particle	part_of(UBERON:0002107)
GO:0005777	peroxisome	part_of(UBERON:0002107)
GO:0090575	RNA polymerase II transcription factor complex	part_of(UBERON:0002107)
GO:0005623	cell	part_of(UBERON:0002107)
GO:0005777	peroxisome	part_of(UBERON:0002107)
GO:0000790	nuclear chromatin	part_of(UBERON:0002107)
GO:0030054	cell junction	part_of(UBERON:0002107)
GO:0005623	cell	part_of(UBERON:0002107)
GO:0032094	response to food	part_of(UBERON:0002107)
GO:0005829	cytosol	part_of(UBERON:0002107)
GO:1904469	positive regulation of tumor necrosis factor secretion	part_of(UBERON:0002107)
GO:0016020	membrane	part_of(UBERON:0002107)
GO:0098574	cytoplasmic side of lysosomal membrane	part_of(UBERON:0002107)
GO:0043231	intracellular membrane-bounded organelle	part_of(UBERON:0002107)
GO:0000790	nuclear chromatin	part_of(UBERON:0002107)
GO:0005623	cell	part_of(UBERON:0002107)
GO:0005829	cytosol	part_of(UBERON:0002107)
GO:0048471	perinuclear region of cytoplasm	part_of(UBERON:0002107)
GO:0043231	intracellular membrane-bounded organelle	part_of(UBERON:0002107)
GO:0005737	cytoplasm	part_of(UBERON:0002107)
GO:0005891	voltage-gated calcium channel complex	part_of(UBERON:0002107)
GO:0005737	cytoplasm	part_of(UBERON:0002107)
GO:0016327	apicolateral plasma membrane	part_of(UBERON:0002107)
GO:0005623	cell	part_of(UBERON:0002107)
GO:0005623	cell	part_of(UBERON:0002107)
GO:0010629	negative regulation of gene expression	part_of(UBERON:0002107)
GO:0005778	peroxisomal membrane	part_of(UBERON:0002107)
GO:0000139	Golgi membrane	part_of(UBERON:0002107)
GO:0005779	integral component of peroxisomal membrane	part_of(UBERON:0002107)
GO:0005886	plasma membrane	part_of(UBERON:0002107)
GO:0005737	cytoplasm	part_of(UBERON:0002107)
GO:0016363	nuclear matrix	part_of(UBERON:0002107)
GO:0005623	cell	part_of(UBERON:0002107)
GO:0005634	nucleus	part_of(UBERON:0002107)
GO:0005737	cytoplasm	part_of(UBERON:0002107)
GO:0005634	nucleus	part_of(UBERON:0002107)
GO:1902715	positive regulation of interferon-gamma secretion	part_of(UBERON:0002107)
GO:0005634	nucleus	part_of(UBERON:0002107)
GO:0005737	cytoplasm	part_of(UBERON:0002107)
GO:0005777	peroxisome	part_of(UBERON:0002107)
GO:0005634	nucleus	part_of(UBERON:0002107)
GO:0016021	integral component of membrane	part_of(UBERON:0002107)
GO:0005623	cell	part_of(UBERON:0002108
GO:0006939	smooth muscle contraction	part_of(UBERON:0002108
GO:0005915	zonula adherens	part_of(UBERON:0002108)
GO:1990357	terminal web	part_of(UBERON:0002108)
GO:0005923	bicellular tight junction	part_of(UBERON:0002108)
GO:0016328	lateral plasma membrane	part_of(UBERON:0002108)
GO:0005623	cell	part_of(UBERON:0002108)
GO:0005903	brush border	part_of(UBERON:0002108)
GO:0005623	cell	part_of(UBERON:0002111)
GO:0005623	cell	part_of(UBERON:0002113
GO:0016324	apical plasma membrane	part_of(UBERON:0002113
GO:0005923	bicellular tight junction	part_of(UBERON:0002113
GO:0005623	cell	part_of(UBERON:0002113
GO:0016327	apicolateral plasma membrane	part_of(UBERON:0002113
GO:0045177	apical part of cell	part_of(UBERON:0002113)
GO:0005623	cell	part_of(UBERON:0002113)
GO:0005829	cytosol	part_of(UBERON:0002113)
GO:0005634	nucleus	part_of(UBERON:0002113)
GO:0005773	vacuole	part_of(UBERON:0002113)
GO:0005634	nucleus	part_of(UBERON:0002113)
GO:0005930	axoneme	part_of(UBERON:0002113)
GO:0005634	nucleus	part_of(UBERON:0002113)
GO:0009925	basal plasma membrane	part_of(UBERON:0002113)
GO:0005886	plasma membrane	part_of(UBERON:0002113)
GO:0005623	cell	part_of(UBERON:0002113)
GO:0005829	cytosol	part_of(UBERON:0002113)
GO:0005890	sodium:potassium-exchanging ATPase complex	part_of(UBERON:0002113)
GO:1990794	basolateral part of cell	part_of(UBERON:0002113)
GO:0005623	cell	part_of(UBERON:0002113)
GO:0016328	lateral plasma membrane	part_of(UBERON:0002113)
GO:0005623	cell	part_of(UBERON:0002113)
GO:0005737	cytoplasm	part_of(UBERON:0002113)
GO:0016323	basolateral plasma membrane	part_of(UBERON:0002113)
GO:0036064	ciliary basal body	part_of(UBERON:0002113)
GO:0005634	nucleus	part_of(UBERON:0002113)
GO:0005634	nucleus	part_of(UBERON:0002113)
GO:0005739	mitochondrion	part_of(UBERON:0002113)
GO:0005634	nucleus	part_of(UBERON:0002113)
GO:0005737	cytoplasm	part_of(UBERON:0002113)
GO:0005623	cell	part_of(UBERON:0002114)
GO:0016324	apical plasma membrane	part_of(UBERON:0002114)
GO:0031526	brush border membrane	part_of(UBERON:0002114)
GO:0016323	basolateral plasma membrane	part_of(UBERON:0002114)
GO:0005623	cell	part_of(UBERON:0002114)
GO:0016323	basolateral plasma membrane	part_of(UBERON:0002114)
GO:0005622	intracellular	part_of(UBERON:0002115)
GO:0031526	brush border membrane	part_of(UBERON:0002115)
GO:0016323	basolateral plasma membrane	part_of(UBERON:0002115)
GO:0031526	brush border membrane	part_of(UBERON:0002115)
GO:0045177	apical part of cell	part_of(UBERON:0002115)
GO:0005623	cell	part_of(UBERON:0002116
GO:0045177	apical part of cell	part_of(UBERON:0002116
GO:0048471	perinuclear region of cytoplasm	part_of(UBERON:0002116
GO:0045177	apical part of cell	part_of(UBERON:0002116
GO:0031526	brush border membrane	part_of(UBERON:0002116)
GO:0070852	cell body fiber	part_of(UBERON:0002116)
GO:0016323	basolateral plasma membrane	part_of(UBERON:0002116)
GO:0016323	basolateral plasma membrane	part_of(UBERON:0002116)
GO:0045177	apical part of cell	part_of(UBERON:0002116)
GO:0005634	nucleus	part_of(UBERON:0002116)
GO:0044297	cell body	part_of(UBERON:0002116)
GO:0005634	nucleus	part_of(UBERON:0002118
GO:0005634	nucleus	part_of(UBERON:0002119
GO:0005886	plasma membrane	part_of(UBERON:0002120)
GO:0005789	endoplasmic reticulum membrane	part_of(UBERON:0002120)
GO:0031012	extracellular matrix	part_of(UBERON:0002123)
GO:0031012	extracellular matrix	part_of(UBERON:0002124
GO:0005623	cell	part_of(UBERON:0002127)
GO:0043025	neuronal cell body	part_of(UBERON:0002132)
GO:0005623	cell	part_of(UBERON:0002139)
GO:0005623	cell	part_of(UBERON:0002142)
GO:0005623	cell	part_of(UBERON:0002148
GO:1990038	Lewy body corona	part_of(UBERON:0002148)
GO:0044297	cell body	part_of(UBERON:0002148)
GO:1990037	Lewy body core	part_of(UBERON:0002148)
GO:0097462	Lewy neurite	part_of(UBERON:0002148)
GO:0070852	cell body fiber	part_of(UBERON:0002148)
GO:0097414	classical Lewy body	part_of(UBERON:0002148)
GO:0051641	cellular localization	part_of(UBERON:0002151)
GO:0005623	cell	part_of(UBERON:0002165)
GO:0070852	cell body fiber	part_of(UBERON:0002179)
GO:0044297	cell body	part_of(UBERON:0002179)
GO:0005737	cytoplasm	part_of(UBERON:0002185)
GO:0098594	mucin granule	part_of(UBERON:0002185)
GO:0098592	cytoplasmic side of apical plasma membrane	part_of(UBERON:0002185)
GO:0005623	cell	part_of(UBERON:0002190)
GO:0005623	cell	part_of(UBERON:0002190)
GO:0005737	cytoplasm	part_of(UBERON:0002196)
GO:0005886	plasma membrane	part_of(UBERON:0002196)
GO:0043204	perikaryon	part_of(UBERON:0002196)
GO:0005634	nucleus	part_of(UBERON:0002196)
GO:0030424	axon	part_of(UBERON:0002197
GO:0030424	axon	part_of(UBERON:0002197
GO:0043005	neuron projection	part_of(UBERON:0002197)
GO:0005623	cell	part_of(UBERON:0002197)
GO:0030424	axon	part_of(UBERON:0002197)
GO:0043005	neuron projection	part_of(UBERON:0002197)
GO:0070852	cell body fiber	part_of(UBERON:0002198)
GO:0043204	perikaryon	part_of(UBERON:0002198)
GO:0005829	cytosol	part_of(UBERON:0002199
GO:0005623	cell	part_of(UBERON:0002199)
GO:0005829	cytosol	part_of(UBERON:0002204)
GO:0043005	neuron projection	part_of(UBERON:0002212
GO:0005737	cytoplasm	part_of(UBERON:0002212)
GO:0005634	nucleus	part_of(UBERON:0002212)
GO:0045178	basal part of cell	part_of(UBERON:0002212)
GO:0005623	cell	part_of(UBERON:0002212)
GO:0005634	nucleus	part_of(UBERON:0002214)
GO:0005634	nucleus	part_of(UBERON:0002214)
GO:0005623	cell	part_of(UBERON:0002214)
GO:0043204	perikaryon	part_of(UBERON:0002219
GO:0043204	perikaryon	part_of(UBERON:0002219)
GO:0005623	cell	part_of(UBERON:0002240
GO:0012506	vesicle membrane	part_of(UBERON:0002240)
GO:0005623	cell	part_of(UBERON:0002240)
GO:0005783	endoplasmic reticulum	part_of(UBERON:0002240)
GO:0005634	nucleus	part_of(UBERON:0002240)
GO:0005737	cytoplasm	part_of(UBERON:0002240)
GO:0005886	plasma membrane	part_of(UBERON:0002240)
GO:0070852	cell body fiber	part_of(UBERON:0002256)
GO:0005783	endoplasmic reticulum	part_of(UBERON:0002256)
GO:0005737	cytoplasm	part_of(UBERON:0002256)
GO:0044297	cell body	part_of(UBERON:0002256)
GO:0005623	cell	part_of(UBERON:0002257
GO:0070852	cell body fiber	part_of(UBERON:0002257)
GO:0044297	cell body	part_of(UBERON:0002257)
GO:0070852	cell body fiber	part_of(UBERON:0002258)
GO:0005783	endoplasmic reticulum	part_of(UBERON:0002260)
GO:0005737	cytoplasm	part_of(UBERON:0002260)
GO:0030424	axon	part_of(UBERON:0002260)
GO:0005634	nucleus	part_of(UBERON:0002264
GO:0005634	nucleus	part_of(UBERON:0002264
GO:0005623	cell	part_of(UBERON:0002264
GO:0005737	cytoplasm	part_of(UBERON:0002264
GO:0016020	membrane	part_of(UBERON:0002264
GO:0070852	cell body fiber	part_of(UBERON:0002264)
GO:0005623	cell	part_of(UBERON:0002264)
GO:0005623	cell	part_of(UBERON:0002264)
GO:0005623	cell	part_of(UBERON:0002264)
GO:0007189	adenylate cyclase-activating G-protein coupled receptor signaling pathway	part_of(UBERON:0002264)
GO:0043204	perikaryon	part_of(UBERON:0002264)
GO:0016020	membrane	part_of(UBERON:0002271)
GO:0005623	cell	part_of(UBERON:0002280
GO:0005623	cell	part_of(UBERON:0002285
GO:0005623	cell	part_of(UBERON:0002285
GO:0043005	neuron projection	part_of(UBERON:0002289)
GO:0005623	cell	part_of(UBERON:0002291
GO:0005737	cytoplasm	part_of(UBERON:0002295
GO:0005737	cytoplasm	part_of(UBERON:0002295
GO:0016020	membrane	part_of(UBERON:0002295
GO:0016020	membrane	part_of(UBERON:0002295
GO:0005634	nucleus	part_of(UBERON:0002295
GO:0005634	nucleus	part_of(UBERON:0002295
GO:0045178	basal part of cell	part_of(UBERON:0002295
GO:0045178	basal part of cell	part_of(UBERON:0002295
GO:0005623	cell	part_of(UBERON:0002298
GO:0070852	cell body fiber	part_of(UBERON:0002298)
GO:0044305	calyx of Held	part_of(UBERON:0002298)
GO:0005623	cell	part_of(UBERON:0002298)
GO:0043204	perikaryon	part_of(UBERON:0002298)
GO:0005794	Golgi apparatus	part_of(UBERON:0002301
GO:0036477	somatodendritic compartment	part_of(UBERON:0002301
GO:0030425	dendrite	part_of(UBERON:0002301)
GO:0031982	vesicle	part_of(UBERON:0002301)
GO:0030424	axon	part_of(UBERON:0002301)
GO:0005886	plasma membrane	part_of(UBERON:0002301)
GO:0014704	intercalated disc	part_of(UBERON:0002302)
GO:0014704	intercalated disc	part_of(UBERON:0002302)
GO:0005886	plasma membrane	part_of(UBERON:0002305
GO:0005634	nucleus	part_of(UBERON:0002305)
GO:0005737	cytoplasm	part_of(UBERON:0002305)
GO:0044297	cell body	part_of(UBERON:0002308)
GO:0030424	axon	part_of(UBERON:0002308)
GO:0005623	cell	part_of(UBERON:0002308)
GO:0005737	cytoplasm	part_of(UBERON:0002308)
GO:0043195	terminal bouton	part_of(UBERON:0002308)
GO:0043204	perikaryon	part_of(UBERON:0002313
GO:1990635	proximal dendrite	part_of(UBERON:0002313
GO:1990635	proximal dendrite	part_of(UBERON:0002313)
GO:0043204	perikaryon	part_of(UBERON:0002313)
GO:0005623	cell	part_of(UBERON:0002314)
GO:0005737	cytoplasm	part_of(UBERON:0002316)
GO:0005737	cytoplasm	part_of(UBERON:0002316)
GO:0005604	basement membrane	part_of(UBERON:0002328)
GO:0005623	cell	part_of(UBERON:0002328)
GO:0005604	basement membrane	part_of(UBERON:0002328)
GO:0005634	nucleus	part_of(UBERON:0002329)
GO:0043205	fibril	part_of(UBERON:0002329)
GO:0005911	cell-cell junction	part_of(UBERON:0002329)
GO:0005634	nucleus	part_of(UBERON:0002329)
GO:0043205	fibril	part_of(UBERON:0002329)
GO:0009986	cell surface	part_of(UBERON:0002329)
GO:0005623	cell	part_of(UBERON:0002329)
GO:0045177	apical part of cell	part_of(UBERON:0002329)
GO:0005604	basement membrane	part_of(UBERON:0002329)
GO:0043205	fibril	part_of(UBERON:0002329)
GO:0005737	cytoplasm	part_of(UBERON:0002329)
GO:0031012	extracellular matrix	part_of(UBERON:0002329)
GO:0048471	perinuclear region of cytoplasm	part_of(UBERON:0002329)
GO:0009986	cell surface	part_of(UBERON:0002329)
GO:0005634	nucleus	part_of(UBERON:0002329)
GO:0005604	basement membrane	part_of(UBERON:0002339)
GO:0005604	basement membrane	part_of(UBERON:0002339)
GO:0005634	nucleus	part_of(UBERON:0002342)
GO:0005604	basement membrane	part_of(UBERON:0002342)
GO:0005623	cell	part_of(UBERON:0002342)
GO:0005737	cytoplasm	part_of(UBERON:0002342)
GO:0005634	nucleus	part_of(UBERON:0002342)
GO:0005737	cytoplasm	part_of(UBERON:0002342)
GO:0071944	cell periphery	part_of(UBERON:0002348
GO:0031941	filamentous actin	part_of(UBERON:0002348)
GO:0001725	stress fiber	part_of(UBERON:0002348)
GO:0048471	perinuclear region of cytoplasm	part_of(UBERON:0002348)
GO:0005623	cell	part_of(UBERON:0002348)
GO:0005737	cytoplasm	part_of(UBERON:0002348)
GO:0005634	nucleus	part_of(UBERON:0002348)
GO:0005737	cytoplasm	part_of(UBERON:0002348)
GO:0031253	cell projection membrane	part_of(UBERON:0002348)
GO:0030864	cortical actin cytoskeleton	part_of(UBERON:0002348)
GO:1990425	ryanodine receptor complex	part_of(UBERON:0002349
GO:0005623	cell	part_of(UBERON:0002349)
GO:0014704	intercalated disc	part_of(UBERON:0002349)
GO:0005623	cell	part_of(UBERON:0002349)
GO:0030057	desmosome	part_of(UBERON:0002349)
GO:0005623	cell	part_of(UBERON:0002351)
GO:0005922	connexin complex	part_of(UBERON:0002351)
GO:0005886	plasma membrane	part_of(UBERON:0002351)
GO:0005922	connexin complex	part_of(UBERON:0002352)
GO:0005922	connexin complex	part_of(UBERON:0002353)
GO:0005922	connexin complex	part_of(UBERON:0002353)
GO:0031672	A band	part_of(UBERON:0002354
GO:0005634	nucleus	part_of(UBERON:0002367)
GO:0005634	nucleus	part_of(UBERON:0002367)
GO:0005777	peroxisome	part_of(UBERON:0002367)
GO:0005634	nucleus	part_of(UBERON:0002369
GO:0005829	cytosol	part_of(UBERON:0002369)
GO:0005891	voltage-gated calcium channel complex	part_of(UBERON:0002369)
GO:0005623	cell	part_of(UBERON:0002370
GO:0005623	cell	part_of(UBERON:0002370)
GO:0005737	cytoplasm	part_of(UBERON:0002370)
GO:0000790	nuclear chromatin	part_of(UBERON:0002370)
GO:0005737	cytoplasm	part_of(UBERON:0002371)
GO:0005737	cytoplasm	part_of(UBERON:0002371)
GO:0005634	nucleus	part_of(UBERON:0002381)
GO:0005737	cytoplasm	part_of(UBERON:0002381)
GO:0005623	cell	part_of(UBERON:0002384
GO:0005623	cell	part_of(UBERON:0002384
GO:0005623	cell	part_of(UBERON:0002384
GO:0005737	cytoplasm	part_of(UBERON:0002384)
GO:0005737	cytoplasm	part_of(UBERON:0002385)
GO:0005829	cytosol	part_of(UBERON:0002385)
GO:0005886	plasma membrane	part_of(UBERON:0002385)
GO:0005737	cytoplasm	part_of(UBERON:0002394
GO:0070852	cell body fiber	part_of(UBERON:0002420)
GO:0051641	cellular localization	part_of(UBERON:0002421
GO:0044297	cell body	part_of(UBERON:0002421)
GO:0044297	cell body	part_of(UBERON:0002421)
GO:0097449	astrocyte projection	part_of(UBERON:0002421)
GO:0043025	neuronal cell body	part_of(UBERON:0002421)
GO:0005623	cell	part_of(UBERON:0002421)
GO:0043005	neuron projection	part_of(UBERON:0002421)
GO:0043005	neuron projection	part_of(UBERON:0002421)
GO:0043025	neuronal cell body	part_of(UBERON:0002421)
GO:0005623	cell	part_of(UBERON:0002421)
GO:0030425	dendrite	part_of(UBERON:0002421)
GO:0070852	cell body fiber	part_of(UBERON:0002421)
GO:0044297	cell body	part_of(UBERON:0002430
GO:0043005	neuron projection	part_of(UBERON:0002430
GO:0005623	cell	part_of(UBERON:0002430
GO:0044297	cell body	part_of(UBERON:0002430)
GO:0005623	cell	part_of(UBERON:0002432
GO:0005623	cell	part_of(UBERON:0002432
GO:0005634	nucleus	part_of(UBERON:0002432)
GO:0016020	membrane	part_of(UBERON:0002433
GO:0005739	mitochondrion	part_of(UBERON:0002435
GO:0005829	cytosol	part_of(UBERON:0002435
GO:0005794	Golgi apparatus	part_of(UBERON:0002435)
GO:0030424	axon	part_of(UBERON:0002435)
GO:0005737	cytoplasm	part_of(UBERON:0002435)
GO:0031012	extracellular matrix	part_of(UBERON:0002435)
GO:0030425	dendrite	part_of(UBERON:0002435)
GO:0005622	intracellular	part_of(UBERON:0002439)
GO:0005623	cell	part_of(UBERON:0002439)
GO:0005623	cell	part_of(UBERON:0002439)
GO:0005623	cell	part_of(UBERON:0002439)
GO:0005829	cytosol	part_of(UBERON:0002444)
GO:0016020	membrane	part_of(UBERON:0002444)
GO:0005634	nucleus	part_of(UBERON:0002444)
GO:0016020	membrane	part_of(UBERON:0002444)
GO:0005634	nucleus	part_of(UBERON:0002444)
GO:0005634	nucleus	part_of(UBERON:0002450)
GO:0043025	neuronal cell body	part_of(UBERON:0002464)
GO:0030018	Z disc	part_of(UBERON:0002494)
GO:0005623	cell	part_of(UBERON:0002512)
GO:0005623	cell	part_of(UBERON:0002519)
GO:0005623	cell	part_of(UBERON:0002523
GO:0005605	basal lamina	part_of(UBERON:0002532)
GO:0005829	cytosol	part_of(UBERON:0002532)
GO:0005614	interstitial matrix	part_of(UBERON:0002532)
GO:0043205	fibril	part_of(UBERON:0002532)
GO:0045177	apical part of cell	part_of(UBERON:0002535
GO:0005737	cytoplasm	part_of(UBERON:0002535
GO:0061689	tricellular tight junction	part_of(UBERON:0002535
GO:0005623	cell	part_of(UBERON:0002535
GO:0005623	cell	part_of(UBERON:0002535
GO:0005623	cell	part_of(UBERON:0002535
GO:0005623	cell	part_of(UBERON:0002535
GO:0005634	nucleus	part_of(UBERON:0002535
GO:0005623	cell	part_of(UBERON:0002535
GO:0005623	cell	part_of(UBERON:0002535)
GO:0005623	cell	part_of(UBERON:0002535)
GO:0005623	cell	part_of(UBERON:0002535)
GO:0005623	cell	part_of(UBERON:0002535)
GO:0005623	cell	part_of(UBERON:0002535)
GO:0016020	membrane	part_of(UBERON:0002535)
GO:0016324	apical plasma membrane	part_of(UBERON:0002535)
GO:0005886	plasma membrane	part_of(UBERON:0002535)
GO:0045177	apical part of cell	part_of(UBERON:0002535)
GO:0030424	axon	part_of(UBERON:0002606)
GO:0030425	dendrite	part_of(UBERON:0002606)
GO:0044297	cell body	part_of(UBERON:0002606)
GO:0030424	axon	part_of(UBERON:0002606)
GO:0005737	cytoplasm	part_of(UBERON:0002606)
GO:0030425	dendrite	part_of(UBERON:0002606)
GO:0005737	cytoplasm	part_of(UBERON:0002606)
GO:0043204	perikaryon	part_of(UBERON:0002606)
GO:0043195	terminal bouton	part_of(UBERON:0002606)
GO:0031012	extracellular matrix	part_of(UBERON:0002606)
GO:0043679	axon terminus	part_of(UBERON:0002606)
GO:0044297	cell body	part_of(UBERON:0002614)
GO:0070852	cell body fiber	part_of(UBERON:0002614)
GO:0043204	perikaryon	part_of(UBERON:0002622
GO:0005634	nucleus	part_of(UBERON:0002622
GO:0043204	perikaryon	part_of(UBERON:0002622
GO:0030424	axon	part_of(UBERON:0002622
GO:0030424	axon	part_of(UBERON:0002622
GO:0070852	cell body fiber	part_of(UBERON:0002622)
GO:0043204	perikaryon	part_of(UBERON:0002622)
GO:0043005	neuron projection	part_of(UBERON:0002648
GO:0043005	neuron projection	part_of(UBERON:0002652)
GO:0043005	neuron projection	part_of(UBERON:0002667)
GO:0043005	neuron projection	part_of(UBERON:0002667)
GO:0043204	perikaryon	part_of(UBERON:0002689)
GO:0005623	cell	part_of(UBERON:0002689)
GO:0005623	cell	part_of(UBERON:0002689)
GO:0005623	cell	part_of(UBERON:0002691
GO:0005634	nucleus	part_of(UBERON:0002691
GO:0005623	cell	part_of(UBERON:0002691)
GO:0005623	cell	part_of(UBERON:0002706
GO:0005623	cell	part_of(UBERON:0002706
GO:0043204	perikaryon	part_of(UBERON:0002722)
GO:0097418	neurofibrillary tangle	part_of(UBERON:0002728)
GO:0030424	axon	part_of(UBERON:0002746
GO:0030424	axon	part_of(UBERON:0002746
GO:0005623	cell	part_of(UBERON:0002746
GO:0043005	neuron projection	part_of(UBERON:0002746)
GO:0043005	neuron projection	part_of(UBERON:0002746)
GO:0043204	perikaryon	part_of(UBERON:0002746)
GO:0044297	cell body	part_of(UBERON:0002770)
GO:0070852	cell body fiber	part_of(UBERON:0002770)
GO:0043005	neuron projection	part_of(UBERON:0002778)
GO:0048786	presynaptic active zone	part_of(UBERON:0002833
GO:0098793	presynapse	part_of(UBERON:0002833
GO:0043005	neuron projection	part_of(UBERON:0002870)
GO:0043025	neuronal cell body	part_of(UBERON:0002929
GO:0030425	dendrite	part_of(UBERON:0002929
GO:0005623	cell	part_of(UBERON:0002956)
GO:0005623	cell	part_of(UBERON:0002974)
GO:0045202	synapse	part_of(UBERON:0002974)
GO:0005623	cell	part_of(UBERON:0002974)
GO:0030424	axon	part_of(UBERON:0002979)
GO:0043025	neuronal cell body	part_of(UBERON:0002979)
GO:0005623	cell	part_of(UBERON:0002979)
GO:0043025	neuronal cell body	part_of(UBERON:0002979)
GO:0043194	axon initial segment	part_of(UBERON:0002979)
GO:0043005	neuron projection	part_of(UBERON:0002979)
GO:0030425	dendrite	part_of(UBERON:0002979)
GO:0070852	cell body fiber	part_of(UBERON:0002984)
GO:0043204	perikaryon	part_of(UBERON:0002984)
GO:0043204	perikaryon	part_of(UBERON:0003040)
GO:0043204	perikaryon	part_of(UBERON:0003040)
GO:0005634	nucleus	part_of(UBERON:0003051)
GO:0005634	nucleus	part_of(UBERON:0003051)
GO:0005634	nucleus	part_of(UBERON:0003053
GO:0005634	nucleus	part_of(UBERON:0003053
GO:0009986	cell surface	part_of(UBERON:0003053
GO:0043205	fibril	part_of(UBERON:0003059)
GO:0045177	apical part of cell	part_of(UBERON:0003059)
GO:0045177	apical part of cell	part_of(UBERON:0003059)
GO:0009986	cell surface	part_of(UBERON:0003059)
GO:0016324	apical plasma membrane	part_of(UBERON:0003060
GO:0005634	nucleus	part_of(UBERON:0003073
GO:0043205	fibril	part_of(UBERON:0003082)
GO:0009986	cell surface	part_of(UBERON:0003082)
GO:0016020	membrane	part_of(UBERON:0003085
GO:0043205	fibril	part_of(UBERON:0003089)
GO:0009986	cell surface	part_of(UBERON:0003089)
GO:0005623	cell	part_of(UBERON:0003089)
GO:0005615	extracellular space	part_of(UBERON:0003100)
GO:0070852	cell body fiber	part_of(UBERON:0003104)
GO:0009986	cell surface	part_of(UBERON:0003104)
GO:0044297	cell body	part_of(UBERON:0003104)
GO:0005623	cell	part_of(UBERON:0003114)
GO:0005623	cell	part_of(UBERON:0003115)
GO:0016323	basolateral plasma membrane	part_of(UBERON:0003126)
GO:0005886	plasma membrane	part_of(UBERON:0003199)
GO:0005886	plasma membrane	part_of(UBERON:0003199)
GO:0005886	plasma membrane	part_of(UBERON:0003199)
GO:0005829	cytosol	part_of(UBERON:0003214)
GO:0005623	cell	part_of(UBERON:0003242
GO:0005829	cytosol	part_of(UBERON:0003244)
GO:0005604	basement membrane	part_of(UBERON:0003352)
GO:0005604	basement membrane	part_of(UBERON:0003352)
GO:0045177	apical part of cell	part_of(UBERON:0003398
GO:0048471	perinuclear region of cytoplasm	part_of(UBERON:0003398
GO:0005737	cytoplasm	part_of(UBERON:0003517)
GO:0005634	nucleus	part_of(UBERON:0003517)
GO:0005737	cytoplasm	part_of(UBERON:0003527
GO:0005886	plasma membrane	part_of(UBERON:0003544)
GO:0005737	cytoplasm	part_of(UBERON:0003585)
GO:0005737	cytoplasm	part_of(UBERON:0003718
GO:0048471	perinuclear region of cytoplasm	part_of(UBERON:0003729)
GO:0005634	nucleus	part_of(UBERON:0003729)
GO:0005634	nucleus	part_of(UBERON:0003859)
GO:0005737	cytoplasm	part_of(UBERON:0003859)
GO:0043195	terminal bouton	part_of(UBERON:0003881
GO:0005634	nucleus	part_of(UBERON:0003881
GO:0048787	presynaptic active zone membrane	part_of(UBERON:0003881
GO:0014069	postsynaptic density	part_of(UBERON:0003881
GO:0005829	cytosol	part_of(UBERON:0003881
GO:0008021	synaptic vesicle	part_of(UBERON:0003881
GO:0043195	terminal bouton	part_of(UBERON:0003883)
GO:0005634	nucleus	part_of(UBERON:0003883)
GO:0005634	nucleus	part_of(UBERON:0003903)
GO:0005623	cell	part_of(UBERON:0003903)
GO:0005737	cytoplasm	part_of(UBERON:0003903)
GO:0043205	fibril	part_of(UBERON:0003903)
GO:0005634	nucleus	part_of(UBERON:0003903)
GO:0009986	cell surface	part_of(UBERON:0003905)
GO:0005623	cell	part_of(UBERON:0003909)
GO:0005604	basement membrane	part_of(UBERON:0003911)
GO:0005604	basement membrane	part_of(UBERON:0003911)
GO:0005737	cytoplasm	part_of(UBERON:0003918)
GO:0005623	cell	part_of(UBERON:0003929
GO:0005634	nucleus	part_of(UBERON:0003981
GO:0005634	nucleus	part_of(UBERON:0003984
GO:0005623	cell	part_of(UBERON:0003984
GO:0005634	nucleus	part_of(UBERON:0004016)
GO:0031012	extracellular matrix	part_of(UBERON:0004016)
GO:0005604	basement membrane	part_of(UBERON:0004022)
GO:0030018	Z disc	part_of(UBERON:0004057)
GO:0048471	perinuclear region of cytoplasm	part_of(UBERON:0004058
GO:0044295	axonal growth cone	part_of(UBERON:0004059
GO:0043679	axon terminus	part_of(UBERON:0004059
GO:0032584	growth cone membrane	part_of(UBERON:0004059
GO:0005623	cell	part_of(UBERON:0004059)
GO:0009986	cell surface	part_of(UBERON:0004086
GO:0005622	intracellular	part_of(UBERON:0004122)
GO:0005623	cell	part_of(UBERON:0004125)
GO:0005634	nucleus	part_of(UBERON:0004128
GO:0005764	lysosome	part_of(UBERON:0004134)
GO:0005886	plasma membrane	part_of(UBERON:0004134)
GO:0016324	apical plasma membrane	part_of(UBERON:0004134)
GO:0005737	cytoplasm	part_of(UBERON:0004134)
GO:0005739	mitochondrion	part_of(UBERON:0004134)
GO:0005737	cytoplasm	part_of(UBERON:0004134)
GO:0005764	lysosome	part_of(UBERON:0004134)
GO:0005923	bicellular tight junction	part_of(UBERON:0004134)
GO:0016327	apicolateral plasma membrane	part_of(UBERON:0004134)
GO:0005923	bicellular tight junction	part_of(UBERON:0004135
GO:0016327	apicolateral plasma membrane	part_of(UBERON:0004135
GO:0005782	peroxisomal matrix	part_of(UBERON:0004135)
GO:0005777	peroxisome	part_of(UBERON:0004135)
GO:0005782	peroxisomal matrix	part_of(UBERON:0004135)
GO:0005634	nucleus	part_of(UBERON:0004152
GO:0005623	cell	part_of(UBERON:0004152
GO:0005623	cell	part_of(UBERON:0004152
GO:0005737	cytoplasm	part_of(UBERON:0004152
GO:0005623	cell	part_of(UBERON:0004160)
GO:0005622	intracellular	part_of(UBERON:0004167)
GO:0005623	cell	part_of(UBERON:0004178)
GO:0005737	cytoplasm	part_of(UBERON:0004184)
GO:0005911	cell-cell junction	part_of(UBERON:0004198)
GO:0016323	basolateral plasma membrane	part_of(UBERON:0004198)
GO:0046658	anchored component of plasma membrane	part_of(UBERON:0004203)
GO:0016324	apical plasma membrane	part_of(UBERON:0004204)
GO:0005737	cytoplasm	part_of(UBERON:0004204)
GO:0005604	basement membrane	part_of(UBERON:0004211)
GO:0005604	basement membrane	part_of(UBERON:0004211)
GO:0005623	cell	part_of(UBERON:0004221
GO:0005623	cell	part_of(UBERON:0004221
GO:0005623	cell	part_of(UBERON:0004221)
GO:0005623	cell	part_of(UBERON:0004222
GO:0005623	cell	part_of(UBERON:0004222
GO:0005720	nuclear heterochromatin	part_of(UBERON:0004222)
GO:0005737	cytoplasm	part_of(UBERON:0004222)
GO:0016020	membrane	part_of(UBERON:0004239)
GO:0005634	nucleus	part_of(UBERON:0004245
GO:0032570	response to progesterone	part_of(UBERON:0004245)
GO:0043627	response to estrogen	part_of(UBERON:0004245)
GO:0005930	axoneme	part_of(UBERON:0004288)
GO:0036064	ciliary basal body	part_of(UBERON:0004288)
GO:0005886	plasma membrane	part_of(UBERON:0004297
GO:0005829	cytosol	part_of(UBERON:0004341
GO:0005604	basement membrane	part_of(UBERON:0004347
GO:0005604	basement membrane	part_of(UBERON:0004347
GO:0005829	cytosol	part_of(UBERON:0004347)
GO:0005604	basement membrane	part_of(UBERON:0004356)
GO:0005604	basement membrane	part_of(UBERON:0004356)
GO:0005922	connexin complex	part_of(UBERON:0004490)
GO:0005886	plasma membrane	part_of(UBERON:0004490)
GO:0005922	connexin complex	part_of(UBERON:0004490)
GO:0016020	membrane	part_of(UBERON:0004510
GO:0005623	cell	part_of(UBERON:0004529
GO:0005623	cell	part_of(UBERON:0004529)
GO:0005737	cytoplasm	part_of(UBERON:0004544
GO:0090651	apical cytoplasm	part_of(UBERON:0004544)
GO:0005634	nucleus	part_of(UBERON:0004684
GO:0005634	nucleus	part_of(UBERON:0004703)
GO:0005829	cytosol	part_of(UBERON:0004703)
GO:0005634	nucleus	part_of(UBERON:0004703)
GO:0005886	plasma membrane	part_of(UBERON:0004750)
GO:0005634	nucleus	part_of(UBERON:0004801)
GO:0000790	nuclear chromatin	part_of(UBERON:0004804
GO:0005634	nucleus	part_of(UBERON:0004804
GO:0005737	cytoplasm	part_of(UBERON:0004806
GO:0005737	cytoplasm	part_of(UBERON:0004806)
GO:0005737	cytoplasm	part_of(UBERON:0004806)
GO:0005634	nucleus	part_of(UBERON:0004806)
GO:0005829	cytosol	part_of(UBERON:0004808)
GO:0071944	cell periphery	part_of(UBERON:0004808)
GO:0005886	plasma membrane	part_of(UBERON:0004810)
GO:0005737	cytoplasm	part_of(UBERON:0004810)
GO:0005764	lysosome	part_of(UBERON:0004810)
GO:0005737	cytoplasm	part_of(UBERON:0004810)
GO:0005622	intracellular	part_of(UBERON:0004810)
GO:0045177	apical part of cell	part_of(UBERON:0004810)
GO:0045178	basal part of cell	part_of(UBERON:0004810)
GO:0016324	apical plasma membrane	part_of(UBERON:0004810)
GO:0005623	cell	part_of(UBERON:0004820)
GO:0005623	cell	part_of(UBERON:0004871)
GO:0005623	cell	part_of(UBERON:0004871)
GO:0005886	plasma membrane	part_of(UBERON:0004872)
GO:0009986	cell surface	part_of(UBERON:0004873
GO:0005623	cell	part_of(UBERON:0004904
GO:0030424	axon	part_of(UBERON:0004904)
GO:0070852	cell body fiber	part_of(UBERON:0004904)
GO:0016020	membrane	part_of(UBERON:0004922
GO:0070852	cell body fiber	part_of(UBERON:0005052
GO:0005737	cytoplasm	part_of(UBERON:0005052
GO:0016020	membrane	part_of(UBERON:0005052
GO:0044297	cell body	part_of(UBERON:0005052
GO:0098632	protein binding involved in cell-cell adhesion	part_of(UBERON:0005052)
GO:0005634	nucleus	part_of(UBERON:0005052)
GO:0005623	cell	part_of(UBERON:0005052)
GO:0042802	identical protein binding	part_of(UBERON:0005052)
GO:0005623	cell	part_of(UBERON:0005052)
GO:0005623	cell	part_of(UBERON:0005052)
GO:0005623	cell	part_of(UBERON:0005052)
GO:0005737	cytoplasm	part_of(UBERON:0005052)
GO:0005623	cell	part_of(UBERON:0005052)
GO:0005886	plasma membrane	part_of(UBERON:0005052)
GO:0005634	nucleus	part_of(UBERON:0005052)
GO:0005604	basement membrane	part_of(UBERON:0005062)
GO:0005623	cell	part_of(UBERON:0005090)
GO:0005634	nucleus	part_of(UBERON:0005124)
GO:0005634	nucleus	part_of(UBERON:0005129)
GO:0005886	plasma membrane	part_of(UBERON:0005144)
GO:0005886	plasma membrane	part_of(UBERON:0005151)
GO:0005829	cytosol	part_of(UBERON:0005151)
GO:0005737	cytoplasm	part_of(UBERON:0005151)
GO:0005777	peroxisome	part_of(UBERON:0005151)
GO:0016324	apical plasma membrane	part_of(UBERON:0005151)
GO:0005764	lysosome	part_of(UBERON:0005169)
GO:0005737	cytoplasm	part_of(UBERON:0005169)
GO:0005737	cytoplasm	part_of(UBERON:0005169)
GO:0005737	cytoplasm	part_of(UBERON:0005169)
GO:0005764	lysosome	part_of(UBERON:0005169)
GO:0005634	nucleus	part_of(UBERON:0005170)
GO:0031012	extracellular matrix	part_of(UBERON:0005207
GO:0005634	nucleus	part_of(UBERON:0005211)
GO:0005623	cell	part_of(UBERON:0005212
GO:0005634	nucleus	part_of(UBERON:0005249)
GO:0043231	intracellular membrane-bounded organelle	part_of(UBERON:0005270)
GO:0005634	nucleus	part_of(UBERON:0005270)
GO:0043231	intracellular membrane-bounded organelle	part_of(UBERON:0005270)
GO:0005737	cytoplasm	part_of(UBERON:0005270)
GO:0005634	nucleus	part_of(UBERON:0005270)
GO:0005634	nucleus	part_of(UBERON:0005291)
GO:0070852	cell body fiber	part_of(UBERON:0005363)
GO:0044297	cell body	part_of(UBERON:0005363)
GO:0051964	negative regulation of synapse assembly	part_of(UBERON:0005372)
GO:0051965	positive regulation of synapse assembly	part_of(UBERON:0005372)
GO:0007416	synapse assembly	part_of(UBERON:0005372)
GO:0030424	axon	part_of(UBERON:0005375)
GO:0043200	response to amino acid	part_of(UBERON:0005377
GO:0098794	postsynapse	part_of(UBERON:0005377)
GO:1903412	response to bile acid	part_of(UBERON:0005377)
GO:0014069	postsynaptic density	part_of(UBERON:0005377)
GO:0098793	presynapse	part_of(UBERON:0005377)
GO:0045177	apical part of cell	part_of(UBERON:0005377)
GO:0043200	response to amino acid	part_of(UBERON:0005377)
GO:0097409	glial cytoplasmic inclusion	part_of(UBERON:0005383)
GO:0005623	cell	part_of(UBERON:0005408)
GO:0005623	cell	part_of(UBERON:0005432)
GO:0045177	apical part of cell	part_of(UBERON:0005636
GO:0048471	perinuclear region of cytoplasm	part_of(UBERON:0005636
GO:0045177	apical part of cell	part_of(UBERON:0005636
GO:0048471	perinuclear region of cytoplasm	part_of(UBERON:0005636
GO:0005623	cell	part_of(UBERON:0005641
GO:0005623	cell	part_of(UBERON:0005641)
GO:0031012	extracellular matrix	part_of(UBERON:0006060)
GO:0005623	cell	part_of(UBERON:0006060)
GO:0005623	cell	part_of(UBERON:0006134
GO:0030424	axon	part_of(UBERON:0006134
GO:0005623	cell	part_of(UBERON:0006134
GO:0005623	cell	part_of(UBERON:0006134
GO:0030424	axon	part_of(UBERON:0006134
GO:0045177	apical part of cell	part_of(UBERON:0006134)
GO:0005623	cell	part_of(UBERON:0006134)
GO:0048471	perinuclear region of cytoplasm	part_of(UBERON:0006134)
GO:0005623	cell	part_of(UBERON:0006134)
GO:0045177	apical part of cell	part_of(UBERON:0006134)
GO:0048471	perinuclear region of cytoplasm	part_of(UBERON:0006134)
GO:0016324	apical plasma membrane	part_of(UBERON:0006192)
GO:0005903	brush border	part_of(UBERON:0006192)
GO:0070852	cell body fiber	part_of(UBERON:0006238)
GO:0043204	perikaryon	part_of(UBERON:0006250)
GO:0005634	nucleus	part_of(UBERON:0006273)
GO:0016020	membrane	part_of(UBERON:0006283)
GO:0005623	cell	part_of(UBERON:0006530
GO:0097180	serine protease inhibitor complex	part_of(UBERON:0006530)
GO:0005615	extracellular space	part_of(UBERON:0006530)
GO:0005615	extracellular space	part_of(UBERON:0006530)
GO:0005615	extracellular space	part_of(UBERON:0006530)
GO:0043234	protein complex	part_of(UBERON:0006530)
GO:0005615	extracellular space	part_of(UBERON:0006530)
GO:0005615	extracellular space	part_of(UBERON:0006530)
GO:0005623	cell	part_of(UBERON:0006530)
GO:0043234	protein complex	part_of(UBERON:0006530)
GO:0097208	alveolar lamellar body	part_of(UBERON:0006538)
GO:0005615	extracellular space	part_of(UBERON:0006538)
GO:0014704	intercalated disc	part_of(UBERON:0006566)
GO:0030424	axon	part_of(UBERON:0006569
GO:0005737	cytoplasm	part_of(UBERON:0006569
GO:0030425	dendrite	part_of(UBERON:0006569
GO:0043204	perikaryon	part_of(UBERON:0006569
GO:0005634	nucleus	part_of(UBERON:0006645
GO:0009925	basal plasma membrane	part_of(UBERON:0006729)
GO:0005604	basement membrane	part_of(UBERON:0006763)
GO:0005623	cell	part_of(UBERON:0006783)
GO:0005623	cell	part_of(UBERON:0006787)
GO:0030424	axon	part_of(UBERON:0006787)
GO:0005623	cell	part_of(UBERON:0006788
GO:0005623	cell	part_of(UBERON:0006788)
GO:0044297	cell body	part_of(UBERON:0006847)
GO:0070852	cell body fiber	part_of(UBERON:0006847)
GO:0005737	cytoplasm	part_of(UBERON:0006860
GO:0042383	sarcolemma	part_of(UBERON:0006907
GO:0036379	myofilament	part_of(UBERON:0006907)
GO:0036379	myofilament	part_of(UBERON:0006907)
GO:0036379	myofilament	part_of(UBERON:0006907)
GO:0036379	myofilament	part_of(UBERON:0006907)
GO:0005623	cell	part_of(UBERON:0006908
GO:0005623	cell	part_of(UBERON:0006908)
GO:0036379	myofilament	part_of(UBERON:0006908)
GO:0036379	myofilament	part_of(UBERON:0006908)
GO:0036379	myofilament	part_of(UBERON:0006908)
GO:0005623	cell	part_of(UBERON:0006908)
GO:0036379	myofilament	part_of(UBERON:0006908)
GO:0005634	nucleus	part_of(UBERON:0006908)
GO:0005576	extracellular region	part_of(UBERON:0006909)
GO:0004252	serine-type endopeptidase activity	part_of(UBERON:0006909)
GO:0044256	protein digestion	part_of(UBERON:0006909)
GO:0005623	cell	part_of(UBERON:0006914
GO:0005623	cell	part_of(UBERON:0006934
GO:0005623	cell	part_of(UBERON:0006934
GO:0043005	neuron projection	part_of(UBERON:0006934)
GO:0036126	sperm flagellum	part_of(UBERON:0006948)
GO:0005623	cell	part_of(UBERON:0006948)
GO:0005623	cell	part_of(UBERON:0006954)
GO:0005623	cell	part_of(UBERON:0006964
GO:0005634	nucleus	part_of(UBERON:0006964)
GO:0005737	cytoplasm	part_of(UBERON:0006966
GO:0005634	nucleus	part_of(UBERON:0006966
GO:0016324	apical plasma membrane	part_of(UBERON:0006966)
GO:0005901	caveola	part_of(UBERON:0006966)
GO:0009925	basal plasma membrane	part_of(UBERON:0006966)
GO:0005604	basement membrane	part_of(UBERON:0007005)
GO:0031012	extracellular matrix	part_of(UBERON:0007005)
GO:0005634	nucleus	part_of(UBERON:0007023
GO:0005634	nucleus	part_of(UBERON:0007023
GO:0005634	nucleus	part_of(UBERON:0007023
GO:0005634	nucleus	part_of(UBERON:0007023
GO:0005737	cytoplasm	part_of(UBERON:0007023
GO:0005737	cytoplasm	part_of(UBERON:0007023
GO:0005737	cytoplasm	part_of(UBERON:0007023
GO:0005737	cytoplasm	part_of(UBERON:0007023
GO:0005634	nucleus	part_of(UBERON:0007023)
GO:0005634	nucleus	part_of(UBERON:0007023)
GO:0005737	cytoplasm	part_of(UBERON:0007023)
GO:0005737	cytoplasm	part_of(UBERON:0007023)
GO:0005623	cell	part_of(UBERON:0007132
GO:0005634	nucleus	part_of(UBERON:0007132
GO:0070062	extracellular exosome	part_of(UBERON:0007132
GO:0045121	membrane raft	part_of(UBERON:0007132
GO:0005737	cytoplasm	part_of(UBERON:0007132
GO:0009986	cell surface	part_of(UBERON:0007132
GO:0005623	cell	part_of(UBERON:0007132
GO:0005615	extracellular space	part_of(UBERON:0007132
GO:0005623	cell	part_of(UBERON:0007132
GO:0005737	cytoplasm	part_of(UBERON:0007132
GO:0097708	intracellular vesicle	part_of(UBERON:0007132
GO:0005622	intracellular	part_of(UBERON:0007132)
GO:1903428	positive regulation of reactive oxygen species biosynthetic process	part_of(UBERON:0007132)
GO:0005623	cell	part_of(UBERON:0007132)
GO:0005623	cell	part_of(UBERON:0007132)
GO:0005634	nucleus	part_of(UBERON:0007132)
GO:0005773	vacuole	part_of(UBERON:0007132)
GO:0016176	superoxide-generating NADPH oxidase activator activity	part_of(UBERON:0007132)
GO:0010628	positive regulation of gene expression	part_of(UBERON:0007132)
GO:0005623	cell	part_of(UBERON:0007132)
GO:0051607	defense response to virus	part_of(UBERON:0007132)
GO:1904972	negative regulation of viral translation	part_of(UBERON:0007132)
GO:0016175	superoxide-generating NADPH oxidase activity	part_of(UBERON:0007132)
GO:0042523	positive regulation of tyrosine phosphorylation of Stat5 protein	part_of(UBERON:0007132)
GO:0005634	nucleus	part_of(UBERON:0007132)
GO:0070062	extracellular exosome	part_of(UBERON:0007132)
GO:0010535	positive regulation of activation of JAK2 kinase activity	part_of(UBERON:0007132)
GO:0046427	positive regulation of JAK-STAT cascade	part_of(UBERON:0007132)
GO:0051091	positive regulation of sequence-specific DNA binding transcription factor activity	part_of(UBERON:0007132)
GO:0060267	positive regulation of respiratory burst	part_of(UBERON:0007132)
GO:0005634	nucleus	part_of(UBERON:0007132)
GO:0048471	perinuclear region of cytoplasm	part_of(UBERON:0007132)
GO:0005737	cytoplasm	part_of(UBERON:0007132)
GO:0003700	transcription factor activity, sequence-specific DNA binding	part_of(UBERON:0007132)
GO:0043434	response to peptide hormone	part_of(UBERON:0007132)
GO:0010628	positive regulation of gene expression	part_of(UBERON:0007132)
GO:0005815	microtubule organizing center	part_of(UBERON:0007132)
GO:0005737	cytoplasm	part_of(UBERON:0007132)
GO:0005623	cell	part_of(UBERON:0007132)
GO:0042383	sarcolemma	part_of(UBERON:0007221)
GO:0005901	caveola	part_of(UBERON:0007221)
GO:0071944	cell periphery	part_of(UBERON:0007239)
GO:0016020	membrane	part_of(UBERON:0007251
GO:0005634	nucleus	part_of(UBERON:0007275)
GO:0005623	cell	part_of(UBERON:0007275)
GO:0005634	nucleus	part_of(UBERON:0007276)
GO:0005623	cell	part_of(UBERON:0007276)
GO:0005615	extracellular space	part_of(UBERON:0007311)
GO:0071953	elastic fiber	part_of(UBERON:0007318)
GO:0030141	secretory granule	part_of(UBERON:0007324
GO:0005886	plasma membrane	part_of(UBERON:0007329)
GO:0044297	cell body	part_of(UBERON:0007334
GO:0005623	cell	part_of(UBERON:0007334
GO:0014069	postsynaptic density	part_of(UBERON:0007334
GO:0005623	cell	part_of(UBERON:0007334)
GO:0005623	cell	part_of(UBERON:0007334)
GO:0005623	cell	part_of(UBERON:0007334)
GO:0044297	cell body	part_of(UBERON:0007334)
GO:0005623	cell	part_of(UBERON:0007334)
GO:0005623	cell	part_of(UBERON:0007334)
GO:0043005	neuron projection	part_of(UBERON:0007334)
GO:0043197	dendritic spine	part_of(UBERON:0007334)
GO:0005623	cell	part_of(UBERON:0007334)
GO:0005623	cell	part_of(UBERON:0007334)
GO:0005623	cell	part_of(UBERON:0007334)
GO:0030424	axon	part_of(UBERON:0007347)
GO:0005623	cell	part_of(UBERON:0007347)
GO:0005623	cell	part_of(UBERON:0007347)
GO:0005737	cytoplasm	part_of(UBERON:0007347)
GO:0014069	postsynaptic density	part_of(UBERON:0007349)
GO:0097060	synaptic membrane	part_of(UBERON:0007349)
GO:0030425	dendrite	part_of(UBERON:0007350
GO:0044297	cell body	part_of(UBERON:0007350
GO:0030424	axon	part_of(UBERON:0007350
GO:0005623	cell	part_of(UBERON:0007350
GO:0005737	cytoplasm	part_of(UBERON:0007350
GO:0043195	terminal bouton	part_of(UBERON:0007350
GO:0043025	neuronal cell body	part_of(UBERON:0007350
GO:0043679	axon terminus	part_of(UBERON:0007350
GO:0005623	cell	part_of(UBERON:0007350)
GO:0005623	cell	part_of(UBERON:0007350)
GO:0005623	cell	part_of(UBERON:0007350)
GO:0005623	cell	part_of(UBERON:0007350)
GO:0005623	cell	part_of(UBERON:0007350)
GO:0005623	cell	part_of(UBERON:0007350)
GO:0005623	cell	part_of(UBERON:0007350)
GO:0070852	cell body fiber	part_of(UBERON:0007350)
GO:0006939	smooth muscle contraction	part_of(UBERON:0007356)
GO:0045177	apical part of cell	part_of(UBERON:0007357
GO:0070852	cell body fiber	part_of(UBERON:0007357
GO:0048471	perinuclear region of cytoplasm	part_of(UBERON:0007357
GO:0045177	apical part of cell	part_of(UBERON:0007357
GO:0006939	smooth muscle contraction	part_of(UBERON:0007357
GO:0048471	perinuclear region of cytoplasm	part_of(UBERON:0007357
GO:0044297	cell body	part_of(UBERON:0007357
GO:0006939	smooth muscle contraction	part_of(UBERON:0007357)
GO:0009986	cell surface	part_of(UBERON:0007376
GO:0097209	epidermal lamellar body	part_of(UBERON:0007376)
GO:0005886	plasma membrane	part_of(UBERON:0007376)
GO:0005623	cell	part_of(UBERON:0007377
GO:0005578	proteinaceous extracellular matrix	part_of(UBERON:0007379)
GO:0044297	cell body	part_of(UBERON:0007414)
GO:0070852	cell body fiber	part_of(UBERON:0007414)
GO:0070852	cell body fiber	part_of(UBERON:0007622)
GO:0043025	neuronal cell body	part_of(UBERON:0007627)
GO:0030425	dendrite	part_of(UBERON:0007627)
GO:0043204	perikaryon	part_of(UBERON:0007628)
GO:0005623	cell	part_of(UBERON:0007651)
GO:0070852	cell body fiber	part_of(UBERON:0007688
GO:0044297	cell body	part_of(UBERON:0007688
GO:0005623	cell	part_of(UBERON:0007692
GO:0005634	nucleus	part_of(UBERON:0007692)
GO:0005737	cytoplasm	part_of(UBERON:0007692)
GO:0005634	nucleus	part_of(UBERON:0007769)
GO:0005929	cilium	part_of(UBERON:0007827
GO:0005737	cytoplasm	part_of(UBERON:0007827
GO:0005737	cytoplasm	part_of(UBERON:0008246
GO:0005623	cell	part_of(UBERON:0008246)
GO:0005623	cell	part_of(UBERON:0008250
GO:0005737	cytoplasm	part_of(UBERON:0008250
GO:0005623	cell	part_of(UBERON:0008288)
GO:0031526	brush border membrane	part_of(UBERON:0008342)
GO:0005623	cell	part_of(UBERON:0008343)
GO:0098594	mucin granule	part_of(UBERON:0008344
GO:0005623	cell	part_of(UBERON:0008344)
GO:0045177	apical part of cell	part_of(UBERON:0008345
GO:0048471	perinuclear region of cytoplasm	part_of(UBERON:0008345
GO:0045177	apical part of cell	part_of(UBERON:0008346
GO:0048471	perinuclear region of cytoplasm	part_of(UBERON:0008346
GO:0005923	bicellular tight junction	part_of(UBERON:0008346
GO:0005737	cytoplasm	part_of(UBERON:0008346)
GO:0045177	apical part of cell	part_of(UBERON:0008346)
GO:0005923	bicellular tight junction	part_of(UBERON:0008346)
GO:0005623	cell	part_of(UBERON:0008346)
GO:1990794	basolateral part of cell	part_of(UBERON:0008346)
GO:0005634	nucleus	part_of(UBERON:0008780
GO:0005634	nucleus	part_of(UBERON:0008780)
GO:0005737	cytoplasm	part_of(UBERON:0008824
GO:0016324	apical plasma membrane	part_of(UBERON:0008824)
GO:1990794	basolateral part of cell	part_of(UBERON:0008824)
GO:0005623	cell	part_of(UBERON:0008857)
GO:0005623	cell	part_of(UBERON:0008857)
GO:0005829	cytosol	part_of(UBERON:0008872)
GO:0005623	cell	part_of(UBERON:0008944)
GO:0005623	cell	part_of(UBERON:0008944)
GO:0005623	cell	part_of(UBERON:0008975)
GO:0005623	cell	part_of(UBERON:0008975)
GO:0005623	cell	part_of(UBERON:0008993
GO:0005764	lysosome	part_of(UBERON:0009039)
GO:0005764	lysosome	part_of(UBERON:0009039)
GO:0016323	basolateral plasma membrane	part_of(UBERON:0009120
GO:0016323	basolateral plasma membrane	part_of(UBERON:0009120
GO:0005623	cell	part_of(UBERON:0009120
GO:0005737	cytoplasm	part_of(UBERON:0009120
GO:0005623	cell	part_of(UBERON:0009120
GO:0005737	cytoplasm	part_of(UBERON:0009120
GO:0005623	cell	part_of(UBERON:0009120)
GO:0009925	basal plasma membrane	part_of(UBERON:0009120)
GO:0005623	cell	part_of(UBERON:0009120)
GO:0005923	bicellular tight junction	part_of(UBERON:0009120)
GO:0016328	lateral plasma membrane	part_of(UBERON:0009120)
GO:0045177	apical part of cell	part_of(UBERON:0009120)
GO:0005623	cell	part_of(UBERON:0009120)
GO:0005604	basement membrane	part_of(UBERON:0009200)
GO:0005604	basement membrane	part_of(UBERON:0009200)
GO:0005737	cytoplasm	part_of(UBERON:0009566)
GO:0005623	cell	part_of(UBERON:0009617)
GO:0043205	fibril	part_of(UBERON:0009890)
GO:0005737	cytoplasm	part_of(UBERON:0009970)
GO:0005737	cytoplasm	part_of(UBERON:0010006
GO:0005604	basement membrane	part_of(UBERON:0010077
GO:0005886	plasma membrane	part_of(UBERON:0010211
GO:0005737	cytoplasm	part_of(UBERON:0010211
GO:0005921	gap junction	part_of(UBERON:0010211)
GO:0016020	membrane	part_of(UBERON:0010227
GO:0005623	cell	part_of(UBERON:0010256
GO:0005623	cell	part_of(UBERON:0010257
GO:0005623	cell	part_of(UBERON:0010328)
GO:0044295	axonal growth cone	part_of(UBERON:0010405
GO:0043679	axon terminus	part_of(UBERON:0010405
GO:0032584	growth cone membrane	part_of(UBERON:0010405
GO:0005623	cell	part_of(UBERON:0011150
GO:0005623	cell	part_of(UBERON:0011150
GO:0005623	cell	part_of(UBERON:0011150
GO:0044853	plasma membrane raft	part_of(UBERON:0011150)
GO:0005623	cell	part_of(UBERON:0011150)
GO:0005623	cell	part_of(UBERON:0011210
GO:0005605	basal lamina	part_of(UBERON:0011270)
GO:0005614	interstitial matrix	part_of(UBERON:0011270)
GO:0043205	fibril	part_of(UBERON:0011270)
GO:0005623	cell	part_of(UBERON:0011371)
GO:0005615	extracellular space	part_of(UBERON:0011895)
GO:0005623	cell	part_of(UBERON:0011903
GO:0005829	cytosol	part_of(UBERON:0011903
GO:0016020	membrane	part_of(UBERON:0011903
GO:0005623	cell	part_of(UBERON:0011903
GO:0090636	outer dense plaque of desmosome	part_of(UBERON:0011903)
GO:0097433	dense body	part_of(UBERON:0011903)
GO:0030486	smooth muscle dense body	part_of(UBERON:0011903)
GO:0031252	cell leading edge	part_of(UBERON:0011903)
GO:0090637	inner dense plaque of desmosome	part_of(UBERON:0011903)
GO:0016020	membrane	part_of(UBERON:0011903)
GO:0032982	myosin filament	part_of(UBERON:0011903)
GO:0005856	cytoskeleton	part_of(UBERON:0011903)
GO:0005882	intermediate filament	part_of(UBERON:0011903)
GO:0005623	cell	part_of(UBERON:0011903)
GO:0001725	stress fiber	part_of(UBERON:0011903)
GO:0005925	focal adhesion	part_of(UBERON:0011903)
GO:0005886	plasma membrane	part_of(UBERON:0011903)
GO:0030016	myofibril	part_of(UBERON:0011903)
GO:0009986	cell surface	part_of(UBERON:0011903)
GO:0005623	cell	part_of(UBERON:0011903)
GO:0031012	extracellular matrix	part_of(UBERON:0012181
GO:0005737	cytoplasm	part_of(UBERON:0012279)
GO:0016323	basolateral plasma membrane	part_of(UBERON:0012427)
GO:0070852	cell body fiber	part_of(UBERON:0012480)
GO:0044297	cell body	part_of(UBERON:0012480)
GO:0005605	basal lamina	part_of(UBERON:0013236)
GO:0005614	interstitial matrix	part_of(UBERON:0013236)
GO:0043205	fibril	part_of(UBERON:0013236)
GO:1990712	HFE-transferrin receptor complex	part_of(UBERON:0013482)
GO:0005923	bicellular tight junction	part_of(UBERON:0013482)
GO:0005737	cytoplasm	part_of(UBERON:0013483)
GO:0005634	nucleus	part_of(UBERON:0013516
GO:0005623	cell	part_of(UBERON:0013516
GO:0005623	cell	part_of(UBERON:0013516)
GO:0005623	cell	part_of(UBERON:0013516)
GO:0005623	cell	part_of(UBERON:0013519)
GO:0005737	cytoplasm	part_of(UBERON:0013636)
GO:0016323	basolateral plasma membrane	part_of(UBERON:0013694)
GO:0005886	plasma membrane	part_of(UBERON:0013694)
GO:0016324	apical plasma membrane	part_of(UBERON:0013694)
GO:0005901	caveola	part_of(UBERON:0013694)
GO:0005886	plasma membrane	part_of(UBERON:0013696
GO:0031012	extracellular matrix	part_of(UBERON:0013696)
GO:0005634	nucleus	part_of(UBERON:0013731
GO:0005634	nucleus	part_of(UBERON:0013731)
GO:0005634	nucleus	part_of(UBERON:0013731)
GO:0005730	nucleolus	part_of(UBERON:0013731)
GO:0005634	nucleus	part_of(UBERON:0013731)
GO:0005604	basement membrane	part_of(UBERON:0014388)
GO:0005604	basement membrane	part_of(UBERON:0014388)
GO:0005737	cytoplasm	part_of(UBERON:0014400)
GO:0005623	cell	part_of(UBERON:0014454)
GO:0005737	cytoplasm	part_of(UBERON:0014454)
GO:0043025	neuronal cell body	part_of(UBERON:0014548
GO:0043194	axon initial segment	part_of(UBERON:0014548
GO:0030425	dendrite	part_of(UBERON:0014548
GO:0042734	presynaptic membrane	part_of(UBERON:0014554)
GO:0005623	cell	part_of(UBERON:0014663
GO:0070852	cell body fiber	part_of(UBERON:0014663)
GO:0043204	perikaryon	part_of(UBERON:0014663)
GO:0005623	cell	part_of(UBERON:0014664
GO:0005623	cell	part_of(UBERON:0014664)
GO:0005623	cell	part_of(UBERON:0014665
GO:0044297	cell body	part_of(UBERON:0014665)
GO:0070852	cell body fiber	part_of(UBERON:0014665)
GO:0044297	cell body	part_of(UBERON:0014667
GO:0044297	cell body	part_of(UBERON:0014667)
GO:0043204	perikaryon	part_of(UBERON:0014760)
GO:0016020	membrane	part_of(UBERON:0014775)
GO:0005623	cell	part_of(UBERON:0014930)
GO:0005737	cytoplasm	part_of(UBERON:0015796
GO:0005634	nucleus	part_of(UBERON:0016530
GO:0005737	cytoplasm	part_of(UBERON:0016530
GO:0005634	nucleus	part_of(UBERON:0016540
GO:0005737	cytoplasm	part_of(UBERON:0016540
GO:0009986	cell surface	part_of(UBERON:0018649)
GO:0005922	connexin complex	part_of(UBERON:0018649)
GO:0005922	connexin complex	part_of(UBERON:0018649)
GO:0005938	cell cortex	part_of(UBERON:0019248)
GO:0048471	perinuclear region of cytoplasm	part_of(UBERON:0019248)
GO:0005938	cell cortex	part_of(UBERON:0019248)
GO:0005623	cell	part_of(UBERON:0034705)
GO:0044297	cell body	part_of(UBERON:0034895)
GO:0043005	neuron projection	part_of(UBERON:0034895)
GO:0005623	cell	part_of(UBERON:0034907
GO:0070852	cell body fiber	part_of(UBERON:0034943)
GO:0043204	perikaryon	part_of(UBERON:0034943)
GO:0005623	cell	part_of(UBERON:0035050
GO:0044297	cell body	part_of(UBERON:0035114)
GO:0044297	cell body	part_of(UBERON:0035114)
GO:0043204	perikaryon	part_of(UBERON:0035564)
GO:0070852	cell body fiber	part_of(UBERON:0035570)
GO:0043195	terminal bouton	part_of(UBERON:0035785
GO:0044297	cell body	part_of(UBERON:0035785
GO:0005623	cell	part_of(UBERON:0035785)
GO:0044297	cell body	part_of(UBERON:0035785)
GO:0030424	axon	part_of(UBERON:0035785)
GO:0044297	cell body	part_of(UBERON:0035785)
GO:0005623	cell	part_of(UBERON:0035785)
GO:0005623	cell	part_of(UBERON:0035785)
GO:0005623	cell	part_of(UBERON:0035785)
GO:0005623	cell	part_of(UBERON:0035785)
GO:0005623	cell	part_of(UBERON:0035785)
GO:0005623	cell	part_of(UBERON:0035785)
GO:0005623	cell	part_of(UBERON:0035785)
GO:0005737	cytoplasm	part_of(UBERON:0035785)
GO:0031012	extracellular matrix	part_of(UBERON:0035785)
GO:0005623	cell	part_of(UBERON:0035785)
GO:0005623	cell	part_of(UBERON:0035785)
GO:0005623	cell	part_of(UBERON:0035785)
GO:0044297	cell body	part_of(UBERON:0035807
GO:0005623	cell	part_of(UBERON:0035807)
GO:0005623	cell	part_of(UBERON:0035807)
GO:0030424	axon	part_of(UBERON:0035807)
GO:0044297	cell body	part_of(UBERON:0035807)
GO:0005623	cell	part_of(UBERON:0035807)
GO:0005623	cell	part_of(UBERON:0035807)
GO:0005737	cytoplasm	part_of(UBERON:0035807)
GO:0031012	extracellular matrix	part_of(UBERON:0035807)
GO:0005623	cell	part_of(UBERON:0035807)
GO:0070852	cell body fiber	part_of(UBERON:0035807)
GO:0044297	cell body	part_of(UBERON:0035808
GO:0044297	cell body	part_of(UBERON:0035808)
GO:0043025	neuronal cell body	part_of(UBERON:0035808)
GO:0030425	dendrite	part_of(UBERON:2000188)
GO:0005623	cell	part_of(UBERON:2000211
GO:0045177	apical part of cell	part_of(UBERON:2000211
GO:0016323	basolateral plasma membrane	part_of(UBERON:2000211)
GO:0016323	basolateral plasma membrane	part_of(UBERON:2000211)
GO:0005623	cell	part_of(UBERON:2000211)
GO:0005923	bicellular tight junction	part_of(UBERON:2000211)
GO:0005737	cytoplasm	part_of(UBERON:2000211)
GO:0005737	cytoplasm	part_of(UBERON:2000211)
GO:0005623	cell	part_of(UBERON:2000211)
GO:0005737	cytoplasm	part_of(UBERON:2000211)
GO:0043204	perikaryon	part_of(UBERON:2000248)
GO:0005737	cytoplasm	part_of(UBERON:2000298
GO:0030424	axon	part_of(UBERON:2000307)
GO:0005623	cell	part_of(UBERON:2000394
GO:0043204	perikaryon	part_of(UBERON:2000398)
GO:0044297	cell body	part_of(UBERON:2000398)
GO:0070852	cell body fiber	part_of(UBERON:2000398)
GO:0005623	cell	part_of(UBERON:2000398)
GO:0005623	cell	part_of(UBERON:2000449
GO:0043204	perikaryon	part_of(UBERON:2000449)
GO:0043204	perikaryon	part_of(UBERON:2000475)
GO:0005623	cell	part_of(UBERON:2000475)
GO:0005623	cell	part_of(UBERON:2000475)
GO:0005623	cell	part_of(UBERON:2000475)
GO:0009986	cell surface	part_of(UBERON:2000482)
GO:0005737	cytoplasm	part_of(UBERON:2000482)
GO:0005623	cell	part_of(UBERON:2000516
GO:0005623	cell	part_of(UBERON:2000581
GO:0016020	membrane	part_of(UBERON:2000581)
GO:0005623	cell	part_of(UBERON:2000599
GO:0044297	cell body	part_of(UBERON:2000599)
GO:0070852	cell body fiber	part_of(UBERON:2000599)
GO:0005623	cell	part_of(UBERON:2000603
GO:0043204	perikaryon	part_of(UBERON:2000603)
GO:0043204	perikaryon	part_of(UBERON:2000603)
GO:0030424	axon	part_of(UBERON:2000603)
GO:0005623	cell	part_of(UBERON:2000622
GO:0043204	perikaryon	part_of(UBERON:2002219)
GO:0043204	perikaryon	part_of(UBERON:2002219)
GO:0044297	cell body	part_of(UBERON:2007012)
GO:0030424	axon	part_of(UBERON:2007012)
GO:0043005	neuron projection	part_of(UBERON:2007012)
GO:0005623	cell	part_of(UBERON:3010404)
GO:0005623	cell	part_of(UBERON:3010599
GO:0005634	nucleus	part_of(WBbt:0003673)
GO:0005829	cytosol	part_of(WBbt:0003675
GO:0043025	neuronal cell body	part_of(WBbt:0003675
GO:0005634	nucleus	part_of(WBbt:0003675
GO:0005794	Golgi apparatus	part_of(WBbt:0003675)
GO:0009986	cell surface	part_of(WBbt:0003675)
GO:0070971	endoplasmic reticulum exit site	part_of(WBbt:0003675)
GO:0005737	cytoplasm	part_of(WBbt:0003675)
GO:0005794	Golgi apparatus	part_of(WBbt:0003679
GO:0009986	cell surface	part_of(WBbt:0003679
GO:1903539	protein localization to postsynaptic membrane	part_of(WBbt:0003679
GO:0005829	cytosol	part_of(WBbt:0003679)
GO:0009986	cell surface	part_of(WBbt:0003679)
GO:0005622	intracellular	part_of(WBbt:0003679)
GO:0005737	cytoplasm	part_of(WBbt:0003679)
GO:0044297	cell body	part_of(WBbt:0003679)
GO:0043005	neuron projection	part_of(WBbt:0003679)
GO:0005634	nucleus	part_of(WBbt:0003679)
GO:0005605	basal lamina	part_of(WBbt:0003681)
GO:0005634	nucleus	part_of(WBbt:0003887)
GO:0005634	nucleus	part_of(WBbt:0003888
GO:0005634	nucleus	part_of(WBbt:0003991)
GO:0005634	nucleus	part_of(WBbt:0003993)
GO:0005813	centrosome	part_of(WBbt:0004056)
GO:0016324	apical plasma membrane	part_of(WBbt:0004145)
GO:0005938	cell cortex	part_of(WBbt:0004422
GO:0005938	cell cortex	part_of(WBbt:0004422)
GO:0005886	plasma membrane	part_of(WBbt:0004422)
GO:0005938	cell cortex	part_of(WBbt:0004422)
GO:0032154	cleavage furrow	part_of(WBbt:0004422)
GO:0044214	spanning component of plasma membrane	part_of(WBbt:0004422)
GO:0016020	membrane	part_of(WBbt:0004432
GO:0005634	nucleus	part_of(WBbt:0004522)
GO:0009925	basal plasma membrane	part_of(WBbt:0004522)
GO:0005913	cell-cell adherens junction	part_of(WBbt:0004575)
GO:0005913	cell-cell adherens junction	part_of(WBbt:0004576)
GO:0005634	nucleus	part_of(WBbt:0004821)
GO:0030425	dendrite	part_of(WBbt:0005113
GO:0045202	synapse	part_of(WBbt:0005113
GO:0045211	postsynaptic membrane	part_of(WBbt:0005113)
GO:0005913	cell-cell adherens junction	part_of(WBbt:0005138)
GO:0005605	basal lamina	part_of(WBbt:0005175)
GO:0005654	nucleoplasm	part_of(WBbt:0005178)
GO:0005737	cytoplasm	part_of(WBbt:0005178)
GO:0043025	neuronal cell body	part_of(WBbt:0005190)
GO:0045211	postsynaptic membrane	part_of(WBbt:0005190)
GO:0030424	axon	part_of(WBbt:0005190)
GO:0045202	synapse	part_of(WBbt:0005274
GO:0030424	axon	part_of(WBbt:0005278
GO:0005622	intracellular	part_of(WBbt:0005278)
GO:1902683	regulation of receptor localization to synapse	part_of(WBbt:0005300
GO:0045211	postsynaptic membrane	part_of(WBbt:0005300
GO:0005886	plasma membrane	part_of(WBbt:0005300)
GO:0005634	nucleus	part_of(WBbt:0005319
GO:0005886	plasma membrane	part_of(WBbt:0005319)
GO:0030056	hemidesmosome	part_of(WBbt:0005331)
GO:0097543	ciliary inversin compartment	part_of(WBbt:0005394)
GO:0008021	synaptic vesicle	part_of(WBbt:0005409)
GO:0005739	mitochondrion	part_of(WBbt:0005451)
GO:0005930	axoneme	part_of(WBbt:0005662)
GO:0032589	neuron projection membrane	part_of(WBbt:0005662)
GO:0044306	neuron projection terminus	part_of(WBbt:0005662)
GO:0031528	microvillus membrane	part_of(WBbt:0005662)
GO:0044292	dendrite terminus	part_of(WBbt:0005662)
GO:0097730	non-motile cilium	part_of(WBbt:0005662)
GO:0044306	neuron projection terminus	part_of(WBbt:0005662)
GO:0097546	ciliary base	part_of(WBbt:0005662)
GO:0005634	nucleus	part_of(WBbt:0005663)
GO:0043025	neuronal cell body	part_of(WBbt:0005665)
GO:0097730	non-motile cilium	part_of(WBbt:0005665)
GO:0097730	non-motile cilium	part_of(WBbt:0005666)
GO:0043025	neuronal cell body	part_of(WBbt:0005668)
GO:1990075	periciliary membrane compartment	part_of(WBbt:0005668)
GO:0097730	non-motile cilium	part_of(WBbt:0005668)
GO:0097730	non-motile cilium	part_of(WBbt:0005670)
GO:0030425	dendrite	part_of(WBbt:0005671)
GO:0043025	neuronal cell body	part_of(WBbt:0005671)
GO:0097730	non-motile cilium	part_of(WBbt:0005671)
GO:0030424	axon	part_of(WBbt:0005671)
GO:0044306	neuron projection terminus	part_of(WBbt:0005672)
GO:0097730	non-motile cilium	part_of(WBbt:0005672)
GO:0005634	nucleus	part_of(WBbt:0005672)
GO:0005634	nucleus	part_of(WBbt:0005672)
GO:0005829	cytosol	part_of(WBbt:0005672)
GO:0005622	intracellular	part_of(WBbt:0005733
GO:0005634	nucleus	part_of(WBbt:0005733)
GO:0030056	hemidesmosome	part_of(WBbt:0005733)
GO:0016324	apical plasma membrane	part_of(WBbt:0005734)
GO:0005634	nucleus	part_of(WBbt:0005739)
GO:0005634	nucleus	part_of(WBbt:0005741)
GO:0005938	cell cortex	part_of(WBbt:0005753)
GO:0016323	basolateral plasma membrane	part_of(WBbt:0005753)
GO:0045179	apical cortex	part_of(WBbt:0005753)
GO:0043296	apical junction complex	part_of(WBbt:0005753)
GO:0016020	membrane	part_of(WBbt:0005753)
GO:0030133	transport vesicle	part_of(WBbt:0005759
GO:0030133	transport vesicle	part_of(WBbt:0005759
GO:0097730	non-motile cilium	part_of(WBbt:0005759)
GO:0005886	plasma membrane	part_of(WBbt:0005759)
GO:0005622	intracellular	part_of(WBbt:0005772
GO:0005921	gap junction	part_of(WBbt:0005772)
GO:0005794	Golgi apparatus	part_of(WBbt:0005772)
GO:0016324	apical plasma membrane	part_of(WBbt:0005772)
GO:0005783	endoplasmic reticulum	part_of(WBbt:0005772)
GO:0005737	cytoplasm	part_of(WBbt:0005772)
GO:0005765	lysosomal membrane	part_of(WBbt:0005772)
GO:0005634	nucleus	part_of(WBbt:0005772)
GO:0005634	nucleus	part_of(WBbt:0005772)
GO:0005634	nucleus	part_of(WBbt:0005772)
GO:0005737	cytoplasm	part_of(WBbt:0005772)
GO:0005737	cytoplasm	part_of(WBbt:0005772)
GO:0048471	perinuclear region of cytoplasm	part_of(WBbt:0005772)
GO:0016324	apical plasma membrane	part_of(WBbt:0005775)
GO:0005783	endoplasmic reticulum	part_of(WBbt:0005784
GO:0005737	cytoplasm	part_of(WBbt:0005784)
GO:0097038	perinuclear endoplasmic reticulum	part_of(WBbt:0005784)
GO:0005634	nucleus	part_of(WBbt:0005784)
GO:0031410	cytoplasmic vesicle	part_of(WBbt:0005784)
GO:0048471	perinuclear region of cytoplasm	part_of(WBbt:0005784)
GO:0043186	P granule	part_of(WBbt:0005784)
GO:0044214	spanning component of plasma membrane	part_of(WBbt:0005784)
GO:0016020	membrane	part_of(WBbt:0005792
GO:0005737	cytoplasm	part_of(WBbt:0005792)
GO:0005634	nucleus	part_of(WBbt:0005792)
GO:0098591	external side of apical plasma membrane	part_of(WBbt:0005792)
GO:0005938	cell cortex	part_of(WBbt:0005792)
GO:0005783	endoplasmic reticulum	part_of(WBbt:0005792)
GO:0016323	basolateral plasma membrane	part_of(WBbt:0005792)
GO:0042632	cholesterol homeostasis	part_of(WBbt:0005792)
GO:0016323	basolateral plasma membrane	part_of(WBbt:0005792)
GO:0045179	apical cortex	part_of(WBbt:0005792)
GO:0005886	plasma membrane	part_of(WBbt:0005792)
GO:0005730	nucleolus	part_of(WBbt:0005792)
GO:0005811	lipid particle	part_of(WBbt:0005792)
GO:0005764	lysosome	part_of(WBbt:0005792)
GO:0005634	nucleus	part_of(WBbt:0005792)
GO:0005913	cell-cell adherens junction	part_of(WBbt:0005792)
GO:0070971	endoplasmic reticulum exit site	part_of(WBbt:0005792)
GO:0043296	apical junction complex	part_of(WBbt:0005792)
GO:0043296	apical junction complex	part_of(WBbt:0005792)
GO:0016324	apical plasma membrane	part_of(WBbt:0005792)
GO:0005794	Golgi apparatus	part_of(WBbt:0005792)
GO:0005887	integral component of plasma membrane	part_of(WBbt:0005792)
GO:0005737	cytoplasm	part_of(WBbt:0005812)
GO:0031410	cytoplasmic vesicle	part_of(WBbt:0005812)
GO:0031941	filamentous actin	part_of(WBbt:0005812)
GO:0016324	apical plasma membrane	part_of(WBbt:0005812)
GO:0042642	actomyosin, myosin complex part	part_of(WBbt:0005828)
GO:0042643	actomyosin, actin portion	part_of(WBbt:0005828)
GO:0005829	cytosol	part_of(WBbt:0005829
GO:0043025	neuronal cell body	part_of(WBbt:0005829
GO:0005634	nucleus	part_of(WBbt:0005829
GO:0098794	postsynapse	part_of(WBbt:0005829
GO:0030425	dendrite	part_of(WBbt:0005829)
GO:0045202	synapse	part_of(WBbt:0005829)
GO:0030424	axon	part_of(WBbt:0005829)
GO:0005739	mitochondrion	part_of(WBbt:0005829)
GO:0043025	neuronal cell body	part_of(WBbt:0005829)
GO:0005634	nucleus	part_of(WBbt:0005829)
GO:0008328	ionotropic glutamate receptor complex	part_of(WBbt:0005842)
GO:0045202	synapse	part_of(WBbt:0005842)
GO:0097038	perinuclear endoplasmic reticulum	part_of(WBbt:0005842)
GO:0032589	neuron projection membrane	part_of(WBbt:0005842)
GO:0005794	Golgi apparatus	part_of(WBbt:0005842)
GO:0043025	neuronal cell body	part_of(WBbt:0005842)
GO:0005576	extracellular region	part_of(WBbt:0005843)
GO:0005938	cell cortex	part_of(WBbt:0005906
GO:0005938	cell cortex	part_of(WBbt:0005994
GO:0005622	intracellular	part_of(WBbt:0006749
GO:0005829	cytosol	part_of(WBbt:0006750
GO:0043025	neuronal cell body	part_of(WBbt:0006750
GO:0005634	nucleus	part_of(WBbt:0006750
GO:0098794	postsynapse	part_of(WBbt:0006750)
GO:0016324	apical plasma membrane	part_of(WBbt:0006754
GO:0005829	cytosol	part_of(WBbt:0006769
GO:0043025	neuronal cell body	part_of(WBbt:0006769
GO:0005634	nucleus	part_of(WBbt:0006769
GO:0005938	cell cortex	part_of(WBbt:0006770)
GO:0005634	nucleus	part_of(WBbt:0006786)
GO:0005634	nucleus	part_of(WBbt:0006787)
GO:0044214	spanning component of plasma membrane	part_of(WBbt:0006796)
GO:0005634	nucleus	part_of(WBbt:0006796)
GO:0005876	spindle microtubule	part_of(WBbt:0006796)
GO:0005654	nucleoplasm	part_of(WBbt:0006796)
GO:0005737	cytoplasm	part_of(WBbt:0006796)
GO:0000793	condensed chromosome	part_of(WBbt:0006796)
GO:0005634	nucleus	part_of(WBbt:0006796)
GO:0070971	endoplasmic reticulum exit site	part_of(WBbt:0006796)
GO:0034501	protein localization to kinetochore	part_of(WBbt:0006797
GO:0000794	condensed nuclear chromosome	part_of(WBbt:0006797
GO:0034501	protein localization to kinetochore	part_of(WBbt:0006797
GO:0010032	meiotic chromosome condensation	part_of(WBbt:0006797
GO:1990124	messenger ribonucleoprotein complex	part_of(WBbt:0006797)
GO:0000776	kinetochore	part_of(WBbt:0006797)
GO:0005938	cell cortex	part_of(WBbt:0006797)
GO:0051257	meiotic spindle midzone assembly	part_of(WBbt:0006797)
GO:0051307	meiotic chromosome separation	part_of(WBbt:0006797)
GO:0005737	cytoplasm	part_of(WBbt:0006797)
GO:0000212	meiotic spindle organization	part_of(WBbt:0006797)
GO:0051316	attachment of spindle microtubules to kinetochore involved in meiotic chromosome segregation	part_of(WBbt:0006797)
GO:0043060	meiotic metaphase I plate congression	part_of(WBbt:0006797)
GO:0005886	plasma membrane	part_of(WBbt:0006797)
GO:0044298	cell body membrane	part_of(WBbt:0006798)
GO:0000790	nuclear chromatin	part_of(WBbt:0006798)
GO:0031143	pseudopodium	part_of(WBbt:0006798)
GO:0000785	chromatin	part_of(WBbt:0006798)
GO:0000785	chromatin	part_of(WBbt:0006799
GO:0005737	cytoplasm	part_of(WBbt:0006800)
GO:0005737	cytoplasm	part_of(WBbt:0006804
GO:0005886	plasma membrane	part_of(WBbt:0006804)
GO:0031932	TORC2 complex	part_of(WBbt:0006804)
GO:0005921	gap junction	part_of(WBbt:0006804)
GO:0005865	striated muscle thin filament	part_of(WBbt:0006804)
GO:0005741	mitochondrial outer membrane	part_of(WBbt:0006804)
GO:0016529	sarcoplasmic reticulum	part_of(WBbt:0006804)
GO:0031410	cytoplasmic vesicle	part_of(WBbt:0006804)
GO:0005783	endoplasmic reticulum	part_of(WBbt:0006804)
GO:0005739	mitochondrion	part_of(WBbt:0006804)
GO:0005829	cytosol	part_of(WBbt:0006804)
GO:0016528	sarcoplasm	part_of(WBbt:0006804)
GO:0005730	nucleolus	part_of(WBbt:0006804)
GO:0031430	M band	part_of(WBbt:0006804)
GO:0015629	actin cytoskeleton	part_of(WBbt:0006804)
GO:0031672	A band	part_of(WBbt:0006804)
GO:0055120	striated muscle dense body	part_of(WBbt:0006804)
GO:0005739	mitochondrion	part_of(WBbt:0006804)
GO:0031931	TORC1 complex	part_of(WBbt:0006804)
GO:0030054	cell junction	part_of(WBbt:0006804)
GO:0005863	striated muscle myosin thick filament	part_of(WBbt:0006804)
GO:0030017	sarcomere	part_of(WBbt:0006804)
GO:0030016	myofibril	part_of(WBbt:0006804)
GO:0005737	cytoplasm	part_of(WBbt:0006804)
GO:0005634	nucleus	part_of(WBbt:0006804)
GO:0005635	nuclear envelope	part_of(WBbt:0006804)
GO:0005886	plasma membrane	part_of(WBbt:0006804)
GO:0035869	ciliary transition zone	part_of(WBbt:0006816)
GO:0043005	neuron projection	part_of(WBbt:0006825)
GO:0097730	non-motile cilium	part_of(WBbt:0006825)
GO:0043025	neuronal cell body	part_of(WBbt:0006825)
GO:0005886	plasma membrane	part_of(WBbt:0006831)
GO:0030424	axon	part_of(WBbt:0006840
GO:0005739	mitochondrion	part_of(WBbt:0006840
GO:0043025	neuronal cell body	part_of(WBbt:0006840
GO:0005634	nucleus	part_of(WBbt:0006840
GO:0043005	neuron projection	part_of(WBbt:0006840)
GO:0036062	presynaptic periactive zone	part_of(WBbt:0006840)
GO:0045202	synapse	part_of(WBbt:0006840)
GO:0030424	axon	part_of(WBbt:0006840)
GO:0043025	neuronal cell body	part_of(WBbt:0006840)
GO:0005634	nucleus	part_of(WBbt:0006865)
GO:0005737	cytoplasm	part_of(WBbt:0006865)
GO:0005938	cell cortex	part_of(WBbt:0006873
GO:0005938	cell cortex	part_of(WBbt:0006876
GO:0005938	cell cortex	part_of(WBbt:0006876)
GO:0009986	cell surface	part_of(WBbt:0006925)
GO:0031932	TORC2 complex	part_of(WBbt:0006931)
GO:0031931	TORC1 complex	part_of(WBbt:0006931)
GO:0030424	axon	part_of(WBbt:0006974)
GO:0000793	condensed chromosome	part_of(WBbt:0007028
GO:1990023	mitotic spindle midzone	part_of(WBbt:0007028
GO:1990023	mitotic spindle midzone	part_of(WBbt:0007028
GO:1990023	mitotic spindle midzone	part_of(WBbt:0007028
GO:0005813	centrosome	part_of(WBbt:0007276)
GO:0031430	M band	part_of(WBbt:0007803)
GO:0055120	striated muscle dense body	part_of(WBbt:0007803)
GO:1903539	protein localization to postsynaptic membrane	part_of(WBbt:0007804
GO:0030425	dendrite	part_of(WBbt:0007804)
GO:0045211	postsynaptic membrane	part_of(WBbt:0007804)
GO:0043025	neuronal cell body	part_of(WBbt:0007804)
GO:0031430	M band	part_of(WBbt:0007810)
GO:0055120	striated muscle dense body	part_of(WBbt:0007810)
GO:0016020	membrane	part_of(WBbt:0007816
GO:0005634	nucleus	part_of(WBbt:0007846)
GO:0070971	endoplasmic reticulum exit site	part_of(WBbt:0007846)
GO:0016324	apical plasma membrane	part_of(WBbt:0007846)
GO:0005811	lipid particle	part_of(WBbt:0007846)
GO:0005913	cell-cell adherens junction	part_of(WBbt:0007846)
GO:0005730	nucleolus	part_of(WBbt:0007846)
GO:0005634	nucleus	part_of(WBbt:0007846)
GO:0070971	endoplasmic reticulum exit site	part_of(WBbt:0007846)
GO:0005730	nucleolus	part_of(WBbt:0007846)
GO:0005654	nucleoplasm	part_of(WBbt:0007846)
GO:0005737	cytoplasm	part_of(WBbt:0007846)
GO:0005887	integral component of plasma membrane	part_of(WBbt:0007846)
GO:0005913	cell-cell adherens junction	part_of(WBbt:0007846)
GO:0005634	nucleus	part_of(WBbt:0007854
GO:0005634	nucleus	part_of(WBbt:0008218)
GO:0043025	neuronal cell body	part_of(WBbt:0008431)
GO:0030424	axon	part_of(WBbt:0008431)
GO:0048471	perinuclear region of cytoplasm	part_of(WBls:0000003)
GO:0005737	cytoplasm	part_of(WBls:0000018)
GO:0005634	nucleus	part_of(WBls:0000041
GO:0005622	intracellular	part_of(WBls:0005175
GO:0005622	intracellular	part_of(WBls:0005451
GO:0005622	intracellular	part_of(WBls:0005751
GO:0005622	intracellular	part_of(WBls:0005751)
GO:0005622	intracellular	part_of(WBls:0006804
GO:0005515	protein binding	positively_regulates(GO:0001076)
GO:0005515	protein binding	positively_regulates(GO:0001076)
GO:0035195	gene silencing by miRNA	positively_regulates(GO:0003300)
GO:0005515	protein binding	positively_regulates(GO:0003729
GO:0005524	ATP binding	positively_regulates(GO:0004004
GO:0035195	gene silencing by miRNA	positively_regulates(GO:0004222)
GO:0035195	gene silencing by miRNA	positively_regulates(GO:0004222)
GO:0035195	gene silencing by miRNA	positively_regulates(GO:0004222)
GO:0035195	gene silencing by miRNA	positively_regulates(GO:0004222)
GO:0006468	protein phosphorylation	positively_regulates(GO:0004674
GO:2001170	negative regulation of ATP biosynthetic process	positively_regulates(GO:0004679
GO:0016567	protein ubiquitination	positively_regulates(GO:0005515
GO:0005515	protein binding	positively_regulates(GO:0006412)
GO:0032947	protein complex scaffold	positively_regulates(GO:0006413)
GO:0050821	protein stabilization	positively_regulates(GO:0007173)
GO:0099639	neurotransmitter receptor transport, endosome to plasma membrane	positively_regulates(GO:0007212)
GO:0099639	neurotransmitter receptor transport, endosome to plasma membrane	positively_regulates(GO:0007212)
GO:0045944	positive regulation of transcription from RNA polymerase II promoter	positively_regulates(GO:0008283)
GO:0006412	translation	positively_regulates(GO:0008283)
GO:0000979	RNA polymerase II core promoter sequence-specific DNA binding	positively_regulates(GO:0008283)
GO:0046982	protein heterodimerization activity	positively_regulates(GO:0008283)
GO:1902894	negative regulation of pri-miRNA transcription from RNA polymerase II promoter	positively_regulates(GO:0010659)
GO:0010666	positive regulation of cardiac muscle cell apoptotic process	positively_regulates(GO:0010659)
GO:0006468	protein phosphorylation	positively_regulates(GO:0015075)
GO:0005516	calmodulin binding	positively_regulates(GO:0016082)
GO:0035195	gene silencing by miRNA	positively_regulates(GO:0016477
GO:0035195	gene silencing by miRNA	positively_regulates(GO:0016477)
GO:0010801	negative regulation of peptidyl-threonine phosphorylation	positively_regulates(GO:0018108)
GO:0005515	protein binding	positively_regulates(GO:0018108)
GO:1905438	non-canonical Wnt signaling pathway involved in midbrain dopaminergic neuron differentiation	positively_regulates(GO:0030154)
GO:0045741	positive regulation of epidermal growth factor-activated receptor activity	positively_regulates(GO:0031623)
GO:1905283	negative regulation of epidermal growth factor receptor signaling pathway involved in heart process	positively_regulates(GO:0035051
GO:0035195	gene silencing by miRNA	positively_regulates(GO:0035051)
GO:0050821	protein stabilization	positively_regulates(GO:0035791)
GO:0001934	positive regulation of protein phosphorylation	positively_regulates(GO:0043491)
GO:0035195	gene silencing by miRNA	positively_regulates(GO:0043491)
GO:0010628	positive regulation of gene expression	positively_regulates(GO:0045444)
GO:0035195	gene silencing by miRNA	positively_regulates(GO:0045446)
GO:0005515	protein binding	positively_regulates(GO:0050840)
GO:0035195	gene silencing by miRNA	positively_regulates(GO:0051145)
GO:0010628	positive regulation of gene expression	positively_regulates(GO:0051145)
GO:0003779	actin binding	positively_regulates(GO:0070997
GO:0032930	positive regulation of superoxide anion generation	positively_regulates(GO:0070997)
GO:0090258	negative regulation of mitochondrial fission	positively_regulates(GO:0070997)
GO:2000052	positive regulation of non-canonical Wnt signaling pathway	positively_regulates(GO:0071542)
GO:0090263	positive regulation of canonical Wnt signaling pathway	positively_regulates(GO:0071542)
GO:1904340	positive regulation of dopaminergic neuron differentiation	positively_regulates(GO:0071542)
GO:0016567	protein ubiquitination	positively_regulates(GO:0072657)
GO:1900020	positive regulation of protein kinase C activity	positively_regulates(GO:0072659)
GO:0051897	positive regulation of protein kinase B signaling	positively_regulates(GO:1904738)
GO:0060394	negative regulation of pathway-restricted SMAD protein phosphorylation	positively_regulates(GO:1990874)
GO:0060394	negative regulation of pathway-restricted SMAD protein phosphorylation	positively_regulates(GO:1990874)
GO:0030512	negative regulation of transforming growth factor beta receptor signaling pathway	positively_regulates(GO:1990874)
GO:0030512	negative regulation of transforming growth factor beta receptor signaling pathway	positively_regulates(GO:1990874)
GO:0072563	endothelial microparticle	produced_by(CL:0000071
GO:0070062	extracellular exosome	produced_by(CL:0000134)
GO:0005615	extracellular space	produced_by(CL:0000233)
GO:0005615	extracellular space	produced_by(CL:0000235
GO:0070062	extracellular exosome	produced_by(CL:0000236)
GO:0070062	extracellular exosome	produced_by(CL:0000669)
GO:0070062	extracellular exosome	produced_by(CL:0000738
GO:0070062	extracellular exosome	produced_by(CL:0000738)
GO:0005615	extracellular space	produced_by(CL:0000738)
GO:0005615	extracellular space	produced_by(CL:0002548)
GO:0070062	extracellular exosome	produced_by(CL:0002548)
GO:0070062	extracellular exosome	produced_by(CL:0002563)
GO:0070062	extracellular exosome	produced_by(CL:0002591)
GO:0070062	extracellular exosome	produced_by(CL:2000001)
GO:0005615	extracellular space	produced_by(WBbt:0005792)
GO:0035195	gene silencing by miRNA	regulates(GO:0002040)
GO:0035195	gene silencing by miRNA	regulates(GO:0002042)
GO:0035195	gene silencing by miRNA	regulates(GO:0002154)
GO:0035195	gene silencing by miRNA	regulates(GO:0004693)
GO:0006654	phosphatidic acid biosynthetic process	regulates(GO:0006094)
GO:0060070	canonical Wnt signaling pathway	regulates(GO:0006366)
GO:0035195	gene silencing by miRNA	regulates(GO:0006915)
GO:0035278	miRNA mediated inhibition of translation	regulates(GO:0006915)
GO:0035195	gene silencing by miRNA	regulates(GO:0006915)
GO:0080135	regulation of cellular response to stress	regulates(GO:0007005)
GO:0090141	positive regulation of mitochondrial fission	regulates(GO:0007005)
GO:0035195	gene silencing by miRNA	regulates(GO:0007259)
GO:0035195	gene silencing by miRNA	regulates(GO:0007259)
GO:0035195	gene silencing by miRNA	regulates(GO:0008283
GO:0035195	gene silencing by miRNA	regulates(GO:0008283)
GO:0014068	positive regulation of phosphatidylinositol 3-kinase signaling	regulates(GO:0010421)
GO:0035195	gene silencing by miRNA	regulates(GO:0016477)
GO:0048018	receptor agonist activity	regulates(GO:0019722)
GO:0048018	receptor agonist activity	regulates(GO:0019722)
GO:0035195	gene silencing by miRNA	regulates(GO:0030855)
GO:0010628	positive regulation of gene expression	regulates(GO:0032905)
GO:0010628	positive regulation of gene expression	regulates(GO:0032905)
GO:1902074	response to salt	regulates(GO:0034061)
GO:0010628	positive regulation of gene expression	regulates(GO:0035195
GO:1902895	positive regulation of pri-miRNA transcription from RNA polymerase II promoter	regulates(GO:0035195)
GO:0039656	modulation by virus of host gene expression	regulates(GO:0035195)
GO:0039656	modulation by virus of host gene expression	regulates(GO:0035195)
GO:0035195	gene silencing by miRNA	regulates(GO:0036446)
GO:0035195	gene silencing by miRNA	regulates(GO:0036462)
GO:0035195	gene silencing by miRNA	regulates(GO:0036462)
GO:1900451	positive regulation of glutamate receptor signaling pathway	regulates(GO:0042982)
GO:0035195	gene silencing by miRNA	regulates(GO:0045444)
GO:0035195	gene silencing by miRNA	regulates(GO:0048144
GO:0010629	negative regulation of gene expression	regulates(GO:0050901
GO:0035195	gene silencing by miRNA	regulates(GO:0055007)
GO:1905205	positive regulation of connective tissue replacement	regulates(GO:0061026)
GO:0035195	gene silencing by miRNA	regulates(GO:0061316)
GO:0042517	positive regulation of tyrosine phosphorylation of Stat3 protein	regulates(GO:0061614
GO:0035195	gene silencing by miRNA	regulates(GO:0070265)
GO:0000982	transcription factor activity, RNA polymerase II core promoter proximal region sequence-specific binding	regulates(GO:0070814
GO:0035195	gene silencing by miRNA	regulates(GO:0090398
GO:0035195	gene silencing by miRNA	regulates(GO:0097193)
GO:0035278	miRNA mediated inhibition of translation	regulates(GO:1990874)
GO:0035195	gene silencing by miRNA	regulates(GO:1990874)
GO:0035278	miRNA mediated inhibition of translation	regulates(GO:1990874)
GO:0005096	GTPase activator activity	regulates_activity_of(UniProtKB:O14966)
GO:1900264	positive regulation of DNA-directed DNA polymerase activity	regulates_activity_of(UniProtKB:P04293)
GO:0004857	enzyme inhibitor activity	regulates_activity_of(UniProtKB:P25454)
GO:1900264	positive regulation of DNA-directed DNA polymerase activity	regulates_activity_of(UniProtKB:P28858)
GO:0030295	protein kinase activator activity	regulates_activity_of(UniProtKB:P42345)
GO:0000187	activation of MAPK activity	regulates_activity_of(UniProtKB:P42525)
GO:0090218	positive regulation of lipid kinase activity	regulates_activity_of(UniProtKB:P52824
GO:0005096	GTPase activator activity	regulates_activity_of(UniProtKB:P57729)
GO:0005096	GTPase activator activity	regulates_activity_of(UniProtKB:Q03206)
GO:0005096	GTPase activator activity	regulates_activity_of(UniProtKB:Q13637)
GO:0043552	positive regulation of phosphatidylinositol 3-kinase activity	regulates_activity_of(UniProtKB:Q8NEB9)
GO:0030295	protein kinase activator activity	regulates_activity_of(UniProtKB:Q95Q95)
GO:0032516	positive regulation of phosphoprotein phosphatase activity	regulates_activity_of(UniProtKB:Q9NES8)
GO:0006469	negative regulation of protein kinase activity	regulates_activity_of(WB:WBGene00000102
GO:0010628	positive regulation of gene expression	regulates_expression_of(DDB:DDB_G0269132)
GO:0010629	negative regulation of gene expression	regulates_expression_of(DDB:DDB_G0276761)
GO:0010629	negative regulation of gene expression	regulates_expression_of(DDB:DDB_G0276939
GO:0010628	positive regulation of gene expression	regulates_expression_of(DDB:DDB_G0277853
GO:0010629	negative regulation of gene expression	regulates_expression_of(ENSEMBL:ENSBTAG00000002472)
GO:0010629	negative regulation of gene expression	regulates_expression_of(ENSEMBL:ENSBTAG00000003711
GO:0010629	negative regulation of gene expression	regulates_expression_of(ENSEMBL:ENSBTAG00000015874
GO:0035195	gene silencing by miRNA	regulates_expression_of(ENSEMBL:ENSBTAG00000037811
GO:0035195	gene silencing by miRNA	regulates_expression_of(ENSEMBL:ENSBTAG00000045828
GO:0035195	gene silencing by miRNA	regulates_expression_of(ENSEMBL:ENSBTAG00000045828
GO:0035195	gene silencing by miRNA	regulates_expression_of(ENSEMBL:ENSCAFG00000014548
GO:0035195	gene silencing by miRNA	regulates_expression_of(ENSEMBL:ENSCAFG00000014812
GO:0035195	gene silencing by miRNA	regulates_expression_of(ENSEMBL:ENSCAFG00000017018
GO:0035195	gene silencing by miRNA	regulates_expression_of(ENSEMBL:ENSDARG00000012281)
GO:0035195	gene silencing by miRNA	regulates_expression_of(ENSEMBL:ENSDARG00000014571
GO:0035195	gene silencing by miRNA	regulates_expression_of(ENSEMBL:ENSDARG00000030967)
GO:0035195	gene silencing by miRNA	regulates_expression_of(ENSEMBL:ENSDARG00000035169)
GO:0035195	gene silencing by miRNA	regulates_expression_of(ENSEMBL:ENSDARG00000043697)
GO:0010468	regulation of gene expression	regulates_expression_of(ENSEMBL:ENSDARG00000044059
GO:0035195	gene silencing by miRNA	regulates_expression_of(ENSEMBL:ENSDARG00000058206)
GO:0035195	gene silencing by miRNA	regulates_expression_of(ENSEMBL:ENSDARG00000061405)
GO:0035195	gene silencing by miRNA	regulates_expression_of(ENSEMBL:ENSDARG00000088255)
GO:0010468	regulation of gene expression	regulates_expression_of(ENSEMBL:ENSDARG00000098952
GO:0010468	regulation of gene expression	regulates_expression_of(ENSEMBL:ENSDARG00000101919
GO:0010628	positive regulation of gene expression	regulates_expression_of(ENSEMBL:ENSG00000004799
GO:0035195	gene silencing by miRNA	regulates_expression_of(ENSEMBL:ENSG00000005302)
GO:0035195	gene silencing by miRNA	regulates_expression_of(ENSEMBL:ENSG00000006210
GO:0010628	positive regulation of gene expression	regulates_expression_of(ENSEMBL:ENSG00000006210)
GO:0035195	gene silencing by miRNA	regulates_expression_of(ENSEMBL:ENSG00000006468)
GO:0035195	gene silencing by miRNA	regulates_expression_of(ENSEMBL:ENSG00000006555
GO:0035195	gene silencing by miRNA	regulates_expression_of(ENSEMBL:ENSG00000006659
GO:0010629	negative regulation of gene expression	regulates_expression_of(ENSEMBL:ENSG00000007908
GO:0035195	gene silencing by miRNA	regulates_expression_of(ENSEMBL:ENSG00000007908
GO:0010628	positive regulation of gene expression	regulates_expression_of(ENSEMBL:ENSG00000007908
GO:0010628	positive regulation of gene expression	regulates_expression_of(ENSEMBL:ENSG00000007908
GO:0010628	positive regulation of gene expression	regulates_expression_of(ENSEMBL:ENSG00000007908
GO:0035195	gene silencing by miRNA	regulates_expression_of(ENSEMBL:ENSG00000008277
GO:0035195	gene silencing by miRNA	regulates_expression_of(ENSEMBL:ENSG00000010244
GO:0035195	gene silencing by miRNA	regulates_expression_of(ENSEMBL:ENSG00000011304
GO:0010628	positive regulation of gene expression	regulates_expression_of(ENSEMBL:ENSG00000026025)
GO:0035195	gene silencing by miRNA	regulates_expression_of(ENSEMBL:ENSG00000034152)
GO:0035195	gene silencing by miRNA	regulates_expression_of(ENSEMBL:ENSG00000035403)
GO:0035195	gene silencing by miRNA	regulates_expression_of(ENSEMBL:ENSG00000038274)
GO:0035195	gene silencing by miRNA	regulates_expression_of(ENSEMBL:ENSG00000039068)
GO:0035195	gene silencing by miRNA	regulates_expression_of(ENSEMBL:ENSG00000043591
GO:0035195	gene silencing by miRNA	regulates_expression_of(ENSEMBL:ENSG00000043591)
GO:0060965	negative regulation of gene silencing by miRNA	regulates_expression_of(ENSEMBL:ENSG00000049540
GO:0035195	gene silencing by miRNA	regulates_expression_of(ENSEMBL:ENSG00000049540
GO:0035195	gene silencing by miRNA	regulates_expression_of(ENSEMBL:ENSG00000050165)
GO:0035278	miRNA mediated inhibition of translation	regulates_expression_of(ENSEMBL:ENSG00000050165)
GO:0010629	negative regulation of gene expression	regulates_expression_of(ENSEMBL:ENSG00000050165)
GO:0035195	gene silencing by miRNA	regulates_expression_of(ENSEMBL:ENSG00000053918
GO:0035195	gene silencing by miRNA	regulates_expression_of(ENSEMBL:ENSG00000058085
GO:0035195	gene silencing by miRNA	regulates_expression_of(ENSEMBL:ENSG00000058085)
GO:0010628	positive regulation of gene expression	regulates_expression_of(ENSEMBL:ENSG00000062716
GO:0035195	gene silencing by miRNA	regulates_expression_of(ENSEMBL:ENSG00000066027)
GO:0035195	gene silencing by miRNA	regulates_expression_of(ENSEMBL:ENSG00000066044)
GO:0035195	gene silencing by miRNA	regulates_expression_of(ENSEMBL:ENSG00000067191)
GO:0035195	gene silencing by miRNA	regulates_expression_of(ENSEMBL:ENSG00000069275)
GO:0035195	gene silencing by miRNA	regulates_expression_of(ENSEMBL:ENSG00000069667)
GO:0035195	gene silencing by miRNA	regulates_expression_of(ENSEMBL:ENSG00000069702)
GO:0060965	negative regulation of gene silencing by miRNA	regulates_expression_of(ENSEMBL:ENSG00000070018
GO:0035195	gene silencing by miRNA	regulates_expression_of(ENSEMBL:ENSG00000070018)
GO:0035195	gene silencing by miRNA	regulates_expression_of(ENSEMBL:ENSG00000070770)
GO:0010628	positive regulation of gene expression	regulates_expression_of(ENSEMBL:ENSG00000072310)
GO:0010628	positive regulation of gene expression	regulates_expression_of(ENSEMBL:ENSG00000073060)
GO:0035195	gene silencing by miRNA	regulates_expression_of(ENSEMBL:ENSG00000073282)
GO:0035195	gene silencing by miRNA	regulates_expression_of(ENSEMBL:ENSG00000075391)
GO:0035195	gene silencing by miRNA	regulates_expression_of(ENSEMBL:ENSG00000075420)
GO:0035195	gene silencing by miRNA	regulates_expression_of(ENSEMBL:ENSG00000075618)
GO:0035195	gene silencing by miRNA	regulates_expression_of(ENSEMBL:ENSG00000077782
GO:0035195	gene silencing by miRNA	regulates_expression_of(ENSEMBL:ENSG00000077782
GO:0035195	gene silencing by miRNA	regulates_expression_of(ENSEMBL:ENSG00000077782)
GO:0010628	positive regulation of gene expression	regulates_expression_of(ENSEMBL:ENSG00000079435)
GO:0035195	gene silencing by miRNA	regulates_expression_of(ENSEMBL:ENSG00000081189)
GO:0035195	gene silencing by miRNA	regulates_expression_of(ENSEMBL:ENSG00000083845)
GO:0035195	gene silencing by miRNA	regulates_expression_of(ENSEMBL:ENSG00000086548
GO:0010629	negative regulation of gene expression	regulates_expression_of(ENSEMBL:ENSG00000087088)
GO:0035195	gene silencing by miRNA	regulates_expression_of(ENSEMBL:ENSG00000087245
GO:0010629	negative regulation of gene expression	regulates_expression_of(ENSEMBL:ENSG00000087245
GO:0035195	gene silencing by miRNA	regulates_expression_of(ENSEMBL:ENSG00000087245
GO:0010628	positive regulation of gene expression	regulates_expression_of(ENSEMBL:ENSG00000087245
GO:0035195	gene silencing by miRNA	regulates_expression_of(ENSEMBL:ENSG00000087245)
GO:0010628	positive regulation of gene expression	regulates_expression_of(ENSEMBL:ENSG00000087245)
GO:0010628	positive regulation of gene expression	regulates_expression_of(ENSEMBL:ENSG00000087470)
GO:0035195	gene silencing by miRNA	regulates_expression_of(ENSEMBL:ENSG00000088305)
GO:0035195	gene silencing by miRNA	regulates_expression_of(ENSEMBL:ENSG00000088387
GO:0035278	miRNA mediated inhibition of translation	regulates_expression_of(ENSEMBL:ENSG00000090339
GO:0010628	positive regulation of gene expression	regulates_expression_of(ENSEMBL:ENSG00000090339
GO:0035195	gene silencing by miRNA	regulates_expression_of(ENSEMBL:ENSG00000090339
GO:0035195	gene silencing by miRNA	regulates_expression_of(ENSEMBL:ENSG00000090339
GO:0010628	positive regulation of gene expression	regulates_expression_of(ENSEMBL:ENSG00000090339
GO:0035195	gene silencing by miRNA	regulates_expression_of(ENSEMBL:ENSG00000090339)
GO:0010629	negative regulation of gene expression	regulates_expression_of(ENSEMBL:ENSG00000090339)
GO:0035195	gene silencing by miRNA	regulates_expression_of(ENSEMBL:ENSG00000090339)
GO:0035195	gene silencing by miRNA	regulates_expression_of(ENSEMBL:ENSG00000090863
GO:0035195	gene silencing by miRNA	regulates_expression_of(ENSEMBL:ENSG00000091039)
GO:0035195	gene silencing by miRNA	regulates_expression_of(ENSEMBL:ENSG00000091409
GO:0035195	gene silencing by miRNA	regulates_expression_of(ENSEMBL:ENSG00000092421)
GO:0035195	gene silencing by miRNA	regulates_expression_of(ENSEMBL:ENSG00000092871
GO:0035195	gene silencing by miRNA	regulates_expression_of(ENSEMBL:ENSG00000092871)
GO:0035195	gene silencing by miRNA	regulates_expression_of(ENSEMBL:ENSG00000095794)
GO:0035195	gene silencing by miRNA	regulates_expression_of(ENSEMBL:ENSG00000096060)
GO:0035195	gene silencing by miRNA	regulates_expression_of(ENSEMBL:ENSG00000099250)
GO:0035195	gene silencing by miRNA	regulates_expression_of(ENSEMBL:ENSG00000099810)
GO:0035195	gene silencing by miRNA	regulates_expression_of(ENSEMBL:ENSG00000100219
GO:0010628	positive regulation of gene expression	regulates_expression_of(ENSEMBL:ENSG00000100225)
GO:0010628	positive regulation of gene expression	regulates_expression_of(ENSEMBL:ENSG00000100234
GO:0035195	gene silencing by miRNA	regulates_expression_of(ENSEMBL:ENSG00000100234)
GO:0035195	gene silencing by miRNA	regulates_expression_of(ENSEMBL:ENSG00000100697)
GO:0010629	negative regulation of gene expression	regulates_expression_of(ENSEMBL:ENSG00000100906)
GO:0010629	negative regulation of gene expression	regulates_expression_of(ENSEMBL:ENSG00000100985
GO:0010628	positive regulation of gene expression	regulates_expression_of(ENSEMBL:ENSG00000100985
GO:0010629	negative regulation of gene expression	regulates_expression_of(ENSEMBL:ENSG00000101144
GO:0035195	gene silencing by miRNA	regulates_expression_of(ENSEMBL:ENSG00000101346)
GO:0035195	gene silencing by miRNA	regulates_expression_of(ENSEMBL:ENSG00000101367)
GO:0035195	gene silencing by miRNA	regulates_expression_of(ENSEMBL:ENSG00000101384)
GO:0035195	gene silencing by miRNA	regulates_expression_of(ENSEMBL:ENSG00000101665
GO:0035195	gene silencing by miRNA	regulates_expression_of(ENSEMBL:ENSG00000101665)
GO:0035195	gene silencing by miRNA	regulates_expression_of(ENSEMBL:ENSG00000102081)
GO:0035195	gene silencing by miRNA	regulates_expression_of(ENSEMBL:ENSG00000102974)
GO:0035278	miRNA mediated inhibition of translation	regulates_expression_of(ENSEMBL:ENSG00000103855)
GO:0035195	gene silencing by miRNA	regulates_expression_of(ENSEMBL:ENSG00000104290)
GO:0035195	gene silencing by miRNA	regulates_expression_of(ENSEMBL:ENSG00000104368)
GO:0035195	gene silencing by miRNA	regulates_expression_of(ENSEMBL:ENSG00000104447)
GO:0035195	gene silencing by miRNA	regulates_expression_of(ENSEMBL:ENSG00000104695)
GO:0035195	gene silencing by miRNA	regulates_expression_of(ENSEMBL:ENSG00000104765)
GO:0035195	gene silencing by miRNA	regulates_expression_of(ENSEMBL:ENSG00000104765)
GO:0035195	gene silencing by miRNA	regulates_expression_of(ENSEMBL:ENSG00000105173
GO:0035195	gene silencing by miRNA	regulates_expression_of(ENSEMBL:ENSG00000105173)
GO:0035195	gene silencing by miRNA	regulates_expression_of(ENSEMBL:ENSG00000105173)
GO:0035195	gene silencing by miRNA	regulates_expression_of(ENSEMBL:ENSG00000105221
GO:0035195	gene silencing by miRNA	regulates_expression_of(ENSEMBL:ENSG00000105327)
GO:0035195	gene silencing by miRNA	regulates_expression_of(ENSEMBL:ENSG00000105329)
GO:0035195	gene silencing by miRNA	regulates_expression_of(ENSEMBL:ENSG00000105810)
GO:0035195	gene silencing by miRNA	regulates_expression_of(ENSEMBL:ENSG00000105976)
GO:0035195	gene silencing by miRNA	regulates_expression_of(ENSEMBL:ENSG00000106366
GO:0035195	gene silencing by miRNA	regulates_expression_of(ENSEMBL:ENSG00000106397)
GO:0035195	gene silencing by miRNA	regulates_expression_of(ENSEMBL:ENSG00000106799)
GO:0035195	gene silencing by miRNA	regulates_expression_of(ENSEMBL:ENSG00000107864)
GO:0035195	gene silencing by miRNA	regulates_expression_of(ENSEMBL:ENSG00000108064
GO:0035195	gene silencing by miRNA	regulates_expression_of(ENSEMBL:ENSG00000108179)
GO:0035195	gene silencing by miRNA	regulates_expression_of(ENSEMBL:ENSG00000108443)
GO:0035195	gene silencing by miRNA	regulates_expression_of(ENSEMBL:ENSG00000108510)
GO:0010629	negative regulation of gene expression	regulates_expression_of(ENSEMBL:ENSG00000108691
GO:0010628	positive regulation of gene expression	regulates_expression_of(ENSEMBL:ENSG00000108691
GO:0010628	positive regulation of gene expression	regulates_expression_of(ENSEMBL:ENSG00000108691
GO:0035195	gene silencing by miRNA	regulates_expression_of(ENSEMBL:ENSG00000108691
GO:0035195	gene silencing by miRNA	regulates_expression_of(ENSEMBL:ENSG00000108773)
GO:0035195	gene silencing by miRNA	regulates_expression_of(ENSEMBL:ENSG00000108786
GO:0060965	negative regulation of gene silencing by miRNA	regulates_expression_of(ENSEMBL:ENSG00000108821
GO:0060965	negative regulation of gene silencing by miRNA	regulates_expression_of(ENSEMBL:ENSG00000108821
GO:0035195	gene silencing by miRNA	regulates_expression_of(ENSEMBL:ENSG00000108821
GO:0035195	gene silencing by miRNA	regulates_expression_of(ENSEMBL:ENSG00000108821
GO:0035195	gene silencing by miRNA	regulates_expression_of(ENSEMBL:ENSG00000108821
GO:0010628	positive regulation of gene expression	regulates_expression_of(ENSEMBL:ENSG00000108821
GO:0035195	gene silencing by miRNA	regulates_expression_of(ENSEMBL:ENSG00000108821
GO:0035195	gene silencing by miRNA	regulates_expression_of(ENSEMBL:ENSG00000108821
GO:0035195	gene silencing by miRNA	regulates_expression_of(ENSEMBL:ENSG00000108821
GO:0035195	gene silencing by miRNA	regulates_expression_of(ENSEMBL:ENSG00000108821
GO:0010628	positive regulation of gene expression	regulates_expression_of(ENSEMBL:ENSG00000108821)
GO:0035195	gene silencing by miRNA	regulates_expression_of(ENSEMBL:ENSG00000108821)
GO:0035195	gene silencing by miRNA	regulates_expression_of(ENSEMBL:ENSG00000109101
GO:0035195	gene silencing by miRNA	regulates_expression_of(ENSEMBL:ENSG00000109320)
GO:0035195	gene silencing by miRNA	regulates_expression_of(ENSEMBL:ENSG00000109610)
GO:0035195	gene silencing by miRNA	regulates_expression_of(ENSEMBL:ENSG00000109805)
GO:0010628	positive regulation of gene expression	regulates_expression_of(ENSEMBL:ENSG00000110092)
GO:0035195	gene silencing by miRNA	regulates_expression_of(ENSEMBL:ENSG00000110092)
GO:0035195	gene silencing by miRNA	regulates_expression_of(ENSEMBL:ENSG00000110693
GO:0035195	gene silencing by miRNA	regulates_expression_of(ENSEMBL:ENSG00000110693
GO:0035195	gene silencing by miRNA	regulates_expression_of(ENSEMBL:ENSG00000111012)
GO:0035195	gene silencing by miRNA	regulates_expression_of(ENSEMBL:ENSG00000111276
GO:0035195	gene silencing by miRNA	regulates_expression_of(ENSEMBL:ENSG00000111276)
GO:0035195	gene silencing by miRNA	regulates_expression_of(ENSEMBL:ENSG00000111276)
GO:0035195	gene silencing by miRNA	regulates_expression_of(ENSEMBL:ENSG00000111276)
GO:0035195	gene silencing by miRNA	regulates_expression_of(ENSEMBL:ENSG00000111276)
GO:0035195	gene silencing by miRNA	regulates_expression_of(ENSEMBL:ENSG00000112033)
GO:0035195	gene silencing by miRNA	regulates_expression_of(ENSEMBL:ENSG00000112096)
GO:0035195	gene silencing by miRNA	regulates_expression_of(ENSEMBL:ENSG00000112486)
GO:0035195	gene silencing by miRNA	regulates_expression_of(ENSEMBL:ENSG00000112715
GO:0035195	gene silencing by miRNA	regulates_expression_of(ENSEMBL:ENSG00000112715
GO:0035195	gene silencing by miRNA	regulates_expression_of(ENSEMBL:ENSG00000112715
GO:0035195	gene silencing by miRNA	regulates_expression_of(ENSEMBL:ENSG00000112715)
GO:0035278	miRNA mediated inhibition of translation	regulates_expression_of(ENSEMBL:ENSG00000112715)
GO:0035195	gene silencing by miRNA	regulates_expression_of(ENSEMBL:ENSG00000113083)
GO:0035195	gene silencing by miRNA	regulates_expression_of(ENSEMBL:ENSG00000113140
GO:0035195	gene silencing by miRNA	regulates_expression_of(ENSEMBL:ENSG00000113140)
GO:0035195	gene silencing by miRNA	regulates_expression_of(ENSEMBL:ENSG00000113575)
GO:0010629	negative regulation of gene expression	regulates_expression_of(ENSEMBL:ENSG00000113658)
GO:0010629	negative regulation of gene expression	regulates_expression_of(ENSEMBL:ENSG00000113739
GO:0035195	gene silencing by miRNA	regulates_expression_of(ENSEMBL:ENSG00000113742)
GO:0035195	gene silencing by miRNA	regulates_expression_of(ENSEMBL:ENSG00000113916
GO:0035195	gene silencing by miRNA	regulates_expression_of(ENSEMBL:ENSG00000113916)
GO:0035195	gene silencing by miRNA	regulates_expression_of(ENSEMBL:ENSG00000114166)
GO:0035195	gene silencing by miRNA	regulates_expression_of(ENSEMBL:ENSG00000114353)
GO:0035195	gene silencing by miRNA	regulates_expression_of(ENSEMBL:ENSG00000115009)
GO:0035195	gene silencing by miRNA	regulates_expression_of(ENSEMBL:ENSG00000115232
GO:0035195	gene silencing by miRNA	regulates_expression_of(ENSEMBL:ENSG00000115310)
GO:0035195	gene silencing by miRNA	regulates_expression_of(ENSEMBL:ENSG00000115355
GO:0035195	gene silencing by miRNA	regulates_expression_of(ENSEMBL:ENSG00000115504)
GO:0010629	negative regulation of gene expression	regulates_expression_of(ENSEMBL:ENSG00000115738
GO:0010628	positive regulation of gene expression	regulates_expression_of(ENSEMBL:ENSG00000115738
GO:0010629	negative regulation of gene expression	regulates_expression_of(ENSEMBL:ENSG00000116016
GO:0035195	gene silencing by miRNA	regulates_expression_of(ENSEMBL:ENSG00000116198
GO:0035195	gene silencing by miRNA	regulates_expression_of(ENSEMBL:ENSG00000116641
GO:0035195	gene silencing by miRNA	regulates_expression_of(ENSEMBL:ENSG00000117013)
GO:0035195	gene silencing by miRNA	regulates_expression_of(ENSEMBL:ENSG00000117020)
GO:0035278	miRNA mediated inhibition of translation	regulates_expression_of(ENSEMBL:ENSG00000117020)
GO:0035195	gene silencing by miRNA	regulates_expression_of(ENSEMBL:ENSG00000117525
GO:0010628	positive regulation of gene expression	regulates_expression_of(ENSEMBL:ENSG00000117525
GO:0035195	gene silencing by miRNA	regulates_expression_of(ENSEMBL:ENSG00000117560)
GO:0035195	gene silencing by miRNA	regulates_expression_of(ENSEMBL:ENSG00000117560)
GO:0035195	gene silencing by miRNA	regulates_expression_of(ENSEMBL:ENSG00000117560)
GO:0035195	gene silencing by miRNA	regulates_expression_of(ENSEMBL:ENSG00000118689)
GO:0035195	gene silencing by miRNA	regulates_expression_of(ENSEMBL:ENSG00000118971
GO:0035195	gene silencing by miRNA	regulates_expression_of(ENSEMBL:ENSG00000119772)
GO:0035195	gene silencing by miRNA	regulates_expression_of(ENSEMBL:ENSG00000119950)
GO:0035195	gene silencing by miRNA	regulates_expression_of(ENSEMBL:ENSG00000120075)
GO:0035195	gene silencing by miRNA	regulates_expression_of(ENSEMBL:ENSG00000120280
GO:0035195	gene silencing by miRNA	regulates_expression_of(ENSEMBL:ENSG00000120708)
GO:0035195	gene silencing by miRNA	regulates_expression_of(ENSEMBL:ENSG00000120868)
GO:0035195	gene silencing by miRNA	regulates_expression_of(ENSEMBL:ENSG00000120868)
GO:0035195	gene silencing by miRNA	regulates_expression_of(ENSEMBL:ENSG00000120885)
GO:0010628	positive regulation of gene expression	regulates_expression_of(ENSEMBL:ENSG00000120889
GO:0035195	gene silencing by miRNA	regulates_expression_of(ENSEMBL:ENSG00000120889)
GO:0010628	positive regulation of gene expression	regulates_expression_of(ENSEMBL:ENSG00000120907
GO:0035195	gene silencing by miRNA	regulates_expression_of(ENSEMBL:ENSG00000122707
GO:0035278	miRNA mediated inhibition of translation	regulates_expression_of(ENSEMBL:ENSG00000122707)
GO:2000637	positive regulation of gene silencing by miRNA	regulates_expression_of(ENSEMBL:ENSG00000122707)
GO:0035195	gene silencing by miRNA	regulates_expression_of(ENSEMBL:ENSG00000122707)
GO:0035195	gene silencing by miRNA	regulates_expression_of(ENSEMBL:ENSG00000123500)
GO:0035195	gene silencing by miRNA	regulates_expression_of(ENSEMBL:ENSG00000123700)
GO:0035195	gene silencing by miRNA	regulates_expression_of(ENSEMBL:ENSG00000123700)
GO:0035195	gene silencing by miRNA	regulates_expression_of(ENSEMBL:ENSG00000124216)
GO:0035195	gene silencing by miRNA	regulates_expression_of(ENSEMBL:ENSG00000124762
GO:0010629	negative regulation of gene expression	regulates_expression_of(ENSEMBL:ENSG00000124762
GO:0010629	negative regulation of gene expression	regulates_expression_of(ENSEMBL:ENSG00000124762)
GO:0035195	gene silencing by miRNA	regulates_expression_of(ENSEMBL:ENSG00000124762)
GO:0035195	gene silencing by miRNA	regulates_expression_of(ENSEMBL:ENSG00000124762)
GO:0035195	gene silencing by miRNA	regulates_expression_of(ENSEMBL:ENSG00000124802
GO:0035195	gene silencing by miRNA	regulates_expression_of(ENSEMBL:ENSG00000124831)
GO:0010628	positive regulation of gene expression	regulates_expression_of(ENSEMBL:ENSG00000125084
GO:0035195	gene silencing by miRNA	regulates_expression_of(ENSEMBL:ENSG00000125266
GO:0035195	gene silencing by miRNA	regulates_expression_of(ENSEMBL:ENSG00000125538)
GO:0035195	gene silencing by miRNA	regulates_expression_of(ENSEMBL:ENSG00000125538)
GO:0035195	gene silencing by miRNA	regulates_expression_of(ENSEMBL:ENSG00000125633
GO:0035195	gene silencing by miRNA	regulates_expression_of(ENSEMBL:ENSG00000125965
GO:0010629	negative regulation of gene expression	regulates_expression_of(ENSEMBL:ENSG00000125968
GO:0010628	positive regulation of gene expression	regulates_expression_of(ENSEMBL:ENSG00000125968
GO:0045944	positive regulation of transcription from RNA polymerase II promoter	regulates_expression_of(ENSEMBL:ENSG00000125968
GO:0035195	gene silencing by miRNA	regulates_expression_of(ENSEMBL:ENSG00000126561)
GO:0035195	gene silencing by miRNA	regulates_expression_of(ENSEMBL:ENSG00000126561)
GO:0035195	gene silencing by miRNA	regulates_expression_of(ENSEMBL:ENSG00000126561)
GO:0035195	gene silencing by miRNA	regulates_expression_of(ENSEMBL:ENSG00000126602)
GO:0035278	miRNA mediated inhibition of translation	regulates_expression_of(ENSEMBL:ENSG00000127314)
GO:0035195	gene silencing by miRNA	regulates_expression_of(ENSEMBL:ENSG00000127528
GO:0035195	gene silencing by miRNA	regulates_expression_of(ENSEMBL:ENSG00000127528
GO:0035195	gene silencing by miRNA	regulates_expression_of(ENSEMBL:ENSG00000127528
GO:0035195	gene silencing by miRNA	regulates_expression_of(ENSEMBL:ENSG00000127528)
GO:0035195	gene silencing by miRNA	regulates_expression_of(ENSEMBL:ENSG00000127616)
GO:0035195	gene silencing by miRNA	regulates_expression_of(ENSEMBL:ENSG00000127947)
GO:0010629	negative regulation of gene expression	regulates_expression_of(ENSEMBL:ENSG00000127955
GO:0035195	gene silencing by miRNA	regulates_expression_of(ENSEMBL:ENSG00000128052
GO:0035195	gene silencing by miRNA	regulates_expression_of(ENSEMBL:ENSG00000128052
GO:0035195	gene silencing by miRNA	regulates_expression_of(ENSEMBL:ENSG00000128512
GO:0035195	gene silencing by miRNA	regulates_expression_of(ENSEMBL:ENSG00000128512
GO:0035195	gene silencing by miRNA	regulates_expression_of(ENSEMBL:ENSG00000128513)
GO:0035195	gene silencing by miRNA	regulates_expression_of(ENSEMBL:ENSG00000129757)
GO:0035195	gene silencing by miRNA	regulates_expression_of(ENSEMBL:ENSG00000129757)
GO:0035195	gene silencing by miRNA	regulates_expression_of(ENSEMBL:ENSG00000129757)
GO:0035195	gene silencing by miRNA	regulates_expression_of(ENSEMBL:ENSG00000129757)
GO:0035195	gene silencing by miRNA	regulates_expression_of(ENSEMBL:ENSG00000130158
GO:0010628	positive regulation of gene expression	regulates_expression_of(ENSEMBL:ENSG00000130164)
GO:0010629	negative regulation of gene expression	regulates_expression_of(ENSEMBL:ENSG00000130635
GO:0035195	gene silencing by miRNA	regulates_expression_of(ENSEMBL:ENSG00000130669
GO:0035195	gene silencing by miRNA	regulates_expression_of(ENSEMBL:ENSG00000130669
GO:0035195	gene silencing by miRNA	regulates_expression_of(ENSEMBL:ENSG00000130703)
GO:0010629	negative regulation of gene expression	regulates_expression_of(ENSEMBL:ENSG00000130741
GO:0035195	gene silencing by miRNA	regulates_expression_of(ENSEMBL:ENSG00000130816)
GO:0035195	gene silencing by miRNA	regulates_expression_of(ENSEMBL:ENSG00000131788)
GO:0035195	gene silencing by miRNA	regulates_expression_of(ENSEMBL:ENSG00000132170
GO:0035195	gene silencing by miRNA	regulates_expression_of(ENSEMBL:ENSG00000132330)
GO:0035195	gene silencing by miRNA	regulates_expression_of(ENSEMBL:ENSG00000132470)
GO:0035195	gene silencing by miRNA	regulates_expression_of(ENSEMBL:ENSG00000132470)
GO:0035195	gene silencing by miRNA	regulates_expression_of(ENSEMBL:ENSG00000132612)
GO:0035195	gene silencing by miRNA	regulates_expression_of(ENSEMBL:ENSG00000132972
GO:0010628	positive regulation of gene expression	regulates_expression_of(ENSEMBL:ENSG00000133110
GO:0010629	negative regulation of gene expression	regulates_expression_of(ENSEMBL:ENSG00000134013
GO:0035195	gene silencing by miRNA	regulates_expression_of(ENSEMBL:ENSG00000134046)
GO:0035195	gene silencing by miRNA	regulates_expression_of(ENSEMBL:ENSG00000134086
GO:0035195	gene silencing by miRNA	regulates_expression_of(ENSEMBL:ENSG00000134121
GO:0010628	positive regulation of gene expression	regulates_expression_of(ENSEMBL:ENSG00000134339)
GO:0035195	gene silencing by miRNA	regulates_expression_of(ENSEMBL:ENSG00000134532)
GO:0035195	gene silencing by miRNA	regulates_expression_of(ENSEMBL:ENSG00000134852)
GO:0035195	gene silencing by miRNA	regulates_expression_of(ENSEMBL:ENSG00000134871)
GO:0035195	gene silencing by miRNA	regulates_expression_of(ENSEMBL:ENSG00000134954
GO:0035195	gene silencing by miRNA	regulates_expression_of(ENSEMBL:ENSG00000134954
GO:0035195	gene silencing by miRNA	regulates_expression_of(ENSEMBL:ENSG00000134954)
GO:0035195	gene silencing by miRNA	regulates_expression_of(ENSEMBL:ENSG00000134982)
GO:0035195	gene silencing by miRNA	regulates_expression_of(ENSEMBL:ENSG00000135046)
GO:0035195	gene silencing by miRNA	regulates_expression_of(ENSEMBL:ENSG00000135164)
GO:0035195	gene silencing by miRNA	regulates_expression_of(ENSEMBL:ENSG00000135446
GO:0035195	gene silencing by miRNA	regulates_expression_of(ENSEMBL:ENSG00000135446)
GO:0010629	negative regulation of gene expression	regulates_expression_of(ENSEMBL:ENSG00000135679)
GO:0035195	gene silencing by miRNA	regulates_expression_of(ENSEMBL:ENSG00000135679)
GO:0035195	gene silencing by miRNA	regulates_expression_of(ENSEMBL:ENSG00000135862
GO:0035195	gene silencing by miRNA	regulates_expression_of(ENSEMBL:ENSG00000135862)
GO:0035195	gene silencing by miRNA	regulates_expression_of(ENSEMBL:ENSG00000135905
GO:0035195	gene silencing by miRNA	regulates_expression_of(ENSEMBL:ENSG00000136158
GO:0035195	gene silencing by miRNA	regulates_expression_of(ENSEMBL:ENSG00000136158
GO:0035195	gene silencing by miRNA	regulates_expression_of(ENSEMBL:ENSG00000136158
GO:0035195	gene silencing by miRNA	regulates_expression_of(ENSEMBL:ENSG00000136826
GO:0035195	gene silencing by miRNA	regulates_expression_of(ENSEMBL:ENSG00000136826
GO:0035195	gene silencing by miRNA	regulates_expression_of(ENSEMBL:ENSG00000136986)
GO:0035195	gene silencing by miRNA	regulates_expression_of(ENSEMBL:ENSG00000137275
GO:0035195	gene silencing by miRNA	regulates_expression_of(ENSEMBL:ENSG00000137309
GO:0035195	gene silencing by miRNA	regulates_expression_of(ENSEMBL:ENSG00000137449)
GO:0035195	gene silencing by miRNA	regulates_expression_of(ENSEMBL:ENSG00000137504)
GO:0010629	negative regulation of gene expression	regulates_expression_of(ENSEMBL:ENSG00000137573)
GO:0035195	gene silencing by miRNA	regulates_expression_of(ENSEMBL:ENSG00000137693)
GO:0035195	gene silencing by miRNA	regulates_expression_of(ENSEMBL:ENSG00000137801
GO:0035195	gene silencing by miRNA	regulates_expression_of(ENSEMBL:ENSG00000137801)
GO:0035195	gene silencing by miRNA	regulates_expression_of(ENSEMBL:ENSG00000138069)
GO:0035195	gene silencing by miRNA	regulates_expression_of(ENSEMBL:ENSG00000138336)
GO:0035195	gene silencing by miRNA	regulates_expression_of(ENSEMBL:ENSG00000138379)
GO:0035195	gene silencing by miRNA	regulates_expression_of(ENSEMBL:ENSG00000138496
GO:0035195	gene silencing by miRNA	regulates_expression_of(ENSEMBL:ENSG00000138685)
GO:0035195	gene silencing by miRNA	regulates_expression_of(ENSEMBL:ENSG00000139372)
GO:0035195	gene silencing by miRNA	regulates_expression_of(ENSEMBL:ENSG00000139687)
GO:0035195	gene silencing by miRNA	regulates_expression_of(ENSEMBL:ENSG00000140350)
GO:0035195	gene silencing by miRNA	regulates_expression_of(ENSEMBL:ENSG00000140416)
GO:0035195	gene silencing by miRNA	regulates_expression_of(ENSEMBL:ENSG00000140443)
GO:0010628	positive regulation of gene expression	regulates_expression_of(ENSEMBL:ENSG00000140459)
GO:0010629	negative regulation of gene expression	regulates_expression_of(ENSEMBL:ENSG00000141510
GO:0035195	gene silencing by miRNA	regulates_expression_of(ENSEMBL:ENSG00000141510)
GO:0035195	gene silencing by miRNA	regulates_expression_of(ENSEMBL:ENSG00000141646)
GO:0035195	gene silencing by miRNA	regulates_expression_of(ENSEMBL:ENSG00000143248)
GO:0010628	positive regulation of gene expression	regulates_expression_of(ENSEMBL:ENSG00000143320
GO:0035195	gene silencing by miRNA	regulates_expression_of(ENSEMBL:ENSG00000143384
GO:0035195	gene silencing by miRNA	regulates_expression_of(ENSEMBL:ENSG00000143384)
GO:0035195	gene silencing by miRNA	regulates_expression_of(ENSEMBL:ENSG00000143507
GO:0035195	gene silencing by miRNA	regulates_expression_of(ENSEMBL:ENSG00000143514)
GO:0035195	gene silencing by miRNA	regulates_expression_of(ENSEMBL:ENSG00000143603)
GO:0035195	gene silencing by miRNA	regulates_expression_of(ENSEMBL:ENSG00000143878
GO:0035195	gene silencing by miRNA	regulates_expression_of(ENSEMBL:ENSG00000143878
GO:0035195	gene silencing by miRNA	regulates_expression_of(ENSEMBL:ENSG00000143878
GO:0035195	gene silencing by miRNA	regulates_expression_of(ENSEMBL:ENSG00000144560)
GO:0035195	gene silencing by miRNA	regulates_expression_of(ENSEMBL:ENSG00000144891
GO:0035195	gene silencing by miRNA	regulates_expression_of(ENSEMBL:ENSG00000146648
GO:0035278	miRNA mediated inhibition of translation	regulates_expression_of(ENSEMBL:ENSG00000146648)
GO:0035195	gene silencing by miRNA	regulates_expression_of(ENSEMBL:ENSG00000147251
GO:0035195	gene silencing by miRNA	regulates_expression_of(ENSEMBL:ENSG00000147459
GO:0035195	gene silencing by miRNA	regulates_expression_of(ENSEMBL:ENSG00000147459
GO:0010628	positive regulation of gene expression	regulates_expression_of(ENSEMBL:ENSG00000147465)
GO:0035195	gene silencing by miRNA	regulates_expression_of(ENSEMBL:ENSG00000147642
GO:0035195	gene silencing by miRNA	regulates_expression_of(ENSEMBL:ENSG00000147862
GO:0035195	gene silencing by miRNA	regulates_expression_of(ENSEMBL:ENSG00000148516
GO:1903231	mRNA binding involved in posttranscriptional gene silencing	regulates_expression_of(ENSEMBL:ENSG00000148516)
GO:0035195	gene silencing by miRNA	regulates_expression_of(ENSEMBL:ENSG00000148516)
GO:0010628	positive regulation of gene expression	regulates_expression_of(ENSEMBL:ENSG00000148795)
GO:0035195	gene silencing by miRNA	regulates_expression_of(ENSEMBL:ENSG00000148848)
GO:0035195	gene silencing by miRNA	regulates_expression_of(ENSEMBL:ENSG00000149257)
GO:0035195	gene silencing by miRNA	regulates_expression_of(ENSEMBL:ENSG00000149269)
GO:0035195	gene silencing by miRNA	regulates_expression_of(ENSEMBL:ENSG00000149554)
GO:0035195	gene silencing by miRNA	regulates_expression_of(ENSEMBL:ENSG00000149948)
GO:0010628	positive regulation of gene expression	regulates_expression_of(ENSEMBL:ENSG00000149968)
GO:0035195	gene silencing by miRNA	regulates_expression_of(ENSEMBL:ENSG00000150093)
GO:0035195	gene silencing by miRNA	regulates_expression_of(ENSEMBL:ENSG00000150593
GO:0035195	gene silencing by miRNA	regulates_expression_of(ENSEMBL:ENSG00000150593
GO:0035195	gene silencing by miRNA	regulates_expression_of(ENSEMBL:ENSG00000150593
GO:0035195	gene silencing by miRNA	regulates_expression_of(ENSEMBL:ENSG00000150593)
GO:0035195	gene silencing by miRNA	regulates_expression_of(ENSEMBL:ENSG00000150593)
GO:0035195	gene silencing by miRNA	regulates_expression_of(ENSEMBL:ENSG00000150593)
GO:0035195	gene silencing by miRNA	regulates_expression_of(ENSEMBL:ENSG00000150593)
GO:0035195	gene silencing by miRNA	regulates_expression_of(ENSEMBL:ENSG00000150593)
GO:0035195	gene silencing by miRNA	regulates_expression_of(ENSEMBL:ENSG00000150760
GO:0035195	gene silencing by miRNA	regulates_expression_of(ENSEMBL:ENSG00000151067)
GO:0035195	gene silencing by miRNA	regulates_expression_of(ENSEMBL:ENSG00000151067)
GO:0035195	gene silencing by miRNA	regulates_expression_of(ENSEMBL:ENSG00000151694)
GO:0035195	gene silencing by miRNA	regulates_expression_of(ENSEMBL:ENSG00000151694)
GO:0035195	gene silencing by miRNA	regulates_expression_of(ENSEMBL:ENSG00000152409)
GO:0035195	gene silencing by miRNA	regulates_expression_of(ENSEMBL:ENSG00000152661)
GO:0035195	gene silencing by miRNA	regulates_expression_of(ENSEMBL:ENSG00000152661)
GO:0035195	gene silencing by miRNA	regulates_expression_of(ENSEMBL:ENSG00000153094)
GO:0035195	gene silencing by miRNA	regulates_expression_of(ENSEMBL:ENSG00000155011
GO:0035195	gene silencing by miRNA	regulates_expression_of(ENSEMBL:ENSG00000155011)
GO:0035195	gene silencing by miRNA	regulates_expression_of(ENSEMBL:ENSG00000156273)
GO:0035195	gene silencing by miRNA	regulates_expression_of(ENSEMBL:ENSG00000156299
GO:0035195	gene silencing by miRNA	regulates_expression_of(ENSEMBL:ENSG00000156299
GO:0035195	gene silencing by miRNA	regulates_expression_of(ENSEMBL:ENSG00000156976)
GO:0035195	gene silencing by miRNA	regulates_expression_of(ENSEMBL:ENSG00000157404
GO:0035195	gene silencing by miRNA	regulates_expression_of(ENSEMBL:ENSG00000157404
GO:0035195	gene silencing by miRNA	regulates_expression_of(ENSEMBL:ENSG00000157404)
GO:0035195	gene silencing by miRNA	regulates_expression_of(ENSEMBL:ENSG00000157404)
GO:0035195	gene silencing by miRNA	regulates_expression_of(ENSEMBL:ENSG00000157404)
GO:0035195	gene silencing by miRNA	regulates_expression_of(ENSEMBL:ENSG00000157404)
GO:0035195	gene silencing by miRNA	regulates_expression_of(ENSEMBL:ENSG00000158769
GO:0010628	positive regulation of gene expression	regulates_expression_of(ENSEMBL:ENSG00000158859)
GO:0010629	negative regulation of gene expression	regulates_expression_of(ENSEMBL:ENSG00000159167
GO:0035195	gene silencing by miRNA	regulates_expression_of(ENSEMBL:ENSG00000159388)
GO:0035195	gene silencing by miRNA	regulates_expression_of(ENSEMBL:ENSG00000160325)
GO:0035195	gene silencing by miRNA	regulates_expression_of(ENSEMBL:ENSG00000160882
GO:0035195	gene silencing by miRNA	regulates_expression_of(ENSEMBL:ENSG00000161202)
GO:0035195	gene silencing by miRNA	regulates_expression_of(ENSEMBL:ENSG00000161638
GO:0035195	gene silencing by miRNA	regulates_expression_of(ENSEMBL:ENSG00000162434
GO:0035195	gene silencing by miRNA	regulates_expression_of(ENSEMBL:ENSG00000162595)
GO:0010629	negative regulation of gene expression	regulates_expression_of(ENSEMBL:ENSG00000162692
GO:0010628	positive regulation of gene expression	regulates_expression_of(ENSEMBL:ENSG00000162692
GO:0010628	positive regulation of gene expression	regulates_expression_of(ENSEMBL:ENSG00000162692
GO:0010628	positive regulation of gene expression	regulates_expression_of(ENSEMBL:ENSG00000162692)
GO:0010628	positive regulation of gene expression	regulates_expression_of(ENSEMBL:ENSG00000162761)
GO:0010628	positive regulation of gene expression	regulates_expression_of(ENSEMBL:ENSG00000162772
GO:0035195	gene silencing by miRNA	regulates_expression_of(ENSEMBL:ENSG00000163251)
GO:0035195	gene silencing by miRNA	regulates_expression_of(ENSEMBL:ENSG00000163513
GO:0035195	gene silencing by miRNA	regulates_expression_of(ENSEMBL:ENSG00000163513)
GO:0035195	gene silencing by miRNA	regulates_expression_of(ENSEMBL:ENSG00000163513)
GO:0035195	gene silencing by miRNA	regulates_expression_of(ENSEMBL:ENSG00000163513)
GO:0035195	gene silencing by miRNA	regulates_expression_of(ENSEMBL:ENSG00000164045
GO:0035195	gene silencing by miRNA	regulates_expression_of(ENSEMBL:ENSG00000164045
GO:0035195	gene silencing by miRNA	regulates_expression_of(ENSEMBL:ENSG00000164045)
GO:0035195	gene silencing by miRNA	regulates_expression_of(ENSEMBL:ENSG00000164056
GO:0035195	gene silencing by miRNA	regulates_expression_of(ENSEMBL:ENSG00000164056)
GO:0035195	gene silencing by miRNA	regulates_expression_of(ENSEMBL:ENSG00000164120)
GO:0035195	gene silencing by miRNA	regulates_expression_of(ENSEMBL:ENSG00000164305
GO:0045893	positive regulation of transcription, DNA-templated	regulates_expression_of(ENSEMBL:ENSG00000164362)
GO:0035195	gene silencing by miRNA	regulates_expression_of(ENSEMBL:ENSG00000164398
GO:0035195	gene silencing by miRNA	regulates_expression_of(ENSEMBL:ENSG00000164692
GO:0035195	gene silencing by miRNA	regulates_expression_of(ENSEMBL:ENSG00000164692
GO:0035195	gene silencing by miRNA	regulates_expression_of(ENSEMBL:ENSG00000164692)
GO:0010629	negative regulation of gene expression	regulates_expression_of(ENSEMBL:ENSG00000164867
GO:0010628	positive regulation of gene expression	regulates_expression_of(ENSEMBL:ENSG00000164867
GO:0035195	gene silencing by miRNA	regulates_expression_of(ENSEMBL:ENSG00000164867
GO:0010629	negative regulation of gene expression	regulates_expression_of(ENSEMBL:ENSG00000164867)
GO:0035195	gene silencing by miRNA	regulates_expression_of(ENSEMBL:ENSG00000164938)
GO:0035195	gene silencing by miRNA	regulates_expression_of(ENSEMBL:ENSG00000165029
GO:0010629	negative regulation of gene expression	regulates_expression_of(ENSEMBL:ENSG00000165029
GO:0035195	gene silencing by miRNA	regulates_expression_of(ENSEMBL:ENSG00000165119)
GO:0035195	gene silencing by miRNA	regulates_expression_of(ENSEMBL:ENSG00000165338)
GO:0035195	gene silencing by miRNA	regulates_expression_of(ENSEMBL:ENSG00000165995)
GO:0035195	gene silencing by miRNA	regulates_expression_of(ENSEMBL:ENSG00000166147
GO:0035195	gene silencing by miRNA	regulates_expression_of(ENSEMBL:ENSG00000166147)
GO:0010629	negative regulation of gene expression	regulates_expression_of(ENSEMBL:ENSG00000166226)
GO:0035195	gene silencing by miRNA	regulates_expression_of(ENSEMBL:ENSG00000166483)
GO:0035195	gene silencing by miRNA	regulates_expression_of(ENSEMBL:ENSG00000166483)
GO:0035195	gene silencing by miRNA	regulates_expression_of(ENSEMBL:ENSG00000166949)
GO:0035195	gene silencing by miRNA	regulates_expression_of(ENSEMBL:ENSG00000166949)
GO:0010628	positive regulation of gene expression	regulates_expression_of(ENSEMBL:ENSG00000168036)
GO:0035195	gene silencing by miRNA	regulates_expression_of(ENSEMBL:ENSG00000168209)
GO:0035195	gene silencing by miRNA	regulates_expression_of(ENSEMBL:ENSG00000168256)
GO:0035195	gene silencing by miRNA	regulates_expression_of(ENSEMBL:ENSG00000168300)
GO:0035195	gene silencing by miRNA	regulates_expression_of(ENSEMBL:ENSG00000168487)
GO:0010628	positive regulation of gene expression	regulates_expression_of(ENSEMBL:ENSG00000168539
GO:0060965	negative regulation of gene silencing by miRNA	regulates_expression_of(ENSEMBL:ENSG00000168542
GO:0060965	negative regulation of gene silencing by miRNA	regulates_expression_of(ENSEMBL:ENSG00000168542
GO:0035195	gene silencing by miRNA	regulates_expression_of(ENSEMBL:ENSG00000168542
GO:0035195	gene silencing by miRNA	regulates_expression_of(ENSEMBL:ENSG00000168542
GO:0010628	positive regulation of gene expression	regulates_expression_of(ENSEMBL:ENSG00000168542
GO:0035195	gene silencing by miRNA	regulates_expression_of(ENSEMBL:ENSG00000168542
GO:0035195	gene silencing by miRNA	regulates_expression_of(ENSEMBL:ENSG00000168542
GO:0035195	gene silencing by miRNA	regulates_expression_of(ENSEMBL:ENSG00000168542
GO:0035195	gene silencing by miRNA	regulates_expression_of(ENSEMBL:ENSG00000168542)
GO:0035195	gene silencing by miRNA	regulates_expression_of(ENSEMBL:ENSG00000168610)
GO:0035195	gene silencing by miRNA	regulates_expression_of(ENSEMBL:ENSG00000168610)
GO:0035195	gene silencing by miRNA	regulates_expression_of(ENSEMBL:ENSG00000168615
GO:0010628	positive regulation of gene expression	regulates_expression_of(ENSEMBL:ENSG00000168646)
GO:0035195	gene silencing by miRNA	regulates_expression_of(ENSEMBL:ENSG00000168906)
GO:0035195	gene silencing by miRNA	regulates_expression_of(ENSEMBL:ENSG00000169032
GO:0035195	gene silencing by miRNA	regulates_expression_of(ENSEMBL:ENSG00000169252)
GO:0010629	negative regulation of gene expression	regulates_expression_of(ENSEMBL:ENSG00000169429)
GO:0035195	gene silencing by miRNA	regulates_expression_of(ENSEMBL:ENSG00000169554
GO:0035195	gene silencing by miRNA	regulates_expression_of(ENSEMBL:ENSG00000169564)
GO:0010628	positive regulation of gene expression	regulates_expression_of(ENSEMBL:ENSG00000170214
GO:0045893	positive regulation of transcription, DNA-templated	regulates_expression_of(ENSEMBL:ENSG00000170345
GO:0035195	gene silencing by miRNA	regulates_expression_of(ENSEMBL:ENSG00000170345)
GO:0035195	gene silencing by miRNA	regulates_expression_of(ENSEMBL:ENSG00000170430
GO:0035195	gene silencing by miRNA	regulates_expression_of(ENSEMBL:ENSG00000170430)
GO:0035195	gene silencing by miRNA	regulates_expression_of(ENSEMBL:ENSG00000170921)
GO:0010628	positive regulation of gene expression	regulates_expression_of(ENSEMBL:ENSG00000171105
GO:0035195	gene silencing by miRNA	regulates_expression_of(ENSEMBL:ENSG00000171150
GO:0035195	gene silencing by miRNA	regulates_expression_of(ENSEMBL:ENSG00000171552
GO:0010629	negative regulation of gene expression	regulates_expression_of(ENSEMBL:ENSG00000171557)
GO:0010629	negative regulation of gene expression	regulates_expression_of(ENSEMBL:ENSG00000171557)
GO:0035195	gene silencing by miRNA	regulates_expression_of(ENSEMBL:ENSG00000171560)
GO:0010629	negative regulation of gene expression	regulates_expression_of(ENSEMBL:ENSG00000171564
GO:0035195	gene silencing by miRNA	regulates_expression_of(ENSEMBL:ENSG00000171564
GO:0010629	negative regulation of gene expression	regulates_expression_of(ENSEMBL:ENSG00000171564)
GO:0035195	gene silencing by miRNA	regulates_expression_of(ENSEMBL:ENSG00000171791
GO:0035195	gene silencing by miRNA	regulates_expression_of(ENSEMBL:ENSG00000171791
GO:0010628	positive regulation of gene expression	regulates_expression_of(ENSEMBL:ENSG00000171791)
GO:0010629	negative regulation of gene expression	regulates_expression_of(ENSEMBL:ENSG00000171791)
GO:0035195	gene silencing by miRNA	regulates_expression_of(ENSEMBL:ENSG00000171791)
GO:0035195	gene silencing by miRNA	regulates_expression_of(ENSEMBL:ENSG00000171862
GO:0035195	gene silencing by miRNA	regulates_expression_of(ENSEMBL:ENSG00000171862
GO:0035195	gene silencing by miRNA	regulates_expression_of(ENSEMBL:ENSG00000171862
GO:0035195	gene silencing by miRNA	regulates_expression_of(ENSEMBL:ENSG00000171862
GO:0035195	gene silencing by miRNA	regulates_expression_of(ENSEMBL:ENSG00000171862)
GO:0035195	gene silencing by miRNA	regulates_expression_of(ENSEMBL:ENSG00000172575
GO:0035195	gene silencing by miRNA	regulates_expression_of(ENSEMBL:ENSG00000172936
GO:0035195	gene silencing by miRNA	regulates_expression_of(ENSEMBL:ENSG00000173039
GO:0010628	positive regulation of gene expression	regulates_expression_of(ENSEMBL:ENSG00000174429
GO:0010628	positive regulation of gene expression	regulates_expression_of(ENSEMBL:ENSG00000175197
GO:0035195	gene silencing by miRNA	regulates_expression_of(ENSEMBL:ENSG00000175206
GO:0035195	gene silencing by miRNA	regulates_expression_of(ENSEMBL:ENSG00000175206)
GO:0035195	gene silencing by miRNA	regulates_expression_of(ENSEMBL:ENSG00000175387)
GO:0035195	gene silencing by miRNA	regulates_expression_of(ENSEMBL:ENSG00000175445
GO:0010628	positive regulation of gene expression	regulates_expression_of(ENSEMBL:ENSG00000175564
GO:0035195	gene silencing by miRNA	regulates_expression_of(ENSEMBL:ENSG00000175727
GO:0035195	gene silencing by miRNA	regulates_expression_of(ENSEMBL:ENSG00000176171)
GO:0035195	gene silencing by miRNA	regulates_expression_of(ENSEMBL:ENSG00000176422
GO:0035195	gene silencing by miRNA	regulates_expression_of(ENSEMBL:ENSG00000176697
GO:0035195	gene silencing by miRNA	regulates_expression_of(ENSEMBL:ENSG00000176697)
GO:0035195	gene silencing by miRNA	regulates_expression_of(ENSEMBL:ENSG00000176788)
GO:0035195	gene silencing by miRNA	regulates_expression_of(ENSEMBL:ENSG00000176842)
GO:0035195	gene silencing by miRNA	regulates_expression_of(ENSEMBL:ENSG00000177479
GO:0035195	gene silencing by miRNA	regulates_expression_of(ENSEMBL:ENSG00000179094)
GO:0035195	gene silencing by miRNA	regulates_expression_of(ENSEMBL:ENSG00000179142
GO:0035195	gene silencing by miRNA	regulates_expression_of(ENSEMBL:ENSG00000179348
GO:0035195	gene silencing by miRNA	regulates_expression_of(ENSEMBL:ENSG00000180509
GO:0035195	gene silencing by miRNA	regulates_expression_of(ENSEMBL:ENSG00000180628)
GO:0010628	positive regulation of gene expression	regulates_expression_of(ENSEMBL:ENSG00000181072
GO:0010629	negative regulation of gene expression	regulates_expression_of(ENSEMBL:ENSG00000181143)
GO:0035195	gene silencing by miRNA	regulates_expression_of(ENSEMBL:ENSG00000181274)
GO:0035195	gene silencing by miRNA	regulates_expression_of(ENSEMBL:ENSG00000182872)
GO:0035195	gene silencing by miRNA	regulates_expression_of(ENSEMBL:ENSG00000183735)
GO:0010629	negative regulation of gene expression	regulates_expression_of(ENSEMBL:ENSG00000183878
GO:0035195	gene silencing by miRNA	regulates_expression_of(ENSEMBL:ENSG00000184216
GO:0010629	negative regulation of gene expression	regulates_expression_of(ENSEMBL:ENSG00000184347
GO:0035195	gene silencing by miRNA	regulates_expression_of(ENSEMBL:ENSG00000184557
GO:0035195	gene silencing by miRNA	regulates_expression_of(ENSEMBL:ENSG00000185033)
GO:0035195	gene silencing by miRNA	regulates_expression_of(ENSEMBL:ENSG00000185338
GO:0035195	gene silencing by miRNA	regulates_expression_of(ENSEMBL:ENSG00000185338
GO:0035195	gene silencing by miRNA	regulates_expression_of(ENSEMBL:ENSG00000185338
GO:0035195	gene silencing by miRNA	regulates_expression_of(ENSEMBL:ENSG00000185338)
GO:0035278	miRNA mediated inhibition of translation	regulates_expression_of(ENSEMBL:ENSG00000185591
GO:0035195	gene silencing by miRNA	regulates_expression_of(ENSEMBL:ENSG00000185591
GO:0035195	gene silencing by miRNA	regulates_expression_of(ENSEMBL:ENSG00000185591)
GO:0035195	gene silencing by miRNA	regulates_expression_of(ENSEMBL:ENSG00000185697)
GO:0010628	positive regulation of gene expression	regulates_expression_of(ENSEMBL:ENSG00000185760
GO:0035195	gene silencing by miRNA	regulates_expression_of(ENSEMBL:ENSG00000186106)
GO:0035195	gene silencing by miRNA	regulates_expression_of(ENSEMBL:ENSG00000186350
GO:0035195	gene silencing by miRNA	regulates_expression_of(ENSEMBL:ENSG00000186376
GO:0035195	gene silencing by miRNA	regulates_expression_of(ENSEMBL:ENSG00000186868)
GO:0031047	gene silencing by RNA	regulates_expression_of(ENSEMBL:ENSG00000186868)
GO:0035195	gene silencing by miRNA	regulates_expression_of(ENSEMBL:ENSG00000186951
GO:0035195	gene silencing by miRNA	regulates_expression_of(ENSEMBL:ENSG00000186951)
GO:0035195	gene silencing by miRNA	regulates_expression_of(ENSEMBL:ENSG00000187498
GO:0035195	gene silencing by miRNA	regulates_expression_of(ENSEMBL:ENSG00000187498
GO:0035195	gene silencing by miRNA	regulates_expression_of(ENSEMBL:ENSG00000187498)
GO:0031940	positive regulation of chromatin silencing at telomere	regulates_expression_of(ENSEMBL:ENSG00000187608)
GO:0035195	gene silencing by miRNA	regulates_expression_of(ENSEMBL:ENSG00000188529)
GO:0035195	gene silencing by miRNA	regulates_expression_of(ENSEMBL:ENSG00000189079
GO:0035195	gene silencing by miRNA	regulates_expression_of(ENSEMBL:ENSG00000196611)
GO:0010629	negative regulation of gene expression	regulates_expression_of(ENSEMBL:ENSG00000196628)
GO:0035195	gene silencing by miRNA	regulates_expression_of(ENSEMBL:ENSG00000197579
GO:0035195	gene silencing by miRNA	regulates_expression_of(ENSEMBL:ENSG00000197579)
GO:0035195	gene silencing by miRNA	regulates_expression_of(ENSEMBL:ENSG00000197747)
GO:0010628	positive regulation of gene expression	regulates_expression_of(ENSEMBL:ENSG00000199157)
GO:0010629	negative regulation of gene expression	regulates_expression_of(ENSEMBL:ENSG00000203709
GO:0010628	positive regulation of gene expression	regulates_expression_of(ENSEMBL:ENSG00000203859)
GO:0035195	gene silencing by miRNA	regulates_expression_of(ENSEMBL:ENSG00000204209)
GO:0035195	gene silencing by miRNA	regulates_expression_of(ENSEMBL:ENSG00000204217)
GO:0035195	gene silencing by miRNA	regulates_expression_of(ENSEMBL:ENSG00000204262
GO:0035195	gene silencing by miRNA	regulates_expression_of(ENSEMBL:ENSG00000204262)
GO:0035195	gene silencing by miRNA	regulates_expression_of(ENSEMBL:ENSG00000204291)
GO:0035195	gene silencing by miRNA	regulates_expression_of(ENSEMBL:ENSG00000204490)
GO:0010629	negative regulation of gene expression	regulates_expression_of(ENSEMBL:ENSG00000204490)
GO:0035195	gene silencing by miRNA	regulates_expression_of(ENSEMBL:ENSG00000206075)
GO:0035195	gene silencing by miRNA	regulates_expression_of(ENSEMBL:ENSG00000206075)
GO:0010628	positive regulation of gene expression	regulates_expression_of(ENSEMBL:ENSG00000207562
GO:0010629	negative regulation of gene expression	regulates_expression_of(ENSEMBL:ENSG00000207708
GO:0000122	negative regulation of transcription from RNA polymerase II promoter	regulates_expression_of(ENSEMBL:ENSG00000207725
GO:1903799	negative regulation of production of miRNAs involved in gene silencing by miRNA	regulates_expression_of(ENSEMBL:ENSG00000207725
GO:0010629	negative regulation of gene expression	regulates_expression_of(ENSEMBL:ENSG00000207732)
GO:0010629	negative regulation of gene expression	regulates_expression_of(ENSEMBL:ENSG00000207741)
GO:0010628	positive regulation of gene expression	regulates_expression_of(ENSEMBL:ENSG00000207811
GO:0000122	negative regulation of transcription from RNA polymerase II promoter	regulates_expression_of(ENSEMBL:ENSG00000207870
GO:1903799	negative regulation of production of miRNAs involved in gene silencing by miRNA	regulates_expression_of(ENSEMBL:ENSG00000207870
GO:1903799	negative regulation of production of miRNAs involved in gene silencing by miRNA	regulates_expression_of(ENSEMBL:ENSG00000207870
GO:0035195	gene silencing by miRNA	regulates_expression_of(ENSEMBL:ENSG00000217128)
GO:0035195	gene silencing by miRNA	regulates_expression_of(ENSEMBL:ENSG00000220201
GO:0035195	gene silencing by miRNA	regulates_expression_of(ENSEMBL:ENSG00000221914)
GO:0010629	negative regulation of gene expression	regulates_expression_of(ENSEMBL:ENSG00000226380
GO:0010629	negative regulation of gene expression	regulates_expression_of(ENSEMBL:ENSG00000226380
GO:0010629	negative regulation of gene expression	regulates_expression_of(ENSEMBL:ENSG00000226380)
GO:0010628	positive regulation of gene expression	regulates_expression_of(ENSEMBL:ENSG00000228526
GO:0010628	positive regulation of gene expression	regulates_expression_of(ENSEMBL:ENSG00000229807
GO:0010629	negative regulation of gene expression	regulates_expression_of(ENSEMBL:ENSG00000231852)
GO:0010628	positive regulation of gene expression	regulates_expression_of(ENSEMBL:ENSG00000234883
GO:0035195	gene silencing by miRNA	regulates_expression_of(ENSEMBL:ENSG00000240583)
GO:0035195	gene silencing by miRNA	regulates_expression_of(ENSEMBL:ENSG00000247556)
GO:0010628	positive regulation of gene expression	regulates_expression_of(ENSEMBL:ENSG00000249669
GO:0010628	positive regulation of gene expression	regulates_expression_of(ENSEMBL:ENSG00000249669)
GO:0010628	positive regulation of gene expression	regulates_expression_of(ENSEMBL:ENSG00000253522
GO:1903799	negative regulation of production of miRNAs involved in gene silencing by miRNA	regulates_expression_of(ENSEMBL:ENSG00000270069
GO:0010628	positive regulation of gene expression	regulates_expression_of(ENSEMBL:ENSG00000276365
GO:0010628	positive regulation of gene expression	regulates_expression_of(ENSEMBL:ENSG00000276365)
GO:0035195	gene silencing by miRNA	regulates_expression_of(ENSEMBL:ENSG00000277443)
GO:0001046	core promoter sequence-specific DNA binding	regulates_expression_of(ENSEMBL:ENSGALG00000024011)
GO:0010629	negative regulation of gene expression	regulates_expression_of(ENSEMBL:ENSMUSG00000000303
GO:0010628	positive regulation of gene expression	regulates_expression_of(ENSEMBL:ENSMUSG00000000303
GO:0035195	gene silencing by miRNA	regulates_expression_of(ENSEMBL:ENSMUSG00000000794
GO:0035195	gene silencing by miRNA	regulates_expression_of(ENSEMBL:ENSMUSG00000000817
GO:1903231	mRNA binding involved in posttranscriptional gene silencing	regulates_expression_of(ENSEMBL:ENSMUSG00000000817)
GO:0035195	gene silencing by miRNA	regulates_expression_of(ENSEMBL:ENSMUSG00000001131
GO:0010628	positive regulation of gene expression	regulates_expression_of(ENSEMBL:ENSMUSG00000001506
GO:0035195	gene silencing by miRNA	regulates_expression_of(ENSEMBL:ENSMUSG00000001506
GO:0010629	negative regulation of gene expression	regulates_expression_of(ENSEMBL:ENSMUSG00000001506
GO:0035195	gene silencing by miRNA	regulates_expression_of(ENSEMBL:ENSMUSG00000001506
GO:0010628	positive regulation of gene expression	regulates_expression_of(ENSEMBL:ENSMUSG00000001506
GO:0035195	gene silencing by miRNA	regulates_expression_of(ENSEMBL:ENSMUSG00000001506
GO:0035195	gene silencing by miRNA	regulates_expression_of(ENSEMBL:ENSMUSG00000001506
GO:0035195	gene silencing by miRNA	regulates_expression_of(ENSEMBL:ENSMUSG00000001506
GO:0035195	gene silencing by miRNA	regulates_expression_of(ENSEMBL:ENSMUSG00000001506
GO:0035195	gene silencing by miRNA	regulates_expression_of(ENSEMBL:ENSMUSG00000001506)
GO:0035195	gene silencing by miRNA	regulates_expression_of(ENSEMBL:ENSMUSG00000001506)
GO:0010628	positive regulation of gene expression	regulates_expression_of(ENSEMBL:ENSMUSG00000001506)
GO:0010629	negative regulation of gene expression	regulates_expression_of(ENSEMBL:ENSMUSG00000001729
GO:0035195	gene silencing by miRNA	regulates_expression_of(ENSEMBL:ENSMUSG00000002108
GO:0035195	gene silencing by miRNA	regulates_expression_of(ENSEMBL:ENSMUSG00000002111
GO:0010629	negative regulation of gene expression	regulates_expression_of(ENSEMBL:ENSMUSG00000002250
GO:0010628	positive regulation of gene expression	regulates_expression_of(ENSEMBL:ENSMUSG00000002603
GO:0010628	positive regulation of gene expression	regulates_expression_of(ENSEMBL:ENSMUSG00000002603
GO:0035195	gene silencing by miRNA	regulates_expression_of(ENSEMBL:ENSMUSG00000002996
GO:0035195	gene silencing by miRNA	regulates_expression_of(ENSEMBL:ENSMUSG00000003032
GO:0035195	gene silencing by miRNA	regulates_expression_of(ENSEMBL:ENSMUSG00000003032)
GO:0035195	gene silencing by miRNA	regulates_expression_of(ENSEMBL:ENSMUSG00000003131
GO:0035195	gene silencing by miRNA	regulates_expression_of(ENSEMBL:ENSMUSG00000003131
GO:0035195	gene silencing by miRNA	regulates_expression_of(ENSEMBL:ENSMUSG00000004040
GO:0035195	gene silencing by miRNA	regulates_expression_of(ENSEMBL:ENSMUSG00000004098
GO:0035195	gene silencing by miRNA	regulates_expression_of(ENSEMBL:ENSMUSG00000005034)
GO:0035195	gene silencing by miRNA	regulates_expression_of(ENSEMBL:ENSMUSG00000005533)
GO:0035195	gene silencing by miRNA	regulates_expression_of(ENSEMBL:ENSMUSG00000006699)
GO:0010629	negative regulation of gene expression	regulates_expression_of(ENSEMBL:ENSMUSG00000006932
GO:0035195	gene silencing by miRNA	regulates_expression_of(ENSEMBL:ENSMUSG00000007617)
GO:0035195	gene silencing by miRNA	regulates_expression_of(ENSEMBL:ENSMUSG00000007617)
GO:0035195	gene silencing by miRNA	regulates_expression_of(ENSEMBL:ENSMUSG00000007815)
GO:0035195	gene silencing by miRNA	regulates_expression_of(ENSEMBL:ENSMUSG00000009097)
GO:0010628	positive regulation of gene expression	regulates_expression_of(ENSEMBL:ENSMUSG00000009350)
GO:0035195	gene silencing by miRNA	regulates_expression_of(ENSEMBL:ENSMUSG00000009406)
GO:0035195	gene silencing by miRNA	regulates_expression_of(ENSEMBL:ENSMUSG00000013663
GO:0035195	gene silencing by miRNA	regulates_expression_of(ENSEMBL:ENSMUSG00000013663
GO:0010629	negative regulation of gene expression	regulates_expression_of(ENSEMBL:ENSMUSG00000013663)
GO:0010629	negative regulation of gene expression	regulates_expression_of(ENSEMBL:ENSMUSG00000015243
GO:0010629	negative regulation of gene expression	regulates_expression_of(ENSEMBL:ENSMUSG00000015243
GO:0010629	negative regulation of gene expression	regulates_expression_of(ENSEMBL:ENSMUSG00000015579
GO:0010628	positive regulation of gene expression	regulates_expression_of(ENSEMBL:ENSMUSG00000016529)
GO:0035278	miRNA mediated inhibition of translation	regulates_expression_of(ENSEMBL:ENSMUSG00000017466
GO:0010628	positive regulation of gene expression	regulates_expression_of(ENSEMBL:ENSMUSG00000017737
GO:0035195	gene silencing by miRNA	regulates_expression_of(ENSEMBL:ENSMUSG00000018666)
GO:0010628	positive regulation of gene expression	regulates_expression_of(ENSEMBL:ENSMUSG00000018774)
GO:0035195	gene silencing by miRNA	regulates_expression_of(ENSEMBL:ENSMUSG00000018983)
GO:0035195	gene silencing by miRNA	regulates_expression_of(ENSEMBL:ENSMUSG00000019320
GO:0035195	gene silencing by miRNA	regulates_expression_of(ENSEMBL:ENSMUSG00000019850
GO:0035195	gene silencing by miRNA	regulates_expression_of(ENSEMBL:ENSMUSG00000019850
GO:0035195	gene silencing by miRNA	regulates_expression_of(ENSEMBL:ENSMUSG00000019850
GO:0035195	gene silencing by miRNA	regulates_expression_of(ENSEMBL:ENSMUSG00000019850
GO:0035195	gene silencing by miRNA	regulates_expression_of(ENSEMBL:ENSMUSG00000019997)
GO:0035195	gene silencing by miRNA	regulates_expression_of(ENSEMBL:ENSMUSG00000020044
GO:0035195	gene silencing by miRNA	regulates_expression_of(ENSEMBL:ENSMUSG00000020044
GO:0035195	gene silencing by miRNA	regulates_expression_of(ENSEMBL:ENSMUSG00000020044
GO:0035195	gene silencing by miRNA	regulates_expression_of(ENSEMBL:ENSMUSG00000020053
GO:0035195	gene silencing by miRNA	regulates_expression_of(ENSEMBL:ENSMUSG00000020063
GO:0035195	gene silencing by miRNA	regulates_expression_of(ENSEMBL:ENSMUSG00000020063
GO:0010628	positive regulation of gene expression	regulates_expression_of(ENSEMBL:ENSMUSG00000020063
GO:0035195	gene silencing by miRNA	regulates_expression_of(ENSEMBL:ENSMUSG00000020063)
GO:0035195	gene silencing by miRNA	regulates_expression_of(ENSEMBL:ENSMUSG00000020189
GO:0035195	gene silencing by miRNA	regulates_expression_of(ENSEMBL:ENSMUSG00000020218
GO:0035195	gene silencing by miRNA	regulates_expression_of(ENSEMBL:ENSMUSG00000020484)
GO:0010628	positive regulation of gene expression	regulates_expression_of(ENSEMBL:ENSMUSG00000020542)
GO:0035195	gene silencing by miRNA	regulates_expression_of(ENSEMBL:ENSMUSG00000020681)
GO:0035195	gene silencing by miRNA	regulates_expression_of(ENSEMBL:ENSMUSG00000020717
GO:0010628	positive regulation of gene expression	regulates_expression_of(ENSEMBL:ENSMUSG00000020826)
GO:0035195	gene silencing by miRNA	regulates_expression_of(ENSEMBL:ENSMUSG00000020900
GO:0035195	gene silencing by miRNA	regulates_expression_of(ENSEMBL:ENSMUSG00000020936
GO:0035195	gene silencing by miRNA	regulates_expression_of(ENSEMBL:ENSMUSG00000020949
GO:0035195	gene silencing by miRNA	regulates_expression_of(ENSEMBL:ENSMUSG00000021109)
GO:0035195	gene silencing by miRNA	regulates_expression_of(ENSEMBL:ENSMUSG00000021611
GO:0045893	positive regulation of transcription, DNA-templated	regulates_expression_of(ENSEMBL:ENSMUSG00000021611)
GO:0035195	gene silencing by miRNA	regulates_expression_of(ENSEMBL:ENSMUSG00000021614
GO:0010629	negative regulation of gene expression	regulates_expression_of(ENSEMBL:ENSMUSG00000021732)
GO:0035195	gene silencing by miRNA	regulates_expression_of(ENSEMBL:ENSMUSG00000021823
GO:0035195	gene silencing by miRNA	regulates_expression_of(ENSEMBL:ENSMUSG00000021936
GO:0010628	positive regulation of gene expression	regulates_expression_of(ENSEMBL:ENSMUSG00000021944
GO:0035195	gene silencing by miRNA	regulates_expression_of(ENSEMBL:ENSMUSG00000021944
GO:0035195	gene silencing by miRNA	regulates_expression_of(ENSEMBL:ENSMUSG00000022114
GO:1903231	mRNA binding involved in posttranscriptional gene silencing	regulates_expression_of(ENSEMBL:ENSMUSG00000022114)
GO:0035278	miRNA mediated inhibition of translation	regulates_expression_of(ENSEMBL:ENSMUSG00000022306
GO:0035195	gene silencing by miRNA	regulates_expression_of(ENSEMBL:ENSMUSG00000022306)
GO:0035195	gene silencing by miRNA	regulates_expression_of(ENSEMBL:ENSMUSG00000022358)
GO:0035195	gene silencing by miRNA	regulates_expression_of(ENSEMBL:ENSMUSG00000022469)
GO:0035195	gene silencing by miRNA	regulates_expression_of(ENSEMBL:ENSMUSG00000022508
GO:0035195	gene silencing by miRNA	regulates_expression_of(ENSEMBL:ENSMUSG00000022636
GO:0010629	negative regulation of gene expression	regulates_expression_of(ENSEMBL:ENSMUSG00000022812
GO:0035195	gene silencing by miRNA	regulates_expression_of(ENSEMBL:ENSMUSG00000022812)
GO:0035195	gene silencing by miRNA	regulates_expression_of(ENSEMBL:ENSMUSG00000022812)
GO:0035195	gene silencing by miRNA	regulates_expression_of(ENSEMBL:ENSMUSG00000022895)
GO:0035195	gene silencing by miRNA	regulates_expression_of(ENSEMBL:ENSMUSG00000022897)
GO:0010629	negative regulation of gene expression	regulates_expression_of(ENSEMBL:ENSMUSG00000022952)
GO:0035195	gene silencing by miRNA	regulates_expression_of(ENSEMBL:ENSMUSG00000022994)
GO:0035195	gene silencing by miRNA	regulates_expression_of(ENSEMBL:ENSMUSG00000022997
GO:0010628	positive regulation of gene expression	regulates_expression_of(ENSEMBL:ENSMUSG00000023067
GO:0010629	negative regulation of gene expression	regulates_expression_of(ENSEMBL:ENSMUSG00000023067)
GO:0010629	negative regulation of gene expression	regulates_expression_of(ENSEMBL:ENSMUSG00000023951
GO:0010629	negative regulation of gene expression	regulates_expression_of(ENSEMBL:ENSMUSG00000023951
GO:0035195	gene silencing by miRNA	regulates_expression_of(ENSEMBL:ENSMUSG00000023959)
GO:0010629	negative regulation of gene expression	regulates_expression_of(ENSEMBL:ENSMUSG00000024304
GO:0010628	positive regulation of gene expression	regulates_expression_of(ENSEMBL:ENSMUSG00000024304
GO:0010628	positive regulation of gene expression	regulates_expression_of(ENSEMBL:ENSMUSG00000024401)
GO:0010629	negative regulation of gene expression	regulates_expression_of(ENSEMBL:ENSMUSG00000024406
GO:0010628	positive regulation of gene expression	regulates_expression_of(ENSEMBL:ENSMUSG00000024406
GO:0035195	gene silencing by miRNA	regulates_expression_of(ENSEMBL:ENSMUSG00000024515)
GO:0010628	positive regulation of gene expression	regulates_expression_of(ENSEMBL:ENSMUSG00000024927
GO:0035195	gene silencing by miRNA	regulates_expression_of(ENSEMBL:ENSMUSG00000024927
GO:0039656	modulation by virus of host gene expression	regulates_expression_of(ENSEMBL:ENSMUSG00000024927)
GO:0035195	gene silencing by miRNA	regulates_expression_of(ENSEMBL:ENSMUSG00000024962
GO:0035195	gene silencing by miRNA	regulates_expression_of(ENSEMBL:ENSMUSG00000024975
GO:0035195	gene silencing by miRNA	regulates_expression_of(ENSEMBL:ENSMUSG00000024975
GO:0035195	gene silencing by miRNA	regulates_expression_of(ENSEMBL:ENSMUSG00000024998
GO:0010629	negative regulation of gene expression	regulates_expression_of(ENSEMBL:ENSMUSG00000025221
GO:0035195	gene silencing by miRNA	regulates_expression_of(ENSEMBL:ENSMUSG00000025358)
GO:0010628	positive regulation of gene expression	regulates_expression_of(ENSEMBL:ENSMUSG00000025746)
GO:0035195	gene silencing by miRNA	regulates_expression_of(ENSEMBL:ENSMUSG00000025880)
GO:0010628	positive regulation of gene expression	regulates_expression_of(ENSEMBL:ENSMUSG00000026043
GO:0010629	negative regulation of gene expression	regulates_expression_of(ENSEMBL:ENSMUSG00000026043
GO:0035195	gene silencing by miRNA	regulates_expression_of(ENSEMBL:ENSMUSG00000026043
GO:0035195	gene silencing by miRNA	regulates_expression_of(ENSEMBL:ENSMUSG00000026043
GO:0035195	gene silencing by miRNA	regulates_expression_of(ENSEMBL:ENSMUSG00000026043
GO:0035195	gene silencing by miRNA	regulates_expression_of(ENSEMBL:ENSMUSG00000026043
GO:0035195	gene silencing by miRNA	regulates_expression_of(ENSEMBL:ENSMUSG00000026043)
GO:0035195	gene silencing by miRNA	regulates_expression_of(ENSEMBL:ENSMUSG00000026043)
GO:0035195	gene silencing by miRNA	regulates_expression_of(ENSEMBL:ENSMUSG00000026100
GO:0035195	gene silencing by miRNA	regulates_expression_of(ENSEMBL:ENSMUSG00000026100
GO:0010628	positive regulation of gene expression	regulates_expression_of(ENSEMBL:ENSMUSG00000026193)
GO:0010629	negative regulation of gene expression	regulates_expression_of(ENSEMBL:ENSMUSG00000026414
GO:0010628	positive regulation of gene expression	regulates_expression_of(ENSEMBL:ENSMUSG00000026414
GO:0010628	positive regulation of gene expression	regulates_expression_of(ENSEMBL:ENSMUSG00000026414
GO:0010628	positive regulation of gene expression	regulates_expression_of(ENSEMBL:ENSMUSG00000026414
GO:0010629	negative regulation of gene expression	regulates_expression_of(ENSEMBL:ENSMUSG00000026728
GO:0035195	gene silencing by miRNA	regulates_expression_of(ENSEMBL:ENSMUSG00000026837
GO:0035195	gene silencing by miRNA	regulates_expression_of(ENSEMBL:ENSMUSG00000026923
GO:0035195	gene silencing by miRNA	regulates_expression_of(ENSEMBL:ENSMUSG00000026923
GO:0035195	gene silencing by miRNA	regulates_expression_of(ENSEMBL:ENSMUSG00000027109)
GO:0035195	gene silencing by miRNA	regulates_expression_of(ENSEMBL:ENSMUSG00000027109)
GO:0035195	gene silencing by miRNA	regulates_expression_of(ENSEMBL:ENSMUSG00000027177)
GO:0035195	gene silencing by miRNA	regulates_expression_of(ENSEMBL:ENSMUSG00000027204)
GO:0035195	gene silencing by miRNA	regulates_expression_of(ENSEMBL:ENSMUSG00000027276
GO:0035195	gene silencing by miRNA	regulates_expression_of(ENSEMBL:ENSMUSG00000027368
GO:0035195	gene silencing by miRNA	regulates_expression_of(ENSEMBL:ENSMUSG00000027381
GO:0035195	gene silencing by miRNA	regulates_expression_of(ENSEMBL:ENSMUSG00000027381)
GO:0010629	negative regulation of gene expression	regulates_expression_of(ENSEMBL:ENSMUSG00000027381)
GO:0035195	gene silencing by miRNA	regulates_expression_of(ENSEMBL:ENSMUSG00000027490)
GO:0010628	positive regulation of gene expression	regulates_expression_of(ENSEMBL:ENSMUSG00000027776)
GO:0035195	gene silencing by miRNA	regulates_expression_of(ENSEMBL:ENSMUSG00000027832
GO:0035195	gene silencing by miRNA	regulates_expression_of(ENSEMBL:ENSMUSG00000028199
GO:0035195	gene silencing by miRNA	regulates_expression_of(ENSEMBL:ENSMUSG00000028211
GO:0035195	gene silencing by miRNA	regulates_expression_of(ENSEMBL:ENSMUSG00000028211)
GO:0035195	gene silencing by miRNA	regulates_expression_of(ENSEMBL:ENSMUSG00000028476
GO:0035195	gene silencing by miRNA	regulates_expression_of(ENSEMBL:ENSMUSG00000028476
GO:0035195	gene silencing by miRNA	regulates_expression_of(ENSEMBL:ENSMUSG00000028476
GO:0035195	gene silencing by miRNA	regulates_expression_of(ENSEMBL:ENSMUSG00000028476)
GO:0010629	negative regulation of gene expression	regulates_expression_of(ENSEMBL:ENSMUSG00000028717)
GO:0035195	gene silencing by miRNA	regulates_expression_of(ENSEMBL:ENSMUSG00000028834)
GO:0039656	modulation by virus of host gene expression	regulates_expression_of(ENSEMBL:ENSMUSG00000028842
GO:0039656	modulation by virus of host gene expression	regulates_expression_of(ENSEMBL:ENSMUSG00000028842
GO:0035195	gene silencing by miRNA	regulates_expression_of(ENSEMBL:ENSMUSG00000028988
GO:0035195	gene silencing by miRNA	regulates_expression_of(ENSEMBL:ENSMUSG00000029111)
GO:0035195	gene silencing by miRNA	regulates_expression_of(ENSEMBL:ENSMUSG00000029167)
GO:0035195	gene silencing by miRNA	regulates_expression_of(ENSEMBL:ENSMUSG00000029661)
GO:0035195	gene silencing by miRNA	regulates_expression_of(ENSEMBL:ENSMUSG00000029675
GO:0035195	gene silencing by miRNA	regulates_expression_of(ENSEMBL:ENSMUSG00000029675)
GO:0035195	gene silencing by miRNA	regulates_expression_of(ENSEMBL:ENSMUSG00000029675)
GO:0010629	negative regulation of gene expression	regulates_expression_of(ENSEMBL:ENSMUSG00000029730
GO:0035195	gene silencing by miRNA	regulates_expression_of(ENSEMBL:ENSMUSG00000030539
GO:0035195	gene silencing by miRNA	regulates_expression_of(ENSEMBL:ENSMUSG00000031393
GO:0035195	gene silencing by miRNA	regulates_expression_of(ENSEMBL:ENSMUSG00000031502)
GO:0035195	gene silencing by miRNA	regulates_expression_of(ENSEMBL:ENSMUSG00000031503
GO:0035195	gene silencing by miRNA	regulates_expression_of(ENSEMBL:ENSMUSG00000031627)
GO:0010628	positive regulation of gene expression	regulates_expression_of(ENSEMBL:ENSMUSG00000031628
GO:0010629	negative regulation of gene expression	regulates_expression_of(ENSEMBL:ENSMUSG00000031628
GO:0010628	positive regulation of gene expression	regulates_expression_of(ENSEMBL:ENSMUSG00000031628)
GO:0035195	gene silencing by miRNA	regulates_expression_of(ENSEMBL:ENSMUSG00000031737)
GO:0010628	positive regulation of gene expression	regulates_expression_of(ENSEMBL:ENSMUSG00000031740
GO:0010628	positive regulation of gene expression	regulates_expression_of(ENSEMBL:ENSMUSG00000031740
GO:0035195	gene silencing by miRNA	regulates_expression_of(ENSEMBL:ENSMUSG00000031799
GO:0035195	gene silencing by miRNA	regulates_expression_of(ENSEMBL:ENSMUSG00000031799
GO:0035195	gene silencing by miRNA	regulates_expression_of(ENSEMBL:ENSMUSG00000032035)
GO:0035195	gene silencing by miRNA	regulates_expression_of(ENSEMBL:ENSMUSG00000032035)
GO:0035195	gene silencing by miRNA	regulates_expression_of(ENSEMBL:ENSMUSG00000032113)
GO:0035195	gene silencing by miRNA	regulates_expression_of(ENSEMBL:ENSMUSG00000032440)
GO:0035195	gene silencing by miRNA	regulates_expression_of(ENSEMBL:ENSMUSG00000033352
GO:0035195	gene silencing by miRNA	regulates_expression_of(ENSEMBL:ENSMUSG00000033965
GO:0035195	gene silencing by miRNA	regulates_expression_of(ENSEMBL:ENSMUSG00000033965
GO:0035195	gene silencing by miRNA	regulates_expression_of(ENSEMBL:ENSMUSG00000034297
GO:0035195	gene silencing by miRNA	regulates_expression_of(ENSEMBL:ENSMUSG00000034297
GO:0035195	gene silencing by miRNA	regulates_expression_of(ENSEMBL:ENSMUSG00000034297
GO:0035195	gene silencing by miRNA	regulates_expression_of(ENSEMBL:ENSMUSG00000034394
GO:0035195	gene silencing by miRNA	regulates_expression_of(ENSEMBL:ENSMUSG00000035105)
GO:0035195	gene silencing by miRNA	regulates_expression_of(ENSEMBL:ENSMUSG00000035283)
GO:0010629	negative regulation of gene expression	regulates_expression_of(ENSEMBL:ENSMUSG00000035458)
GO:0010628	positive regulation of gene expression	regulates_expression_of(ENSEMBL:ENSMUSG00000035783)
GO:0010628	positive regulation of gene expression	regulates_expression_of(ENSEMBL:ENSMUSG00000035783)
GO:0035278	miRNA mediated inhibition of translation	regulates_expression_of(ENSEMBL:ENSMUSG00000035873
GO:0010629	negative regulation of gene expression	regulates_expression_of(ENSEMBL:ENSMUSG00000036353
GO:0010628	positive regulation of gene expression	regulates_expression_of(ENSEMBL:ENSMUSG00000037104
GO:0035195	gene silencing by miRNA	regulates_expression_of(ENSEMBL:ENSMUSG00000037211)
GO:1903231	mRNA binding involved in posttranscriptional gene silencing	regulates_expression_of(ENSEMBL:ENSMUSG00000037211)
GO:0035195	gene silencing by miRNA	regulates_expression_of(ENSEMBL:ENSMUSG00000037370
GO:0035195	gene silencing by miRNA	regulates_expression_of(ENSEMBL:ENSMUSG00000037370
GO:0010628	positive regulation of gene expression	regulates_expression_of(ENSEMBL:ENSMUSG00000037405
GO:0035195	gene silencing by miRNA	regulates_expression_of(ENSEMBL:ENSMUSG00000037405)
GO:0035195	gene silencing by miRNA	regulates_expression_of(ENSEMBL:ENSMUSG00000038175)
GO:0035195	gene silencing by miRNA	regulates_expression_of(ENSEMBL:ENSMUSG00000038193)
GO:0010628	positive regulation of gene expression	regulates_expression_of(ENSEMBL:ENSMUSG00000038193)
GO:0035195	gene silencing by miRNA	regulates_expression_of(ENSEMBL:ENSMUSG00000038429
GO:0035195	gene silencing by miRNA	regulates_expression_of(ENSEMBL:ENSMUSG00000038518
GO:0035195	gene silencing by miRNA	regulates_expression_of(ENSEMBL:ENSMUSG00000039219)
GO:0035195	gene silencing by miRNA	regulates_expression_of(ENSEMBL:ENSMUSG00000040093)
GO:0035195	gene silencing by miRNA	regulates_expression_of(ENSEMBL:ENSMUSG00000040152)
GO:0010628	positive regulation of gene expression	regulates_expression_of(ENSEMBL:ENSMUSG00000040752
GO:0010628	positive regulation of gene expression	regulates_expression_of(ENSEMBL:ENSMUSG00000040752
GO:0010628	positive regulation of gene expression	regulates_expression_of(ENSEMBL:ENSMUSG00000040752)
GO:0010628	positive regulation of gene expression	regulates_expression_of(ENSEMBL:ENSMUSG00000040809)
GO:0035195	gene silencing by miRNA	regulates_expression_of(ENSEMBL:ENSMUSG00000041225
GO:0035195	gene silencing by miRNA	regulates_expression_of(ENSEMBL:ENSMUSG00000041272)
GO:0010628	positive regulation of gene expression	regulates_expression_of(ENSEMBL:ENSMUSG00000041431)
GO:0039656	modulation by virus of host gene expression	regulates_expression_of(ENSEMBL:ENSMUSG00000041530
GO:0039656	modulation by virus of host gene expression	regulates_expression_of(ENSEMBL:ENSMUSG00000041530
GO:0010628	positive regulation of gene expression	regulates_expression_of(ENSEMBL:ENSMUSG00000041616
GO:0035195	gene silencing by miRNA	regulates_expression_of(ENSEMBL:ENSMUSG00000041695
GO:0035195	gene silencing by miRNA	regulates_expression_of(ENSEMBL:ENSMUSG00000042258)
GO:0035195	gene silencing by miRNA	regulates_expression_of(ENSEMBL:ENSMUSG00000046020
GO:0035195	gene silencing by miRNA	regulates_expression_of(ENSEMBL:ENSMUSG00000048482
GO:0035195	gene silencing by miRNA	regulates_expression_of(ENSEMBL:ENSMUSG00000048482
GO:0035195	gene silencing by miRNA	regulates_expression_of(ENSEMBL:ENSMUSG00000048482
GO:0035195	gene silencing by miRNA	regulates_expression_of(ENSEMBL:ENSMUSG00000048482
GO:0035195	gene silencing by miRNA	regulates_expression_of(ENSEMBL:ENSMUSG00000048482)
GO:0010629	negative regulation of gene expression	regulates_expression_of(ENSEMBL:ENSMUSG00000048756
GO:0010628	positive regulation of gene expression	regulates_expression_of(ENSEMBL:ENSMUSG00000048806)
GO:0035195	gene silencing by miRNA	regulates_expression_of(ENSEMBL:ENSMUSG00000049511)
GO:0035195	gene silencing by miRNA	regulates_expression_of(ENSEMBL:ENSMUSG00000051910)
GO:0035195	gene silencing by miRNA	regulates_expression_of(ENSEMBL:ENSMUSG00000051910)
GO:0035195	gene silencing by miRNA	regulates_expression_of(ENSEMBL:ENSMUSG00000052155
GO:0035195	gene silencing by miRNA	regulates_expression_of(ENSEMBL:ENSMUSG00000052727
GO:0010629	negative regulation of gene expression	regulates_expression_of(ENSEMBL:ENSMUSG00000053093
GO:0010628	positive regulation of gene expression	regulates_expression_of(ENSEMBL:ENSMUSG00000053093
GO:0010628	positive regulation of gene expression	regulates_expression_of(ENSEMBL:ENSMUSG00000053093)
GO:0035195	gene silencing by miRNA	regulates_expression_of(ENSEMBL:ENSMUSG00000053819)
GO:0035195	gene silencing by miRNA	regulates_expression_of(ENSEMBL:ENSMUSG00000055024
GO:0035195	gene silencing by miRNA	regulates_expression_of(ENSEMBL:ENSMUSG00000055148
GO:0010628	positive regulation of gene expression	regulates_expression_of(ENSEMBL:ENSMUSG00000055170)
GO:0035195	gene silencing by miRNA	regulates_expression_of(ENSEMBL:ENSMUSG00000055980
GO:0010628	positive regulation of gene expression	regulates_expression_of(ENSEMBL:ENSMUSG00000057123
GO:0035195	gene silencing by miRNA	regulates_expression_of(ENSEMBL:ENSMUSG00000057329
GO:0010629	negative regulation of gene expression	regulates_expression_of(ENSEMBL:ENSMUSG00000057329)
GO:0035195	gene silencing by miRNA	regulates_expression_of(ENSEMBL:ENSMUSG00000059325)
GO:0035195	gene silencing by miRNA	regulates_expression_of(ENSEMBL:ENSMUSG00000059325)
GO:0010628	positive regulation of gene expression	regulates_expression_of(ENSEMBL:ENSMUSG00000059552)
GO:0010628	positive regulation of gene expression	regulates_expression_of(ENSEMBL:ENSMUSG00000059552)
GO:0035195	gene silencing by miRNA	regulates_expression_of(ENSEMBL:ENSMUSG00000060216)
GO:0035195	gene silencing by miRNA	regulates_expression_of(ENSEMBL:ENSMUSG00000061353)
GO:0035195	gene silencing by miRNA	regulates_expression_of(ENSEMBL:ENSMUSG00000062014
GO:0035195	gene silencing by miRNA	regulates_expression_of(ENSEMBL:ENSMUSG00000063889)
GO:1903799	negative regulation of production of miRNAs involved in gene silencing by miRNA	regulates_expression_of(ENSEMBL:ENSMUSG00000065394
GO:0039656	modulation by virus of host gene expression	regulates_expression_of(ENSEMBL:ENSMUSG00000065397
GO:1902894	negative regulation of pri-miRNA transcription from RNA polymerase II promoter	regulates_expression_of(ENSEMBL:ENSMUSG00000065399
GO:1902895	positive regulation of pri-miRNA transcription from RNA polymerase II promoter	regulates_expression_of(ENSEMBL:ENSMUSG00000065455
GO:0010629	negative regulation of gene expression	regulates_expression_of(ENSEMBL:ENSMUSG00000065455
GO:1902894	negative regulation of pri-miRNA transcription from RNA polymerase II promoter	regulates_expression_of(ENSEMBL:ENSMUSG00000065455)
GO:1902894	negative regulation of pri-miRNA transcription from RNA polymerase II promoter	regulates_expression_of(ENSEMBL:ENSMUSG00000065460
GO:1903799	negative regulation of production of miRNAs involved in gene silencing by miRNA	regulates_expression_of(ENSEMBL:ENSMUSG00000065514
GO:1903799	negative regulation of production of miRNAs involved in gene silencing by miRNA	regulates_expression_of(ENSEMBL:ENSMUSG00000065527
GO:1902895	positive regulation of pri-miRNA transcription from RNA polymerase II promoter	regulates_expression_of(ENSEMBL:ENSMUSG00000065547
GO:0010628	positive regulation of gene expression	regulates_expression_of(ENSEMBL:ENSMUSG00000065610
GO:0035195	gene silencing by miRNA	regulates_expression_of(ENSEMBL:ENSMUSG00000067336
GO:0035195	gene silencing by miRNA	regulates_expression_of(ENSEMBL:ENSMUSG00000067336
GO:0010629	negative regulation of gene expression	regulates_expression_of(ENSEMBL:ENSMUSG00000070144
GO:1902894	negative regulation of pri-miRNA transcription from RNA polymerase II promoter	regulates_expression_of(ENSEMBL:ENSMUSG00000070144
GO:0035195	gene silencing by miRNA	regulates_expression_of(ENSEMBL:ENSMUSG00000074622)
GO:0010629	negative regulation of gene expression	regulates_expression_of(ENSEMBL:ENSMUSG00000074637
GO:0010628	positive regulation of gene expression	regulates_expression_of(ENSEMBL:ENSMUSG00000074637
GO:0010628	positive regulation of gene expression	regulates_expression_of(ENSEMBL:ENSMUSG00000074652
GO:0010629	negative regulation of gene expression	regulates_expression_of(ENSEMBL:ENSMUSG00000075602
GO:0010628	positive regulation of gene expression	regulates_expression_of(ENSEMBL:ENSMUSG00000075602
GO:0045944	positive regulation of transcription from RNA polymerase II promoter	regulates_expression_of(ENSEMBL:ENSMUSG00000078190)
GO:0035195	gene silencing by miRNA	regulates_expression_of(ENSEMBL:ENSMUSG00000094483)
GO:0035195	gene silencing by miRNA	regulates_expression_of(ENSEMBL:ENSMUSG00000094483)
GO:1902895	positive regulation of pri-miRNA transcription from RNA polymerase II promoter	regulates_expression_of(ENSEMBL:ENSMUSG00000098838
GO:0010629	negative regulation of gene expression	regulates_expression_of(ENSEMBL:ENSRNOG00000000483
GO:0035195	gene silencing by miRNA	regulates_expression_of(ENSEMBL:ENSRNOG00000000513
GO:0010629	negative regulation of gene expression	regulates_expression_of(ENSEMBL:ENSRNOG00000000521
GO:0035195	gene silencing by miRNA	regulates_expression_of(ENSEMBL:ENSRNOG00000000521
GO:0010629	negative regulation of gene expression	regulates_expression_of(ENSEMBL:ENSRNOG00000001469)
GO:0035195	gene silencing by miRNA	regulates_expression_of(ENSEMBL:ENSRNOG00000001469)
GO:0010628	positive regulation of gene expression	regulates_expression_of(ENSEMBL:ENSRNOG00000002791
GO:0035195	gene silencing by miRNA	regulates_expression_of(ENSEMBL:ENSRNOG00000002791
GO:0010628	positive regulation of gene expression	regulates_expression_of(ENSEMBL:ENSRNOG00000002791)
GO:0010629	negative regulation of gene expression	regulates_expression_of(ENSEMBL:ENSRNOG00000003357
GO:0010629	negative regulation of gene expression	regulates_expression_of(ENSEMBL:ENSRNOG00000003897
GO:0035195	gene silencing by miRNA	regulates_expression_of(ENSEMBL:ENSRNOG00000003897)
GO:0035195	gene silencing by miRNA	regulates_expression_of(ENSEMBL:ENSRNOG00000004473)
GO:0035195	gene silencing by miRNA	regulates_expression_of(ENSEMBL:ENSRNOG00000004720)
GO:0035195	gene silencing by miRNA	regulates_expression_of(ENSEMBL:ENSRNOG00000005053
GO:0035195	gene silencing by miRNA	regulates_expression_of(ENSEMBL:ENSRNOG00000006738
GO:0035195	gene silencing by miRNA	regulates_expression_of(ENSEMBL:ENSRNOG00000006738)
GO:0035195	gene silencing by miRNA	regulates_expression_of(ENSEMBL:ENSRNOG00000006980
GO:0035195	gene silencing by miRNA	regulates_expression_of(ENSEMBL:ENSRNOG00000007036
GO:0035195	gene silencing by miRNA	regulates_expression_of(ENSEMBL:ENSRNOG00000007249
GO:0035195	gene silencing by miRNA	regulates_expression_of(ENSEMBL:ENSRNOG00000008022)
GO:0010629	negative regulation of gene expression	regulates_expression_of(ENSEMBL:ENSRNOG00000008176
GO:0035195	gene silencing by miRNA	regulates_expression_of(ENSEMBL:ENSRNOG00000008620
GO:0035195	gene silencing by miRNA	regulates_expression_of(ENSEMBL:ENSRNOG00000008620
GO:0035195	gene silencing by miRNA	regulates_expression_of(ENSEMBL:ENSRNOG00000009820
GO:0035195	gene silencing by miRNA	regulates_expression_of(ENSEMBL:ENSRNOG00000010298)
GO:0010629	negative regulation of gene expression	regulates_expression_of(ENSEMBL:ENSRNOG00000010475)
GO:0010628	positive regulation of gene expression	regulates_expression_of(ENSEMBL:ENSRNOG00000012199
GO:0035195	gene silencing by miRNA	regulates_expression_of(ENSEMBL:ENSRNOG00000012944
GO:0035195	gene silencing by miRNA	regulates_expression_of(ENSEMBL:ENSRNOG00000012944)
GO:0035195	gene silencing by miRNA	regulates_expression_of(ENSEMBL:ENSRNOG00000013391
GO:1903231	mRNA binding involved in posttranscriptional gene silencing	regulates_expression_of(ENSEMBL:ENSRNOG00000013391)
GO:0035195	gene silencing by miRNA	regulates_expression_of(ENSEMBL:ENSRNOG00000014288
GO:0035195	gene silencing by miRNA	regulates_expression_of(ENSEMBL:ENSRNOG00000014297
GO:0035195	gene silencing by miRNA	regulates_expression_of(ENSEMBL:ENSRNOG00000014297
GO:0035195	gene silencing by miRNA	regulates_expression_of(ENSEMBL:ENSRNOG00000014597)
GO:0035195	gene silencing by miRNA	regulates_expression_of(ENSEMBL:ENSRNOG00000014779
GO:0034599	cellular response to oxidative stress	regulates_expression_of(ENSEMBL:ENSRNOG00000014779
GO:0035195	gene silencing by miRNA	regulates_expression_of(ENSEMBL:ENSRNOG00000014779
GO:0035195	gene silencing by miRNA	regulates_expression_of(ENSEMBL:ENSRNOG00000014779
GO:2000637	positive regulation of gene silencing by miRNA	regulates_expression_of(ENSEMBL:ENSRNOG00000014779
GO:0035195	gene silencing by miRNA	regulates_expression_of(ENSEMBL:ENSRNOG00000014779
GO:0035195	gene silencing by miRNA	regulates_expression_of(ENSEMBL:ENSRNOG00000014779
GO:0035195	gene silencing by miRNA	regulates_expression_of(ENSEMBL:ENSRNOG00000014779
GO:0035195	gene silencing by miRNA	regulates_expression_of(ENSEMBL:ENSRNOG00000015036
GO:0010629	negative regulation of gene expression	regulates_expression_of(ENSEMBL:ENSRNOG00000016419
GO:0035195	gene silencing by miRNA	regulates_expression_of(ENSEMBL:ENSRNOG00000016543)
GO:0035195	gene silencing by miRNA	regulates_expression_of(ENSEMBL:ENSRNOG00000016592
GO:0010628	positive regulation of gene expression	regulates_expression_of(ENSEMBL:ENSRNOG00000016695
GO:0035195	gene silencing by miRNA	regulates_expression_of(ENSEMBL:ENSRNOG00000016708
GO:0010628	positive regulation of gene expression	regulates_expression_of(ENSEMBL:ENSRNOG00000016983
GO:0035195	gene silencing by miRNA	regulates_expression_of(ENSEMBL:ENSRNOG00000017158
GO:0035195	gene silencing by miRNA	regulates_expression_of(ENSEMBL:ENSRNOG00000018207
GO:0035195	gene silencing by miRNA	regulates_expression_of(ENSEMBL:ENSRNOG00000018359
GO:0035195	gene silencing by miRNA	regulates_expression_of(ENSEMBL:ENSRNOG00000018384
GO:0035195	gene silencing by miRNA	regulates_expression_of(ENSEMBL:ENSRNOG00000018461)
GO:0010628	positive regulation of gene expression	regulates_expression_of(ENSEMBL:ENSRNOG00000018997
GO:0035195	gene silencing by miRNA	regulates_expression_of(ENSEMBL:ENSRNOG00000019716)
GO:0035195	gene silencing by miRNA	regulates_expression_of(ENSEMBL:ENSRNOG00000019742
GO:0035195	gene silencing by miRNA	regulates_expression_of(ENSEMBL:ENSRNOG00000020713
GO:0035195	gene silencing by miRNA	regulates_expression_of(ENSEMBL:ENSRNOG00000020723
GO:0010629	negative regulation of gene expression	regulates_expression_of(ENSEMBL:ENSRNOG00000020876)
GO:0035195	gene silencing by miRNA	regulates_expression_of(ENSEMBL:ENSRNOG00000021010
GO:0035195	gene silencing by miRNA	regulates_expression_of(ENSEMBL:ENSRNOG00000021010
GO:0035195	gene silencing by miRNA	regulates_expression_of(ENSEMBL:ENSRNOG00000021138
GO:0035195	gene silencing by miRNA	regulates_expression_of(ENSEMBL:ENSRNOG00000022586
GO:0035195	gene silencing by miRNA	regulates_expression_of(ENSEMBL:ENSRNOG00000023363)
GO:0035195	gene silencing by miRNA	regulates_expression_of(ENSEMBL:ENSRNOG00000025371
GO:0035195	gene silencing by miRNA	regulates_expression_of(ENSEMBL:ENSRNOG00000028930
GO:0010628	positive regulation of gene expression	regulates_expression_of(ENSEMBL:ENSRNOG00000036443
GO:0010628	positive regulation of gene expression	regulates_expression_of(ENSEMBL:ENSRNOG00000041381
GO:0035195	gene silencing by miRNA	regulates_expression_of(ENSEMBL:ENSRNOG00000042980
GO:0035195	gene silencing by miRNA	regulates_expression_of(ENSEMBL:ENSRNOG00000045829
GO:0035195	gene silencing by miRNA	regulates_expression_of(ENSEMBL:ENSRNOG00000045918
GO:0035195	gene silencing by miRNA	regulates_expression_of(ENSEMBL:ENSRNOG00000047741
GO:0010629	negative regulation of gene expression	regulates_expression_of(ENSEMBL:ENSRNOG00000050578
GO:0035195	gene silencing by miRNA	regulates_expression_of(ENSEMBL:ENSRNOG00000055579
GO:0010629	negative regulation of gene expression	regulates_expression_of(ENSEMBL:ENSRNOG00000056756
GO:0035195	gene silencing by miRNA	regulates_expression_of(ENSEMBL:ENSRNOG00000057078)
GO:0035195	gene silencing by miRNA	regulates_expression_of(ENSEMBL:ENSSSCG00000000293)
GO:0035195	gene silencing by miRNA	regulates_expression_of(ENSEMBL:ENST00000341099)
GO:0010628	positive regulation of gene expression	regulates_expression_of(ENSEMBL:ENSTGUG00000005386)
GO:0000122	negative regulation of transcription from RNA polymerase II promoter	regulates_expression_of(SGD:S000001184)
GO:0060196	positive regulation of antisense RNA transcription	regulates_expression_of(SGD:S000001184)
GO:0045944	positive regulation of transcription from RNA polymerase II promoter	regulates_expression_of(SGD:S000001186)
GO:0045944	positive regulation of transcription from RNA polymerase II promoter	regulates_expression_of(SGD:S000001527)
GO:0060196	positive regulation of antisense RNA transcription	regulates_expression_of(SGD:S000001528)
GO:0000122	negative regulation of transcription from RNA polymerase II promoter	regulates_expression_of(SGD:S000001528)
GO:0060196	positive regulation of antisense RNA transcription	regulates_expression_of(SGD:S000001542)
GO:0045944	positive regulation of transcription from RNA polymerase II promoter	regulates_expression_of(SGD:S000001543)
GO:0000122	negative regulation of transcription from RNA polymerase II promoter	regulates_expression_of(SGD:S000001634)
GO:0060196	positive regulation of antisense RNA transcription	regulates_expression_of(SGD:S000001634)
GO:0045944	positive regulation of transcription from RNA polymerase II promoter	regulates_expression_of(SGD:S000001635)
GO:0045944	positive regulation of transcription from RNA polymerase II promoter	regulates_expression_of(SGD:S000002457)
GO:0060196	positive regulation of antisense RNA transcription	regulates_expression_of(SGD:S000002458)
GO:0060196	positive regulation of antisense RNA transcription	regulates_expression_of(SGD:S000002995)
GO:0045944	positive regulation of transcription from RNA polymerase II promoter	regulates_expression_of(SGD:S000002996)
GO:0000122	negative regulation of transcription from RNA polymerase II promoter	regulates_expression_of(SGD:S000003272)
GO:0060196	positive regulation of antisense RNA transcription	regulates_expression_of(SGD:S000003272)
GO:0045944	positive regulation of transcription from RNA polymerase II promoter	regulates_expression_of(SGD:S000003273)
GO:0045944	positive regulation of transcription from RNA polymerase II promoter	regulates_expression_of(SGD:S000003424)
GO:0060196	positive regulation of antisense RNA transcription	regulates_expression_of(SGD:S000003425)
GO:0000122	negative regulation of transcription from RNA polymerase II promoter	regulates_expression_of(SGD:S000003425)
GO:0045944	positive regulation of transcription from RNA polymerase II promoter	regulates_expression_of(SGD:S000004276)
GO:0060196	positive regulation of antisense RNA transcription	regulates_expression_of(SGD:S000004277)
GO:0045944	positive regulation of transcription from RNA polymerase II promoter	regulates_expression_of(SGD:S000005350)
GO:0060196	positive regulation of antisense RNA transcription	regulates_expression_of(SGD:S000005351)
GO:0010629	negative regulation of gene expression	regulates_expression_of(WB:WBGene00003073)
GO:0010629	negative regulation of gene expression	regulates_expression_of(WB:WBGene00008419
GO:0043524	negative regulation of neuron apoptotic process	regulates_o_acts_on_population_of(CL:0001031)
GO:0001934	positive regulation of protein phosphorylation	regulates_o_has_input(MGI:MGI:102709)
GO:0031333	negative regulation of protein complex assembly	regulates_o_has_input(MGI:MGI:104729)
GO:0032091	negative regulation of protein binding	regulates_o_has_input(MGI:MGI:104913)
GO:0031333	negative regulation of protein complex assembly	regulates_o_has_input(MGI:MGI:108025
GO:0031333	negative regulation of protein complex assembly	regulates_o_has_input(MGI:MGI:108025
GO:0031333	negative regulation of protein complex assembly	regulates_o_has_input(MGI:MGI:108025
GO:0035562	negative regulation of chromatin binding	regulates_o_has_input(MGI:MGI:108056
GO:0035562	negative regulation of chromatin binding	regulates_o_has_input(MGI:MGI:108056)
GO:0097027	ubiquitin-protein transferase activator activity	regulates_o_has_input(MGI:MGI:1101759)
GO:1903364	positive regulation of cellular protein catabolic process	regulates_o_has_input(MGI:MGI:1315204
GO:1901799	negative regulation of proteasomal protein catabolic process	regulates_o_has_input(MGI:MGI:1333843)
GO:0090312	positive regulation of protein deacetylation	regulates_o_has_input(MGI:MGI:1343094)
GO:1902524	positive regulation of protein K48-linked ubiquitination	regulates_o_has_input(MGI:MGI:1859212)
GO:0031397	negative regulation of protein ubiquitination	regulates_o_has_input(MGI:MGI:1913391)
GO:0045944	positive regulation of transcription from RNA polymerase II promoter	regulates_o_has_input(MGI:MGI:1914103)
GO:0032435	negative regulation of proteasomal ubiquitin-dependent protein catabolic process	regulates_o_has_input(MGI:MGI:1914838)
GO:0050709	negative regulation of protein secretion	regulates_o_has_input(MGI:MGI:1916835)
GO:0001227	transcriptional repressor activity, RNA polymerase II transcription regulatory region sequence-specific binding	regulates_o_has_input(MGI:MGI:1918847)
GO:0001227	transcriptional repressor activity, RNA polymerase II transcription regulatory region sequence-specific binding	regulates_o_has_input(MGI:MGI:1926923)
GO:1903364	positive regulation of cellular protein catabolic process	regulates_o_has_input(MGI:MGI:1928268)
GO:0032092	positive regulation of protein binding	regulates_o_has_input(MGI:MGI:1929494
GO:0032091	negative regulation of protein binding	regulates_o_has_input(MGI:MGI:1930618)
GO:0032436	positive regulation of proteasomal ubiquitin-dependent protein catabolic process	regulates_o_has_input(MGI:MGI:1932915)
GO:0045944	positive regulation of transcription from RNA polymerase II promoter	regulates_o_has_input(MGI:MGI:1933533)
GO:0032091	negative regulation of protein binding	regulates_o_has_input(MGI:MGI:2178103)
GO:0032091	negative regulation of protein binding	regulates_o_has_input(MGI:MGI:2384924
GO:0072363	regulation of glycolytic process by positive regulation of transcription from RNA polymerase II promoter	regulates_o_has_input(MGI:MGI:2442752
GO:0061419	positive regulation of transcription from RNA polymerase II promoter in response to hypoxia	regulates_o_has_input(MGI:MGI:2442752
GO:0031397	negative regulation of protein ubiquitination	regulates_o_has_input(MGI:MGI:2444169)
GO:0032435	negative regulation of proteasomal ubiquitin-dependent protein catabolic process	regulates_o_has_input(MGI:MGI:2444169)
GO:0031333	negative regulation of protein complex assembly	regulates_o_has_input(MGI:MGI:2685104)
GO:1900182	positive regulation of protein localization to nucleus	regulates_o_has_input(MGI:MGI:3036234)
GO:0032091	negative regulation of protein binding	regulates_o_has_input(MGI:MGI:88256
GO:0033138	positive regulation of peptidyl-serine phosphorylation	regulates_o_has_input(MGI:MGI:95824
GO:0033138	positive regulation of peptidyl-serine phosphorylation	regulates_o_has_input(MGI:MGI:95824)
GO:0001077	transcriptional activator activity, RNA polymerase II core promoter proximal region sequence-specific binding	regulates_o_has_input(MGI:MGI:96575)
GO:0050731	positive regulation of peptidyl-tyrosine phosphorylation	regulates_o_has_input(MGI:MGI:96683)
GO:0031333	negative regulation of protein complex assembly	regulates_o_has_input(MGI:MGI:97175)
GO:0035563	positive regulation of chromatin binding	regulates_o_has_input(MGI:MGI:97286)
GO:0033673	negative regulation of kinase activity	regulates_o_has_input(MGI:MGI:97548
GO:0035563	positive regulation of chromatin binding	regulates_o_has_input(MGI:MGI:97747
GO:0035563	positive regulation of chromatin binding	regulates_o_has_input(MGI:MGI:97791
GO:0032091	negative regulation of protein binding	regulates_o_has_input(MGI:MGI:97845
GO:0043547	positive regulation of GTPase activity	regulates_o_has_input(MGI:MGI:97852
GO:0032092	positive regulation of protein binding	regulates_o_has_input(MGI:MGI:97860)
GO:0035562	negative regulation of chromatin binding	regulates_o_has_input(MGI:MGI:97890)
GO:0000122	negative regulation of transcription from RNA polymerase II promoter	regulates_o_has_input(MGI:MGI:99458
GO:0045944	positive regulation of transcription from RNA polymerase II promoter	regulates_o_has_input(MGI:MGI:99458)
GO:0001191	transcriptional repressor activity, RNA polymerase II transcription factor binding	regulates_o_has_input(MGI:MGI:99458)
GO:0090312	positive regulation of protein deacetylation	regulates_o_has_input(MGI:MGI:99533
GO:0035563	positive regulation of chromatin binding	regulates_o_has_input(MGI:MGI:99894
GO:0032091	negative regulation of protein binding	regulates_o_has_input(UniProtKB:O88597
GO:0032091	negative regulation of protein binding	regulates_o_has_input(UniProtKB:P10417
GO:0022409	positive regulation of cell-cell adhesion	regulates_o_has_participant(CL:0000031)
GO:0045089	positive regulation of innate immune response	regulates_o_has_participant(CL:0000040)
GO:2000035	regulation of stem cell division	regulates_o_has_participant(CL:0000047)
GO:0008360	regulation of cell shape	regulates_o_has_participant(CL:0000056)
GO:0001952	regulation of cell-matrix adhesion	regulates_o_has_participant(CL:0000056)
GO:0001952	regulation of cell-matrix adhesion	regulates_o_has_participant(CL:0000056)
GO:0001952	regulation of cell-matrix adhesion	regulates_o_has_participant(CL:0000056)
GO:0001952	regulation of cell-matrix adhesion	regulates_o_has_participant(CL:0000056)
GO:0001952	regulation of cell-matrix adhesion	regulates_o_has_participant(CL:0000056)
GO:0048642	negative regulation of skeletal muscle tissue development	regulates_o_has_participant(CL:0000056)
GO:0008360	regulation of cell shape	regulates_o_has_participant(CL:0000057)
GO:0045765	regulation of angiogenesis	regulates_o_has_participant(CL:0000057)
GO:0050728	negative regulation of inflammatory response	regulates_o_has_participant(CL:0000057)
GO:0051799	negative regulation of hair follicle development	regulates_o_has_participant(CL:0000057)
GO:0001952	regulation of cell-matrix adhesion	regulates_o_has_participant(CL:0000057)
GO:0010811	positive regulation of cell-substrate adhesion	regulates_o_has_participant(CL:0000057)
GO:0001954	positive regulation of cell-matrix adhesion	regulates_o_has_participant(CL:0000057)
GO:0046587	positive regulation of calcium-dependent cell-cell adhesion	regulates_o_has_participant(CL:0000057)
GO:0045778	positive regulation of ossification	regulates_o_has_participant(CL:0000062)
GO:0030278	regulation of ossification	regulates_o_has_participant(CL:0000062)
GO:0030501	positive regulation of bone mineralization	regulates_o_has_participant(CL:0000062)
GO:0060683	regulation of branching involved in salivary gland morphogenesis by epithelial-mesenchymal signaling	regulates_o_has_participant(CL:0000066)
GO:0045785	positive regulation of cell adhesion	regulates_o_has_participant(CL:0000066)
GO:0090190	positive regulation of branching involved in ureteric bud morphogenesis	regulates_o_has_participant(CL:0000066)
GO:0060685	regulation of prostatic bud formation	regulates_o_has_participant(CL:0000066)
GO:0090175	regulation of establishment of planar polarity	regulates_o_has_participant(CL:0000066)
GO:0030155	regulation of cell adhesion	regulates_o_has_participant(CL:0000066)
GO:0030155	regulation of cell adhesion	regulates_o_has_participant(CL:0000066)
GO:0030155	regulation of cell adhesion	regulates_o_has_participant(CL:0000066)
GO:0045766	positive regulation of angiogenesis	regulates_o_has_participant(CL:0000071)
GO:0030155	regulation of cell adhesion	regulates_o_has_participant(CL:0000071)
GO:0030155	regulation of cell adhesion	regulates_o_has_participant(CL:0000071)
GO:0016525	negative regulation of angiogenesis	regulates_o_has_participant(CL:0000071)
GO:0045766	positive regulation of angiogenesis	regulates_o_has_participant(CL:0000071)
GO:0022407	regulation of cell-cell adhesion	regulates_o_has_participant(CL:0000071)
GO:0001808	negative regulation of type IV hypersensitivity	regulates_o_has_participant(CL:0000084)
GO:0050863	regulation of T cell activation	regulates_o_has_participant(CL:0000084)
GO:0033630	positive regulation of cell adhesion mediated by integrin	regulates_o_has_participant(CL:0000084)
GO:0050727	regulation of inflammatory response	regulates_o_has_participant(CL:0000084)
GO:0007162	negative regulation of cell adhesion	regulates_o_has_participant(CL:0000084)
GO:0008360	regulation of cell shape	regulates_o_has_participant(CL:0000084)
GO:0002839	positive regulation of immune response to tumor cell	regulates_o_has_participant(CL:0000084)
GO:0045124	regulation of bone resorption	regulates_o_has_participant(CL:0000092)
GO:0001954	positive regulation of cell-matrix adhesion	regulates_o_has_participant(CL:0000092)
GO:0045780	positive regulation of bone resorption	regulates_o_has_participant(CL:0000092)
GO:0001953	negative regulation of cell-matrix adhesion	regulates_o_has_participant(CL:0000092)
GO:0050776	regulation of immune response	regulates_o_has_participant(CL:0000097)
GO:0033005	positive regulation of mast cell activation	regulates_o_has_participant(CL:0000097)
GO:0051968	positive regulation of synaptic transmission, glutamatergic	regulates_o_has_participant(CL:0000099)
GO:0050865	regulation of cell activation	regulates_o_has_participant(CL:0000099)
GO:0031133	regulation of axon diameter	regulates_o_has_participant(CL:0000100)
GO:0002087	regulation of respiratory gaseous exchange by neurological system process	regulates_o_has_participant(CL:0000100)
GO:0050767	regulation of neurogenesis	regulates_o_has_participant(CL:0000101)
GO:0031133	regulation of axon diameter	regulates_o_has_participant(CL:0000111)
GO:0031133	regulation of axon diameter	regulates_o_has_participant(CL:0000111)
GO:0048169	regulation of long-term neuronal synaptic plasticity	regulates_o_has_participant(CL:0000114)
GO:0048169	regulation of long-term neuronal synaptic plasticity	regulates_o_has_participant(CL:0000114)
GO:0048169	regulation of long-term neuronal synaptic plasticity	regulates_o_has_participant(CL:0000114)
GO:0032230	positive regulation of synaptic transmission, GABAergic	regulates_o_has_participant(CL:0000117)
GO:0032230	positive regulation of synaptic transmission, GABAergic	regulates_o_has_participant(CL:0000117)
GO:0050804	modulation of synaptic transmission	regulates_o_has_participant(CL:0000117)
GO:0050804	modulation of synaptic transmission	regulates_o_has_participant(CL:0000117)
GO:0002087	regulation of respiratory gaseous exchange by neurological system process	regulates_o_has_participant(CL:0000117)
GO:0050807	regulation of synapse organization	regulates_o_has_participant(CL:0000117)
GO:0050804	modulation of synaptic transmission	regulates_o_has_participant(CL:0000117)
GO:0051968	positive regulation of synaptic transmission, glutamatergic	regulates_o_has_participant(CL:0000117)
GO:0002087	regulation of respiratory gaseous exchange by neurological system process	regulates_o_has_participant(CL:0000117)
GO:0022408	negative regulation of cell-cell adhesion	regulates_o_has_participant(CL:0000117)
GO:0050769	positive regulation of neurogenesis	regulates_o_has_participant(CL:0000117)
GO:0048169	regulation of long-term neuronal synaptic plasticity	regulates_o_has_participant(CL:0000117)
GO:0050767	regulation of neurogenesis	regulates_o_has_participant(CL:0000117)
GO:0051966	regulation of synaptic transmission, glutamatergic	regulates_o_has_participant(CL:0000117)
GO:0050803	regulation of synapse structure or activity	regulates_o_has_participant(CL:0000117)
GO:0051968	positive regulation of synaptic transmission, glutamatergic	regulates_o_has_participant(CL:0000117)
GO:0032228	regulation of synaptic transmission, GABAergic	regulates_o_has_participant(CL:0000117)
GO:0048168	regulation of neuronal synaptic plasticity	regulates_o_has_participant(CL:0000117)
GO:0031133	regulation of axon diameter	regulates_o_has_participant(CL:0000117)
GO:0048168	regulation of neuronal synaptic plasticity	regulates_o_has_participant(CL:0000117)
GO:0050803	regulation of synapse structure or activity	regulates_o_has_participant(CL:0000117)
GO:0051963	regulation of synapse assembly	regulates_o_has_participant(CL:0000117)
GO:0007162	negative regulation of cell adhesion	regulates_o_has_participant(CL:0000117)
GO:0050804	modulation of synaptic transmission	regulates_o_has_participant(CL:0000117)
GO:0048169	regulation of long-term neuronal synaptic plasticity	regulates_o_has_participant(CL:0000117)
GO:0050769	positive regulation of neurogenesis	regulates_o_has_participant(CL:0000117)
GO:0051967	negative regulation of synaptic transmission, glutamatergic	regulates_o_has_participant(CL:0000117)
GO:0050805	negative regulation of synaptic transmission	regulates_o_has_participant(CL:0000117)
GO:0031133	regulation of axon diameter	regulates_o_has_participant(CL:0000120)
GO:0048169	regulation of long-term neuronal synaptic plasticity	regulates_o_has_participant(CL:0000121)
GO:0051964	negative regulation of synapse assembly	regulates_o_has_participant(CL:0000121)
GO:0008360	regulation of cell shape	regulates_o_has_participant(CL:0000127)
GO:0045766	positive regulation of angiogenesis	regulates_o_has_participant(CL:0000127)
GO:0048169	regulation of long-term neuronal synaptic plasticity	regulates_o_has_participant(CL:0000127)
GO:0008360	regulation of cell shape	regulates_o_has_participant(CL:0000128)
GO:0022409	positive regulation of cell-cell adhesion	regulates_o_has_participant(CL:0000134)
GO:0061036	positive regulation of cartilage development	regulates_o_has_participant(CL:0000134)
GO:0022409	positive regulation of cell-cell adhesion	regulates_o_has_participant(CL:0000134)
GO:0061037	negative regulation of cartilage development	regulates_o_has_participant(CL:0000134)
GO:0050807	regulation of synapse organization	regulates_o_has_participant(CL:0000188)
GO:0014809	regulation of skeletal muscle contraction by regulation of release of sequestered calcium ion	regulates_o_has_participant(CL:0000188)
GO:0032224	positive regulation of synaptic transmission, cholinergic	regulates_o_has_participant(CL:0000188)
GO:0003056	regulation of vascular smooth muscle contraction	regulates_o_has_participant(CL:0000192)
GO:0006940	regulation of smooth muscle contraction	regulates_o_has_participant(CL:0000192)
GO:0045986	negative regulation of smooth muscle contraction	regulates_o_has_participant(CL:0000192)
GO:0006940	regulation of smooth muscle contraction	regulates_o_has_participant(CL:0000192)
GO:0006940	regulation of smooth muscle contraction	regulates_o_has_participant(CL:0000192)
GO:0045987	positive regulation of smooth muscle contraction	regulates_o_has_participant(CL:0000192)
GO:0045987	positive regulation of smooth muscle contraction	regulates_o_has_participant(CL:0000192)
GO:0006940	regulation of smooth muscle contraction	regulates_o_has_participant(CL:0000192)
GO:0045986	negative regulation of smooth muscle contraction	regulates_o_has_participant(CL:0000192)
GO:0050767	regulation of neurogenesis	regulates_o_has_participant(CL:0000207)
GO:0031642	negative regulation of myelination	regulates_o_has_participant(CL:0000218)
GO:0031641	regulation of myelination	regulates_o_has_participant(CL:0000218)
GO:0008360	regulation of cell shape	regulates_o_has_participant(CL:0000232)
GO:0033629	negative regulation of cell adhesion mediated by integrin	regulates_o_has_participant(CL:0000233)
GO:0033630	positive regulation of cell adhesion mediated by integrin	regulates_o_has_participant(CL:0000233)
GO:0001952	regulation of cell-matrix adhesion	regulates_o_has_participant(CL:0000233)
GO:0001953	negative regulation of cell-matrix adhesion	regulates_o_has_participant(CL:0000235)
GO:0022407	regulation of cell-cell adhesion	regulates_o_has_participant(CL:0000236)
GO:0050869	negative regulation of B cell activation	regulates_o_has_participant(CL:0000236)
GO:0044140	negative regulation of growth of symbiont on or near host surface	regulates_o_has_participant(CL:0000312)
GO:0022408	negative regulation of cell-cell adhesion	regulates_o_has_participant(CL:0000337)
GO:0042482	positive regulation of odontogenesis	regulates_o_has_participant(CL:0000345)
GO:0030155	regulation of cell adhesion	regulates_o_has_participant(CL:0000353)
GO:0030155	regulation of cell adhesion	regulates_o_has_participant(CL:0000353)
GO:0001952	regulation of cell-matrix adhesion	regulates_o_has_participant(CL:0000355)
GO:0001952	regulation of cell-matrix adhesion	regulates_o_has_participant(CL:0000355)
GO:0030155	regulation of cell adhesion	regulates_o_has_participant(CL:0000359)
GO:0030886	negative regulation of myeloid dendritic cell activation	regulates_o_has_participant(CL:0000451)
GO:0046620	regulation of organ growth	regulates_o_has_participant(CL:0000514)
GO:0090129	positive regulation of synapse maturation	regulates_o_has_participant(CL:0000540)
GO:0010646	regulation of cell communication	regulates_o_has_participant(CL:0000540)
GO:0051963	regulation of synapse assembly	regulates_o_has_participant(CL:0000540)
GO:0032229	negative regulation of synaptic transmission, GABAergic	regulates_o_has_participant(CL:0000540)
GO:0031133	regulation of axon diameter	regulates_o_has_participant(CL:0000540)
GO:0043576	regulation of respiratory gaseous exchange	regulates_o_has_participant(CL:0000540)
GO:0031133	regulation of axon diameter	regulates_o_has_participant(CL:0000540)
GO:0048070	regulation of developmental pigmentation	regulates_o_has_participant(CL:0000541)
GO:0022409	positive regulation of cell-cell adhesion	regulates_o_has_participant(CL:0000576)
GO:0044146	negative regulation of growth of symbiont involved in interaction with host	regulates_o_has_participant(CL:0000581)
GO:0045089	positive regulation of innate immune response	regulates_o_has_participant(CL:0000581)
GO:0050728	negative regulation of inflammatory response	regulates_o_has_participant(CL:0000581)
GO:0045785	positive regulation of cell adhesion	regulates_o_has_participant(CL:0000584)
GO:0034119	negative regulation of erythrocyte aggregation	regulates_o_has_participant(CL:0000595)
GO:0050806	positive regulation of synaptic transmission	regulates_o_has_participant(CL:0000598)
GO:0048167	regulation of synaptic plasticity	regulates_o_has_participant(CL:0000598)
GO:0050804	modulation of synaptic transmission	regulates_o_has_participant(CL:0000617)
GO:0032230	positive regulation of synaptic transmission, GABAergic	regulates_o_has_participant(CL:0000617)
GO:0060332	positive regulation of response to interferon-gamma	regulates_o_has_participant(CL:0000624)
GO:0001952	regulation of cell-matrix adhesion	regulates_o_has_participant(CL:0000650)
GO:0001954	positive regulation of cell-matrix adhesion	regulates_o_has_participant(CL:0000653)
GO:0048643	positive regulation of skeletal muscle tissue development	regulates_o_has_participant(CL:0000680)
GO:0048643	positive regulation of skeletal muscle tissue development	regulates_o_has_participant(CL:0000680)
GO:0048643	positive regulation of skeletal muscle tissue development	regulates_o_has_participant(CL:0000680)
GO:0032225	regulation of synaptic transmission, dopaminergic	regulates_o_has_participant(CL:0000700)
GO:0051963	regulation of synapse assembly	regulates_o_has_participant(CL:0000700)
GO:0031645	negative regulation of neurological system process	regulates_o_has_participant(CL:0000700)
GO:0031645	negative regulation of neurological system process	regulates_o_has_participant(CL:0000700)
GO:0050767	regulation of neurogenesis	regulates_o_has_participant(CL:0000700)
GO:0045822	negative regulation of heart contraction	regulates_o_has_participant(CL:0000746)
GO:0045822	negative regulation of heart contraction	regulates_o_has_participant(CL:0000746)
GO:0010460	positive regulation of heart rate	regulates_o_has_participant(CL:0000746)
GO:0002026	regulation of the force of heart contraction	regulates_o_has_participant(CL:0000746)
GO:0008016	regulation of heart contraction	regulates_o_has_participant(CL:0000746)
GO:0006937	regulation of muscle contraction	regulates_o_has_participant(CL:0000746)
GO:0002026	regulation of the force of heart contraction	regulates_o_has_participant(CL:0000746)
GO:0061050	regulation of cell growth involved in cardiac muscle cell development	regulates_o_has_participant(CL:0000746)
GO:1900026	positive regulation of substrate adhesion-dependent cell spreading	regulates_o_has_participant(CL:0000775)
GO:0060266	negative regulation of respiratory burst involved in inflammatory response	regulates_o_has_participant(CL:0000775)
GO:0045785	positive regulation of cell adhesion	regulates_o_has_participant(CL:0000775)
GO:0007162	negative regulation of cell adhesion	regulates_o_has_participant(CL:0000775)
GO:0045088	regulation of innate immune response	regulates_o_has_participant(CL:0000775)
GO:0019216	regulation of lipid metabolic process	regulates_o_has_participant(CL:0002153)
GO:0048643	positive regulation of skeletal muscle tissue development	regulates_o_has_participant(CL:0002322)
GO:0048642	negative regulation of skeletal muscle tissue development	regulates_o_has_participant(CL:0002322)
GO:2000382	positive regulation of mesoderm development	regulates_o_has_participant(CL:0002322)
GO:0050769	positive regulation of neurogenesis	regulates_o_has_participant(CL:0002322)
GO:0050728	negative regulation of inflammatory response	regulates_o_has_participant(CL:0002476)
GO:0001952	regulation of cell-matrix adhesion	regulates_o_has_participant(EMAPA:16039
GO:0010646	regulation of cell communication	regulates_o_has_participant(EMAPA:16042)
GO:0050768	negative regulation of neurogenesis	regulates_o_has_participant(EMAPA:16069)
GO:0045822	negative regulation of heart contraction	regulates_o_has_participant(EMAPA:16105
GO:0002026	regulation of the force of heart contraction	regulates_o_has_participant(EMAPA:16105
GO:0001997	positive regulation of the force of heart contraction by epinephrine-norepinephrine	regulates_o_has_participant(EMAPA:16105)
GO:0001996	positive regulation of heart rate by epinephrine-norepinephrine	regulates_o_has_participant(EMAPA:16105)
GO:0001985	negative regulation of heart rate involved in baroreceptor response to increased systemic arterial blood pressure	regulates_o_has_participant(EMAPA:16105)
GO:0050880	regulation of blood vessel size	regulates_o_has_participant(EMAPA:16105)
GO:0002026	regulation of the force of heart contraction	regulates_o_has_participant(EMAPA:16105)
GO:0050727	regulation of inflammatory response	regulates_o_has_participant(EMAPA:16105)
GO:0045822	negative regulation of heart contraction	regulates_o_has_participant(EMAPA:16105)
GO:0040008	regulation of growth	regulates_o_has_participant(EMAPA:16142)
GO:0040008	regulation of growth	regulates_o_has_participant(EMAPA:16146)
GO:0040008	regulation of growth	regulates_o_has_participant(EMAPA:16151)
GO:0040008	regulation of growth	regulates_o_has_participant(EMAPA:16159)
GO:0040008	regulation of growth	regulates_o_has_participant(EMAPA:16162)
GO:0050728	negative regulation of inflammatory response	regulates_o_has_participant(EMAPA:16193)
GO:0040008	regulation of growth	regulates_o_has_participant(EMAPA:16288)
GO:0040008	regulation of growth	regulates_o_has_participant(EMAPA:16292)
GO:0040008	regulation of growth	regulates_o_has_participant(EMAPA:16295)
GO:0040008	regulation of growth	regulates_o_has_participant(EMAPA:16299)
GO:0040008	regulation of growth	regulates_o_has_participant(EMAPA:16303)
GO:0040008	regulation of growth	regulates_o_has_participant(EMAPA:16307)
GO:0001952	regulation of cell-matrix adhesion	regulates_o_has_participant(EMAPA:16319
GO:0002876	positive regulation of chronic inflammatory response to antigenic stimulus	regulates_o_has_participant(EMAPA:16405)
GO:0001952	regulation of cell-matrix adhesion	regulates_o_has_participant(EMAPA:16423
GO:0001952	regulation of cell-matrix adhesion	regulates_o_has_participant(EMAPA:16426
GO:0001952	regulation of cell-matrix adhesion	regulates_o_has_participant(EMAPA:16429
GO:0001952	regulation of cell-matrix adhesion	regulates_o_has_participant(EMAPA:16432
GO:0001952	regulation of cell-matrix adhesion	regulates_o_has_participant(EMAPA:16435
GO:0050727	regulation of inflammatory response	regulates_o_has_participant(EMAPA:16728)
GO:0002882	positive regulation of chronic inflammatory response to non-antigenic stimulus	regulates_o_has_participant(EMAPA:16728)
GO:0050728	negative regulation of inflammatory response	regulates_o_has_participant(EMAPA:16728)
GO:0050728	negative regulation of inflammatory response	regulates_o_has_participant(EMAPA:16728)
GO:0014916	regulation of lung blood pressure	regulates_o_has_participant(EMAPA:16728)
GO:0050729	positive regulation of inflammatory response	regulates_o_has_participant(EMAPA:16728)
GO:0050727	regulation of inflammatory response	regulates_o_has_participant(EMAPA:16728)
GO:0001952	regulation of cell-matrix adhesion	regulates_o_has_participant(EMAPA:16846
GO:0002651	positive regulation of tolerance induction to self antigen	regulates_o_has_participant(EMAPA:16846)
GO:0050728	negative regulation of inflammatory response	regulates_o_has_participant(EMAPA:16846)
GO:0050727	regulation of inflammatory response	regulates_o_has_participant(EMAPA:16846)
GO:0002830	positive regulation of type 2 immune response	regulates_o_has_participant(EMAPA:16853)
GO:0002678	positive regulation of chronic inflammatory response	regulates_o_has_participant(EMAPA:16853)
GO:0045188	regulation of circadian sleep/wake cycle, non-REM sleep	regulates_o_has_participant(EMAPA:16894)
GO:0042320	regulation of circadian sleep/wake cycle, REM sleep	regulates_o_has_participant(EMAPA:16894)
GO:0031641	regulation of myelination	regulates_o_has_participant(EMAPA:16894)
GO:0031641	regulation of myelination	regulates_o_has_participant(EMAPA:16910)
GO:0031645	negative regulation of neurological system process	regulates_o_has_participant(EMAPA:16985
GO:0050727	regulation of inflammatory response	regulates_o_has_participant(EMAPA:17000)
GO:0050728	negative regulation of inflammatory response	regulates_o_has_participant(EMAPA:17021)
GO:0050806	positive regulation of synaptic transmission	regulates_o_has_participant(EMAPA:17168)
GO:0050728	negative regulation of inflammatory response	regulates_o_has_participant(EMAPA:17172)
GO:0022409	positive regulation of cell-cell adhesion	regulates_o_has_participant(EMAPA:17208
GO:0030500	regulation of bone mineralization	regulates_o_has_participant(EMAPA:17213)
GO:0001986	negative regulation of the force of heart contraction involved in baroreceptor response to increased systemic arterial blood pressure	regulates_o_has_participant(EMAPA:17337)
GO:0002026	regulation of the force of heart contraction	regulates_o_has_participant(EMAPA:17337)
GO:0001997	positive regulation of the force of heart contraction by epinephrine-norepinephrine	regulates_o_has_participant(EMAPA:17337)
GO:0042481	regulation of odontogenesis	regulates_o_has_participant(EMAPA:17359)
GO:0050878	regulation of body fluid levels	regulates_o_has_participant(EMAPA:17373)
GO:0002016	regulation of blood volume by renin-angiotensin	regulates_o_has_participant(EMAPA:17373)
GO:0002017	regulation of blood volume by renal aldosterone	regulates_o_has_participant(EMAPA:17373)
GO:0002925	positive regulation of humoral immune response mediated by circulating immunoglobulin	regulates_o_has_participant(EMAPA:17373)
GO:0035810	positive regulation of urine volume	regulates_o_has_participant(EMAPA:17373)
GO:0050778	positive regulation of immune response	regulates_o_has_participant(EMAPA:17373)
GO:0002019	regulation of renal output by angiotensin	regulates_o_has_participant(EMAPA:17373)
GO:0035815	positive regulation of renal sodium excretion	regulates_o_has_participant(EMAPA:17373)
GO:0050727	regulation of inflammatory response	regulates_o_has_participant(EMAPA:17373)
GO:0090190	positive regulation of branching involved in ureteric bud morphogenesis	regulates_o_has_participant(EMAPA:17376
GO:0002651	positive regulation of tolerance induction to self antigen	regulates_o_has_participant(EMAPA:17503)
GO:0048070	regulation of developmental pigmentation	regulates_o_has_participant(EMAPA:17525
GO:0002651	positive regulation of tolerance induction to self antigen	regulates_o_has_participant(EMAPA:17525)
GO:0050728	negative regulation of inflammatory response	regulates_o_has_participant(EMAPA:17525)
GO:0002862	negative regulation of inflammatory response to antigenic stimulus	regulates_o_has_participant(EMAPA:17525)
GO:0033561	regulation of water loss via skin	regulates_o_has_participant(EMAPA:17528)
GO:0048167	regulation of synaptic plasticity	regulates_o_has_participant(EMAPA:17544)
GO:0051967	negative regulation of synaptic transmission, glutamatergic	regulates_o_has_participant(EMAPA:17549)
GO:0002087	regulation of respiratory gaseous exchange by neurological system process	regulates_o_has_participant(EMAPA:17550)
GO:0031133	regulation of axon diameter	regulates_o_has_participant(EMAPA:17577
GO:0031133	regulation of axon diameter	regulates_o_has_participant(EMAPA:17577
GO:0002863	positive regulation of inflammatory response to antigenic stimulus	regulates_o_has_participant(EMAPA:17577)
GO:0050768	negative regulation of neurogenesis	regulates_o_has_participant(EMAPA:17577)
GO:0031641	regulation of myelination	regulates_o_has_participant(EMAPA:17577)
GO:0022409	positive regulation of cell-cell adhesion	regulates_o_has_participant(EMAPA:17599
GO:0050807	regulation of synapse organization	regulates_o_has_participant(EMAPA:17701
GO:0050728	negative regulation of inflammatory response	regulates_o_has_participant(EMAPA:17751)
GO:0050728	negative regulation of inflammatory response	regulates_o_has_participant(EMAPA:17751)
GO:0050728	negative regulation of inflammatory response	regulates_o_has_participant(EMAPA:17751)
GO:0060683	regulation of branching involved in salivary gland morphogenesis by epithelial-mesenchymal signaling	regulates_o_has_participant(EMAPA:17755
GO:0022408	negative regulation of cell-cell adhesion	regulates_o_has_participant(EMAPA:17787
GO:0051964	negative regulation of synapse assembly	regulates_o_has_participant(EMAPA:17787
GO:0031133	regulation of axon diameter	regulates_o_has_participant(EMAPA:17787
GO:0048167	regulation of synaptic plasticity	regulates_o_has_participant(EMAPA:17787)
GO:0031133	regulation of axon diameter	regulates_o_has_participant(EMAPA:17846
GO:0050728	negative regulation of inflammatory response	regulates_o_has_participant(EMAPA:17891)
GO:0042481	regulation of odontogenesis	regulates_o_has_participant(EMAPA:17919)
GO:0022407	regulation of cell-cell adhesion	regulates_o_has_participant(EMAPA:17962)
GO:0019229	regulation of vasoconstriction	regulates_o_has_participant(EMAPA:18239)
GO:0031645	negative regulation of neurological system process	regulates_o_has_participant(EMAPA:18428
GO:0002087	regulation of respiratory gaseous exchange by neurological system process	regulates_o_has_participant(EMAPA:18575
GO:0031133	regulation of axon diameter	regulates_o_has_participant(EMAPA:18577
GO:0031641	regulation of myelination	regulates_o_has_participant(EMAPA:18577
GO:0031133	regulation of axon diameter	regulates_o_has_participant(EMAPA:18577
GO:0019229	regulation of vasoconstriction	regulates_o_has_participant(EMAPA:18601)
GO:0003026	regulation of systemic arterial blood pressure by aortic arch baroreceptor feedback	regulates_o_has_participant(EMAPA:18601)
GO:0002026	regulation of the force of heart contraction	regulates_o_has_participant(EMAPA:18601)
GO:0002087	regulation of respiratory gaseous exchange by neurological system process	regulates_o_has_participant(EMAPA:18631
GO:0050776	regulation of immune response	regulates_o_has_participant(EMAPA:18767)
GO:0050729	positive regulation of inflammatory response	regulates_o_has_participant(EMAPA:18812)
GO:0050728	negative regulation of inflammatory response	regulates_o_has_participant(EMAPA:18812)
GO:0050727	regulation of inflammatory response	regulates_o_has_participant(EMAPA:18939)
GO:0002862	negative regulation of inflammatory response to antigenic stimulus	regulates_o_has_participant(EMAPA:18939)
GO:0050728	negative regulation of inflammatory response	regulates_o_has_participant(EMAPA:18939)
GO:0002710	negative regulation of T cell mediated immunity	regulates_o_has_participant(EMAPA:18939)
GO:0050803	regulation of synapse structure or activity	regulates_o_has_participant(EMAPA:19039
GO:0045780	positive regulation of bone resorption	regulates_o_has_participant(EMAPA:19106)
GO:0030278	regulation of ossification	regulates_o_has_participant(EMAPA:19142
GO:0045780	positive regulation of bone resorption	regulates_o_has_participant(EMAPA:19142)
GO:0045780	positive regulation of bone resorption	regulates_o_has_participant(EMAPA:19143)
GO:0040008	regulation of growth	regulates_o_has_participant(EMAPA:19146)
GO:0050729	positive regulation of inflammatory response	regulates_o_has_participant(EMAPA:19205)
GO:0050728	negative regulation of inflammatory response	regulates_o_has_participant(EMAPA:19205)
GO:0002862	negative regulation of inflammatory response to antigenic stimulus	regulates_o_has_participant(EMAPA:19252)
GO:0040015	negative regulation of multicellular organism growth	regulates_o_has_participant(EMAPA:25765)
GO:0044062	regulation of excretion	regulates_o_has_participant(EMAPA:27782)
GO:0003093	regulation of glomerular filtration	regulates_o_has_participant(EMAPA:28239)
GO:0001952	regulation of cell-matrix adhesion	regulates_o_has_participant(EMAPA:28281)
GO:0019229	regulation of vasoconstriction	regulates_o_has_participant(EMAPA:28373)
GO:0035810	positive regulation of urine volume	regulates_o_has_participant(EMAPA:28407)
GO:0035815	positive regulation of renal sodium excretion	regulates_o_has_participant(EMAPA:28407)
GO:0001952	regulation of cell-matrix adhesion	regulates_o_has_participant(EMAPA:28407)
GO:0050728	negative regulation of inflammatory response	regulates_o_has_participant(EMAPA:30659)
GO:0045822	negative regulation of heart contraction	regulates_o_has_participant(EMAPA:32688
GO:0002026	regulation of the force of heart contraction	regulates_o_has_participant(EMAPA:32688
GO:0002651	positive regulation of tolerance induction to self antigen	regulates_o_has_participant(EMAPA:32688)
GO:0014809	regulation of skeletal muscle contraction by regulation of release of sequestered calcium ion	regulates_o_has_participant(EMAPA:32716
GO:0045778	positive regulation of ossification	regulates_o_has_participant(EMAPA:32740)
GO:0045780	positive regulation of bone resorption	regulates_o_has_participant(EMAPA:32740)
GO:0060266	negative regulation of respiratory burst involved in inflammatory response	regulates_o_has_participant(EMAPA:32743
GO:0045778	positive regulation of ossification	regulates_o_has_participant(EMAPA:32760
GO:0045089	positive regulation of innate immune response	regulates_o_has_participant(EMAPA:32764)
GO:0050806	positive regulation of synaptic transmission	regulates_o_has_participant(EMAPA:32768
GO:0048167	regulation of synaptic plasticity	regulates_o_has_participant(EMAPA:32768
GO:0050805	negative regulation of synaptic transmission	regulates_o_has_participant(EMAPA:32768
GO:0051966	regulation of synaptic transmission, glutamatergic	regulates_o_has_participant(EMAPA:32770
GO:0045124	regulation of bone resorption	regulates_o_has_participant(EMAPA:32782
GO:0030501	positive regulation of bone mineralization	regulates_o_has_participant(EMAPA:32782
GO:0045778	positive regulation of ossification	regulates_o_has_participant(EMAPA:32782)
GO:0046850	regulation of bone remodeling	regulates_o_has_participant(EMAPA:32782)
GO:0051967	negative regulation of synaptic transmission, glutamatergic	regulates_o_has_participant(EMAPA:32789
GO:0022408	negative regulation of cell-cell adhesion	regulates_o_has_participant(EMAPA:32809
GO:0050807	regulation of synapse organization	regulates_o_has_participant(EMAPA:32845
GO:0050803	regulation of synapse structure or activity	regulates_o_has_participant(EMAPA:32845
GO:0048167	regulation of synaptic plasticity	regulates_o_has_participant(EMAPA:32845)
GO:0051963	regulation of synapse assembly	regulates_o_has_participant(EMAPA:32869
GO:0050728	negative regulation of inflammatory response	regulates_o_has_participant(EMAPA:35112)
GO:0051963	regulation of synapse assembly	regulates_o_has_participant(EMAPA:35163
GO:0051966	regulation of synaptic transmission, glutamatergic	regulates_o_has_participant(EMAPA:35163)
GO:0040008	regulation of growth	regulates_o_has_participant(EMAPA:35340)
GO:0002865	negative regulation of acute inflammatory response to antigenic stimulus	regulates_o_has_participant(EMAPA:35456)
GO:0030500	regulation of bone mineralization	regulates_o_has_participant(EMAPA:35456)
GO:0050728	negative regulation of inflammatory response	regulates_o_has_participant(EMAPA:35463)
GO:0050728	negative regulation of inflammatory response	regulates_o_has_participant(EMAPA:35463)
GO:0032224	positive regulation of synaptic transmission, cholinergic	regulates_o_has_participant(EMAPA:35578
GO:0002651	positive regulation of tolerance induction to self antigen	regulates_o_has_participant(EMAPA:35578)
GO:0001991	regulation of systemic arterial blood pressure by circulatory renin-angiotensin	regulates_o_has_participant(EMAPA:35690)
GO:0002924	negative regulation of humoral immune response mediated by circulating immunoglobulin	regulates_o_has_participant(EMAPA:35770)
GO:0031133	regulation of axon diameter	regulates_o_has_participant(EMAPA:35794
GO:0031641	regulation of myelination	regulates_o_has_participant(EMAPA:35795)
GO:0032225	regulation of synaptic transmission, dopaminergic	regulates_o_has_participant(EMAPA:35914
GO:0051963	regulation of synapse assembly	regulates_o_has_participant(EMAPA:35914
GO:0050729	positive regulation of inflammatory response	regulates_o_has_participant(EMAPA:36501)
GO:0022407	regulation of cell-cell adhesion	regulates_o_has_participant(EMAPA:36520
GO:0022407	regulation of cell-cell adhesion	regulates_o_has_participant(EMAPA:36520)
GO:0002087	regulation of respiratory gaseous exchange by neurological system process	regulates_o_has_participant(EMAPA:36557
GO:0043576	regulation of respiratory gaseous exchange	regulates_o_has_participant(EMAPA:36557
GO:0043576	regulation of respiratory gaseous exchange	regulates_o_has_participant(EMAPA:36557)
GO:0010825	positive regulation of centrosome duplication	regulates_o_occurs_in(CL:0000007)
GO:0043066	negative regulation of apoptotic process	regulates_o_occurs_in(CL:0000008)
GO:0090090	negative regulation of canonical Wnt signaling pathway	regulates_o_occurs_in(CL:0000008)
GO:0043066	negative regulation of apoptotic process	regulates_o_occurs_in(CL:0000008)
GO:0043066	negative regulation of apoptotic process	regulates_o_occurs_in(CL:0000008)
GO:0043066	negative regulation of apoptotic process	regulates_o_occurs_in(CL:0000008)
GO:0043066	negative regulation of apoptotic process	regulates_o_occurs_in(CL:0000008)
GO:0030178	negative regulation of Wnt signaling pathway	regulates_o_occurs_in(CL:0000008)
GO:0001932	regulation of protein phosphorylation	regulates_o_occurs_in(CL:0000010
GO:0001932	regulation of protein phosphorylation	regulates_o_occurs_in(CL:0000010)
GO:0043066	negative regulation of apoptotic process	regulates_o_occurs_in(CL:0000011)
GO:0090090	negative regulation of canonical Wnt signaling pathway	regulates_o_occurs_in(CL:0000011)
GO:0030178	negative regulation of Wnt signaling pathway	regulates_o_occurs_in(CL:0000011)
GO:0006417	regulation of translation	regulates_o_occurs_in(CL:0000015
GO:0006417	regulation of translation	regulates_o_occurs_in(CL:0000015
GO:0006417	regulation of translation	regulates_o_occurs_in(CL:0000015)
GO:0032927	positive regulation of activin receptor signaling pathway	regulates_o_occurs_in(CL:0000015)
GO:0043066	negative regulation of apoptotic process	regulates_o_occurs_in(CL:0000015)
GO:0045727	positive regulation of translation	regulates_o_occurs_in(CL:0000017
GO:0032880	regulation of protein localization	regulates_o_occurs_in(CL:0000017
GO:0032880	regulation of protein localization	regulates_o_occurs_in(CL:0000017
GO:0032880	regulation of protein localization	regulates_o_occurs_in(CL:0000017
GO:0051985	negative regulation of chromosome segregation	regulates_o_occurs_in(CL:0000017
GO:0032880	regulation of protein localization	regulates_o_occurs_in(CL:0000017)
GO:0032880	regulation of protein localization	regulates_o_occurs_in(CL:0000017)
GO:0060903	positive regulation of meiosis I	regulates_o_occurs_in(CL:0000017)
GO:0043065	positive regulation of apoptotic process	regulates_o_occurs_in(CL:0000017)
GO:0010569	regulation of double-strand break repair via homologous recombination	regulates_o_occurs_in(CL:0000017)
GO:0010529	negative regulation of transposition	regulates_o_occurs_in(CL:0000017)
GO:1901994	negative regulation of meiotic cell cycle phase transition	regulates_o_occurs_in(CL:0000017)
GO:0043066	negative regulation of apoptotic process	regulates_o_occurs_in(CL:0000017)
GO:0043066	negative regulation of apoptotic process	regulates_o_occurs_in(CL:0000017)
GO:2000711	positive regulation of maintenance of meiotic sister chromatid cohesion, centromeric	regulates_o_occurs_in(CL:0000017)
GO:0043066	negative regulation of apoptotic process	regulates_o_occurs_in(CL:0000017)
GO:0051924	regulation of calcium ion transport	regulates_o_occurs_in(CL:0000018)
GO:0090138	regulation of actin cytoskeleton organization by cell-cell adhesion	regulates_o_occurs_in(CL:0000018)
GO:0051573	negative regulation of histone H3-K9 methylation	regulates_o_occurs_in(CL:0000018)
GO:0043069	negative regulation of programmed cell death	regulates_o_occurs_in(CL:0000018)
GO:2001256	regulation of store-operated calcium entry	regulates_o_occurs_in(CL:0000019)
GO:0045724	positive regulation of cilium assembly	regulates_o_occurs_in(CL:0000019)
GO:1900004	negative regulation of serine-type endopeptidase activity	regulates_o_occurs_in(CL:0000019)
GO:2001237	negative regulation of extrinsic apoptotic signaling pathway	regulates_o_occurs_in(CL:0000019)
GO:0010751	negative regulation of nitric oxide mediated signal transduction	regulates_o_occurs_in(CL:0000019)
GO:0050732	negative regulation of peptidyl-tyrosine phosphorylation	regulates_o_occurs_in(CL:0000019)
GO:0060046	regulation of acrosome reaction	regulates_o_occurs_in(CL:0000019)
GO:0043065	positive regulation of apoptotic process	regulates_o_occurs_in(CL:0000020)
GO:0045835	negative regulation of meiotic nuclear division	regulates_o_occurs_in(CL:0000021)
GO:0060903	positive regulation of meiosis I	regulates_o_occurs_in(CL:0000021)
GO:0045836	positive regulation of meiotic nuclear division	regulates_o_occurs_in(CL:0000021)
GO:0042981	regulation of apoptotic process	regulates_o_occurs_in(CL:0000023)
GO:0051447	negative regulation of meiotic cell cycle	regulates_o_occurs_in(CL:0000023)
GO:0045835	negative regulation of meiotic nuclear division	regulates_o_occurs_in(CL:0000023)
GO:0006357	regulation of transcription from RNA polymerase II promoter	regulates_o_occurs_in(CL:0000023)
GO:0043065	positive regulation of apoptotic process	regulates_o_occurs_in(CL:0000023)
GO:0045860	positive regulation of protein kinase activity	regulates_o_occurs_in(CL:0000023)
GO:0030308	negative regulation of cell growth	regulates_o_occurs_in(CL:0000023)
GO:0051441	positive regulation of ubiquitin-protein ligase activity involved in meiotic cell cycle	regulates_o_occurs_in(CL:0000023)
GO:0006356	regulation of transcription from RNA polymerase I promoter	regulates_o_occurs_in(CL:0000023)
GO:0051569	regulation of histone H3-K4 methylation	regulates_o_occurs_in(CL:0000023)
GO:0040020	regulation of meiotic nuclear division	regulates_o_occurs_in(CL:0000023)
GO:0043066	negative regulation of apoptotic process	regulates_o_occurs_in(CL:0000023)
GO:2000711	positive regulation of maintenance of meiotic sister chromatid cohesion, centromeric	regulates_o_occurs_in(CL:0000023)
GO:0060903	positive regulation of meiosis I	regulates_o_occurs_in(CL:0000024)
GO:0060466	activation of meiosis involved in egg activation	regulates_o_occurs_in(CL:0000025)
GO:0040020	regulation of meiotic nuclear division	regulates_o_occurs_in(CL:0000025)
GO:0043524	negative regulation of neuron apoptotic process	regulates_o_occurs_in(CL:0000029)
GO:0043524	negative regulation of neuron apoptotic process	regulates_o_occurs_in(CL:0000029)
GO:0043524	negative regulation of neuron apoptotic process	regulates_o_occurs_in(CL:0000029)
GO:0043524	negative regulation of neuron apoptotic process	regulates_o_occurs_in(CL:0000029)
GO:0043525	positive regulation of neuron apoptotic process	regulates_o_occurs_in(CL:0000029)
GO:0043525	positive regulation of neuron apoptotic process	regulates_o_occurs_in(CL:0000029)
GO:0043525	positive regulation of neuron apoptotic process	regulates_o_occurs_in(CL:0000029)
GO:0071158	positive regulation of cell cycle arrest	regulates_o_occurs_in(CL:0000031
GO:0010971	positive regulation of G2/M transition of mitotic cell cycle	regulates_o_occurs_in(CL:0000031)
GO:0045931	positive regulation of mitotic cell cycle	regulates_o_occurs_in(CL:0000031)
GO:0046580	negative regulation of Ras protein signal transduction	regulates_o_occurs_in(CL:0000031)
GO:0043065	positive regulation of apoptotic process	regulates_o_occurs_in(CL:0000031)
GO:0043065	positive regulation of apoptotic process	regulates_o_occurs_in(CL:0000031)
GO:0043065	positive regulation of apoptotic process	regulates_o_occurs_in(CL:0000031)
GO:0032534	regulation of microvillus assembly	regulates_o_occurs_in(CL:0000031)
GO:0045666	positive regulation of neuron differentiation	regulates_o_occurs_in(CL:0000031)
GO:0045747	positive regulation of Notch signaling pathway	regulates_o_occurs_in(CL:0000031)
GO:0031346	positive regulation of cell projection organization	regulates_o_occurs_in(CL:0000031)
GO:0030513	positive regulation of BMP signaling pathway	regulates_o_occurs_in(CL:0000034)
GO:0045944	positive regulation of transcription from RNA polymerase II promoter	regulates_o_occurs_in(CL:0000034)
GO:0045930	negative regulation of mitotic cell cycle	regulates_o_occurs_in(CL:0000037)
GO:0045994	positive regulation of translational initiation by iron	regulates_o_occurs_in(CL:0000037)
GO:1902531	regulation of intracellular signal transduction	regulates_o_occurs_in(CL:0000038)
GO:0033033	negative regulation of myeloid cell apoptotic process	regulates_o_occurs_in(CL:0000038)
GO:0045859	regulation of protein kinase activity	regulates_o_occurs_in(CL:0000038)
GO:0032874	positive regulation of stress-activated MAPK cascade	regulates_o_occurs_in(CL:0000040)
GO:0046330	positive regulation of JNK cascade	regulates_o_occurs_in(CL:0000040)
GO:0090090	negative regulation of canonical Wnt signaling pathway	regulates_o_occurs_in(CL:0000047
GO:0045944	positive regulation of transcription from RNA polymerase II promoter	regulates_o_occurs_in(CL:0000047
GO:0045944	positive regulation of transcription from RNA polymerase II promoter	regulates_o_occurs_in(CL:0000047
GO:0045944	positive regulation of transcription from RNA polymerase II promoter	regulates_o_occurs_in(CL:0000047
GO:0045944	positive regulation of transcription from RNA polymerase II promoter	regulates_o_occurs_in(CL:0000047
GO:1902254	negative regulation of intrinsic apoptotic signaling pathway by p53 class mediator	regulates_o_occurs_in(CL:0000047
GO:0070374	positive regulation of ERK1 and ERK2 cascade	regulates_o_occurs_in(CL:0000047)
GO:0035066	positive regulation of histone acetylation	regulates_o_occurs_in(CL:0000047)
GO:0046605	regulation of centrosome cycle	regulates_o_occurs_in(CL:0000047)
GO:0051898	negative regulation of protein kinase B signaling	regulates_o_occurs_in(CL:0000047)
GO:0046580	negative regulation of Ras protein signal transduction	regulates_o_occurs_in(CL:0000047)
GO:0051897	positive regulation of protein kinase B signaling	regulates_o_occurs_in(CL:0000047)
GO:2000617	positive regulation of histone H3-K9 acetylation	regulates_o_occurs_in(CL:0000047)
GO:0070373	negative regulation of ERK1 and ERK2 cascade	regulates_o_occurs_in(CL:0000047)
GO:0071442	positive regulation of histone H3-K14 acetylation	regulates_o_occurs_in(CL:0000047)
GO:0043524	negative regulation of neuron apoptotic process	regulates_o_occurs_in(CL:0000047)
GO:0045787	positive regulation of cell cycle	regulates_o_occurs_in(CL:0000047)
GO:0090263	positive regulation of canonical Wnt signaling pathway	regulates_o_occurs_in(CL:0000047)
GO:1902253	regulation of intrinsic apoptotic signaling pathway by p53 class mediator	regulates_o_occurs_in(CL:0000056
GO:2001256	regulation of store-operated calcium entry	regulates_o_occurs_in(CL:0000056
GO:1902253	regulation of intrinsic apoptotic signaling pathway by p53 class mediator	regulates_o_occurs_in(CL:0000056)
GO:0043066	negative regulation of apoptotic process	regulates_o_occurs_in(CL:0000056)
GO:0045743	positive regulation of fibroblast growth factor receptor signaling pathway	regulates_o_occurs_in(CL:0000056)
GO:0045944	positive regulation of transcription from RNA polymerase II promoter	regulates_o_occurs_in(CL:0000056)
GO:0001228	transcriptional activator activity, RNA polymerase II transcription regulatory region sequence-specific binding	regulates_o_occurs_in(CL:0000056)
GO:0010389	regulation of G2/M transition of mitotic cell cycle	regulates_o_occurs_in(CL:0000056)
GO:0006919	activation of cysteine-type endopeptidase activity involved in apoptotic process	regulates_o_occurs_in(CL:0000057
GO:0006469	negative regulation of protein kinase activity	regulates_o_occurs_in(CL:0000057
GO:0043085	positive regulation of catalytic activity	regulates_o_occurs_in(CL:0000057
GO:0032436	positive regulation of proteasomal ubiquitin-dependent protein catabolic process	regulates_o_occurs_in(CL:0000057
GO:0010954	positive regulation of protein processing	regulates_o_occurs_in(CL:0000057
GO:0006919	activation of cysteine-type endopeptidase activity involved in apoptotic process	regulates_o_occurs_in(CL:0000057
GO:0006919	activation of cysteine-type endopeptidase activity involved in apoptotic process	regulates_o_occurs_in(CL:0000057
GO:0043085	positive regulation of catalytic activity	regulates_o_occurs_in(CL:0000057
GO:0045944	positive regulation of transcription from RNA polymerase II promoter	regulates_o_occurs_in(CL:0000057
GO:0043280	positive regulation of cysteine-type endopeptidase activity involved in apoptotic process	regulates_o_occurs_in(CL:0000057
GO:0043619	regulation of transcription from RNA polymerase II promoter in response to oxidative stress	regulates_o_occurs_in(CL:0000057
GO:0045944	positive regulation of transcription from RNA polymerase II promoter	regulates_o_occurs_in(CL:0000057
GO:0006469	negative regulation of protein kinase activity	regulates_o_occurs_in(CL:0000057
GO:0006469	negative regulation of protein kinase activity	regulates_o_occurs_in(CL:0000057
GO:0000961	negative regulation of mitochondrial RNA catabolic process	regulates_o_occurs_in(CL:0000057
GO:0045860	positive regulation of protein kinase activity	regulates_o_occurs_in(CL:0000057
GO:0046330	positive regulation of JNK cascade	regulates_o_occurs_in(CL:0000057)
GO:0045787	positive regulation of cell cycle	regulates_o_occurs_in(CL:0000057)
GO:0000188	inactivation of MAPK activity	regulates_o_occurs_in(CL:0000057)
GO:0045786	negative regulation of cell cycle	regulates_o_occurs_in(CL:0000057)
GO:0008635	activation of cysteine-type endopeptidase activity involved in apoptotic process by cytochrome c	regulates_o_occurs_in(CL:0000057)
GO:0046580	negative regulation of Ras protein signal transduction	regulates_o_occurs_in(CL:0000057)
GO:0043066	negative regulation of apoptotic process	regulates_o_occurs_in(CL:0000057)
GO:0046902	regulation of mitochondrial membrane permeability	regulates_o_occurs_in(CL:0000057)
GO:0060628	regulation of ER to Golgi vesicle-mediated transport	regulates_o_occurs_in(CL:0000057)
GO:1902167	positive regulation of intrinsic apoptotic signaling pathway in response to DNA damage by p53 class mediator	regulates_o_occurs_in(CL:0000057)
GO:0032206	positive regulation of telomere maintenance	regulates_o_occurs_in(CL:0000057)
GO:0006919	activation of cysteine-type endopeptidase activity involved in apoptotic process	regulates_o_occurs_in(CL:0000057)
GO:0035794	positive regulation of mitochondrial membrane permeability	regulates_o_occurs_in(CL:0000057)
GO:0043123	positive regulation of I-kappaB kinase/NF-kappaB signaling	regulates_o_occurs_in(CL:0000057)
GO:0008625	extrinsic apoptotic signaling pathway via death domain receptors	regulates_o_occurs_in(CL:0000057)
GO:1902042	negative regulation of extrinsic apoptotic signaling pathway via death domain receptors	regulates_o_occurs_in(CL:0000057)
GO:0060623	regulation of chromosome condensation	regulates_o_occurs_in(CL:0000057)
GO:0090141	positive regulation of mitochondrial fission	regulates_o_occurs_in(CL:0000057)
GO:0010389	regulation of G2/M transition of mitotic cell cycle	regulates_o_occurs_in(CL:0000057)
GO:1902042	negative regulation of extrinsic apoptotic signaling pathway via death domain receptors	regulates_o_occurs_in(CL:0000057)
GO:2001237	negative regulation of extrinsic apoptotic signaling pathway	regulates_o_occurs_in(CL:0000057)
GO:0030178	negative regulation of Wnt signaling pathway	regulates_o_occurs_in(CL:0000057)
GO:1900026	positive regulation of substrate adhesion-dependent cell spreading	regulates_o_occurs_in(CL:0000057)
GO:0006469	negative regulation of protein kinase activity	regulates_o_occurs_in(CL:0000057)
GO:0045875	negative regulation of sister chromatid cohesion	regulates_o_occurs_in(CL:0000057)
GO:2001032	regulation of double-strand break repair via nonhomologous end joining	regulates_o_occurs_in(CL:0000057)
GO:0014067	negative regulation of phosphatidylinositol 3-kinase signaling	regulates_o_occurs_in(CL:0000057)
GO:0043087	regulation of GTPase activity	regulates_o_occurs_in(CL:0000057)
GO:2001244	positive regulation of intrinsic apoptotic signaling pathway	regulates_o_occurs_in(CL:0000057)
GO:0070374	positive regulation of ERK1 and ERK2 cascade	regulates_o_occurs_in(CL:0000057)
GO:0010523	negative regulation of calcium ion transport into cytosol	regulates_o_occurs_in(CL:0000057)
GO:0051496	positive regulation of stress fiber assembly	regulates_o_occurs_in(CL:0000057)
GO:0045820	negative regulation of glycolytic process	regulates_o_occurs_in(CL:0000057)
GO:1902445	regulation of mitochondrial membrane permeability involved in programmed necrotic cell death	regulates_o_occurs_in(CL:0000057)
GO:1902230	negative regulation of intrinsic apoptotic signaling pathway in response to DNA damage	regulates_o_occurs_in(CL:0000057)
GO:0030819	positive regulation of cAMP biosynthetic process	regulates_o_occurs_in(CL:0000057)
GO:1902043	positive regulation of extrinsic apoptotic signaling pathway via death domain receptors	regulates_o_occurs_in(CL:0000057)
GO:0031116	positive regulation of microtubule polymerization	regulates_o_occurs_in(CL:0000057)
GO:2001234	negative regulation of apoptotic signaling pathway	regulates_o_occurs_in(CL:0000057)
GO:0043408	regulation of MAPK cascade	regulates_o_occurs_in(CL:0000057)
GO:0001933	negative regulation of protein phosphorylation	regulates_o_occurs_in(CL:0000057)
GO:0043280	positive regulation of cysteine-type endopeptidase activity involved in apoptotic process	regulates_o_occurs_in(CL:0000057)
GO:1900025	negative regulation of substrate adhesion-dependent cell spreading	regulates_o_occurs_in(CL:0000057)
GO:0016242	negative regulation of macroautophagy	regulates_o_occurs_in(CL:0000057)
GO:2001256	regulation of store-operated calcium entry	regulates_o_occurs_in(CL:0000057)
GO:0001932	regulation of protein phosphorylation	regulates_o_occurs_in(CL:0000057)
GO:0051092	positive regulation of NF-kappaB transcription factor activity	regulates_o_occurs_in(CL:0000057)
GO:0032465	regulation of cytokinesis	regulates_o_occurs_in(CL:0000057)
GO:1902231	positive regulation of intrinsic apoptotic signaling pathway in response to DNA damage	regulates_o_occurs_in(CL:0000057)
GO:0010824	regulation of centrosome duplication	regulates_o_occurs_in(CL:0000057)
GO:0010824	regulation of centrosome duplication	regulates_o_occurs_in(CL:0000057)
GO:0042347	negative regulation of NF-kappaB import into nucleus	regulates_o_occurs_in(CL:0000057)
GO:0032873	negative regulation of stress-activated MAPK cascade	regulates_o_occurs_in(CL:0000057)
GO:0046579	positive regulation of Ras protein signal transduction	regulates_o_occurs_in(CL:0000057)
GO:0032471	negative regulation of endoplasmic reticulum calcium ion concentration	regulates_o_occurs_in(CL:0000057)
GO:0043065	positive regulation of apoptotic process	regulates_o_occurs_in(CL:0000057)
GO:0045950	negative regulation of mitotic recombination	regulates_o_occurs_in(CL:0000057)
GO:0014068	positive regulation of phosphatidylinositol 3-kinase signaling	regulates_o_occurs_in(CL:0000057)
GO:2000819	regulation of nucleotide-excision repair	regulates_o_occurs_in(CL:0000057)
GO:0050687	negative regulation of defense response to virus	regulates_o_occurs_in(CL:0000057)
GO:0051281	positive regulation of release of sequestered calcium ion into cytosol	regulates_o_occurs_in(CL:0000057)
GO:2001243	negative regulation of intrinsic apoptotic signaling pathway	regulates_o_occurs_in(CL:0000057)
GO:0045359	positive regulation of interferon-beta biosynthetic process	regulates_o_occurs_in(CL:0000057)
GO:0040037	negative regulation of fibroblast growth factor receptor signaling pathway	regulates_o_occurs_in(CL:0000057)
GO:2000270	negative regulation of fibroblast apoptotic process	regulates_o_occurs_in(CL:0000057)
GO:0060546	negative regulation of necroptotic process	regulates_o_occurs_in(CL:0000057)
GO:0043409	negative regulation of MAPK cascade	regulates_o_occurs_in(CL:0000057)
GO:0006282	regulation of DNA repair	regulates_o_occurs_in(CL:0000057)
GO:0051569	regulation of histone H3-K4 methylation	regulates_o_occurs_in(CL:0000057)
GO:0043410	positive regulation of MAPK cascade	regulates_o_occurs_in(CL:0000057)
GO:0007026	negative regulation of microtubule depolymerization	regulates_o_occurs_in(CL:0000057)
GO:0008631	intrinsic apoptotic signaling pathway in response to oxidative stress	regulates_o_occurs_in(CL:0000057)
GO:0042307	positive regulation of protein import into nucleus	regulates_o_occurs_in(CL:0000057)
GO:0043065	positive regulation of apoptotic process	regulates_o_occurs_in(CL:0000057)
GO:0046578	regulation of Ras protein signal transduction	regulates_o_occurs_in(CL:0000057)
GO:0016242	negative regulation of macroautophagy	regulates_o_occurs_in(CL:0000057)
GO:0010524	positive regulation of calcium ion transport into cytosol	regulates_o_occurs_in(CL:0000057)
GO:0060546	negative regulation of necroptotic process	regulates_o_occurs_in(CL:0000057)
GO:0060546	negative regulation of necroptotic process	regulates_o_occurs_in(CL:0000057)
GO:0000381	regulation of alternative mRNA splicing, via spliceosome	regulates_o_occurs_in(CL:0000057)
GO:0045944	positive regulation of transcription from RNA polymerase II promoter	regulates_o_occurs_in(CL:0000057)
GO:0043516	regulation of DNA damage response, signal transduction by p53 class mediator	regulates_o_occurs_in(CL:0000057)
GO:2001235	positive regulation of apoptotic signaling pathway	regulates_o_occurs_in(CL:0000057)
GO:0043407	negative regulation of MAP kinase activity	regulates_o_occurs_in(CL:0000057)
GO:0030514	negative regulation of BMP signaling pathway	regulates_o_occurs_in(CL:0000057)
GO:0045944	positive regulation of transcription from RNA polymerase II promoter	regulates_o_occurs_in(CL:0000059
GO:0045944	positive regulation of transcription from RNA polymerase II promoter	regulates_o_occurs_in(CL:0000059
GO:0045944	positive regulation of transcription from RNA polymerase II promoter	regulates_o_occurs_in(CL:0000059
GO:0045944	positive regulation of transcription from RNA polymerase II promoter	regulates_o_occurs_in(CL:0000059
GO:0045944	positive regulation of transcription from RNA polymerase II promoter	regulates_o_occurs_in(CL:0000059
GO:0045944	positive regulation of transcription from RNA polymerase II promoter	regulates_o_occurs_in(CL:0000059
GO:0045944	positive regulation of transcription from RNA polymerase II promoter	regulates_o_occurs_in(CL:0000059
GO:0045944	positive regulation of transcription from RNA polymerase II promoter	regulates_o_occurs_in(CL:0000059
GO:0045595	regulation of cell differentiation	regulates_o_occurs_in(CL:0000059)
GO:0045595	regulation of cell differentiation	regulates_o_occurs_in(CL:0000059)
GO:0000122	negative regulation of transcription from RNA polymerase II promoter	regulates_o_occurs_in(CL:0000062
GO:0000122	negative regulation of transcription from RNA polymerase II promoter	regulates_o_occurs_in(CL:0000062
GO:0045944	positive regulation of transcription from RNA polymerase II promoter	regulates_o_occurs_in(CL:0000062
GO:0000122	negative regulation of transcription from RNA polymerase II promoter	regulates_o_occurs_in(CL:0000062)
GO:0070374	positive regulation of ERK1 and ERK2 cascade	regulates_o_occurs_in(CL:0000062)
GO:2001238	positive regulation of extrinsic apoptotic signaling pathway	regulates_o_occurs_in(CL:0000062)
GO:0030178	negative regulation of Wnt signaling pathway	regulates_o_occurs_in(CL:0000062)
GO:0030514	negative regulation of BMP signaling pathway	regulates_o_occurs_in(CL:0000062)
GO:2000773	negative regulation of cellular senescence	regulates_o_occurs_in(CL:0000062)
GO:0060804	positive regulation of Wnt signaling pathway by BMP signaling pathway	regulates_o_occurs_in(CL:0000062)
GO:0090263	positive regulation of canonical Wnt signaling pathway	regulates_o_occurs_in(CL:0000062)
GO:0043066	negative regulation of apoptotic process	regulates_o_occurs_in(CL:0000062)
GO:0032308	positive regulation of prostaglandin secretion	regulates_o_occurs_in(CL:0000062)
GO:0060546	negative regulation of necroptotic process	regulates_o_occurs_in(CL:0000064)
GO:0006357	regulation of transcription from RNA polymerase II promoter	regulates_o_occurs_in(CL:0000066
GO:0006357	regulation of transcription from RNA polymerase II promoter	regulates_o_occurs_in(CL:0000066
GO:0006357	regulation of transcription from RNA polymerase II promoter	regulates_o_occurs_in(CL:0000066
GO:0045944	positive regulation of transcription from RNA polymerase II promoter	regulates_o_occurs_in(CL:0000066
GO:0045944	positive regulation of transcription from RNA polymerase II promoter	regulates_o_occurs_in(CL:0000066
GO:0045944	positive regulation of transcription from RNA polymerase II promoter	regulates_o_occurs_in(CL:0000066
GO:0045944	positive regulation of transcription from RNA polymerase II promoter	regulates_o_occurs_in(CL:0000066
GO:0045944	positive regulation of transcription from RNA polymerase II promoter	regulates_o_occurs_in(CL:0000066
GO:0030949	positive regulation of vascular endothelial growth factor receptor signaling pathway	regulates_o_occurs_in(CL:0000066
GO:0030949	positive regulation of vascular endothelial growth factor receptor signaling pathway	regulates_o_occurs_in(CL:0000066
GO:0033146	regulation of intracellular estrogen receptor signaling pathway	regulates_o_occurs_in(CL:0000066)
GO:0043066	negative regulation of apoptotic process	regulates_o_occurs_in(CL:0000066)
GO:0043066	negative regulation of apoptotic process	regulates_o_occurs_in(CL:0000066)
GO:0043066	negative regulation of apoptotic process	regulates_o_occurs_in(CL:0000066)
GO:0043507	positive regulation of JUN kinase activity	regulates_o_occurs_in(CL:0000066)
GO:0043066	negative regulation of apoptotic process	regulates_o_occurs_in(CL:0000066)
GO:0043066	negative regulation of apoptotic process	regulates_o_occurs_in(CL:0000066)
GO:0001960	negative regulation of cytokine-mediated signaling pathway	regulates_o_occurs_in(CL:0000066)
GO:2001240	negative regulation of extrinsic apoptotic signaling pathway in absence of ligand	regulates_o_occurs_in(CL:0000066)
GO:2001240	negative regulation of extrinsic apoptotic signaling pathway in absence of ligand	regulates_o_occurs_in(CL:0000066)
GO:2001240	negative regulation of extrinsic apoptotic signaling pathway in absence of ligand	regulates_o_occurs_in(CL:0000066)
GO:2001240	negative regulation of extrinsic apoptotic signaling pathway in absence of ligand	regulates_o_occurs_in(CL:0000066)
GO:0046427	positive regulation of JAK-STAT cascade	regulates_o_occurs_in(CL:0000066)
GO:0043408	regulation of MAPK cascade	regulates_o_occurs_in(CL:0000066)
GO:0033147	negative regulation of intracellular estrogen receptor signaling pathway	regulates_o_occurs_in(CL:0000066)
GO:0033147	negative regulation of intracellular estrogen receptor signaling pathway	regulates_o_occurs_in(CL:0000066)
GO:0030111	regulation of Wnt signaling pathway	regulates_o_occurs_in(CL:0000066)
GO:0070257	positive regulation of mucus secretion	regulates_o_occurs_in(CL:0000066)
GO:0043066	negative regulation of apoptotic process	regulates_o_occurs_in(CL:0000066)
GO:0043066	negative regulation of apoptotic process	regulates_o_occurs_in(CL:0000066)
GO:0060766	negative regulation of androgen receptor signaling pathway	regulates_o_occurs_in(CL:0000066)
GO:0060766	negative regulation of androgen receptor signaling pathway	regulates_o_occurs_in(CL:0000066)
GO:0042981	regulation of apoptotic process	regulates_o_occurs_in(CL:0000066)
GO:0045944	positive regulation of transcription from RNA polymerase II promoter	regulates_o_occurs_in(CL:0000066)
GO:0043066	negative regulation of apoptotic process	regulates_o_occurs_in(CL:0000066)
GO:0030178	negative regulation of Wnt signaling pathway	regulates_o_occurs_in(CL:0000066)
GO:0043066	negative regulation of apoptotic process	regulates_o_occurs_in(CL:0000066)
GO:0051897	positive regulation of protein kinase B signaling	regulates_o_occurs_in(CL:0000066)
GO:0030177	positive regulation of Wnt signaling pathway	regulates_o_occurs_in(CL:0000066)
GO:0030177	positive regulation of Wnt signaling pathway	regulates_o_occurs_in(CL:0000066)
GO:0030177	positive regulation of Wnt signaling pathway	regulates_o_occurs_in(CL:0000066)
GO:0030177	positive regulation of Wnt signaling pathway	regulates_o_occurs_in(CL:0000066)
GO:0060766	negative regulation of androgen receptor signaling pathway	regulates_o_occurs_in(CL:0000066)
GO:0043508	negative regulation of JUN kinase activity	regulates_o_occurs_in(CL:0000066)
GO:0060058	positive regulation of apoptotic process involved in mammary gland involution	regulates_o_occurs_in(CL:0000066)
GO:0043392	negative regulation of DNA binding	regulates_o_occurs_in(CL:0000066)
GO:0030514	negative regulation of BMP signaling pathway	regulates_o_occurs_in(CL:0000066)
GO:0030178	negative regulation of Wnt signaling pathway	regulates_o_occurs_in(CL:0000066)
GO:0030178	negative regulation of Wnt signaling pathway	regulates_o_occurs_in(CL:0000066)
GO:0045931	positive regulation of mitotic cell cycle	regulates_o_occurs_in(CL:0000066)
GO:2001240	negative regulation of extrinsic apoptotic signaling pathway in absence of ligand	regulates_o_occurs_in(CL:0000066)
GO:0044089	positive regulation of cellular component biogenesis	regulates_o_occurs_in(CL:0000066)
GO:0043065	positive regulation of apoptotic process	regulates_o_occurs_in(CL:0000066)
GO:0030178	negative regulation of Wnt signaling pathway	regulates_o_occurs_in(CL:0000066)
GO:0051924	regulation of calcium ion transport	regulates_o_occurs_in(CL:0000066)
GO:0043066	negative regulation of apoptotic process	regulates_o_occurs_in(CL:0000066)
GO:0043066	negative regulation of apoptotic process	regulates_o_occurs_in(CL:0000066)
GO:0043066	negative regulation of apoptotic process	regulates_o_occurs_in(CL:0000066)
GO:0030308	negative regulation of cell growth	regulates_o_occurs_in(CL:0000066)
GO:0032781	positive regulation of ATPase activity	regulates_o_occurs_in(CL:0000066)
GO:0051896	regulation of protein kinase B signaling	regulates_o_occurs_in(CL:0000066)
GO:0043410	positive regulation of MAPK cascade	regulates_o_occurs_in(CL:0000066)
GO:0030514	negative regulation of BMP signaling pathway	regulates_o_occurs_in(CL:0000068)
GO:2000772	regulation of cellular senescence	regulates_o_occurs_in(CL:0000068)
GO:0010766	negative regulation of sodium ion transport	regulates_o_occurs_in(CL:0000068)
GO:0070373	negative regulation of ERK1 and ERK2 cascade	regulates_o_occurs_in(CL:0000068)
GO:0034260	negative regulation of GTPase activity	regulates_o_occurs_in(CL:0000071
GO:2000353	positive regulation of endothelial cell apoptotic process	regulates_o_occurs_in(CL:0000071)
GO:0051491	positive regulation of filopodium assembly	regulates_o_occurs_in(CL:0000071)
GO:0051056	regulation of small GTPase mediated signal transduction	regulates_o_occurs_in(CL:0000071)
GO:0043066	negative regulation of apoptotic process	regulates_o_occurs_in(CL:0000078)
GO:0090090	negative regulation of canonical Wnt signaling pathway	regulates_o_occurs_in(CL:0000082
GO:0045944	positive regulation of transcription from RNA polymerase II promoter	regulates_o_occurs_in(CL:0000082
GO:0045944	positive regulation of transcription from RNA polymerase II promoter	regulates_o_occurs_in(CL:0000082
GO:0046022	positive regulation of transcription from RNA polymerase II promoter during mitotic cell cycle	regulates_o_occurs_in(CL:0000082
GO:0046022	positive regulation of transcription from RNA polymerase II promoter during mitotic cell cycle	regulates_o_occurs_in(CL:0000082
GO:0002028	regulation of sodium ion transport	regulates_o_occurs_in(CL:0000082)
GO:2001246	negative regulation of phosphatidylcholine biosynthetic process	regulates_o_occurs_in(CL:0000082)
GO:0010719	negative regulation of epithelial to mesenchymal transition	regulates_o_occurs_in(CL:0000082)
GO:1902072	negative regulation of hypoxia-inducible factor-1alpha signaling pathway	regulates_o_occurs_in(CL:0000083)
GO:0008064	regulation of actin polymerization or depolymerization	regulates_o_occurs_in(CL:0000083)
GO:0045944	positive regulation of transcription from RNA polymerase II promoter	regulates_o_occurs_in(CL:0000084
GO:0045944	positive regulation of transcription from RNA polymerase II promoter	regulates_o_occurs_in(CL:0000084
GO:0043123	positive regulation of I-kappaB kinase/NF-kappaB signaling	regulates_o_occurs_in(CL:0000084
GO:0031953	negative regulation of protein autophosphorylation	regulates_o_occurs_in(CL:0000084
GO:0031953	negative regulation of protein autophosphorylation	regulates_o_occurs_in(CL:0000084
GO:0043488	regulation of mRNA stability	regulates_o_occurs_in(CL:0000084
GO:0045944	positive regulation of transcription from RNA polymerase II promoter	regulates_o_occurs_in(CL:0000084
GO:2000145	regulation of cell motility	regulates_o_occurs_in(CL:0000084
GO:0032147	activation of protein kinase activity	regulates_o_occurs_in(CL:0000084
GO:0051534	negative regulation of NFAT protein import into nucleus	regulates_o_occurs_in(CL:0000084
GO:0070373	negative regulation of ERK1 and ERK2 cascade	regulates_o_occurs_in(CL:0000084
GO:0042523	positive regulation of tyrosine phosphorylation of Stat5 protein	regulates_o_occurs_in(CL:0000084)
GO:2001241	positive regulation of extrinsic apoptotic signaling pathway in absence of ligand	regulates_o_occurs_in(CL:0000084)
GO:0043066	negative regulation of apoptotic process	regulates_o_occurs_in(CL:0000084)
GO:0033625	positive regulation of integrin activation	regulates_o_occurs_in(CL:0000084)
GO:0032436	positive regulation of proteasomal ubiquitin-dependent protein catabolic process	regulates_o_occurs_in(CL:0000084)
GO:0043066	negative regulation of apoptotic process	regulates_o_occurs_in(CL:0000084)
GO:0045944	positive regulation of transcription from RNA polymerase II promoter	regulates_o_occurs_in(CL:0000084)
GO:0030833	regulation of actin filament polymerization	regulates_o_occurs_in(CL:0000084)
GO:0045739	positive regulation of DNA repair	regulates_o_occurs_in(CL:0000084)
GO:0070237	positive regulation of activation-induced cell death of T cells	regulates_o_occurs_in(CL:0000084)
GO:0043123	positive regulation of I-kappaB kinase/NF-kappaB signaling	regulates_o_occurs_in(CL:0000084)
GO:0032088	negative regulation of NF-kappaB transcription factor activity	regulates_o_occurs_in(CL:0000084)
GO:0010820	positive regulation of T cell chemotaxis	regulates_o_occurs_in(CL:0000084)
GO:0051898	negative regulation of protein kinase B signaling	regulates_o_occurs_in(CL:0000084)
GO:0050850	positive regulation of calcium-mediated signaling	regulates_o_occurs_in(CL:0000084)
GO:0001915	negative regulation of T cell mediated cytotoxicity	regulates_o_occurs_in(CL:0000084)
GO:0030819	positive regulation of cAMP biosynthetic process	regulates_o_occurs_in(CL:0000084)
GO:2001237	negative regulation of extrinsic apoptotic signaling pathway	regulates_o_occurs_in(CL:0000084)
GO:2000145	regulation of cell motility	regulates_o_occurs_in(CL:0000084)
GO:0043065	positive regulation of apoptotic process	regulates_o_occurs_in(CL:0000084)
GO:0050870	positive regulation of T cell activation	regulates_o_occurs_in(CL:0000084)
GO:0001915	negative regulation of T cell mediated cytotoxicity	regulates_o_occurs_in(CL:0000084)
GO:0001915	negative regulation of T cell mediated cytotoxicity	regulates_o_occurs_in(CL:0000084)
GO:0014068	positive regulation of phosphatidylinositol 3-kinase signaling	regulates_o_occurs_in(CL:0000084)
GO:0045086	positive regulation of interleukin-2 biosynthetic process	regulates_o_occurs_in(CL:0000084)
GO:0051897	positive regulation of protein kinase B signaling	regulates_o_occurs_in(CL:0000084)
GO:0045595	regulation of cell differentiation	regulates_o_occurs_in(CL:0000084)
GO:0070236	negative regulation of activation-induced cell death of T cells	regulates_o_occurs_in(CL:0000084)
GO:0043410	positive regulation of MAPK cascade	regulates_o_occurs_in(CL:0000084)
GO:0050732	negative regulation of peptidyl-tyrosine phosphorylation	regulates_o_occurs_in(CL:0000084)
GO:0051092	positive regulation of NF-kappaB transcription factor activity	regulates_o_occurs_in(CL:0000084)
GO:0050707	regulation of cytokine secretion	regulates_o_occurs_in(CL:0000084)
GO:0045732	positive regulation of protein catabolic process	regulates_o_occurs_in(CL:0000084)
GO:0014067	negative regulation of phosphatidylinositol 3-kinase signaling	regulates_o_occurs_in(CL:0000084)
GO:2000134	negative regulation of G1/S transition of mitotic cell cycle	regulates_o_occurs_in(CL:0000084)
GO:0045944	positive regulation of transcription from RNA polymerase II promoter	regulates_o_occurs_in(CL:0000084)
GO:0070373	negative regulation of ERK1 and ERK2 cascade	regulates_o_occurs_in(CL:0000084)
GO:0001916	positive regulation of T cell mediated cytotoxicity	regulates_o_occurs_in(CL:0000084)
GO:0050850	positive regulation of calcium-mediated signaling	regulates_o_occurs_in(CL:0000084)
GO:0050731	positive regulation of peptidyl-tyrosine phosphorylation	regulates_o_occurs_in(CL:0000084)
GO:0045930	negative regulation of mitotic cell cycle	regulates_o_occurs_in(CL:0000084)
GO:2001236	regulation of extrinsic apoptotic signaling pathway	regulates_o_occurs_in(CL:0000084)
GO:0045931	positive regulation of mitotic cell cycle	regulates_o_occurs_in(CL:0000084)
GO:0045085	negative regulation of interleukin-2 biosynthetic process	regulates_o_occurs_in(CL:0000084)
GO:0050868	negative regulation of T cell activation	regulates_o_occurs_in(CL:0000084)
GO:0030838	positive regulation of actin filament polymerization	regulates_o_occurs_in(CL:0000084)
GO:0010875	positive regulation of cholesterol efflux	regulates_o_occurs_in(CL:0000091)
GO:0006469	negative regulation of protein kinase activity	regulates_o_occurs_in(CL:0000092
GO:0045860	positive regulation of protein kinase activity	regulates_o_occurs_in(CL:0000092
GO:1902533	positive regulation of intracellular signal transduction	regulates_o_occurs_in(CL:0000092
GO:0050732	negative regulation of peptidyl-tyrosine phosphorylation	regulates_o_occurs_in(CL:0000092)
GO:0043065	positive regulation of apoptotic process	regulates_o_occurs_in(CL:0000092)
GO:0046579	positive regulation of Ras protein signal transduction	regulates_o_occurs_in(CL:0000092)
GO:0046580	negative regulation of Ras protein signal transduction	regulates_o_occurs_in(CL:0000092)
GO:0046330	positive regulation of JNK cascade	regulates_o_occurs_in(CL:0000092)
GO:0050731	positive regulation of peptidyl-tyrosine phosphorylation	regulates_o_occurs_in(CL:0000092)
GO:0007193	adenylate cyclase-inhibiting G-protein coupled receptor signaling pathway	regulates_o_occurs_in(CL:0000092)
GO:0046329	negative regulation of JNK cascade	regulates_o_occurs_in(CL:0000092)
GO:0045746	negative regulation of Notch signaling pathway	regulates_o_occurs_in(CL:0000094)
GO:0007257	activation of JUN kinase activity	regulates_o_occurs_in(CL:0000097)
GO:0014063	negative regulation of serotonin secretion	regulates_o_occurs_in(CL:0000097)
GO:0033026	negative regulation of mast cell apoptotic process	regulates_o_occurs_in(CL:0000097)
GO:1902043	positive regulation of extrinsic apoptotic signaling pathway via death domain receptors	regulates_o_occurs_in(CL:0000097)
GO:0043407	negative regulation of MAP kinase activity	regulates_o_occurs_in(CL:0000097)
GO:0090630	activation of GTPase activity	regulates_o_occurs_in(CL:0000097)
GO:0050850	positive regulation of calcium-mediated signaling	regulates_o_occurs_in(CL:0000097)
GO:0046579	positive regulation of Ras protein signal transduction	regulates_o_occurs_in(CL:0000097)
GO:2001241	positive regulation of extrinsic apoptotic signaling pathway in absence of ligand	regulates_o_occurs_in(CL:0000097)
GO:0043305	negative regulation of mast cell degranulation	regulates_o_occurs_in(CL:0000097)
GO:0060368	regulation of Fc receptor mediated stimulatory signaling pathway	regulates_o_occurs_in(CL:0000097)
GO:1900235	negative regulation of Kit signaling pathway	regulates_o_occurs_in(CL:0000097)
GO:0045425	positive regulation of granulocyte macrophage colony-stimulating factor biosynthetic process	regulates_o_occurs_in(CL:0000097)
GO:0043065	positive regulation of apoptotic process	regulates_o_occurs_in(CL:0000097)
GO:0043406	positive regulation of MAP kinase activity	regulates_o_occurs_in(CL:0000097)
GO:0008625	extrinsic apoptotic signaling pathway via death domain receptors	regulates_o_occurs_in(CL:0000097)
GO:0043547	positive regulation of GTPase activity	regulates_o_occurs_in(CL:0000097)
GO:0050731	positive regulation of peptidyl-tyrosine phosphorylation	regulates_o_occurs_in(CL:0000097)
GO:0043306	positive regulation of mast cell degranulation	regulates_o_occurs_in(CL:0000097)
GO:0045401	positive regulation of interleukin-3 biosynthetic process	regulates_o_occurs_in(CL:0000097)
GO:0014066	regulation of phosphatidylinositol 3-kinase signaling	regulates_o_occurs_in(CL:0000097)
GO:0050731	positive regulation of peptidyl-tyrosine phosphorylation	regulates_o_occurs_in(CL:0000097)
GO:0014068	positive regulation of phosphatidylinositol 3-kinase signaling	regulates_o_occurs_in(CL:0000097)
GO:0014068	positive regulation of phosphatidylinositol 3-kinase signaling	regulates_o_occurs_in(CL:0000097)
GO:0046580	negative regulation of Ras protein signal transduction	regulates_o_occurs_in(CL:0000097)
GO:0043066	negative regulation of apoptotic process	regulates_o_occurs_in(CL:0000098)
GO:0021920	regulation of transcription from RNA polymerase II promoter involved in spinal cord association neuron specification	regulates_o_occurs_in(CL:0000099)
GO:0010455	positive regulation of cell fate commitment	regulates_o_occurs_in(CL:0000099)
GO:0021913	regulation of transcription from RNA polymerase II promoter involved in ventral spinal cord interneuron specification	regulates_o_occurs_in(CL:0000099)
GO:0021913	regulation of transcription from RNA polymerase II promoter involved in ventral spinal cord interneuron specification	regulates_o_occurs_in(CL:0000099)
GO:0021913	regulation of transcription from RNA polymerase II promoter involved in ventral spinal cord interneuron specification	regulates_o_occurs_in(CL:0000099)
GO:0032880	regulation of protein localization	regulates_o_occurs_in(CL:0000100
GO:0043525	positive regulation of neuron apoptotic process	regulates_o_occurs_in(CL:0000100)
GO:0021912	regulation of transcription from RNA polymerase II promoter involved in spinal cord motor neuron fate specification	regulates_o_occurs_in(CL:0000100)
GO:0043525	positive regulation of neuron apoptotic process	regulates_o_occurs_in(CL:0000100)
GO:0043524	negative regulation of neuron apoptotic process	regulates_o_occurs_in(CL:0000100)
GO:0021912	regulation of transcription from RNA polymerase II promoter involved in spinal cord motor neuron fate specification	regulates_o_occurs_in(CL:0000100)
GO:0021912	regulation of transcription from RNA polymerase II promoter involved in spinal cord motor neuron fate specification	regulates_o_occurs_in(CL:0000100)
GO:0048692	negative regulation of axon extension involved in regeneration	regulates_o_occurs_in(CL:0000100)
GO:0043524	negative regulation of neuron apoptotic process	regulates_o_occurs_in(CL:0000100)
GO:0021918	regulation of transcription from RNA polymerase II promoter involved in somatic motor neuron fate commitment	regulates_o_occurs_in(CL:0000100)
GO:0050772	positive regulation of axonogenesis	regulates_o_occurs_in(CL:0000100)
GO:0014056	regulation of acetylcholine secretion, neurotransmission	regulates_o_occurs_in(CL:0000100)
GO:0014056	regulation of acetylcholine secretion, neurotransmission	regulates_o_occurs_in(CL:0000100)
GO:0014056	regulation of acetylcholine secretion, neurotransmission	regulates_o_occurs_in(CL:0000100)
GO:0043525	positive regulation of neuron apoptotic process	regulates_o_occurs_in(CL:0000100)
GO:0043524	negative regulation of neuron apoptotic process	regulates_o_occurs_in(CL:0000100)
GO:0043524	negative regulation of neuron apoptotic process	regulates_o_occurs_in(CL:0000100)
GO:0014056	regulation of acetylcholine secretion, neurotransmission	regulates_o_occurs_in(CL:0000100)
GO:0043524	negative regulation of neuron apoptotic process	regulates_o_occurs_in(CL:0000100)
GO:0043525	positive regulation of neuron apoptotic process	regulates_o_occurs_in(CL:0000101)
GO:0043066	negative regulation of apoptotic process	regulates_o_occurs_in(CL:0000101)
GO:0043066	negative regulation of apoptotic process	regulates_o_occurs_in(CL:0000101)
GO:0043066	negative regulation of apoptotic process	regulates_o_occurs_in(CL:0000101)
GO:0051386	regulation of neurotrophin TRK receptor signaling pathway	regulates_o_occurs_in(CL:0000101)
GO:0046929	negative regulation of neurotransmitter secretion	regulates_o_occurs_in(CL:0000101)
GO:0043524	negative regulation of neuron apoptotic process	regulates_o_occurs_in(CL:0000101)
GO:0048671	negative regulation of collateral sprouting	regulates_o_occurs_in(CL:0000101)
GO:0046928	regulation of neurotransmitter secretion	regulates_o_occurs_in(CL:0000101)
GO:0050770	regulation of axonogenesis	regulates_o_occurs_in(CL:0000101)
GO:0043524	negative regulation of neuron apoptotic process	regulates_o_occurs_in(CL:0000101)
GO:0046671	negative regulation of retinal cell programmed cell death	regulates_o_occurs_in(CL:0000103)
GO:0060079	excitatory postsynaptic potential	regulates_o_occurs_in(CL:0000114)
GO:0060079	excitatory postsynaptic potential	regulates_o_occurs_in(CL:0000114)
GO:0043410	positive regulation of MAPK cascade	regulates_o_occurs_in(CL:0000115)
GO:0034111	negative regulation of homotypic cell-cell adhesion	regulates_o_occurs_in(CL:0000115)
GO:0030512	negative regulation of transforming growth factor beta receptor signaling pathway	regulates_o_occurs_in(CL:0000115)
GO:0046330	positive regulation of JNK cascade	regulates_o_occurs_in(CL:0000115)
GO:0045944	positive regulation of transcription from RNA polymerase II promoter	regulates_o_occurs_in(CL:0000115)
GO:1902176	negative regulation of oxidative stress-induced intrinsic apoptotic signaling pathway	regulates_o_occurs_in(CL:0000115)
GO:2000352	negative regulation of endothelial cell apoptotic process	regulates_o_occurs_in(CL:0000115)
GO:0045944	positive regulation of transcription from RNA polymerase II promoter	regulates_o_occurs_in(CL:0000117
GO:0006357	regulation of transcription from RNA polymerase II promoter	regulates_o_occurs_in(CL:0000117
GO:0042391	regulation of membrane potential	regulates_o_occurs_in(CL:0000117
GO:0045944	positive regulation of transcription from RNA polymerase II promoter	regulates_o_occurs_in(CL:0000117
GO:0045944	positive regulation of transcription from RNA polymerase II promoter	regulates_o_occurs_in(CL:0000117
GO:0006919	activation of cysteine-type endopeptidase activity involved in apoptotic process	regulates_o_occurs_in(CL:0000117
GO:0034765	regulation of ion transmembrane transport	regulates_o_occurs_in(CL:0000117
GO:0043525	positive regulation of neuron apoptotic process	regulates_o_occurs_in(CL:0000117)
GO:0045860	positive regulation of protein kinase activity	regulates_o_occurs_in(CL:0000117)
GO:0043525	positive regulation of neuron apoptotic process	regulates_o_occurs_in(CL:0000117)
GO:0017148	negative regulation of translation	regulates_o_occurs_in(CL:0000117)
GO:0030517	negative regulation of axon extension	regulates_o_occurs_in(CL:0000117)
GO:2001234	negative regulation of apoptotic signaling pathway	regulates_o_occurs_in(CL:0000117)
GO:0043408	regulation of MAPK cascade	regulates_o_occurs_in(CL:0000117)
GO:0001508	action potential	regulates_o_occurs_in(CL:0000117)
GO:0030516	regulation of axon extension	regulates_o_occurs_in(CL:0000117)
GO:0030516	regulation of axon extension	regulates_o_occurs_in(CL:0000117)
GO:0090394	negative regulation of excitatory postsynaptic potential	regulates_o_occurs_in(CL:0000117)
GO:0043524	negative regulation of neuron apoptotic process	regulates_o_occurs_in(CL:0000117)
GO:0043407	negative regulation of MAP kinase activity	regulates_o_occurs_in(CL:0000117)
GO:0043525	positive regulation of neuron apoptotic process	regulates_o_occurs_in(CL:0000117)
GO:0043525	positive regulation of neuron apoptotic process	regulates_o_occurs_in(CL:0000117)
GO:0001508	action potential	regulates_o_occurs_in(CL:0000117)
GO:0043524	negative regulation of neuron apoptotic process	regulates_o_occurs_in(CL:0000117)
GO:0007026	negative regulation of microtubule depolymerization	regulates_o_occurs_in(CL:0000117)
GO:0043410	positive regulation of MAPK cascade	regulates_o_occurs_in(CL:0000117)
GO:0014048	regulation of glutamate secretion	regulates_o_occurs_in(CL:0000117)
GO:0043066	negative regulation of apoptotic process	regulates_o_occurs_in(CL:0000117)
GO:0010976	positive regulation of neuron projection development	regulates_o_occurs_in(CL:0000117)
GO:0032387	negative regulation of intracellular transport	regulates_o_occurs_in(CL:0000117)
GO:0045773	positive regulation of axon extension	regulates_o_occurs_in(CL:0000117)
GO:0001928	regulation of exocyst assembly	regulates_o_occurs_in(CL:0000117)
GO:0043525	positive regulation of neuron apoptotic process	regulates_o_occurs_in(CL:0000117)
GO:0043525	positive regulation of neuron apoptotic process	regulates_o_occurs_in(CL:0000117)
GO:0043525	positive regulation of neuron apoptotic process	regulates_o_occurs_in(CL:0000117)
GO:0046929	negative regulation of neurotransmitter secretion	regulates_o_occurs_in(CL:0000117)
GO:0043524	negative regulation of neuron apoptotic process	regulates_o_occurs_in(CL:0000117)
GO:0060079	excitatory postsynaptic potential	regulates_o_occurs_in(CL:0000117)
GO:0043524	negative regulation of neuron apoptotic process	regulates_o_occurs_in(CL:0000117)
GO:0010977	negative regulation of neuron projection development	regulates_o_occurs_in(CL:0000117)
GO:0051965	positive regulation of synapse assembly	regulates_o_occurs_in(CL:0000117)
GO:0010807	regulation of synaptic vesicle priming	regulates_o_occurs_in(CL:0000117)
GO:0050770	regulation of axonogenesis	regulates_o_occurs_in(CL:0000117)
GO:0045762	positive regulation of adenylate cyclase activity	regulates_o_occurs_in(CL:0000117)
GO:2001244	positive regulation of intrinsic apoptotic signaling pathway	regulates_o_occurs_in(CL:0000117)
GO:0048505	regulation of timing of cell differentiation	regulates_o_occurs_in(CL:0000117)
GO:0043065	positive regulation of apoptotic process	regulates_o_occurs_in(CL:0000117)
GO:0030517	negative regulation of axon extension	regulates_o_occurs_in(CL:0000117)
GO:0001508	action potential	regulates_o_occurs_in(CL:0000117)
GO:0001956	positive regulation of neurotransmitter secretion	regulates_o_occurs_in(CL:0000117)
GO:0006919	activation of cysteine-type endopeptidase activity involved in apoptotic process	regulates_o_occurs_in(CL:0000117)
GO:0050850	positive regulation of calcium-mediated signaling	regulates_o_occurs_in(CL:0000117)
GO:0048843	negative regulation of axon extension involved in axon guidance	regulates_o_occurs_in(CL:0000117)
GO:0043525	positive regulation of neuron apoptotic process	regulates_o_occurs_in(CL:0000117)
GO:0043525	positive regulation of neuron apoptotic process	regulates_o_occurs_in(CL:0000117)
GO:0060079	excitatory postsynaptic potential	regulates_o_occurs_in(CL:0000117)
GO:0043524	negative regulation of neuron apoptotic process	regulates_o_occurs_in(CL:0000117)
GO:0030100	regulation of endocytosis	regulates_o_occurs_in(CL:0000117)
GO:1901381	positive regulation of potassium ion transmembrane transport	regulates_o_occurs_in(CL:0000117)
GO:0046928	regulation of neurotransmitter secretion	regulates_o_occurs_in(CL:0000117)
GO:0043524	negative regulation of neuron apoptotic process	regulates_o_occurs_in(CL:0000117)
GO:0048505	regulation of timing of cell differentiation	regulates_o_occurs_in(CL:0000117)
GO:0043524	negative regulation of neuron apoptotic process	regulates_o_occurs_in(CL:0000117)
GO:0010976	positive regulation of neuron projection development	regulates_o_occurs_in(CL:0000117)
GO:0050772	positive regulation of axonogenesis	regulates_o_occurs_in(CL:0000117)
GO:0048672	positive regulation of collateral sprouting	regulates_o_occurs_in(CL:0000117)
GO:0048672	positive regulation of collateral sprouting	regulates_o_occurs_in(CL:0000117)
GO:0060079	excitatory postsynaptic potential	regulates_o_occurs_in(CL:0000117)
GO:0010976	positive regulation of neuron projection development	regulates_o_occurs_in(CL:0000117)
GO:0031323	regulation of cellular metabolic process	regulates_o_occurs_in(CL:0000117)
GO:0060079	excitatory postsynaptic potential	regulates_o_occurs_in(CL:0000117)
GO:0001505	regulation of neurotransmitter levels	regulates_o_occurs_in(CL:0000117)
GO:0050771	negative regulation of axonogenesis	regulates_o_occurs_in(CL:0000117)
GO:0050772	positive regulation of axonogenesis	regulates_o_occurs_in(CL:0000117)
GO:0048698	negative regulation of collateral sprouting in absence of injury	regulates_o_occurs_in(CL:0000117)
GO:0045773	positive regulation of axon extension	regulates_o_occurs_in(CL:0000117)
GO:0043524	negative regulation of neuron apoptotic process	regulates_o_occurs_in(CL:0000117)
GO:0060168	positive regulation of adenosine receptor signaling pathway	regulates_o_occurs_in(CL:0000117)
GO:0043524	negative regulation of neuron apoptotic process	regulates_o_occurs_in(CL:0000117)
GO:0048814	regulation of dendrite morphogenesis	regulates_o_occurs_in(CL:0000117)
GO:0051965	positive regulation of synapse assembly	regulates_o_occurs_in(CL:0000117)
GO:0060079	excitatory postsynaptic potential	regulates_o_occurs_in(CL:0000120)
GO:0043523	regulation of neuron apoptotic process	regulates_o_occurs_in(CL:0000120)
GO:0043524	negative regulation of neuron apoptotic process	regulates_o_occurs_in(CL:0000120)
GO:0043525	positive regulation of neuron apoptotic process	regulates_o_occurs_in(CL:0000120)
GO:0050770	regulation of axonogenesis	regulates_o_occurs_in(CL:0000120)
GO:0060079	excitatory postsynaptic potential	regulates_o_occurs_in(CL:0000120)
GO:0050771	negative regulation of axonogenesis	regulates_o_occurs_in(CL:0000120)
GO:0043523	regulation of neuron apoptotic process	regulates_o_occurs_in(CL:0000120)
GO:0043523	regulation of neuron apoptotic process	regulates_o_occurs_in(CL:0000120)
GO:0051965	positive regulation of synapse assembly	regulates_o_occurs_in(CL:0000120)
GO:0043524	negative regulation of neuron apoptotic process	regulates_o_occurs_in(CL:0000120)
GO:0043524	negative regulation of neuron apoptotic process	regulates_o_occurs_in(CL:0000121)
GO:0010975	regulation of neuron projection development	regulates_o_occurs_in(CL:0000121)
GO:0050771	negative regulation of axonogenesis	regulates_o_occurs_in(CL:0000121)
GO:0043524	negative regulation of neuron apoptotic process	regulates_o_occurs_in(CL:0000121)
GO:0010507	negative regulation of autophagy	regulates_o_occurs_in(CL:0000121)
GO:0043524	negative regulation of neuron apoptotic process	regulates_o_occurs_in(CL:0000121)
GO:0001508	action potential	regulates_o_occurs_in(CL:0000121)
GO:0048814	regulation of dendrite morphogenesis	regulates_o_occurs_in(CL:0000121)
GO:1900453	negative regulation of long term synaptic depression	regulates_o_occurs_in(CL:0000121)
GO:0016242	negative regulation of macroautophagy	regulates_o_occurs_in(CL:0000121)
GO:0043523	regulation of neuron apoptotic process	regulates_o_occurs_in(CL:0000121)
GO:0060079	excitatory postsynaptic potential	regulates_o_occurs_in(CL:0000121)
GO:0060079	excitatory postsynaptic potential	regulates_o_occurs_in(CL:0000121)
GO:0031344	regulation of cell projection organization	regulates_o_occurs_in(CL:0000127)
GO:0046580	negative regulation of Ras protein signal transduction	regulates_o_occurs_in(CL:0000127)
GO:0050718	positive regulation of interleukin-1 beta secretion	regulates_o_occurs_in(CL:0000127)
GO:0031583	phospholipase D-activating G-protein coupled receptor signaling pathway	regulates_o_occurs_in(CL:0000127)
GO:0035021	negative regulation of Rac protein signal transduction	regulates_o_occurs_in(CL:0000127)
GO:0046580	negative regulation of Ras protein signal transduction	regulates_o_occurs_in(CL:0000127)
GO:0051580	regulation of neurotransmitter uptake	regulates_o_occurs_in(CL:0000127)
GO:0035022	positive regulation of Rac protein signal transduction	regulates_o_occurs_in(CL:0000127)
GO:0031344	regulation of cell projection organization	regulates_o_occurs_in(CL:0000128)
GO:0045595	regulation of cell differentiation	regulates_o_occurs_in(CL:0000128)
GO:0050728	negative regulation of inflammatory response	regulates_o_occurs_in(CL:0000128)
GO:0043030	regulation of macrophage activation	regulates_o_occurs_in(CL:0000129)
GO:0060101	negative regulation of phagocytosis, engulfment	regulates_o_occurs_in(CL:0000129)
GO:0045944	positive regulation of transcription from RNA polymerase II promoter	regulates_o_occurs_in(CL:0000131)
GO:0007346	regulation of mitotic cell cycle	regulates_o_occurs_in(CL:0000133)
GO:0007346	regulation of mitotic cell cycle	regulates_o_occurs_in(CL:0000133)
GO:0007346	regulation of mitotic cell cycle	regulates_o_occurs_in(CL:0000133)
GO:0045787	positive regulation of cell cycle	regulates_o_occurs_in(CL:0000133)
GO:0045787	positive regulation of cell cycle	regulates_o_occurs_in(CL:0000133)
GO:0045880	positive regulation of smoothened signaling pathway	regulates_o_occurs_in(CL:0000134
GO:0045944	positive regulation of transcription from RNA polymerase II promoter	regulates_o_occurs_in(CL:0000134
GO:0045944	positive regulation of transcription from RNA polymerase II promoter	regulates_o_occurs_in(CL:0000134
GO:0045944	positive regulation of transcription from RNA polymerase II promoter	regulates_o_occurs_in(CL:0000134
GO:0045944	positive regulation of transcription from RNA polymerase II promoter	regulates_o_occurs_in(CL:0000134
GO:0045893	positive regulation of transcription, DNA-templated	regulates_o_occurs_in(CL:0000134
GO:0045893	positive regulation of transcription, DNA-templated	regulates_o_occurs_in(CL:0000134
GO:0045893	positive regulation of transcription, DNA-templated	regulates_o_occurs_in(CL:0000134
GO:0045893	positive regulation of transcription, DNA-templated	regulates_o_occurs_in(CL:0000134
GO:0045892	negative regulation of transcription, DNA-templated	regulates_o_occurs_in(CL:0000134
GO:0045892	negative regulation of transcription, DNA-templated	regulates_o_occurs_in(CL:0000134
GO:0045892	negative regulation of transcription, DNA-templated	regulates_o_occurs_in(CL:0000134
GO:0045892	negative regulation of transcription, DNA-templated	regulates_o_occurs_in(CL:0000134
GO:0045944	positive regulation of transcription from RNA polymerase II promoter	regulates_o_occurs_in(CL:0000134
GO:0045944	positive regulation of transcription from RNA polymerase II promoter	regulates_o_occurs_in(CL:0000134
GO:0090263	positive regulation of canonical Wnt signaling pathway	regulates_o_occurs_in(CL:0000134
GO:2001054	negative regulation of mesenchymal cell apoptotic process	regulates_o_occurs_in(CL:0000134
GO:0045944	positive regulation of transcription from RNA polymerase II promoter	regulates_o_occurs_in(CL:0000134
GO:0045944	positive regulation of transcription from RNA polymerase II promoter	regulates_o_occurs_in(CL:0000134
GO:0045944	positive regulation of transcription from RNA polymerase II promoter	regulates_o_occurs_in(CL:0000134
GO:0045880	positive regulation of smoothened signaling pathway	regulates_o_occurs_in(CL:0000134)
GO:0045880	positive regulation of smoothened signaling pathway	regulates_o_occurs_in(CL:0000134)
GO:2001239	regulation of extrinsic apoptotic signaling pathway in absence of ligand	regulates_o_occurs_in(CL:0000134)
GO:0043065	positive regulation of apoptotic process	regulates_o_occurs_in(CL:0000134)
GO:0090263	positive regulation of canonical Wnt signaling pathway	regulates_o_occurs_in(CL:0000134)
GO:0043507	positive regulation of JUN kinase activity	regulates_o_occurs_in(CL:0000134)
GO:0045743	positive regulation of fibroblast growth factor receptor signaling pathway	regulates_o_occurs_in(CL:0000134)
GO:0042981	regulation of apoptotic process	regulates_o_occurs_in(CL:0000134)
GO:0040036	regulation of fibroblast growth factor receptor signaling pathway	regulates_o_occurs_in(CL:0000134)
GO:0040036	regulation of fibroblast growth factor receptor signaling pathway	regulates_o_occurs_in(CL:0000134)
GO:2001054	negative regulation of mesenchymal cell apoptotic process	regulates_o_occurs_in(CL:0000134)
GO:0043066	negative regulation of apoptotic process	regulates_o_occurs_in(CL:0000134)
GO:2001238	positive regulation of extrinsic apoptotic signaling pathway	regulates_o_occurs_in(CL:0000134)
GO:0045944	positive regulation of transcription from RNA polymerase II promoter	regulates_o_occurs_in(CL:0000134)
GO:0042345	regulation of NF-kappaB import into nucleus	regulates_o_occurs_in(CL:0000134)
GO:2001054	negative regulation of mesenchymal cell apoptotic process	regulates_o_occurs_in(CL:0000134)
GO:2001054	negative regulation of mesenchymal cell apoptotic process	regulates_o_occurs_in(CL:0000134)
GO:2001054	negative regulation of mesenchymal cell apoptotic process	regulates_o_occurs_in(CL:0000134)
GO:2001054	negative regulation of mesenchymal cell apoptotic process	regulates_o_occurs_in(CL:0000134)
GO:2001054	negative regulation of mesenchymal cell apoptotic process	regulates_o_occurs_in(CL:0000134)
GO:0090090	negative regulation of canonical Wnt signaling pathway	regulates_o_occurs_in(CL:0000134)
GO:0030510	regulation of BMP signaling pathway	regulates_o_occurs_in(CL:0000134)
GO:2001054	negative regulation of mesenchymal cell apoptotic process	regulates_o_occurs_in(CL:0000134)
GO:0051091	positive regulation of sequence-specific DNA binding transcription factor activity	regulates_o_occurs_in(CL:0000134)
GO:2001055	positive regulation of mesenchymal cell apoptotic process	regulates_o_occurs_in(CL:0000134)
GO:0045743	positive regulation of fibroblast growth factor receptor signaling pathway	regulates_o_occurs_in(CL:0000134)
GO:0010971	positive regulation of G2/M transition of mitotic cell cycle	regulates_o_occurs_in(CL:0000134)
GO:0043508	negative regulation of JUN kinase activity	regulates_o_occurs_in(CL:0000134)
GO:2001055	positive regulation of mesenchymal cell apoptotic process	regulates_o_occurs_in(CL:0000134)
GO:0030178	negative regulation of Wnt signaling pathway	regulates_o_occurs_in(CL:0000134)
GO:0030178	negative regulation of Wnt signaling pathway	regulates_o_occurs_in(CL:0000134)
GO:0043068	positive regulation of programmed cell death	regulates_o_occurs_in(CL:0000134)
GO:0043065	positive regulation of apoptotic process	regulates_o_occurs_in(CL:0000134)
GO:0042981	regulation of apoptotic process	regulates_o_occurs_in(CL:0000134)
GO:2001239	regulation of extrinsic apoptotic signaling pathway in absence of ligand	regulates_o_occurs_in(CL:0000134)
GO:2001239	regulation of extrinsic apoptotic signaling pathway in absence of ligand	regulates_o_occurs_in(CL:0000134)
GO:2001239	regulation of extrinsic apoptotic signaling pathway in absence of ligand	regulates_o_occurs_in(CL:0000134)
GO:1900212	negative regulation of mesenchymal cell apoptotic process involved in metanephros development	regulates_o_occurs_in(CL:0000134)
GO:0045840	positive regulation of mitotic nuclear division	regulates_o_occurs_in(CL:0000134)
GO:0043552	positive regulation of phosphatidylinositol 3-kinase activity	regulates_o_occurs_in(CL:0000136)
GO:0043123	positive regulation of I-kappaB kinase/NF-kappaB signaling	regulates_o_occurs_in(CL:0000136)
GO:0051897	positive regulation of protein kinase B signaling	regulates_o_occurs_in(CL:0000136)
GO:0002741	positive regulation of cytokine secretion involved in immune response	regulates_o_occurs_in(CL:0000136)
GO:0001558	regulation of cell growth	regulates_o_occurs_in(CL:0000136)
GO:2000193	positive regulation of fatty acid transport	regulates_o_occurs_in(CL:0000136)
GO:0070373	negative regulation of ERK1 and ERK2 cascade	regulates_o_occurs_in(CL:0000136)
GO:0046326	positive regulation of glucose import	regulates_o_occurs_in(CL:0000136)
GO:0050708	regulation of protein secretion	regulates_o_occurs_in(CL:0000136)
GO:0046325	negative regulation of glucose import	regulates_o_occurs_in(CL:0000136)
GO:0046889	positive regulation of lipid biosynthetic process	regulates_o_occurs_in(CL:0000136)
GO:2001238	positive regulation of extrinsic apoptotic signaling pathway	regulates_o_occurs_in(CL:0000137)
GO:0010955	negative regulation of protein processing	regulates_o_occurs_in(CL:0000138
GO:0010955	negative regulation of protein processing	regulates_o_occurs_in(CL:0000138
GO:0032091	negative regulation of protein binding	regulates_o_occurs_in(CL:0000138
GO:0016239	positive regulation of macroautophagy	regulates_o_occurs_in(CL:0000138)
GO:0031398	positive regulation of protein ubiquitination	regulates_o_occurs_in(CL:0000138)
GO:0050731	positive regulation of peptidyl-tyrosine phosphorylation	regulates_o_occurs_in(CL:0000138)
GO:2000051	negative regulation of non-canonical Wnt signaling pathway	regulates_o_occurs_in(CL:0000138)
GO:0043066	negative regulation of apoptotic process	regulates_o_occurs_in(CL:0000138)
GO:1902042	negative regulation of extrinsic apoptotic signaling pathway via death domain receptors	regulates_o_occurs_in(CL:0000138)
GO:0045880	positive regulation of smoothened signaling pathway	regulates_o_occurs_in(CL:0000138)
GO:2001240	negative regulation of extrinsic apoptotic signaling pathway in absence of ligand	regulates_o_occurs_in(CL:0000138)
GO:2001240	negative regulation of extrinsic apoptotic signaling pathway in absence of ligand	regulates_o_occurs_in(CL:0000138)
GO:0043066	negative regulation of apoptotic process	regulates_o_occurs_in(CL:0000148)
GO:0048022	negative regulation of melanin biosynthetic process	regulates_o_occurs_in(CL:0000148)
GO:0045944	positive regulation of transcription from RNA polymerase II promoter	regulates_o_occurs_in(CL:0000160
GO:0045944	positive regulation of transcription from RNA polymerase II promoter	regulates_o_occurs_in(CL:0000160
GO:0045944	positive regulation of transcription from RNA polymerase II promoter	regulates_o_occurs_in(CL:0000160
GO:0045944	positive regulation of transcription from RNA polymerase II promoter	regulates_o_occurs_in(CL:0000160
GO:0045944	positive regulation of transcription from RNA polymerase II promoter	regulates_o_occurs_in(CL:0000160
GO:0045944	positive regulation of transcription from RNA polymerase II promoter	regulates_o_occurs_in(CL:0000160
GO:0045944	positive regulation of transcription from RNA polymerase II promoter	regulates_o_occurs_in(CL:0000160
GO:0045944	positive regulation of transcription from RNA polymerase II promoter	regulates_o_occurs_in(CL:0000160
GO:0010455	positive regulation of cell fate commitment	regulates_o_occurs_in(CL:0000160)
GO:0070255	regulation of mucus secretion	regulates_o_occurs_in(CL:0000160)
GO:0010506	regulation of autophagy	regulates_o_occurs_in(CL:0000160)
GO:0070257	positive regulation of mucus secretion	regulates_o_occurs_in(CL:0000160)
GO:0045595	regulation of cell differentiation	regulates_o_occurs_in(CL:0000160)
GO:0060455	negative regulation of gastric acid secretion	regulates_o_occurs_in(CL:0000162)
GO:0043085	positive regulation of catalytic activity	regulates_o_occurs_in(CL:0000163
GO:0050770	regulation of axonogenesis	regulates_o_occurs_in(CL:0000165)
GO:0033605	positive regulation of catecholamine secretion	regulates_o_occurs_in(CL:0000166)
GO:0043066	negative regulation of apoptotic process	regulates_o_occurs_in(CL:0000169
GO:0045944	positive regulation of transcription from RNA polymerase II promoter	regulates_o_occurs_in(CL:0000169
GO:0035774	positive regulation of insulin secretion involved in cellular response to glucose stimulus	regulates_o_occurs_in(CL:0000169)
GO:1902237	positive regulation of endoplasmic reticulum stress-induced intrinsic apoptotic signaling pathway	regulates_o_occurs_in(CL:0000169)
GO:0035774	positive regulation of insulin secretion involved in cellular response to glucose stimulus	regulates_o_occurs_in(CL:0000169)
GO:0010828	positive regulation of glucose transport	regulates_o_occurs_in(CL:0000169)
GO:2000675	negative regulation of type B pancreatic cell apoptotic process	regulates_o_occurs_in(CL:0000169)
GO:0045744	negative regulation of G-protein coupled receptor protein signaling pathway	regulates_o_occurs_in(CL:0000169)
GO:1902236	negative regulation of endoplasmic reticulum stress-induced intrinsic apoptotic signaling pathway	regulates_o_occurs_in(CL:0000169)
GO:0032024	positive regulation of insulin secretion	regulates_o_occurs_in(CL:0000169)
GO:0061178	regulation of insulin secretion involved in cellular response to glucose stimulus	regulates_o_occurs_in(CL:0000169)
GO:2000676	positive regulation of type B pancreatic cell apoptotic process	regulates_o_occurs_in(CL:0000169)
GO:0045595	regulation of cell differentiation	regulates_o_occurs_in(CL:0000169)
GO:0050796	regulation of insulin secretion	regulates_o_occurs_in(CL:0000169)
GO:0017158	regulation of calcium ion-dependent exocytosis	regulates_o_occurs_in(CL:0000169)
GO:0032024	positive regulation of insulin secretion	regulates_o_occurs_in(CL:0000169)
GO:0090273	regulation of somatostatin secretion	regulates_o_occurs_in(CL:0000173)
GO:0045944	positive regulation of transcription from RNA polymerase II promoter	regulates_o_occurs_in(CL:0000178)
GO:0050810	regulation of steroid biosynthetic process	regulates_o_occurs_in(CL:0000178)
GO:0001920	negative regulation of receptor recycling	regulates_o_occurs_in(CL:0000182
GO:0032805	positive regulation of low-density lipoprotein particle receptor catabolic process	regulates_o_occurs_in(CL:0000182
GO:1905598	negative regulation of low-density lipoprotein receptor activity	regulates_o_occurs_in(CL:0000182
GO:0045944	positive regulation of transcription from RNA polymerase II promoter	regulates_o_occurs_in(CL:0000182
GO:0008625	extrinsic apoptotic signaling pathway via death domain receptors	regulates_o_occurs_in(CL:0000182)
GO:0030514	negative regulation of BMP signaling pathway	regulates_o_occurs_in(CL:0000182)
GO:0045721	negative regulation of gluconeogenesis	regulates_o_occurs_in(CL:0000182)
GO:0045540	regulation of cholesterol biosynthetic process	regulates_o_occurs_in(CL:0000182)
GO:0046330	positive regulation of JNK cascade	regulates_o_occurs_in(CL:0000182)
GO:2001237	negative regulation of extrinsic apoptotic signaling pathway	regulates_o_occurs_in(CL:0000182)
GO:2000045	regulation of G1/S transition of mitotic cell cycle	regulates_o_occurs_in(CL:0000182)
GO:0043066	negative regulation of apoptotic process	regulates_o_occurs_in(CL:0000182)
GO:0045722	positive regulation of gluconeogenesis	regulates_o_occurs_in(CL:0000182)
GO:0043066	negative regulation of apoptotic process	regulates_o_occurs_in(CL:0000182)
GO:0008625	extrinsic apoptotic signaling pathway via death domain receptors	regulates_o_occurs_in(CL:0000182)
GO:0030178	negative regulation of Wnt signaling pathway	regulates_o_occurs_in(CL:0000182)
GO:0051171	regulation of nitrogen compound metabolic process	regulates_o_occurs_in(CL:0000182)
GO:0045722	positive regulation of gluconeogenesis	regulates_o_occurs_in(CL:0000182)
GO:0043065	positive regulation of apoptotic process	regulates_o_occurs_in(CL:0000182)
GO:0051897	positive regulation of protein kinase B signaling	regulates_o_occurs_in(CL:0000182)
GO:0050746	regulation of lipoprotein metabolic process	regulates_o_occurs_in(CL:0000182)
GO:0090090	negative regulation of canonical Wnt signaling pathway	regulates_o_occurs_in(CL:0000182)
GO:0045725	positive regulation of glycogen biosynthetic process	regulates_o_occurs_in(CL:0000182)
GO:1902236	negative regulation of endoplasmic reticulum stress-induced intrinsic apoptotic signaling pathway	regulates_o_occurs_in(CL:0000182)
GO:1902043	positive regulation of extrinsic apoptotic signaling pathway via death domain receptors	regulates_o_occurs_in(CL:0000182)
GO:0006469	negative regulation of protein kinase activity	regulates_o_occurs_in(CL:0000188
GO:0060078	regulation of postsynaptic membrane potential	regulates_o_occurs_in(CL:0000188)
GO:0010880	regulation of release of sequestered calcium ion into cytosol by sarcoplasmic reticulum	regulates_o_occurs_in(CL:0000188)
GO:0002028	regulation of sodium ion transport	regulates_o_occurs_in(CL:0000188)
GO:0045944	positive regulation of transcription from RNA polymerase II promoter	regulates_o_occurs_in(CL:0000188)
GO:0043066	negative regulation of apoptotic process	regulates_o_occurs_in(CL:0000188)
GO:0014853	regulation of excitatory postsynaptic membrane potential involved in skeletal muscle contraction	regulates_o_occurs_in(CL:0000188)
GO:0014733	regulation of skeletal muscle adaptation	regulates_o_occurs_in(CL:0000188)
GO:0001227	transcriptional repressor activity, RNA polymerase II transcription regulatory region sequence-specific binding	regulates_o_occurs_in(CL:0000189)
GO:0045944	positive regulation of transcription from RNA polymerase II promoter	regulates_o_occurs_in(CL:0000192
GO:0045944	positive regulation of transcription from RNA polymerase II promoter	regulates_o_occurs_in(CL:0000192
GO:0045944	positive regulation of transcription from RNA polymerase II promoter	regulates_o_occurs_in(CL:0000192
GO:0045944	positive regulation of transcription from RNA polymerase II promoter	regulates_o_occurs_in(CL:0000192
GO:0043085	positive regulation of catalytic activity	regulates_o_occurs_in(CL:0000192
GO:0045944	positive regulation of transcription from RNA polymerase II promoter	regulates_o_occurs_in(CL:0000192
GO:0030510	regulation of BMP signaling pathway	regulates_o_occurs_in(CL:0000192)
GO:0043066	negative regulation of apoptotic process	regulates_o_occurs_in(CL:0000192)
GO:0045787	positive regulation of cell cycle	regulates_o_occurs_in(CL:0000192)
GO:0043085	positive regulation of catalytic activity	regulates_o_occurs_in(CL:0000192)
GO:0051924	regulation of calcium ion transport	regulates_o_occurs_in(CL:0000192)
GO:0051930	regulation of sensory perception of pain	regulates_o_occurs_in(CL:0000198)
GO:0045793	positive regulation of cell size	regulates_o_occurs_in(CL:0000198)
GO:0045944	positive regulation of transcription from RNA polymerase II promoter	regulates_o_occurs_in(CL:0000216
GO:0043547	positive regulation of GTPase activity	regulates_o_occurs_in(CL:0000216
GO:0050766	positive regulation of phagocytosis	regulates_o_occurs_in(CL:0000216)
GO:0045944	positive regulation of transcription from RNA polymerase II promoter	regulates_o_occurs_in(CL:0000216)
GO:0022409	positive regulation of cell-cell adhesion	regulates_o_occurs_in(CL:0000216)
GO:0022409	positive regulation of cell-cell adhesion	regulates_o_occurs_in(CL:0000216)
GO:0050766	positive regulation of phagocytosis	regulates_o_occurs_in(CL:0000216)
GO:0042177	negative regulation of protein catabolic process	regulates_o_occurs_in(CL:0000218)
GO:0051897	positive regulation of protein kinase B signaling	regulates_o_occurs_in(CL:0000218)
GO:0051898	negative regulation of protein kinase B signaling	regulates_o_occurs_in(CL:0000218)
GO:0051898	negative regulation of protein kinase B signaling	regulates_o_occurs_in(CL:0000218)
GO:2001239	regulation of extrinsic apoptotic signaling pathway in absence of ligand	regulates_o_occurs_in(CL:0000221)
GO:2001239	regulation of extrinsic apoptotic signaling pathway in absence of ligand	regulates_o_occurs_in(CL:0000221)
GO:2001239	regulation of extrinsic apoptotic signaling pathway in absence of ligand	regulates_o_occurs_in(CL:0000221)
GO:0045880	positive regulation of smoothened signaling pathway	regulates_o_occurs_in(CL:0000222)
GO:0045880	positive regulation of smoothened signaling pathway	regulates_o_occurs_in(CL:0000222)
GO:0032880	regulation of protein localization	regulates_o_occurs_in(CL:0000222)
GO:0008361	regulation of cell size	regulates_o_occurs_in(CL:0000232
GO:0008361	regulation of cell size	regulates_o_occurs_in(CL:0000232)
GO:0047484	regulation of response to osmotic stress	regulates_o_occurs_in(CL:0000232)
GO:1901380	negative regulation of potassium ion transmembrane transport	regulates_o_occurs_in(CL:0000232)
GO:1901381	positive regulation of potassium ion transmembrane transport	regulates_o_occurs_in(CL:0000232)
GO:0010544	negative regulation of platelet activation	regulates_o_occurs_in(CL:0000233)
GO:0051279	regulation of release of sequestered calcium ion into cytosol	regulates_o_occurs_in(CL:0000233)
GO:1904417	positive regulation of xenophagy	regulates_o_occurs_in(CL:0000235
GO:1905171	positive regulation of protein localization to phagocytic vesicle	regulates_o_occurs_in(CL:0000235
GO:0010628	positive regulation of gene expression	regulates_o_occurs_in(CL:0000235
GO:0010628	positive regulation of gene expression	regulates_o_occurs_in(CL:0000235
GO:1901224	positive regulation of NIK/NF-kappaB signaling	regulates_o_occurs_in(CL:0000235
GO:0045944	positive regulation of transcription from RNA polymerase II promoter	regulates_o_occurs_in(CL:0000235
GO:0042535	positive regulation of tumor necrosis factor biosynthetic process	regulates_o_occurs_in(CL:0000235
GO:1904417	positive regulation of xenophagy	regulates_o_occurs_in(CL:0000235
GO:0045944	positive regulation of transcription from RNA polymerase II promoter	regulates_o_occurs_in(CL:0000235
GO:1900227	positive regulation of NLRP3 inflammasome complex assembly	regulates_o_occurs_in(CL:0000235
GO:0070374	positive regulation of ERK1 and ERK2 cascade	regulates_o_occurs_in(CL:0000235
GO:0070374	positive regulation of ERK1 and ERK2 cascade	regulates_o_occurs_in(CL:0000235)
GO:0050765	negative regulation of phagocytosis	regulates_o_occurs_in(CL:0000235)
GO:0043496	regulation of protein homodimerization activity	regulates_o_occurs_in(CL:0000235)
GO:0051092	positive regulation of NF-kappaB transcription factor activity	regulates_o_occurs_in(CL:0000235)
GO:0050728	negative regulation of inflammatory response	regulates_o_occurs_in(CL:0000235)
GO:2000379	positive regulation of reactive oxygen species metabolic process	regulates_o_occurs_in(CL:0000235)
GO:0043030	regulation of macrophage activation	regulates_o_occurs_in(CL:0000235)
GO:0050766	positive regulation of phagocytosis	regulates_o_occurs_in(CL:0000235)
GO:0033032	regulation of myeloid cell apoptotic process	regulates_o_occurs_in(CL:0000235)
GO:0010820	positive regulation of T cell chemotaxis	regulates_o_occurs_in(CL:0000235)
GO:0045429	positive regulation of nitric oxide biosynthetic process	regulates_o_occurs_in(CL:0000235)
GO:0045944	positive regulation of transcription from RNA polymerase II promoter	regulates_o_occurs_in(CL:0000235)
GO:0043087	regulation of GTPase activity	regulates_o_occurs_in(CL:0000235)
GO:0043410	positive regulation of MAPK cascade	regulates_o_occurs_in(CL:0000235)
GO:1904417	positive regulation of xenophagy	regulates_o_occurs_in(CL:0000235)
GO:0032088	negative regulation of NF-kappaB transcription factor activity	regulates_o_occurs_in(CL:0000235)
GO:0034136	negative regulation of toll-like receptor 2 signaling pathway	regulates_o_occurs_in(CL:0000235)
GO:0050731	positive regulation of peptidyl-tyrosine phosphorylation	regulates_o_occurs_in(CL:0000235)
GO:0035024	negative regulation of Rho protein signal transduction	regulates_o_occurs_in(CL:0000235)
GO:0045944	positive regulation of transcription from RNA polymerase II promoter	regulates_o_occurs_in(CL:0000235)
GO:0000122	negative regulation of transcription from RNA polymerase II promoter	regulates_o_occurs_in(CL:0000235)
GO:0070434	positive regulation of nucleotide-binding oligomerization domain containing 2 signaling pathway	regulates_o_occurs_in(CL:0000235)
GO:1900226	negative regulation of NLRP3 inflammasome complex assembly	regulates_o_occurs_in(CL:0000235)
GO:0050766	positive regulation of phagocytosis	regulates_o_occurs_in(CL:0000235)
GO:0043409	negative regulation of MAPK cascade	regulates_o_occurs_in(CL:0000235)
GO:0045944	positive regulation of transcription from RNA polymerase II promoter	regulates_o_occurs_in(CL:0000235)
GO:0051272	positive regulation of cellular component movement	regulates_o_occurs_in(CL:0000235)
GO:0032874	positive regulation of stress-activated MAPK cascade	regulates_o_occurs_in(CL:0000235)
GO:0043123	positive regulation of I-kappaB kinase/NF-kappaB signaling	regulates_o_occurs_in(CL:0000235)
GO:0046330	positive regulation of JNK cascade	regulates_o_occurs_in(CL:0000235)
GO:0043124	negative regulation of I-kappaB kinase/NF-kappaB signaling	regulates_o_occurs_in(CL:0000235)
GO:0050766	positive regulation of phagocytosis	regulates_o_occurs_in(CL:0000235)
GO:0045359	positive regulation of interferon-beta biosynthetic process	regulates_o_occurs_in(CL:0000235)
GO:1901224	positive regulation of NIK/NF-kappaB signaling	regulates_o_occurs_in(CL:0000235)
GO:0042534	regulation of tumor necrosis factor biosynthetic process	regulates_o_occurs_in(CL:0000235)
GO:0070430	positive regulation of nucleotide-binding oligomerization domain containing 1 signaling pathway	regulates_o_occurs_in(CL:0000235)
GO:0050714	positive regulation of protein secretion	regulates_o_occurs_in(CL:0000235)
GO:0031953	negative regulation of protein autophosphorylation	regulates_o_occurs_in(CL:0000236
GO:0050732	negative regulation of peptidyl-tyrosine phosphorylation	regulates_o_occurs_in(CL:0000236
GO:0031666	positive regulation of lipopolysaccharide-mediated signaling pathway	regulates_o_occurs_in(CL:0000236)
GO:0050871	positive regulation of B cell activation	regulates_o_occurs_in(CL:0000236)
GO:0002904	positive regulation of B cell apoptotic process	regulates_o_occurs_in(CL:0000236)
GO:0048304	positive regulation of isotype switching to IgG isotypes	regulates_o_occurs_in(CL:0000236)
GO:0050859	negative regulation of B cell receptor signaling pathway	regulates_o_occurs_in(CL:0000236)
GO:0002903	negative regulation of B cell apoptotic process	regulates_o_occurs_in(CL:0000236)
GO:0050855	regulation of B cell receptor signaling pathway	regulates_o_occurs_in(CL:0000236)
GO:0043066	negative regulation of apoptotic process	regulates_o_occurs_in(CL:0000236)
GO:0045348	positive regulation of MHC class II biosynthetic process	regulates_o_occurs_in(CL:0000236)
GO:0051279	regulation of release of sequestered calcium ion into cytosol	regulates_o_occurs_in(CL:0000236)
GO:0043410	positive regulation of MAPK cascade	regulates_o_occurs_in(CL:0000236)
GO:0048295	positive regulation of isotype switching to IgE isotypes	regulates_o_occurs_in(CL:0000236)
GO:0050861	positive regulation of B cell receptor signaling pathway	regulates_o_occurs_in(CL:0000236)
GO:1902043	positive regulation of extrinsic apoptotic signaling pathway via death domain receptors	regulates_o_occurs_in(CL:0000236)
GO:0050869	negative regulation of B cell activation	regulates_o_occurs_in(CL:0000236)
GO:0008361	regulation of cell size	regulates_o_occurs_in(CL:0000236)
GO:0008361	regulation of cell size	regulates_o_occurs_in(CL:0000236)
GO:0050850	positive regulation of calcium-mediated signaling	regulates_o_occurs_in(CL:0000236)
GO:0043407	negative regulation of MAP kinase activity	regulates_o_occurs_in(CL:0000236)
GO:0043409	negative regulation of MAPK cascade	regulates_o_occurs_in(CL:0000236)
GO:0048294	negative regulation of isotype switching to IgE isotypes	regulates_o_occurs_in(CL:0000236)
GO:0045595	regulation of cell differentiation	regulates_o_occurs_in(CL:0000236)
GO:0045620	negative regulation of lymphocyte differentiation	regulates_o_occurs_in(CL:0000236)
GO:0002902	regulation of B cell apoptotic process	regulates_o_occurs_in(CL:0000236)
GO:0050732	negative regulation of peptidyl-tyrosine phosphorylation	regulates_o_occurs_in(CL:0000236)
GO:0045191	regulation of isotype switching	regulates_o_occurs_in(CL:0000236)
GO:0050731	positive regulation of peptidyl-tyrosine phosphorylation	regulates_o_occurs_in(CL:0000236)
GO:0043066	negative regulation of apoptotic process	regulates_o_occurs_in(CL:0000236)
GO:0050731	positive regulation of peptidyl-tyrosine phosphorylation	regulates_o_occurs_in(CL:0000236)
GO:0045944	positive regulation of transcription from RNA polymerase II promoter	regulates_o_occurs_in(CL:0000236)
GO:0051280	negative regulation of release of sequestered calcium ion into cytosol	regulates_o_occurs_in(CL:0000236)
GO:0043069	negative regulation of programmed cell death	regulates_o_occurs_in(CL:0000236)
GO:0045787	positive regulation of cell cycle	regulates_o_occurs_in(CL:0000236)
GO:0051534	negative regulation of NFAT protein import into nucleus	regulates_o_occurs_in(CL:0000236)
GO:0070373	negative regulation of ERK1 and ERK2 cascade	regulates_o_occurs_in(CL:0000236)
GO:0060124	positive regulation of growth hormone secretion	regulates_o_occurs_in(CL:0000295)
GO:0045944	positive regulation of transcription from RNA polymerase II promoter	regulates_o_occurs_in(CL:0000312
GO:0045944	positive regulation of transcription from RNA polymerase II promoter	regulates_o_occurs_in(CL:0000312
GO:0045944	positive regulation of transcription from RNA polymerase II promoter	regulates_o_occurs_in(CL:0000312
GO:0045880	positive regulation of smoothened signaling pathway	regulates_o_occurs_in(CL:0000312
GO:0001227	transcriptional repressor activity, RNA polymerase II transcription regulatory region sequence-specific binding	regulates_o_occurs_in(CL:0000312
GO:0045944	positive regulation of transcription from RNA polymerase II promoter	regulates_o_occurs_in(CL:0000312
GO:0051782	negative regulation of cell division	regulates_o_occurs_in(CL:0000312
GO:0045859	regulation of protein kinase activity	regulates_o_occurs_in(CL:0000312)
GO:2000278	regulation of DNA biosynthetic process	regulates_o_occurs_in(CL:0000312)
GO:0001933	negative regulation of protein phosphorylation	regulates_o_occurs_in(CL:0000312)
GO:0010628	positive regulation of gene expression	regulates_o_occurs_in(CL:0000312)
GO:0001228	transcriptional activator activity, RNA polymerase II transcription regulatory region sequence-specific binding	regulates_o_occurs_in(CL:0000312)
GO:0043065	positive regulation of apoptotic process	regulates_o_occurs_in(CL:0000312)
GO:2001238	positive regulation of extrinsic apoptotic signaling pathway	regulates_o_occurs_in(CL:0000312)
GO:0045840	positive regulation of mitotic nuclear division	regulates_o_occurs_in(CL:0000312)
GO:0031647	regulation of protein stability	regulates_o_occurs_in(CL:0000312)
GO:0045944	positive regulation of transcription from RNA polymerase II promoter	regulates_o_occurs_in(CL:0000312)
GO:0051246	regulation of protein metabolic process	regulates_o_occurs_in(CL:0000312)
GO:0042176	regulation of protein catabolic process	regulates_o_occurs_in(CL:0000312)
GO:1900212	negative regulation of mesenchymal cell apoptotic process involved in metanephros development	regulates_o_occurs_in(CL:0000324)
GO:0045944	positive regulation of transcription from RNA polymerase II promoter	regulates_o_occurs_in(CL:0000333
GO:0045944	positive regulation of transcription from RNA polymerase II promoter	regulates_o_occurs_in(CL:0000333)
GO:0043524	negative regulation of neuron apoptotic process	regulates_o_occurs_in(CL:0000333)
GO:1902257	negative regulation of apoptotic process involved in outflow tract morphogenesis	regulates_o_occurs_in(CL:0000333)
GO:0046580	negative regulation of Ras protein signal transduction	regulates_o_occurs_in(CL:0000335)
GO:0017158	regulation of calcium ion-dependent exocytosis	regulates_o_occurs_in(CL:0000336)
GO:0007204	positive regulation of cytosolic calcium ion concentration	regulates_o_occurs_in(CL:0000336)
GO:2000377	regulation of reactive oxygen species metabolic process	regulates_o_occurs_in(CL:0000337
GO:0090090	negative regulation of canonical Wnt signaling pathway	regulates_o_occurs_in(CL:0000337
GO:0045880	positive regulation of smoothened signaling pathway	regulates_o_occurs_in(CL:0000337)
GO:0090090	negative regulation of canonical Wnt signaling pathway	regulates_o_occurs_in(CL:0000337)
GO:0043066	negative regulation of apoptotic process	regulates_o_occurs_in(CL:0000337)
GO:0043525	positive regulation of neuron apoptotic process	regulates_o_occurs_in(CL:0000337)
GO:0043525	positive regulation of neuron apoptotic process	regulates_o_occurs_in(CL:0000337)
GO:0043525	positive regulation of neuron apoptotic process	regulates_o_occurs_in(CL:0000337)
GO:0045944	positive regulation of transcription from RNA polymerase II promoter	regulates_o_occurs_in(CL:0000337)
GO:2000377	regulation of reactive oxygen species metabolic process	regulates_o_occurs_in(CL:0000337)
GO:0031536	positive regulation of exit from mitosis	regulates_o_occurs_in(CL:0000337)
GO:0043066	negative regulation of apoptotic process	regulates_o_occurs_in(CL:0000337)
GO:0046426	negative regulation of JAK-STAT cascade	regulates_o_occurs_in(CL:0000337)
GO:0045892	negative regulation of transcription, DNA-templated	regulates_o_occurs_in(CL:0000351
GO:0034242	negative regulation of syncytium formation by plasma membrane fusion	regulates_o_occurs_in(CL:0000351)
GO:0060828	regulation of canonical Wnt signaling pathway	regulates_o_occurs_in(CL:0000351)
GO:0014068	positive regulation of phosphatidylinositol 3-kinase signaling	regulates_o_occurs_in(CL:0000351)
GO:0014068	positive regulation of phosphatidylinositol 3-kinase signaling	regulates_o_occurs_in(CL:0000351)
GO:0060143	positive regulation of syncytium formation by plasma membrane fusion	regulates_o_occurs_in(CL:0000351)
GO:2000810	regulation of bicellular tight junction assembly	regulates_o_occurs_in(CL:0000351)
GO:0045944	positive regulation of transcription from RNA polymerase II promoter	regulates_o_occurs_in(CL:0000352
GO:0009968	negative regulation of signal transduction	regulates_o_occurs_in(CL:0000352)
GO:0030514	negative regulation of BMP signaling pathway	regulates_o_occurs_in(CL:0000352)
GO:0045950	negative regulation of mitotic recombination	regulates_o_occurs_in(CL:0000352)
GO:0045944	positive regulation of transcription from RNA polymerase II promoter	regulates_o_occurs_in(CL:0000359
GO:0043409	negative regulation of MAPK cascade	regulates_o_occurs_in(CL:0000359)
GO:0034391	regulation of smooth muscle cell apoptotic process	regulates_o_occurs_in(CL:0000359)
GO:0034393	positive regulation of smooth muscle cell apoptotic process	regulates_o_occurs_in(CL:0000359)
GO:0043066	negative regulation of apoptotic process	regulates_o_occurs_in(CL:0000362)
GO:0045893	positive regulation of transcription, DNA-templated	regulates_o_occurs_in(CL:0000365)
GO:0072040	negative regulation of mesenchymal cell apoptotic process involved in nephron morphogenesis	regulates_o_occurs_in(CL:0000383)
GO:0043066	negative regulation of apoptotic process	regulates_o_occurs_in(CL:0000446)
GO:0050995	negative regulation of lipid catabolic process	regulates_o_occurs_in(CL:0000448)
GO:0045944	positive regulation of transcription from RNA polymerase II promoter	regulates_o_occurs_in(CL:0000449
GO:0035563	positive regulation of chromatin binding	regulates_o_occurs_in(CL:0000449)
GO:1904417	positive regulation of xenophagy	regulates_o_occurs_in(CL:0000451
GO:0045944	positive regulation of transcription from RNA polymerase II promoter	regulates_o_occurs_in(CL:0000451
GO:0001819	positive regulation of cytokine production	regulates_o_occurs_in(CL:0000451)
GO:0043066	negative regulation of apoptotic process	regulates_o_occurs_in(CL:0000451)
GO:1904417	positive regulation of xenophagy	regulates_o_occurs_in(CL:0000451)
GO:2000108	positive regulation of leukocyte apoptotic process	regulates_o_occurs_in(CL:0000451)
GO:0050770	regulation of axonogenesis	regulates_o_occurs_in(CL:0000459)
GO:0048505	regulation of timing of cell differentiation	regulates_o_occurs_in(CL:0000467)
GO:0043065	positive regulation of apoptotic process	regulates_o_occurs_in(CL:0000477)
GO:0043066	negative regulation of apoptotic process	regulates_o_occurs_in(CL:0000499)
GO:0042981	regulation of apoptotic process	regulates_o_occurs_in(CL:0000501)
GO:0010971	positive regulation of G2/M transition of mitotic cell cycle	regulates_o_occurs_in(CL:0000501)
GO:0046929	negative regulation of neurotransmitter secretion	regulates_o_occurs_in(CL:0000505)
GO:0046928	regulation of neurotransmitter secretion	regulates_o_occurs_in(CL:0000505)
GO:0045944	positive regulation of transcription from RNA polymerase II promoter	regulates_o_occurs_in(CL:0000510
GO:0045944	positive regulation of transcription from RNA polymerase II promoter	regulates_o_occurs_in(CL:0000510
GO:0045944	positive regulation of transcription from RNA polymerase II promoter	regulates_o_occurs_in(CL:0000510
GO:0045944	positive regulation of transcription from RNA polymerase II promoter	regulates_o_occurs_in(CL:0000510
GO:0045944	positive regulation of transcription from RNA polymerase II promoter	regulates_o_occurs_in(CL:0000510
GO:0045944	positive regulation of transcription from RNA polymerase II promoter	regulates_o_occurs_in(CL:0000510
GO:0045944	positive regulation of transcription from RNA polymerase II promoter	regulates_o_occurs_in(CL:0000510
GO:0045944	positive regulation of transcription from RNA polymerase II promoter	regulates_o_occurs_in(CL:0000510
GO:0045944	positive regulation of transcription from RNA polymerase II promoter	regulates_o_occurs_in(CL:0000510
GO:0045944	positive regulation of transcription from RNA polymerase II promoter	regulates_o_occurs_in(CL:0000510
GO:0045944	positive regulation of transcription from RNA polymerase II promoter	regulates_o_occurs_in(CL:0000510
GO:0045595	regulation of cell differentiation	regulates_o_occurs_in(CL:0000510)
GO:0045944	positive regulation of transcription from RNA polymerase II promoter	regulates_o_occurs_in(CL:0000515
GO:1902081	negative regulation of calcium ion import into sarcoplasmic reticulum	regulates_o_occurs_in(CL:0000515)
GO:0048843	negative regulation of axon extension involved in axon guidance	regulates_o_occurs_in(CL:0000526)
GO:0010628	positive regulation of gene expression	regulates_o_occurs_in(CL:0000540
GO:0010628	positive regulation of gene expression	regulates_o_occurs_in(CL:0000540
GO:0045944	positive regulation of transcription from RNA polymerase II promoter	regulates_o_occurs_in(CL:0000540
GO:0043524	negative regulation of neuron apoptotic process	regulates_o_occurs_in(CL:0000540
GO:0051924	regulation of calcium ion transport	regulates_o_occurs_in(CL:0000540)
GO:0070374	positive regulation of ERK1 and ERK2 cascade	regulates_o_occurs_in(CL:0000540)
GO:0050770	regulation of axonogenesis	regulates_o_occurs_in(CL:0000540)
GO:0050770	regulation of axonogenesis	regulates_o_occurs_in(CL:0000540)
GO:0007346	regulation of mitotic cell cycle	regulates_o_occurs_in(CL:0000540)
GO:0048691	positive regulation of axon extension involved in regeneration	regulates_o_occurs_in(CL:0000540)
GO:0002091	negative regulation of receptor internalization	regulates_o_occurs_in(CL:0000540)
GO:0043524	negative regulation of neuron apoptotic process	regulates_o_occurs_in(CL:0000540)
GO:0048843	negative regulation of axon extension involved in axon guidance	regulates_o_occurs_in(CL:0000540)
GO:0045773	positive regulation of axon extension	regulates_o_occurs_in(CL:0000540)
GO:0043569	negative regulation of insulin-like growth factor receptor signaling pathway	regulates_o_occurs_in(CL:0000540)
GO:1902042	negative regulation of extrinsic apoptotic signaling pathway via death domain receptors	regulates_o_occurs_in(CL:0000540)
GO:0007171	activation of transmembrane receptor protein tyrosine kinase activity	regulates_o_occurs_in(CL:0000540)
GO:0045955	negative regulation of calcium ion-dependent exocytosis	regulates_o_occurs_in(CL:0000540)
GO:0045759	negative regulation of action potential	regulates_o_occurs_in(CL:0000540)
GO:0051881	regulation of mitochondrial membrane potential	regulates_o_occurs_in(CL:0000540)
GO:0048843	negative regulation of axon extension involved in axon guidance	regulates_o_occurs_in(CL:0000540)
GO:0043524	negative regulation of neuron apoptotic process	regulates_o_occurs_in(CL:0000540)
GO:0043525	positive regulation of neuron apoptotic process	regulates_o_occurs_in(CL:0000540)
GO:0043525	positive regulation of neuron apoptotic process	regulates_o_occurs_in(CL:0000540)
GO:0050773	regulation of dendrite development	regulates_o_occurs_in(CL:0000540)
GO:0042981	regulation of apoptotic process	regulates_o_occurs_in(CL:0000540)
GO:0043525	positive regulation of neuron apoptotic process	regulates_o_occurs_in(CL:0000540)
GO:0043524	negative regulation of neuron apoptotic process	regulates_o_occurs_in(CL:0000540)
GO:2000301	negative regulation of synaptic vesicle exocytosis	regulates_o_occurs_in(CL:0000540)
GO:0042326	negative regulation of phosphorylation	regulates_o_occurs_in(CL:0000540)
GO:0043525	positive regulation of neuron apoptotic process	regulates_o_occurs_in(CL:0000540)
GO:0043525	positive regulation of neuron apoptotic process	regulates_o_occurs_in(CL:0000540)
GO:0043525	positive regulation of neuron apoptotic process	regulates_o_occurs_in(CL:0000540)
GO:0014056	regulation of acetylcholine secretion, neurotransmission	regulates_o_occurs_in(CL:0000540)
GO:0043524	negative regulation of neuron apoptotic process	regulates_o_occurs_in(CL:0000540)
GO:0048843	negative regulation of axon extension involved in axon guidance	regulates_o_occurs_in(CL:0000540)
GO:0043524	negative regulation of neuron apoptotic process	regulates_o_occurs_in(CL:0000540)
GO:2001234	negative regulation of apoptotic signaling pathway	regulates_o_occurs_in(CL:0000540)
GO:0007088	regulation of mitotic nuclear division	regulates_o_occurs_in(CL:0000540)
GO:0051493	regulation of cytoskeleton organization	regulates_o_occurs_in(CL:0000540)
GO:0043525	positive regulation of neuron apoptotic process	regulates_o_occurs_in(CL:0000540)
GO:0043524	negative regulation of neuron apoptotic process	regulates_o_occurs_in(CL:0000540)
GO:0051580	regulation of neurotransmitter uptake	regulates_o_occurs_in(CL:0000540)
GO:0043524	negative regulation of neuron apoptotic process	regulates_o_occurs_in(CL:0000540)
GO:0043524	negative regulation of neuron apoptotic process	regulates_o_occurs_in(CL:0000540)
GO:0048843	negative regulation of axon extension involved in axon guidance	regulates_o_occurs_in(CL:0000540)
GO:0048843	negative regulation of axon extension involved in axon guidance	regulates_o_occurs_in(CL:0000540)
GO:0050772	positive regulation of axonogenesis	regulates_o_occurs_in(CL:0000540)
GO:0043525	positive regulation of neuron apoptotic process	regulates_o_occurs_in(CL:0000540)
GO:0043525	positive regulation of neuron apoptotic process	regulates_o_occurs_in(CL:0000540)
GO:0043525	positive regulation of neuron apoptotic process	regulates_o_occurs_in(CL:0000540)
GO:0043524	negative regulation of neuron apoptotic process	regulates_o_occurs_in(CL:0000540)
GO:0010976	positive regulation of neuron projection development	regulates_o_occurs_in(CL:0000540)
GO:0010976	positive regulation of neuron projection development	regulates_o_occurs_in(CL:0000540)
GO:0043525	positive regulation of neuron apoptotic process	regulates_o_occurs_in(CL:0000540)
GO:0043525	positive regulation of neuron apoptotic process	regulates_o_occurs_in(CL:0000540)
GO:0043525	positive regulation of neuron apoptotic process	regulates_o_occurs_in(CL:0000540)
GO:0043525	positive regulation of neuron apoptotic process	regulates_o_occurs_in(CL:0000540)
GO:0001508	action potential	regulates_o_occurs_in(CL:0000540)
GO:0030517	negative regulation of axon extension	regulates_o_occurs_in(CL:0000540)
GO:0043065	positive regulation of apoptotic process	regulates_o_occurs_in(CL:0000540)
GO:2000134	negative regulation of G1/S transition of mitotic cell cycle	regulates_o_occurs_in(CL:0000540)
GO:0048814	regulation of dendrite morphogenesis	regulates_o_occurs_in(CL:0000540)
GO:0048814	regulation of dendrite morphogenesis	regulates_o_occurs_in(CL:0000540)
GO:0014061	regulation of norepinephrine secretion	regulates_o_occurs_in(CL:0000540)
GO:0014061	regulation of norepinephrine secretion	regulates_o_occurs_in(CL:0000540)
GO:0070201	regulation of establishment of protein localization	regulates_o_occurs_in(CL:0000540)
GO:0001508	action potential	regulates_o_occurs_in(CL:0000540)
GO:0060079	excitatory postsynaptic potential	regulates_o_occurs_in(CL:0000540)
GO:0045944	positive regulation of transcription from RNA polymerase II promoter	regulates_o_occurs_in(CL:0000540)
GO:0009967	positive regulation of signal transduction	regulates_o_occurs_in(CL:0000541)
GO:0043066	negative regulation of apoptotic process	regulates_o_occurs_in(CL:0000541)
GO:0043065	positive regulation of apoptotic process	regulates_o_occurs_in(CL:0000542)
GO:0043066	negative regulation of apoptotic process	regulates_o_occurs_in(CL:0000542)
GO:0051250	negative regulation of lymphocyte activation	regulates_o_occurs_in(CL:0000542)
GO:0070230	positive regulation of lymphocyte apoptotic process	regulates_o_occurs_in(CL:0000542)
GO:0043065	positive regulation of apoptotic process	regulates_o_occurs_in(CL:0000542)
GO:0042346	positive regulation of NF-kappaB import into nucleus	regulates_o_occurs_in(CL:0000545)
GO:0045732	positive regulation of protein catabolic process	regulates_o_occurs_in(CL:0000545)
GO:0001961	positive regulation of cytokine-mediated signaling pathway	regulates_o_occurs_in(CL:0000545)
GO:0002669	positive regulation of T cell anergy	regulates_o_occurs_in(CL:0000545)
GO:0010628	positive regulation of gene expression	regulates_o_occurs_in(CL:0000546
GO:0010628	positive regulation of gene expression	regulates_o_occurs_in(CL:0000546
GO:0043270	positive regulation of ion transport	regulates_o_occurs_in(CL:0000556)
GO:0045944	positive regulation of transcription from RNA polymerase II promoter	regulates_o_occurs_in(CL:0000557)
GO:0043066	negative regulation of apoptotic process	regulates_o_occurs_in(CL:0000557)
GO:2000171	negative regulation of dendrite development	regulates_o_occurs_in(CL:0000561)
GO:0006356	regulation of transcription from RNA polymerase I promoter	regulates_o_occurs_in(CL:0000575)
GO:0043124	negative regulation of I-kappaB kinase/NF-kappaB signaling	regulates_o_occurs_in(CL:0000576)
GO:2001240	negative regulation of extrinsic apoptotic signaling pathway in absence of ligand	regulates_o_occurs_in(CL:0000576)
GO:0050731	positive regulation of peptidyl-tyrosine phosphorylation	regulates_o_occurs_in(CL:0000576)
GO:0050765	negative regulation of phagocytosis	regulates_o_occurs_in(CL:0000576)
GO:0032874	positive regulation of stress-activated MAPK cascade	regulates_o_occurs_in(CL:0000581)
GO:0050717	positive regulation of interleukin-1 alpha secretion	regulates_o_occurs_in(CL:0000581)
GO:0045429	positive regulation of nitric oxide biosynthetic process	regulates_o_occurs_in(CL:0000581)
GO:0050718	positive regulation of interleukin-1 beta secretion	regulates_o_occurs_in(CL:0000581)
GO:0032929	negative regulation of superoxide anion generation	regulates_o_occurs_in(CL:0000581)
GO:0045019	negative regulation of nitric oxide biosynthetic process	regulates_o_occurs_in(CL:0000581)
GO:0034165	positive regulation of toll-like receptor 9 signaling pathway	regulates_o_occurs_in(CL:0000581)
GO:0043066	negative regulation of apoptotic process	regulates_o_occurs_in(CL:0000586)
GO:0043066	negative regulation of apoptotic process	regulates_o_occurs_in(CL:0000586)
GO:0017158	regulation of calcium ion-dependent exocytosis	regulates_o_occurs_in(CL:0000589
GO:0043524	negative regulation of neuron apoptotic process	regulates_o_occurs_in(CL:0000589)
GO:0060079	excitatory postsynaptic potential	regulates_o_occurs_in(CL:0000598)
GO:0043524	negative regulation of neuron apoptotic process	regulates_o_occurs_in(CL:0000598)
GO:0060079	excitatory postsynaptic potential	regulates_o_occurs_in(CL:0000598)
GO:0060079	excitatory postsynaptic potential	regulates_o_occurs_in(CL:0000598)
GO:0060079	excitatory postsynaptic potential	regulates_o_occurs_in(CL:0000598)
GO:0060079	excitatory postsynaptic potential	regulates_o_occurs_in(CL:0000598)
GO:0016242	negative regulation of macroautophagy	regulates_o_occurs_in(CL:0000598)
GO:0016242	negative regulation of macroautophagy	regulates_o_occurs_in(CL:0000598)
GO:0090394	negative regulation of excitatory postsynaptic potential	regulates_o_occurs_in(CL:0000598)
GO:0043524	negative regulation of neuron apoptotic process	regulates_o_occurs_in(CL:0000601)
GO:0017158	regulation of calcium ion-dependent exocytosis	regulates_o_occurs_in(CL:0000601)
GO:0043066	negative regulation of apoptotic process	regulates_o_occurs_in(CL:0000604)
GO:0043066	negative regulation of apoptotic process	regulates_o_occurs_in(CL:0000604)
GO:0007195	adenylate cyclase-inhibiting dopamine receptor signaling pathway	regulates_o_occurs_in(CL:0000617)
GO:0014054	positive regulation of gamma-aminobutyric acid secretion	regulates_o_occurs_in(CL:0000617)
GO:0021882	regulation of transcription from RNA polymerase II promoter involved in forebrain neuron fate commitment	regulates_o_occurs_in(CL:0000617)
GO:0043524	negative regulation of neuron apoptotic process	regulates_o_occurs_in(CL:0000617)
GO:0045794	negative regulation of cell volume	regulates_o_occurs_in(CL:0000622)
GO:0045954	positive regulation of natural killer cell mediated cytotoxicity	regulates_o_occurs_in(CL:0000623)
GO:0045078	positive regulation of interferon-gamma biosynthetic process	regulates_o_occurs_in(CL:0000623)
GO:0045953	negative regulation of natural killer cell mediated cytotoxicity	regulates_o_occurs_in(CL:0000623)
GO:0050732	negative regulation of peptidyl-tyrosine phosphorylation	regulates_o_occurs_in(CL:0000623)
GO:0045954	positive regulation of natural killer cell mediated cytotoxicity	regulates_o_occurs_in(CL:0000623)
GO:0045893	positive regulation of transcription, DNA-templated	regulates_o_occurs_in(CL:0000624
GO:0045893	positive regulation of transcription, DNA-templated	regulates_o_occurs_in(CL:0000624
GO:0045893	positive regulation of transcription, DNA-templated	regulates_o_occurs_in(CL:0000624
GO:0045944	positive regulation of transcription from RNA polymerase II promoter	regulates_o_occurs_in(CL:0000624
GO:0045944	positive regulation of transcription from RNA polymerase II promoter	regulates_o_occurs_in(CL:0000624
GO:0045944	positive regulation of transcription from RNA polymerase II promoter	regulates_o_occurs_in(CL:0000624
GO:0050870	positive regulation of T cell activation	regulates_o_occurs_in(CL:0000624)
GO:0035067	negative regulation of histone acetylation	regulates_o_occurs_in(CL:0000624)
GO:0035066	positive regulation of histone acetylation	regulates_o_occurs_in(CL:0000624)
GO:0050870	positive regulation of T cell activation	regulates_o_occurs_in(CL:0000624)
GO:0045085	negative regulation of interleukin-2 biosynthetic process	regulates_o_occurs_in(CL:0000624)
GO:0042511	positive regulation of tyrosine phosphorylation of Stat1 protein	regulates_o_occurs_in(CL:0000624)
GO:0045077	negative regulation of interferon-gamma biosynthetic process	regulates_o_occurs_in(CL:0000624)
GO:0043123	positive regulation of I-kappaB kinase/NF-kappaB signaling	regulates_o_occurs_in(CL:0000624)
GO:0045950	negative regulation of mitotic recombination	regulates_o_occurs_in(CL:0000624)
GO:0002669	positive regulation of T cell anergy	regulates_o_occurs_in(CL:0000624)
GO:0045086	positive regulation of interleukin-2 biosynthetic process	regulates_o_occurs_in(CL:0000624)
GO:0060335	positive regulation of interferon-gamma-mediated signaling pathway	regulates_o_occurs_in(CL:0000624)
GO:0050870	positive regulation of T cell activation	regulates_o_occurs_in(CL:0000625)
GO:0032880	regulation of protein localization	regulates_o_occurs_in(CL:0000644
GO:2001235	positive regulation of apoptotic signaling pathway	regulates_o_occurs_in(CL:0000650)
GO:0001558	regulation of cell growth	regulates_o_occurs_in(CL:0000650)
GO:0035021	negative regulation of Rac protein signal transduction	regulates_o_occurs_in(CL:0000653)
GO:2000249	regulation of actin cytoskeleton reorganization	regulates_o_occurs_in(CL:0000653)
GO:0032911	negative regulation of transforming growth factor beta1 production	regulates_o_occurs_in(CL:0000653)
GO:2001235	positive regulation of apoptotic signaling pathway	regulates_o_occurs_in(CL:0000654)
GO:2001234	negative regulation of apoptotic signaling pathway	regulates_o_occurs_in(CL:0000654)
GO:1900114	positive regulation of histone H3-K9 trimethylation	regulates_o_occurs_in(CL:0000656)
GO:1900111	positive regulation of histone H3-K9 dimethylation	regulates_o_occurs_in(CL:0000656)
GO:0043066	negative regulation of apoptotic process	regulates_o_occurs_in(CL:0000656)
GO:0040037	negative regulation of fibroblast growth factor receptor signaling pathway	regulates_o_occurs_in(CL:0000670
GO:0043066	negative regulation of apoptotic process	regulates_o_occurs_in(CL:0000670)
GO:2001234	negative regulation of apoptotic signaling pathway	regulates_o_occurs_in(CL:0000670)
GO:0044030	regulation of DNA methylation	regulates_o_occurs_in(CL:0000670)
GO:0043069	negative regulation of programmed cell death	regulates_o_occurs_in(CL:0000670)
GO:0043066	negative regulation of apoptotic process	regulates_o_occurs_in(CL:0000670)
GO:0043065	positive regulation of apoptotic process	regulates_o_occurs_in(CL:0000670)
GO:1902667	regulation of axon guidance	regulates_o_occurs_in(CL:0000679
GO:0001956	positive regulation of neurotransmitter secretion	regulates_o_occurs_in(CL:0000679)
GO:0043524	negative regulation of neuron apoptotic process	regulates_o_occurs_in(CL:0000691)
GO:1901214	regulation of neuron death	regulates_o_occurs_in(CL:0000700
GO:1901215	negative regulation of neuron death	regulates_o_occurs_in(CL:0000700
GO:0043524	negative regulation of neuron apoptotic process	regulates_o_occurs_in(CL:0000700
GO:0032268	regulation of cellular protein metabolic process	regulates_o_occurs_in(CL:0000700)
GO:1901215	negative regulation of neuron death	regulates_o_occurs_in(CL:0000700)
GO:0043524	negative regulation of neuron apoptotic process	regulates_o_occurs_in(CL:0000700)
GO:0046928	regulation of neurotransmitter secretion	regulates_o_occurs_in(CL:0000700)
GO:0014059	regulation of dopamine secretion	regulates_o_occurs_in(CL:0000700)
GO:0033603	positive regulation of dopamine secretion	regulates_o_occurs_in(CL:0000700)
GO:0033603	positive regulation of dopamine secretion	regulates_o_occurs_in(CL:0000700)
GO:0010975	regulation of neuron projection development	regulates_o_occurs_in(CL:0000700)
GO:0043065	positive regulation of apoptotic process	regulates_o_occurs_in(CL:0000723)
GO:0051281	positive regulation of release of sequestered calcium ion into cytosol	regulates_o_occurs_in(CL:0000723)
GO:0045429	positive regulation of nitric oxide biosynthetic process	regulates_o_occurs_in(CL:0000738)
GO:2000377	regulation of reactive oxygen species metabolic process	regulates_o_occurs_in(CL:0000738)
GO:0051881	regulation of mitochondrial membrane potential	regulates_o_occurs_in(CL:0000738)
GO:0045944	positive regulation of transcription from RNA polymerase II promoter	regulates_o_occurs_in(CL:0000740
GO:0043525	positive regulation of neuron apoptotic process	regulates_o_occurs_in(CL:0000740)
GO:0008361	regulation of cell size	regulates_o_occurs_in(CL:0000740)
GO:0043066	negative regulation of apoptotic process	regulates_o_occurs_in(CL:0000740)
GO:0046671	negative regulation of retinal cell programmed cell death	regulates_o_occurs_in(CL:0000740)
GO:0043525	positive regulation of neuron apoptotic process	regulates_o_occurs_in(CL:0000740)
GO:0001508	action potential	regulates_o_occurs_in(CL:0000740)
GO:0050771	negative regulation of axonogenesis	regulates_o_occurs_in(CL:0000740)
GO:0045944	positive regulation of transcription from RNA polymerase II promoter	regulates_o_occurs_in(CL:0000740)
GO:0000122	negative regulation of transcription from RNA polymerase II promoter	regulates_o_occurs_in(CL:0000740)
GO:0048814	regulation of dendrite morphogenesis	regulates_o_occurs_in(CL:0000740)
GO:0030517	negative regulation of axon extension	regulates_o_occurs_in(CL:0000740)
GO:0030516	regulation of axon extension	regulates_o_occurs_in(CL:0000740)
GO:0043066	negative regulation of apoptotic process	regulates_o_occurs_in(CL:0000740)
GO:0045944	positive regulation of transcription from RNA polymerase II promoter	regulates_o_occurs_in(CL:0000743
GO:0043065	positive regulation of apoptotic process	regulates_o_occurs_in(CL:0000743)
GO:0045944	positive regulation of transcription from RNA polymerase II promoter	regulates_o_occurs_in(CL:0000743)
GO:0043065	positive regulation of apoptotic process	regulates_o_occurs_in(CL:0000743)
GO:0048505	regulation of timing of cell differentiation	regulates_o_occurs_in(CL:0000743)
GO:0045595	regulation of cell differentiation	regulates_o_occurs_in(CL:0000743)
GO:0030949	positive regulation of vascular endothelial growth factor receptor signaling pathway	regulates_o_occurs_in(CL:0000743)
GO:0043066	negative regulation of apoptotic process	regulates_o_occurs_in(CL:0000746
GO:0045944	positive regulation of transcription from RNA polymerase II promoter	regulates_o_occurs_in(CL:0000746
GO:0000122	negative regulation of transcription from RNA polymerase II promoter	regulates_o_occurs_in(CL:0000746
GO:0043066	negative regulation of apoptotic process	regulates_o_occurs_in(CL:0000746
GO:0043066	negative regulation of apoptotic process	regulates_o_occurs_in(CL:0000746
GO:0043066	negative regulation of apoptotic process	regulates_o_occurs_in(CL:0000746
GO:0045944	positive regulation of transcription from RNA polymerase II promoter	regulates_o_occurs_in(CL:0000746
GO:0043085	positive regulation of catalytic activity	regulates_o_occurs_in(CL:0000746
GO:2001257	regulation of cation channel activity	regulates_o_occurs_in(CL:0000746
GO:0051926	negative regulation of calcium ion transport	regulates_o_occurs_in(CL:0000746
GO:0072363	regulation of glycolytic process by positive regulation of transcription from RNA polymerase II promoter	regulates_o_occurs_in(CL:0000746
GO:0061419	positive regulation of transcription from RNA polymerase II promoter in response to hypoxia	regulates_o_occurs_in(CL:0000746
GO:0052547	regulation of peptidase activity	regulates_o_occurs_in(CL:0000746
GO:0002028	regulation of sodium ion transport	regulates_o_occurs_in(CL:0000746)
GO:0086004	regulation of cardiac muscle cell contraction	regulates_o_occurs_in(CL:0000746)
GO:0043267	negative regulation of potassium ion transport	regulates_o_occurs_in(CL:0000746)
GO:0033673	negative regulation of kinase activity	regulates_o_occurs_in(CL:0000746)
GO:1901525	negative regulation of macromitophagy	regulates_o_occurs_in(CL:0000746)
GO:0045880	positive regulation of smoothened signaling pathway	regulates_o_occurs_in(CL:0000746)
GO:0045880	positive regulation of smoothened signaling pathway	regulates_o_occurs_in(CL:0000746)
GO:0043154	negative regulation of cysteine-type endopeptidase activity involved in apoptotic process	regulates_o_occurs_in(CL:0000746)
GO:0070129	regulation of mitochondrial translation	regulates_o_occurs_in(CL:0000746)
GO:0010880	regulation of release of sequestered calcium ion into cytosol by sarcoplasmic reticulum	regulates_o_occurs_in(CL:0000746)
GO:0010880	regulation of release of sequestered calcium ion into cytosol by sarcoplasmic reticulum	regulates_o_occurs_in(CL:0000746)
GO:0043066	negative regulation of apoptotic process	regulates_o_occurs_in(CL:0000746)
GO:0045820	negative regulation of glycolytic process	regulates_o_occurs_in(CL:0000746)
GO:1901525	negative regulation of macromitophagy	regulates_o_occurs_in(CL:0000746)
GO:1904024	negative regulation of glucose catabolic process to lactate via pyruvate	regulates_o_occurs_in(CL:0000746)
GO:0000961	negative regulation of mitochondrial RNA catabolic process	regulates_o_occurs_in(CL:0000746)
GO:0010881	regulation of cardiac muscle contraction by regulation of the release of sequestered calcium ion	regulates_o_occurs_in(CL:0000746)
GO:0043410	positive regulation of MAPK cascade	regulates_o_occurs_in(CL:0000746)
GO:0043280	positive regulation of cysteine-type endopeptidase activity involved in apoptotic process	regulates_o_occurs_in(CL:0000746)
GO:0002028	regulation of sodium ion transport	regulates_o_occurs_in(CL:0000746)
GO:0086014	atrial cardiac muscle cell action potential	regulates_o_occurs_in(CL:0000746)
GO:0010666	positive regulation of cardiac muscle cell apoptotic process	regulates_o_occurs_in(CL:0000746)
GO:2000378	negative regulation of reactive oxygen species metabolic process	regulates_o_occurs_in(CL:0000746)
GO:2001243	negative regulation of intrinsic apoptotic signaling pathway	regulates_o_occurs_in(CL:0000746)
GO:0043409	negative regulation of MAPK cascade	regulates_o_occurs_in(CL:0000746)
GO:0051926	negative regulation of calcium ion transport	regulates_o_occurs_in(CL:0000746)
GO:0060297	regulation of sarcomere organization	regulates_o_occurs_in(CL:0000746)
GO:0010882	regulation of cardiac muscle contraction by calcium ion signaling	regulates_o_occurs_in(CL:0000746)
GO:0090090	negative regulation of canonical Wnt signaling pathway	regulates_o_occurs_in(CL:0000746)
GO:0086036	regulation of cardiac muscle cell membrane potential	regulates_o_occurs_in(CL:0000746)
GO:0010667	negative regulation of cardiac muscle cell apoptotic process	regulates_o_occurs_in(CL:0000746)
GO:0060307	regulation of ventricular cardiac muscle cell membrane repolarization	regulates_o_occurs_in(CL:0000746)
GO:0010667	negative regulation of cardiac muscle cell apoptotic process	regulates_o_occurs_in(CL:0000746)
GO:0086005	ventricular cardiac muscle cell action potential	regulates_o_occurs_in(CL:0000746)
GO:0050848	regulation of calcium-mediated signaling	regulates_o_occurs_in(CL:0000763)
GO:0030308	negative regulation of cell growth	regulates_o_occurs_in(CL:0000763)
GO:0033033	negative regulation of myeloid cell apoptotic process	regulates_o_occurs_in(CL:0000763)
GO:0090322	regulation of superoxide metabolic process	regulates_o_occurs_in(CL:0000763)
GO:0043066	negative regulation of apoptotic process	regulates_o_occurs_in(CL:0000763)
GO:0050730	regulation of peptidyl-tyrosine phosphorylation	regulates_o_occurs_in(CL:0000763)
GO:2000134	negative regulation of G1/S transition of mitotic cell cycle	regulates_o_occurs_in(CL:0000763)
GO:0043547	positive regulation of GTPase activity	regulates_o_occurs_in(CL:0000763)
GO:0045620	negative regulation of lymphocyte differentiation	regulates_o_occurs_in(CL:0000764)
GO:0045620	negative regulation of lymphocyte differentiation	regulates_o_occurs_in(CL:0000764)
GO:0043065	positive regulation of apoptotic process	regulates_o_occurs_in(CL:0000764)
GO:0034760	negative regulation of iron ion transmembrane transport	regulates_o_occurs_in(CL:0000765
GO:1901992	positive regulation of mitotic cell cycle phase transition	regulates_o_occurs_in(CL:0000765)
GO:0043066	negative regulation of apoptotic process	regulates_o_occurs_in(CL:0000765)
GO:1903364	positive regulation of cellular protein catabolic process	regulates_o_occurs_in(CL:0000765)
GO:0043547	positive regulation of GTPase activity	regulates_o_occurs_in(CL:0000775
GO:0043547	positive regulation of GTPase activity	regulates_o_occurs_in(CL:0000775
GO:0043314	negative regulation of neutrophil degranulation	regulates_o_occurs_in(CL:0000775)
GO:0032956	regulation of actin cytoskeleton organization	regulates_o_occurs_in(CL:0000775)
GO:0050765	negative regulation of phagocytosis	regulates_o_occurs_in(CL:0000775)
GO:0050766	positive regulation of phagocytosis	regulates_o_occurs_in(CL:0000775)
GO:0032873	negative regulation of stress-activated MAPK cascade	regulates_o_occurs_in(CL:0000775)
GO:0002906	negative regulation of mature B cell apoptotic process	regulates_o_occurs_in(CL:0000785)
GO:0045944	positive regulation of transcription from RNA polymerase II promoter	regulates_o_occurs_in(CL:0000788
GO:0043409	negative regulation of MAPK cascade	regulates_o_occurs_in(CL:0000790)
GO:0070233	negative regulation of T cell apoptotic process	regulates_o_occurs_in(CL:0000790)
GO:0043407	negative regulation of MAP kinase activity	regulates_o_occurs_in(CL:0000790)
GO:0050860	negative regulation of T cell receptor signaling pathway	regulates_o_occurs_in(CL:0000790)
GO:0043065	positive regulation of apoptotic process	regulates_o_occurs_in(CL:0000790)
GO:2001235	positive regulation of apoptotic signaling pathway	regulates_o_occurs_in(CL:0000790)
GO:0045944	positive regulation of transcription from RNA polymerase II promoter	regulates_o_occurs_in(CL:0000791
GO:0045944	positive regulation of transcription from RNA polymerase II promoter	regulates_o_occurs_in(CL:0000791
GO:0045944	positive regulation of transcription from RNA polymerase II promoter	regulates_o_occurs_in(CL:0000791
GO:0045944	positive regulation of transcription from RNA polymerase II promoter	regulates_o_occurs_in(CL:0000791
GO:0045944	positive regulation of transcription from RNA polymerase II promoter	regulates_o_occurs_in(CL:0000791
GO:0045944	positive regulation of transcription from RNA polymerase II promoter	regulates_o_occurs_in(CL:0000791
GO:0002666	positive regulation of T cell tolerance induction	regulates_o_occurs_in(CL:0000791)
GO:0002669	positive regulation of T cell anergy	regulates_o_occurs_in(CL:0000791)
GO:0070245	positive regulation of thymocyte apoptotic process	regulates_o_occurs_in(CL:0000807)
GO:0001916	positive regulation of T cell mediated cytotoxicity	regulates_o_occurs_in(CL:0000807)
GO:0043085	positive regulation of catalytic activity	regulates_o_occurs_in(CL:0000807)
GO:0070245	positive regulation of thymocyte apoptotic process	regulates_o_occurs_in(CL:0000808)
GO:0043066	negative regulation of apoptotic process	regulates_o_occurs_in(CL:0000808)
GO:0070245	positive regulation of thymocyte apoptotic process	regulates_o_occurs_in(CL:0000809)
GO:2001238	positive regulation of extrinsic apoptotic signaling pathway	regulates_o_occurs_in(CL:0000809)
GO:0070374	positive regulation of ERK1 and ERK2 cascade	regulates_o_occurs_in(CL:0000809)
GO:0070245	positive regulation of thymocyte apoptotic process	regulates_o_occurs_in(CL:0000810)
GO:2001237	negative regulation of extrinsic apoptotic signaling pathway	regulates_o_occurs_in(CL:0000810)
GO:0070374	positive regulation of ERK1 and ERK2 cascade	regulates_o_occurs_in(CL:0000810)
GO:0043065	positive regulation of apoptotic process	regulates_o_occurs_in(CL:0000815
GO:0050868	negative regulation of T cell activation	regulates_o_occurs_in(CL:0000815)
GO:0043154	negative regulation of cysteine-type endopeptidase activity involved in apoptotic process	regulates_o_occurs_in(CL:0000817)
GO:0008284	positive regulation of cell proliferation	regulates_o_occurs_in(CL:0000817)
GO:0032007	negative regulation of TOR signaling	regulates_o_occurs_in(CL:0000817)
GO:0002904	positive regulation of B cell apoptotic process	regulates_o_occurs_in(CL:0000817)
GO:0045944	positive regulation of transcription from RNA polymerase II promoter	regulates_o_occurs_in(CL:0000817)
GO:0043154	negative regulation of cysteine-type endopeptidase activity involved in apoptotic process	regulates_o_occurs_in(CL:0000817)
GO:1900165	negative regulation of interleukin-6 secretion	regulates_o_occurs_in(CL:0000819)
GO:0043410	positive regulation of MAPK cascade	regulates_o_occurs_in(CL:0000819)
GO:0051898	negative regulation of protein kinase B signaling	regulates_o_occurs_in(CL:0000819)
GO:2001240	negative regulation of extrinsic apoptotic signaling pathway in absence of ligand	regulates_o_occurs_in(CL:0000826)
GO:2001243	negative regulation of intrinsic apoptotic signaling pathway	regulates_o_occurs_in(CL:0000826)
GO:0043281	regulation of cysteine-type endopeptidase activity involved in apoptotic process	regulates_o_occurs_in(CL:0000826)
GO:0046330	positive regulation of JNK cascade	regulates_o_occurs_in(CL:0000826)
GO:0001934	positive regulation of protein phosphorylation	regulates_o_occurs_in(CL:0000826)
GO:0045879	negative regulation of smoothened signaling pathway	regulates_o_occurs_in(CL:0000827)
GO:0070374	positive regulation of ERK1 and ERK2 cascade	regulates_o_occurs_in(CL:0000837)
GO:0001508	action potential	regulates_o_occurs_in(CL:0000850)
GO:0001508	action potential	regulates_o_occurs_in(CL:0000850)
GO:0030178	negative regulation of Wnt signaling pathway	regulates_o_occurs_in(CL:0000861)
GO:0010628	positive regulation of gene expression	regulates_o_occurs_in(CL:0000893
GO:0050862	positive regulation of T cell receptor signaling pathway	regulates_o_occurs_in(CL:0000893)
GO:0070244	negative regulation of thymocyte apoptotic process	regulates_o_occurs_in(CL:0000893)
GO:0090090	negative regulation of canonical Wnt signaling pathway	regulates_o_occurs_in(CL:0000893)
GO:0050850	positive regulation of calcium-mediated signaling	regulates_o_occurs_in(CL:0000893)
GO:0043066	negative regulation of apoptotic process	regulates_o_occurs_in(CL:0000893)
GO:0050868	negative regulation of T cell activation	regulates_o_occurs_in(CL:0000893)
GO:0070245	positive regulation of thymocyte apoptotic process	regulates_o_occurs_in(CL:0000893)
GO:0070245	positive regulation of thymocyte apoptotic process	regulates_o_occurs_in(CL:0000893)
GO:0035562	negative regulation of chromatin binding	regulates_o_occurs_in(CL:0001031
GO:2000297	negative regulation of synapse maturation	regulates_o_occurs_in(CL:0001031)
GO:0001508	action potential	regulates_o_occurs_in(CL:0001031)
GO:0010976	positive regulation of neuron projection development	regulates_o_occurs_in(CL:0001031)
GO:0035562	negative regulation of chromatin binding	regulates_o_occurs_in(CL:0001031)
GO:0050774	negative regulation of dendrite morphogenesis	regulates_o_occurs_in(CL:0001031)
GO:0043266	regulation of potassium ion transport	regulates_o_occurs_in(CL:0001031)
GO:0043524	negative regulation of neuron apoptotic process	regulates_o_occurs_in(CL:0001031)
GO:0043410	positive regulation of MAPK cascade	regulates_o_occurs_in(CL:0002063)
GO:0071073	positive regulation of phospholipid biosynthetic process	regulates_o_occurs_in(CL:0002063)
GO:0010766	negative regulation of sodium ion transport	regulates_o_occurs_in(CL:0002063)
GO:0044070	regulation of anion transport	regulates_o_occurs_in(CL:0002079)
GO:0060307	regulation of ventricular cardiac muscle cell membrane repolarization	regulates_o_occurs_in(CL:0002131)
GO:1901016	regulation of potassium ion transmembrane transporter activity	regulates_o_occurs_in(CL:0002131)
GO:0086005	ventricular cardiac muscle cell action potential	regulates_o_occurs_in(CL:0002131)
GO:0045944	positive regulation of transcription from RNA polymerase II promoter	regulates_o_occurs_in(CL:0002138
GO:0045944	positive regulation of transcription from RNA polymerase II promoter	regulates_o_occurs_in(CL:0002138
GO:0030155	regulation of cell adhesion	regulates_o_occurs_in(CL:0002138)
GO:0045944	positive regulation of transcription from RNA polymerase II promoter	regulates_o_occurs_in(CL:0002138)
GO:0001932	regulation of protein phosphorylation	regulates_o_occurs_in(CL:0002187
GO:0043433	negative regulation of sequence-specific DNA binding transcription factor activity	regulates_o_occurs_in(CL:0002187)
GO:2000134	negative regulation of G1/S transition of mitotic cell cycle	regulates_o_occurs_in(CL:0002187)
GO:0045839	negative regulation of mitotic nuclear division	regulates_o_occurs_in(CL:0002228)
GO:0045839	negative regulation of mitotic nuclear division	regulates_o_occurs_in(CL:0002228)
GO:0045839	negative regulation of mitotic nuclear division	regulates_o_occurs_in(CL:0002228)
GO:2000045	regulation of G1/S transition of mitotic cell cycle	regulates_o_occurs_in(CL:0002250)
GO:0016239	positive regulation of macroautophagy	regulates_o_occurs_in(CL:0002306
GO:0043065	positive regulation of apoptotic process	regulates_o_occurs_in(CL:0002306)
GO:0032416	negative regulation of sodium:proton antiporter activity	regulates_o_occurs_in(CL:0002306)
GO:0016242	negative regulation of macroautophagy	regulates_o_occurs_in(CL:0002306)
GO:0010766	negative regulation of sodium ion transport	regulates_o_occurs_in(CL:0002306)
GO:0045944	positive regulation of transcription from RNA polymerase II promoter	regulates_o_occurs_in(CL:0002322
GO:0030511	positive regulation of transforming growth factor beta receptor signaling pathway	regulates_o_occurs_in(CL:0002322)
GO:0030178	negative regulation of Wnt signaling pathway	regulates_o_occurs_in(CL:0002322)
GO:1902166	negative regulation of intrinsic apoptotic signaling pathway in response to DNA damage by p53 class mediator	regulates_o_occurs_in(CL:0002322)
GO:0010628	positive regulation of gene expression	regulates_o_occurs_in(CL:0002322)
GO:0030514	negative regulation of BMP signaling pathway	regulates_o_occurs_in(CL:0002322)
GO:0045950	negative regulation of mitotic recombination	regulates_o_occurs_in(CL:0002322)
GO:1901797	negative regulation of signal transduction by p53 class mediator	regulates_o_occurs_in(CL:0002322)
GO:0035065	regulation of histone acetylation	regulates_o_occurs_in(CL:0002322)
GO:0032007	negative regulation of TOR signaling	regulates_o_occurs_in(CL:0002322)
GO:0045944	positive regulation of transcription from RNA polymerase II promoter	regulates_o_occurs_in(CL:0002322)
GO:0070373	negative regulation of ERK1 and ERK2 cascade	regulates_o_occurs_in(CL:0002322)
GO:2001244	positive regulation of intrinsic apoptotic signaling pathway	regulates_o_occurs_in(CL:0002322)
GO:0001934	positive regulation of protein phosphorylation	regulates_o_occurs_in(CL:0002327
GO:0010628	positive regulation of gene expression	regulates_o_occurs_in(CL:0002327
GO:2001237	negative regulation of extrinsic apoptotic signaling pathway	regulates_o_occurs_in(CL:0002327)
GO:0010941	regulation of cell death	regulates_o_occurs_in(CL:0002327)
GO:0008361	regulation of cell size	regulates_o_occurs_in(CL:0002327)
GO:0001077	transcriptional activator activity, RNA polymerase II core promoter proximal region sequence-specific binding	regulates_o_occurs_in(CL:0002334
GO:0045944	positive regulation of transcription from RNA polymerase II promoter	regulates_o_occurs_in(CL:0002334)
GO:0070373	negative regulation of ERK1 and ERK2 cascade	regulates_o_occurs_in(CL:0002334)
GO:0051533	positive regulation of NFAT protein import into nucleus	regulates_o_occurs_in(CL:0002350
GO:0051533	positive regulation of NFAT protein import into nucleus	regulates_o_occurs_in(CL:0002350
GO:0043066	negative regulation of apoptotic process	regulates_o_occurs_in(CL:0002351)
GO:0045879	negative regulation of smoothened signaling pathway	regulates_o_occurs_in(CL:0002362)
GO:0045944	positive regulation of transcription from RNA polymerase II promoter	regulates_o_occurs_in(CL:0002372
GO:0045944	positive regulation of transcription from RNA polymerase II promoter	regulates_o_occurs_in(CL:0002372
GO:0045944	positive regulation of transcription from RNA polymerase II promoter	regulates_o_occurs_in(CL:0002372)
GO:0045944	positive regulation of transcription from RNA polymerase II promoter	regulates_o_occurs_in(CL:0002372)
GO:0032436	positive regulation of proteasomal ubiquitin-dependent protein catabolic process	regulates_o_occurs_in(CL:0002372)
GO:2000060	positive regulation of protein ubiquitination involved in ubiquitin-dependent protein catabolic process	regulates_o_occurs_in(CL:0002372)
GO:0050718	positive regulation of interleukin-1 beta secretion	regulates_o_occurs_in(CL:0002467)
GO:1900182	positive regulation of protein localization to nucleus	regulates_o_occurs_in(CL:0002476
GO:0010466	negative regulation of peptidase activity	regulates_o_occurs_in(CL:0002476
GO:0050718	positive regulation of interleukin-1 beta secretion	regulates_o_occurs_in(CL:0002476)
GO:0032007	negative regulation of TOR signaling	regulates_o_occurs_in(CL:0002518)
GO:0070373	negative regulation of ERK1 and ERK2 cascade	regulates_o_occurs_in(CL:0002518)
GO:0032007	negative regulation of TOR signaling	regulates_o_occurs_in(CL:0002563)
GO:0090263	positive regulation of canonical Wnt signaling pathway	regulates_o_occurs_in(CL:0002563)
GO:0090090	negative regulation of canonical Wnt signaling pathway	regulates_o_occurs_in(CL:0002563)
GO:0050848	regulation of calcium-mediated signaling	regulates_o_occurs_in(CL:0002608
GO:0035024	negative regulation of Rho protein signal transduction	regulates_o_occurs_in(CL:0002608
GO:0043524	negative regulation of neuron apoptotic process	regulates_o_occurs_in(CL:0002608
GO:0032091	negative regulation of protein binding	regulates_o_occurs_in(CL:0002608
GO:0045773	positive regulation of axon extension	regulates_o_occurs_in(CL:0002608)
GO:0035024	negative regulation of Rho protein signal transduction	regulates_o_occurs_in(CL:0002608)
GO:0043524	negative regulation of neuron apoptotic process	regulates_o_occurs_in(CL:0002608)
GO:1905123	regulation of glucosylceramidase activity	regulates_o_occurs_in(CL:0002609
GO:0030517	negative regulation of axon extension	regulates_o_occurs_in(CL:0002609)
GO:0045773	positive regulation of axon extension	regulates_o_occurs_in(CL:0002609)
GO:0045773	positive regulation of axon extension	regulates_o_occurs_in(CL:0002609)
GO:0051611	regulation of serotonin uptake	regulates_o_occurs_in(CL:0002610)
GO:0010976	positive regulation of neuron projection development	regulates_o_occurs_in(CL:0002611
GO:1901215	negative regulation of neuron death	regulates_o_occurs_in(CL:0002614
GO:0000122	negative regulation of transcription from RNA polymerase II promoter	regulates_o_occurs_in(CL:0002664
GO:0090090	negative regulation of canonical Wnt signaling pathway	regulates_o_occurs_in(CL:0002664)
GO:0042391	regulation of membrane potential	regulates_o_occurs_in(CL:0008002)
GO:0060297	regulation of sarcomere organization	regulates_o_occurs_in(CL:0008002)
GO:1901215	negative regulation of neuron death	regulates_o_occurs_in(CL:0008025)
GO:0048814	regulation of dendrite morphogenesis	regulates_o_occurs_in(CL:0010012)
GO:0045760	positive regulation of action potential	regulates_o_occurs_in(CL:0011103
GO:0031339	negative regulation of vesicle fusion	regulates_o_occurs_in(CL:0011103)
GO:0043524	negative regulation of neuron apoptotic process	regulates_o_occurs_in(CL:0011103)
GO:2000377	regulation of reactive oxygen species metabolic process	regulates_o_occurs_in(CL:0011108)
GO:0051279	regulation of release of sequestered calcium ion into cytosol	regulates_o_occurs_in(CL:0011108)
GO:0010975	regulation of neuron projection development	regulates_o_occurs_in(CL:0011113)
GO:0040037	negative regulation of fibroblast growth factor receptor signaling pathway	regulates_o_occurs_in(CL:1000191)
GO:0060828	regulation of canonical Wnt signaling pathway	regulates_o_occurs_in(CL:1001225)
GO:0043066	negative regulation of apoptotic process	regulates_o_occurs_in(CL:1001567)
GO:0048172	regulation of short-term neuronal synaptic plasticity	regulates_o_occurs_in(CL:1001571
GO:0010976	positive regulation of neuron projection development	regulates_o_occurs_in(CL:1001611)
GO:0030100	regulation of endocytosis	regulates_o_occurs_in(CL:2000044)
GO:1901215	negative regulation of neuron death	regulates_o_occurs_in(CL:2000097)
GO:1903204	negative regulation of oxidative stress-induced neuron death	regulates_o_occurs_in(CL:2000097)
GO:1904457	positive regulation of neuronal action potential	regulates_o_occurs_in(CL:2000097)
GO:1903204	negative regulation of oxidative stress-induced neuron death	regulates_o_occurs_in(CL:2000097)
GO:0043524	negative regulation of neuron apoptotic process	regulates_o_occurs_in(CL:2000097)
GO:0043525	positive regulation of neuron apoptotic process	regulates_o_occurs_in(CL:2000097)
GO:1904338	regulation of dopaminergic neuron differentiation	regulates_o_occurs_in(CL:2000097)
GO:0045944	positive regulation of transcription from RNA polymerase II promoter	regulates_o_occurs_in(EMAPA:16036)
GO:0030155	regulation of cell adhesion	regulates_o_occurs_in(EMAPA:16037
GO:0043066	negative regulation of apoptotic process	regulates_o_occurs_in(EMAPA:16039
GO:0043066	negative regulation of apoptotic process	regulates_o_occurs_in(EMAPA:16039
GO:0043066	negative regulation of apoptotic process	regulates_o_occurs_in(EMAPA:16039
GO:0010389	regulation of G2/M transition of mitotic cell cycle	regulates_o_occurs_in(EMAPA:16039
GO:2001237	negative regulation of extrinsic apoptotic signaling pathway	regulates_o_occurs_in(EMAPA:16039
GO:0090090	negative regulation of canonical Wnt signaling pathway	regulates_o_occurs_in(EMAPA:16039
GO:2001054	negative regulation of mesenchymal cell apoptotic process	regulates_o_occurs_in(EMAPA:16039
GO:0045861	negative regulation of proteolysis	regulates_o_occurs_in(EMAPA:16039
GO:0045595	regulation of cell differentiation	regulates_o_occurs_in(EMAPA:16039)
GO:0043154	negative regulation of cysteine-type endopeptidase activity involved in apoptotic process	regulates_o_occurs_in(EMAPA:16039)
GO:0048146	positive regulation of fibroblast proliferation	regulates_o_occurs_in(EMAPA:16039)
GO:0006355	regulation of transcription, DNA-templated	regulates_o_occurs_in(EMAPA:16039)
GO:0043066	negative regulation of apoptotic process	regulates_o_occurs_in(EMAPA:16039)
GO:0090090	negative regulation of canonical Wnt signaling pathway	regulates_o_occurs_in(EMAPA:16039)
GO:1901621	negative regulation of smoothened signaling pathway involved in dorsal/ventral neural tube patterning	regulates_o_occurs_in(EMAPA:16039)
GO:0051128	regulation of cellular component organization	regulates_o_occurs_in(EMAPA:16039)
GO:0032880	regulation of protein localization	regulates_o_occurs_in(EMAPA:16039)
GO:0048872	homeostasis of number of cells	regulates_o_occurs_in(EMAPA:16039)
GO:0030178	negative regulation of Wnt signaling pathway	regulates_o_occurs_in(EMAPA:16039)
GO:0001558	regulation of cell growth	regulates_o_occurs_in(EMAPA:16039)
GO:0008589	regulation of smoothened signaling pathway	regulates_o_occurs_in(EMAPA:16039)
GO:2000041	negative regulation of planar cell polarity pathway involved in axis elongation	regulates_o_occurs_in(EMAPA:16039)
GO:2000096	positive regulation of Wnt signaling pathway, planar cell polarity pathway	regulates_o_occurs_in(EMAPA:16039)
GO:0030111	regulation of Wnt signaling pathway	regulates_o_occurs_in(EMAPA:16039)
GO:0008284	positive regulation of cell proliferation	regulates_o_occurs_in(EMAPA:16039)
GO:0045926	negative regulation of growth	regulates_o_occurs_in(EMAPA:16039)
GO:0045926	negative regulation of growth	regulates_o_occurs_in(EMAPA:16039)
GO:0030155	regulation of cell adhesion	regulates_o_occurs_in(EMAPA:16040
GO:0009968	negative regulation of signal transduction	regulates_o_occurs_in(EMAPA:16041
GO:0014068	positive regulation of phosphatidylinositol 3-kinase signaling	regulates_o_occurs_in(EMAPA:16042
GO:0045595	regulation of cell differentiation	regulates_o_occurs_in(EMAPA:16042)
GO:0008625	extrinsic apoptotic signaling pathway via death domain receptors	regulates_o_occurs_in(EMAPA:16042)
GO:0008285	negative regulation of cell proliferation	regulates_o_occurs_in(EMAPA:16042)
GO:0045930	negative regulation of mitotic cell cycle	regulates_o_occurs_in(EMAPA:16042)
GO:0030334	regulation of cell migration	regulates_o_occurs_in(EMAPA:16046
GO:0030178	negative regulation of Wnt signaling pathway	regulates_o_occurs_in(EMAPA:16050)
GO:0043066	negative regulation of apoptotic process	regulates_o_occurs_in(EMAPA:16050)
GO:0043066	negative regulation of apoptotic process	regulates_o_occurs_in(EMAPA:16058)
GO:0032880	regulation of protein localization	regulates_o_occurs_in(EMAPA:16062)
GO:0043066	negative regulation of apoptotic process	regulates_o_occurs_in(EMAPA:16063)
GO:2000095	regulation of Wnt signaling pathway, planar cell polarity pathway	regulates_o_occurs_in(EMAPA:16072)
GO:0090090	negative regulation of canonical Wnt signaling pathway	regulates_o_occurs_in(EMAPA:16072)
GO:0090263	positive regulation of canonical Wnt signaling pathway	regulates_o_occurs_in(EMAPA:16087)
GO:0030155	regulation of cell adhesion	regulates_o_occurs_in(EMAPA:16104
GO:0051491	positive regulation of filopodium assembly	regulates_o_occurs_in(EMAPA:16104
GO:2000352	negative regulation of endothelial cell apoptotic process	regulates_o_occurs_in(EMAPA:16104)
GO:0000188	inactivation of MAPK activity	regulates_o_occurs_in(EMAPA:16105
GO:0086004	regulation of cardiac muscle cell contraction	regulates_o_occurs_in(EMAPA:16105
GO:0045893	positive regulation of transcription, DNA-templated	regulates_o_occurs_in(EMAPA:16105
GO:0043066	negative regulation of apoptotic process	regulates_o_occurs_in(EMAPA:16105
GO:1901525	negative regulation of macromitophagy	regulates_o_occurs_in(EMAPA:16105
GO:0051924	regulation of calcium ion transport	regulates_o_occurs_in(EMAPA:16105
GO:0043066	negative regulation of apoptotic process	regulates_o_occurs_in(EMAPA:16105
GO:0043066	negative regulation of apoptotic process	regulates_o_occurs_in(EMAPA:16105
GO:0043066	negative regulation of apoptotic process	regulates_o_occurs_in(EMAPA:16105
GO:0001934	positive regulation of protein phosphorylation	regulates_o_occurs_in(EMAPA:16105
GO:0043066	negative regulation of apoptotic process	regulates_o_occurs_in(EMAPA:16105
GO:0006937	regulation of muscle contraction	regulates_o_occurs_in(EMAPA:16105
GO:0045892	negative regulation of transcription, DNA-templated	regulates_o_occurs_in(EMAPA:16105
GO:0045892	negative regulation of transcription, DNA-templated	regulates_o_occurs_in(EMAPA:16105
GO:0045892	negative regulation of transcription, DNA-templated	regulates_o_occurs_in(EMAPA:16105
GO:0045892	negative regulation of transcription, DNA-templated	regulates_o_occurs_in(EMAPA:16105
GO:0045892	negative regulation of transcription, DNA-templated	regulates_o_occurs_in(EMAPA:16105
GO:0043410	positive regulation of MAPK cascade	regulates_o_occurs_in(EMAPA:16105
GO:0010666	positive regulation of cardiac muscle cell apoptotic process	regulates_o_occurs_in(EMAPA:16105
GO:2000378	negative regulation of reactive oxygen species metabolic process	regulates_o_occurs_in(EMAPA:16105
GO:0010882	regulation of cardiac muscle contraction by calcium ion signaling	regulates_o_occurs_in(EMAPA:16105
GO:0090090	negative regulation of canonical Wnt signaling pathway	regulates_o_occurs_in(EMAPA:16105
GO:0086036	regulation of cardiac muscle cell membrane potential	regulates_o_occurs_in(EMAPA:16105
GO:0045944	positive regulation of transcription from RNA polymerase II promoter	regulates_o_occurs_in(EMAPA:16105
GO:0051001	negative regulation of nitric-oxide synthase activity	regulates_o_occurs_in(EMAPA:16105
GO:0051006	positive regulation of lipoprotein lipase activity	regulates_o_occurs_in(EMAPA:16105
GO:0090036	regulation of protein kinase C signaling	regulates_o_occurs_in(EMAPA:16105)
GO:0008016	regulation of heart contraction	regulates_o_occurs_in(EMAPA:16105)
GO:0008016	regulation of heart contraction	regulates_o_occurs_in(EMAPA:16105)
GO:0008016	regulation of heart contraction	regulates_o_occurs_in(EMAPA:16105)
GO:0014910	regulation of smooth muscle cell migration	regulates_o_occurs_in(EMAPA:16105)
GO:0046620	regulation of organ growth	regulates_o_occurs_in(EMAPA:16105)
GO:0046621	negative regulation of organ growth	regulates_o_occurs_in(EMAPA:16105)
GO:0043410	positive regulation of MAPK cascade	regulates_o_occurs_in(EMAPA:16105)
GO:0046620	regulation of organ growth	regulates_o_occurs_in(EMAPA:16105)
GO:0046621	negative regulation of organ growth	regulates_o_occurs_in(EMAPA:16105)
GO:0046621	negative regulation of organ growth	regulates_o_occurs_in(EMAPA:16105)
GO:0010459	negative regulation of heart rate	regulates_o_occurs_in(EMAPA:16105)
GO:0045019	negative regulation of nitric oxide biosynthetic process	regulates_o_occurs_in(EMAPA:16105)
GO:0051006	positive regulation of lipoprotein lipase activity	regulates_o_occurs_in(EMAPA:16105)
GO:0000381	regulation of alternative mRNA splicing, via spliceosome	regulates_o_occurs_in(EMAPA:16105)
GO:0034103	regulation of tissue remodeling	regulates_o_occurs_in(EMAPA:16105)
GO:0010614	negative regulation of cardiac muscle hypertrophy	regulates_o_occurs_in(EMAPA:16105)
GO:0008016	regulation of heart contraction	regulates_o_occurs_in(EMAPA:16105)
GO:0060045	positive regulation of cardiac muscle cell proliferation	regulates_o_occurs_in(EMAPA:16105)
GO:0008284	positive regulation of cell proliferation	regulates_o_occurs_in(EMAPA:16105)
GO:0008593	regulation of Notch signaling pathway	regulates_o_occurs_in(EMAPA:16105)
GO:0045880	positive regulation of smoothened signaling pathway	regulates_o_occurs_in(EMAPA:16105)
GO:0060044	negative regulation of cardiac muscle cell proliferation	regulates_o_occurs_in(EMAPA:16105)
GO:0046620	regulation of organ growth	regulates_o_occurs_in(EMAPA:16105)
GO:0046622	positive regulation of organ growth	regulates_o_occurs_in(EMAPA:16105)
GO:1902466	positive regulation of histone H3-K27 trimethylation	regulates_o_occurs_in(EMAPA:16105)
GO:0033135	regulation of peptidyl-serine phosphorylation	regulates_o_occurs_in(EMAPA:16105)
GO:0006469	negative regulation of protein kinase activity	regulates_o_occurs_in(EMAPA:16105)
GO:0090279	regulation of calcium ion import	regulates_o_occurs_in(EMAPA:16105)
GO:0072513	positive regulation of secondary heart field cardioblast proliferation	regulates_o_occurs_in(EMAPA:16105)
GO:0051896	regulation of protein kinase B signaling	regulates_o_occurs_in(EMAPA:16105)
GO:1902957	negative regulation of mitochondrial electron transport, NADH to ubiquinone	regulates_o_occurs_in(EMAPA:16105)
GO:0045823	positive regulation of heart contraction	regulates_o_occurs_in(EMAPA:16105)
GO:0030513	positive regulation of BMP signaling pathway	regulates_o_occurs_in(EMAPA:16105)
GO:0010881	regulation of cardiac muscle contraction by regulation of the release of sequestered calcium ion	regulates_o_occurs_in(EMAPA:16105)
GO:0030308	negative regulation of cell growth	regulates_o_occurs_in(EMAPA:16105)
GO:0008284	positive regulation of cell proliferation	regulates_o_occurs_in(EMAPA:16107)
GO:0030334	regulation of cell migration	regulates_o_occurs_in(EMAPA:16117
GO:0030334	regulation of cell migration	regulates_o_occurs_in(EMAPA:16118
GO:2000377	regulation of reactive oxygen species metabolic process	regulates_o_occurs_in(EMAPA:16138
GO:0051881	regulation of mitochondrial membrane potential	regulates_o_occurs_in(EMAPA:16138
GO:0090023	positive regulation of neutrophil chemotaxis	regulates_o_occurs_in(EMAPA:16138)
GO:0044130	negative regulation of growth of symbiont in host	regulates_o_occurs_in(EMAPA:16138)
GO:0043031	negative regulation of macrophage activation	regulates_o_occurs_in(EMAPA:16138)
GO:0001922	B-1 B cell homeostasis	regulates_o_occurs_in(EMAPA:16138)
GO:0045879	negative regulation of smoothened signaling pathway	regulates_o_occurs_in(EMAPA:16166)
GO:0043066	negative regulation of apoptotic process	regulates_o_occurs_in(EMAPA:16169
GO:0090090	negative regulation of canonical Wnt signaling pathway	regulates_o_occurs_in(EMAPA:16169
GO:0030178	negative regulation of Wnt signaling pathway	regulates_o_occurs_in(EMAPA:16169
GO:0090090	negative regulation of canonical Wnt signaling pathway	regulates_o_occurs_in(EMAPA:16171)
GO:0043066	negative regulation of apoptotic process	regulates_o_occurs_in(EMAPA:16182
GO:0090090	negative regulation of canonical Wnt signaling pathway	regulates_o_occurs_in(EMAPA:16182
GO:0030178	negative regulation of Wnt signaling pathway	regulates_o_occurs_in(EMAPA:16182
GO:0014807	regulation of somitogenesis	regulates_o_occurs_in(EMAPA:16184)
GO:0045880	positive regulation of smoothened signaling pathway	regulates_o_occurs_in(EMAPA:16184)
GO:0010468	regulation of gene expression	regulates_o_occurs_in(EMAPA:16184)
GO:1903053	regulation of extracellular matrix organization	regulates_o_occurs_in(EMAPA:16184)
GO:0045595	regulation of cell differentiation	regulates_o_occurs_in(EMAPA:16184)
GO:0045880	positive regulation of smoothened signaling pathway	regulates_o_occurs_in(EMAPA:16191)
GO:0031536	positive regulation of exit from mitosis	regulates_o_occurs_in(EMAPA:16194
GO:0000381	regulation of alternative mRNA splicing, via spliceosome	regulates_o_occurs_in(EMAPA:16194)
GO:0008284	positive regulation of cell proliferation	regulates_o_occurs_in(EMAPA:16198)
GO:0030513	positive regulation of BMP signaling pathway	regulates_o_occurs_in(EMAPA:16198)
GO:0045880	positive regulation of smoothened signaling pathway	regulates_o_occurs_in(EMAPA:16201
GO:0030336	negative regulation of cell migration	regulates_o_occurs_in(EMAPA:16247
GO:0045931	positive regulation of mitotic cell cycle	regulates_o_occurs_in(EMAPA:16247
GO:2001240	negative regulation of extrinsic apoptotic signaling pathway in absence of ligand	regulates_o_occurs_in(EMAPA:16247
GO:0043507	positive regulation of JUN kinase activity	regulates_o_occurs_in(EMAPA:16255
GO:0043507	positive regulation of JUN kinase activity	regulates_o_occurs_in(EMAPA:16255
GO:0043508	negative regulation of JUN kinase activity	regulates_o_occurs_in(EMAPA:16255
GO:0043508	negative regulation of JUN kinase activity	regulates_o_occurs_in(EMAPA:16255
GO:0043066	negative regulation of apoptotic process	regulates_o_occurs_in(EMAPA:16281
GO:0030335	positive regulation of cell migration	regulates_o_occurs_in(EMAPA:16319
GO:0030335	positive regulation of cell migration	regulates_o_occurs_in(EMAPA:16319
GO:0043066	negative regulation of apoptotic process	regulates_o_occurs_in(EMAPA:16332
GO:0090022	regulation of neutrophil chemotaxis	regulates_o_occurs_in(EMAPA:16332
GO:0019217	regulation of fatty acid metabolic process	regulates_o_occurs_in(EMAPA:16332)
GO:0044130	negative regulation of growth of symbiont in host	regulates_o_occurs_in(EMAPA:16332)
GO:0019218	regulation of steroid metabolic process	regulates_o_occurs_in(EMAPA:16332)
GO:0044130	negative regulation of growth of symbiont in host	regulates_o_occurs_in(EMAPA:16332)
GO:0030193	regulation of blood coagulation	regulates_o_occurs_in(EMAPA:16332)
GO:0051918	negative regulation of fibrinolysis	regulates_o_occurs_in(EMAPA:16332)
GO:0030334	regulation of cell migration	regulates_o_occurs_in(EMAPA:16346
GO:0030334	regulation of cell migration	regulates_o_occurs_in(EMAPA:16346
GO:0046620	regulation of organ growth	regulates_o_occurs_in(EMAPA:16346)
GO:0043066	negative regulation of apoptotic process	regulates_o_occurs_in(EMAPA:16346)
GO:2000164	negative regulation of planar cell polarity pathway involved in outflow tract morphogenesis	regulates_o_occurs_in(EMAPA:16346)
GO:0046620	regulation of organ growth	regulates_o_occurs_in(EMAPA:16350)
GO:0045880	positive regulation of smoothened signaling pathway	regulates_o_occurs_in(EMAPA:16382)
GO:0043066	negative regulation of apoptotic process	regulates_o_occurs_in(EMAPA:16387
GO:0043066	negative regulation of apoptotic process	regulates_o_occurs_in(EMAPA:16392)
GO:0043066	negative regulation of apoptotic process	regulates_o_occurs_in(EMAPA:16393
GO:0043066	negative regulation of apoptotic process	regulates_o_occurs_in(EMAPA:16404
GO:0045944	positive regulation of transcription from RNA polymerase II promoter	regulates_o_occurs_in(EMAPA:16405
GO:0090090	negative regulation of canonical Wnt signaling pathway	regulates_o_occurs_in(EMAPA:16405
GO:0070613	regulation of protein processing	regulates_o_occurs_in(EMAPA:16405
GO:0043068	positive regulation of programmed cell death	regulates_o_occurs_in(EMAPA:16405
GO:2001239	regulation of extrinsic apoptotic signaling pathway in absence of ligand	regulates_o_occurs_in(EMAPA:16405
GO:2001239	regulation of extrinsic apoptotic signaling pathway in absence of ligand	regulates_o_occurs_in(EMAPA:16405
GO:2001239	regulation of extrinsic apoptotic signaling pathway in absence of ligand	regulates_o_occurs_in(EMAPA:16405
GO:2001239	regulation of extrinsic apoptotic signaling pathway in absence of ligand	regulates_o_occurs_in(EMAPA:16405
GO:2001239	regulation of extrinsic apoptotic signaling pathway in absence of ligand	regulates_o_occurs_in(EMAPA:16405
GO:2001239	regulation of extrinsic apoptotic signaling pathway in absence of ligand	regulates_o_occurs_in(EMAPA:16405
GO:0090090	negative regulation of canonical Wnt signaling pathway	regulates_o_occurs_in(EMAPA:16405)
GO:0014858	positive regulation of skeletal muscle cell proliferation	regulates_o_occurs_in(EMAPA:16405)
GO:0008589	regulation of smoothened signaling pathway	regulates_o_occurs_in(EMAPA:16405)
GO:0045879	negative regulation of smoothened signaling pathway	regulates_o_occurs_in(EMAPA:16406)
GO:0045944	positive regulation of transcription from RNA polymerase II promoter	regulates_o_occurs_in(EMAPA:16408
GO:0060408	regulation of acetylcholine metabolic process	regulates_o_occurs_in(EMAPA:16470)
GO:0043066	negative regulation of apoptotic process	regulates_o_occurs_in(EMAPA:16472)
GO:0045666	positive regulation of neuron differentiation	regulates_o_occurs_in(EMAPA:16478
GO:0043066	negative regulation of apoptotic process	regulates_o_occurs_in(EMAPA:16480)
GO:0008284	positive regulation of cell proliferation	regulates_o_occurs_in(EMAPA:16514)
GO:0021912	regulation of transcription from RNA polymerase II promoter involved in spinal cord motor neuron fate specification	regulates_o_occurs_in(EMAPA:16525
GO:0021912	regulation of transcription from RNA polymerase II promoter involved in spinal cord motor neuron fate specification	regulates_o_occurs_in(EMAPA:16525
GO:0010454	negative regulation of cell fate commitment	regulates_o_occurs_in(EMAPA:16525
GO:0021920	regulation of transcription from RNA polymerase II promoter involved in spinal cord association neuron specification	regulates_o_occurs_in(EMAPA:16525
GO:0021918	regulation of transcription from RNA polymerase II promoter involved in somatic motor neuron fate commitment	regulates_o_occurs_in(EMAPA:16525
GO:0010455	positive regulation of cell fate commitment	regulates_o_occurs_in(EMAPA:16525
GO:0045666	positive regulation of neuron differentiation	regulates_o_occurs_in(EMAPA:16525
GO:0045944	positive regulation of transcription from RNA polymerase II promoter	regulates_o_occurs_in(EMAPA:16525
GO:0045944	positive regulation of transcription from RNA polymerase II promoter	regulates_o_occurs_in(EMAPA:16525
GO:0070613	regulation of protein processing	regulates_o_occurs_in(EMAPA:16525
GO:0021913	regulation of transcription from RNA polymerase II promoter involved in ventral spinal cord interneuron specification	regulates_o_occurs_in(EMAPA:16525
GO:0021913	regulation of transcription from RNA polymerase II promoter involved in ventral spinal cord interneuron specification	regulates_o_occurs_in(EMAPA:16525
GO:0021913	regulation of transcription from RNA polymerase II promoter involved in ventral spinal cord interneuron specification	regulates_o_occurs_in(EMAPA:16525
GO:0045746	negative regulation of Notch signaling pathway	regulates_o_occurs_in(EMAPA:16525)
GO:0045880	positive regulation of smoothened signaling pathway	regulates_o_occurs_in(EMAPA:16530)
GO:1901621	negative regulation of smoothened signaling pathway involved in dorsal/ventral neural tube patterning	regulates_o_occurs_in(EMAPA:16530)
GO:0045879	negative regulation of smoothened signaling pathway	regulates_o_occurs_in(EMAPA:16530)
GO:1902254	negative regulation of intrinsic apoptotic signaling pathway by p53 class mediator	regulates_o_occurs_in(EMAPA:16530)
GO:2000168	negative regulation of planar cell polarity pathway involved in neural tube closure	regulates_o_occurs_in(EMAPA:16530)
GO:0030514	negative regulation of BMP signaling pathway	regulates_o_occurs_in(EMAPA:16530)
GO:2001234	negative regulation of apoptotic signaling pathway	regulates_o_occurs_in(EMAPA:16530)
GO:0030513	positive regulation of BMP signaling pathway	regulates_o_occurs_in(EMAPA:16530)
GO:0090090	negative regulation of canonical Wnt signaling pathway	regulates_o_occurs_in(EMAPA:16530)
GO:0043066	negative regulation of apoptotic process	regulates_o_occurs_in(EMAPA:16530)
GO:0030510	regulation of BMP signaling pathway	regulates_o_occurs_in(EMAPA:16530)
GO:0045666	positive regulation of neuron differentiation	regulates_o_occurs_in(EMAPA:16531
GO:0045944	positive regulation of transcription from RNA polymerase II promoter	regulates_o_occurs_in(EMAPA:16535)
GO:0030155	regulation of cell adhesion	regulates_o_occurs_in(EMAPA:16536
GO:2001240	negative regulation of extrinsic apoptotic signaling pathway in absence of ligand	regulates_o_occurs_in(EMAPA:16538
GO:0008284	positive regulation of cell proliferation	regulates_o_occurs_in(EMAPA:16540)
GO:0008284	positive regulation of cell proliferation	regulates_o_occurs_in(EMAPA:16540)
GO:0045664	regulation of neuron differentiation	regulates_o_occurs_in(EMAPA:16542
GO:0045944	positive regulation of transcription from RNA polymerase II promoter	regulates_o_occurs_in(EMAPA:16546
GO:0045944	positive regulation of transcription from RNA polymerase II promoter	regulates_o_occurs_in(EMAPA:16546
GO:0045944	positive regulation of transcription from RNA polymerase II promoter	regulates_o_occurs_in(EMAPA:16546
GO:0045944	positive regulation of transcription from RNA polymerase II promoter	regulates_o_occurs_in(EMAPA:16546
GO:0045944	positive regulation of transcription from RNA polymerase II promoter	regulates_o_occurs_in(EMAPA:16546
GO:0045944	positive regulation of transcription from RNA polymerase II promoter	regulates_o_occurs_in(EMAPA:16546
GO:0045944	positive regulation of transcription from RNA polymerase II promoter	regulates_o_occurs_in(EMAPA:16546
GO:0045944	positive regulation of transcription from RNA polymerase II promoter	regulates_o_occurs_in(EMAPA:16546
GO:0045944	positive regulation of transcription from RNA polymerase II promoter	regulates_o_occurs_in(EMAPA:16546
GO:0046622	positive regulation of organ growth	regulates_o_occurs_in(EMAPA:16558)
GO:0043066	negative regulation of apoptotic process	regulates_o_occurs_in(EMAPA:16578
GO:2000178	negative regulation of neural precursor cell proliferation	regulates_o_occurs_in(EMAPA:16652)
GO:0050770	regulation of axonogenesis	regulates_o_occurs_in(EMAPA:16665
GO:0051924	regulation of calcium ion transport	regulates_o_occurs_in(EMAPA:16668
GO:0030335	positive regulation of cell migration	regulates_o_occurs_in(EMAPA:16668
GO:0051386	regulation of neurotrophin TRK receptor signaling pathway	regulates_o_occurs_in(EMAPA:16668
GO:0030336	negative regulation of cell migration	regulates_o_occurs_in(EMAPA:16668
GO:0048671	negative regulation of collateral sprouting	regulates_o_occurs_in(EMAPA:16668
GO:0048843	negative regulation of axon extension involved in axon guidance	regulates_o_occurs_in(EMAPA:16668
GO:0050772	positive regulation of axonogenesis	regulates_o_occurs_in(EMAPA:16668
GO:0010976	positive regulation of neuron projection development	regulates_o_occurs_in(EMAPA:16668
GO:0050772	positive regulation of axonogenesis	regulates_o_occurs_in(EMAPA:16668
GO:0030517	negative regulation of axon extension	regulates_o_occurs_in(EMAPA:16668
GO:0045793	positive regulation of cell size	regulates_o_occurs_in(EMAPA:16668
GO:0048841	regulation of axon extension involved in axon guidance	regulates_o_occurs_in(EMAPA:16668)
GO:0043408	regulation of MAPK cascade	regulates_o_occurs_in(EMAPA:16668)
GO:0045664	regulation of neuron differentiation	regulates_o_occurs_in(EMAPA:16669
GO:0045664	regulation of neuron differentiation	regulates_o_occurs_in(EMAPA:16669
GO:0008285	negative regulation of cell proliferation	regulates_o_occurs_in(EMAPA:16674)
GO:0045880	positive regulation of smoothened signaling pathway	regulates_o_occurs_in(EMAPA:16681)
GO:0014061	regulation of norepinephrine secretion	regulates_o_occurs_in(EMAPA:16688
GO:0043066	negative regulation of apoptotic process	regulates_o_occurs_in(EMAPA:16708
GO:0050930	induction of positive chemotaxis	regulates_o_occurs_in(EMAPA:16717
GO:0030514	negative regulation of BMP signaling pathway	regulates_o_occurs_in(EMAPA:16725)
GO:0043066	negative regulation of apoptotic process	regulates_o_occurs_in(EMAPA:16725)
GO:0040037	negative regulation of fibroblast growth factor receptor signaling pathway	regulates_o_occurs_in(EMAPA:16725)
GO:0043030	regulation of macrophage activation	regulates_o_occurs_in(EMAPA:16728
GO:0043410	positive regulation of MAPK cascade	regulates_o_occurs_in(EMAPA:16728
GO:0043410	positive regulation of MAPK cascade	regulates_o_occurs_in(EMAPA:16728
GO:0030512	negative regulation of transforming growth factor beta receptor signaling pathway	regulates_o_occurs_in(EMAPA:16728
GO:0090263	positive regulation of canonical Wnt signaling pathway	regulates_o_occurs_in(EMAPA:16728
GO:0045743	positive regulation of fibroblast growth factor receptor signaling pathway	regulates_o_occurs_in(EMAPA:16728
GO:0046330	positive regulation of JNK cascade	regulates_o_occurs_in(EMAPA:16728
GO:0045987	positive regulation of smooth muscle contraction	regulates_o_occurs_in(EMAPA:16728
GO:0030162	regulation of proteolysis	regulates_o_occurs_in(EMAPA:16728
GO:0045986	negative regulation of smooth muscle contraction	regulates_o_occurs_in(EMAPA:16728
GO:0090263	positive regulation of canonical Wnt signaling pathway	regulates_o_occurs_in(EMAPA:16728
GO:0043066	negative regulation of apoptotic process	regulates_o_occurs_in(EMAPA:16728
GO:0045944	positive regulation of transcription from RNA polymerase II promoter	regulates_o_occurs_in(EMAPA:16728
GO:0045944	positive regulation of transcription from RNA polymerase II promoter	regulates_o_occurs_in(EMAPA:16728
GO:0051006	positive regulation of lipoprotein lipase activity	regulates_o_occurs_in(EMAPA:16728
GO:0046022	positive regulation of transcription from RNA polymerase II promoter during mitotic cell cycle	regulates_o_occurs_in(EMAPA:16728
GO:0046022	positive regulation of transcription from RNA polymerase II promoter during mitotic cell cycle	regulates_o_occurs_in(EMAPA:16728
GO:0008285	negative regulation of cell proliferation	regulates_o_occurs_in(EMAPA:16728)
GO:0070257	positive regulation of mucus secretion	regulates_o_occurs_in(EMAPA:16728)
GO:0050727	regulation of inflammatory response	regulates_o_occurs_in(EMAPA:16728)
GO:0070256	negative regulation of mucus secretion	regulates_o_occurs_in(EMAPA:16728)
GO:1902177	positive regulation of oxidative stress-induced intrinsic apoptotic signaling pathway	regulates_o_occurs_in(EMAPA:16728)
GO:0044130	negative regulation of growth of symbiont in host	regulates_o_occurs_in(EMAPA:16728)
GO:0010628	positive regulation of gene expression	regulates_o_occurs_in(EMAPA:16728)
GO:0061047	positive regulation of branching involved in lung morphogenesis	regulates_o_occurs_in(EMAPA:16728)
GO:0030828	positive regulation of cGMP biosynthetic process	regulates_o_occurs_in(EMAPA:16728)
GO:0002686	negative regulation of leukocyte migration	regulates_o_occurs_in(EMAPA:16728)
GO:0060501	positive regulation of epithelial cell proliferation involved in lung morphogenesis	regulates_o_occurs_in(EMAPA:16728)
GO:0008285	negative regulation of cell proliferation	regulates_o_occurs_in(EMAPA:16728)
GO:2000045	regulation of G1/S transition of mitotic cell cycle	regulates_o_occurs_in(EMAPA:16728)
GO:0032956	regulation of actin cytoskeleton organization	regulates_o_occurs_in(EMAPA:16728)
GO:0008284	positive regulation of cell proliferation	regulates_o_occurs_in(EMAPA:16728)
GO:0045880	positive regulation of smoothened signaling pathway	regulates_o_occurs_in(EMAPA:16730
GO:0070373	negative regulation of ERK1 and ERK2 cascade	regulates_o_occurs_in(EMAPA:16731)
GO:0090263	positive regulation of canonical Wnt signaling pathway	regulates_o_occurs_in(EMAPA:16731)
GO:0070374	positive regulation of ERK1 and ERK2 cascade	regulates_o_occurs_in(EMAPA:16731)
GO:0045880	positive regulation of smoothened signaling pathway	regulates_o_occurs_in(EMAPA:16733
GO:0070373	negative regulation of ERK1 and ERK2 cascade	regulates_o_occurs_in(EMAPA:16735)
GO:0090263	positive regulation of canonical Wnt signaling pathway	regulates_o_occurs_in(EMAPA:16735)
GO:0070374	positive regulation of ERK1 and ERK2 cascade	regulates_o_occurs_in(EMAPA:16735)
GO:0008285	negative regulation of cell proliferation	regulates_o_occurs_in(EMAPA:16744)
GO:0032962	positive regulation of inositol trisphosphate biosynthetic process	regulates_o_occurs_in(EMAPA:16749)
GO:0045746	negative regulation of Notch signaling pathway	regulates_o_occurs_in(EMAPA:16752)
GO:0045879	negative regulation of smoothened signaling pathway	regulates_o_occurs_in(EMAPA:16779)
GO:0045944	positive regulation of transcription from RNA polymerase II promoter	regulates_o_occurs_in(EMAPA:16779)
GO:0043066	negative regulation of apoptotic process	regulates_o_occurs_in(EMAPA:16781
GO:2001054	negative regulation of mesenchymal cell apoptotic process	regulates_o_occurs_in(EMAPA:16781
GO:2001055	positive regulation of mesenchymal cell apoptotic process	regulates_o_occurs_in(EMAPA:16781
GO:0045664	regulation of neuron differentiation	regulates_o_occurs_in(EMAPA:16795
GO:0045664	regulation of neuron differentiation	regulates_o_occurs_in(EMAPA:16795
GO:0014042	positive regulation of neuron maturation	regulates_o_occurs_in(EMAPA:16797
GO:0014042	positive regulation of neuron maturation	regulates_o_occurs_in(EMAPA:16797
GO:0043525	positive regulation of neuron apoptotic process	regulates_o_occurs_in(EMAPA:16797)
GO:0045664	regulation of neuron differentiation	regulates_o_occurs_in(EMAPA:16798
GO:0045664	regulation of neuron differentiation	regulates_o_occurs_in(EMAPA:16798
GO:0030512	negative regulation of transforming growth factor beta receptor signaling pathway	regulates_o_occurs_in(EMAPA:16840)
GO:0010629	negative regulation of gene expression	regulates_o_occurs_in(EMAPA:16840)
GO:0051006	positive regulation of lipoprotein lipase activity	regulates_o_occurs_in(EMAPA:16846
GO:0045540	regulation of cholesterol biosynthetic process	regulates_o_occurs_in(EMAPA:16846
GO:0046330	positive regulation of JNK cascade	regulates_o_occurs_in(EMAPA:16846
GO:2001237	negative regulation of extrinsic apoptotic signaling pathway	regulates_o_occurs_in(EMAPA:16846
GO:0035948	positive regulation of gluconeogenesis by positive regulation of transcription from RNA polymerase II promoter	regulates_o_occurs_in(EMAPA:16846
GO:2000045	regulation of G1/S transition of mitotic cell cycle	regulates_o_occurs_in(EMAPA:16846
GO:0006417	regulation of translation	regulates_o_occurs_in(EMAPA:16846
GO:0006417	regulation of translation	regulates_o_occurs_in(EMAPA:16846
GO:0043066	negative regulation of apoptotic process	regulates_o_occurs_in(EMAPA:16846
GO:0006357	regulation of transcription from RNA polymerase II promoter	regulates_o_occurs_in(EMAPA:16846
GO:0006357	regulation of transcription from RNA polymerase II promoter	regulates_o_occurs_in(EMAPA:16846
GO:0008625	extrinsic apoptotic signaling pathway via death domain receptors	regulates_o_occurs_in(EMAPA:16846
GO:0045721	negative regulation of gluconeogenesis	regulates_o_occurs_in(EMAPA:16846
GO:0030178	negative regulation of Wnt signaling pathway	regulates_o_occurs_in(EMAPA:16846
GO:0051171	regulation of nitrogen compound metabolic process	regulates_o_occurs_in(EMAPA:16846
GO:0002710	negative regulation of T cell mediated immunity	regulates_o_occurs_in(EMAPA:16846
GO:0035948	positive regulation of gluconeogenesis by positive regulation of transcription from RNA polymerase II promoter	regulates_o_occurs_in(EMAPA:16846
GO:0030335	positive regulation of cell migration	regulates_o_occurs_in(EMAPA:16846
GO:0035948	positive regulation of gluconeogenesis by positive regulation of transcription from RNA polymerase II promoter	regulates_o_occurs_in(EMAPA:16846
GO:0033033	negative regulation of myeloid cell apoptotic process	regulates_o_occurs_in(EMAPA:16846
GO:0051897	positive regulation of protein kinase B signaling	regulates_o_occurs_in(EMAPA:16846
GO:0043547	positive regulation of GTPase activity	regulates_o_occurs_in(EMAPA:16846
GO:0050746	regulation of lipoprotein metabolic process	regulates_o_occurs_in(EMAPA:16846
GO:0030335	positive regulation of cell migration	regulates_o_occurs_in(EMAPA:16846
GO:0045944	positive regulation of transcription from RNA polymerase II promoter	regulates_o_occurs_in(EMAPA:16846
GO:0090090	negative regulation of canonical Wnt signaling pathway	regulates_o_occurs_in(EMAPA:16846
GO:1902236	negative regulation of endoplasmic reticulum stress-induced intrinsic apoptotic signaling pathway	regulates_o_occurs_in(EMAPA:16846
GO:0070873	regulation of glycogen metabolic process	regulates_o_occurs_in(EMAPA:16846)
GO:0043066	negative regulation of apoptotic process	regulates_o_occurs_in(EMAPA:16846)
GO:0051055	negative regulation of lipid biosynthetic process	regulates_o_occurs_in(EMAPA:16846)
GO:0035948	positive regulation of gluconeogenesis by positive regulation of transcription from RNA polymerase II promoter	regulates_o_occurs_in(EMAPA:16846)
GO:0019216	regulation of lipid metabolic process	regulates_o_occurs_in(EMAPA:16846)
GO:0019216	regulation of lipid metabolic process	regulates_o_occurs_in(EMAPA:16846)
GO:0045944	positive regulation of transcription from RNA polymerase II promoter	regulates_o_occurs_in(EMAPA:16846)
GO:0044130	negative regulation of growth of symbiont in host	regulates_o_occurs_in(EMAPA:16846)
GO:0046627	negative regulation of insulin receptor signaling pathway	regulates_o_occurs_in(EMAPA:16846)
GO:2000467	positive regulation of glycogen (starch) synthase activity	regulates_o_occurs_in(EMAPA:16846)
GO:0070374	positive regulation of ERK1 and ERK2 cascade	regulates_o_occurs_in(EMAPA:16846)
GO:0046621	negative regulation of organ growth	regulates_o_occurs_in(EMAPA:16846)
GO:0044130	negative regulation of growth of symbiont in host	regulates_o_occurs_in(EMAPA:16846)
GO:0019216	regulation of lipid metabolic process	regulates_o_occurs_in(EMAPA:16846)
GO:0090207	regulation of triglyceride metabolic process	regulates_o_occurs_in(EMAPA:16846)
GO:2000467	positive regulation of glycogen (starch) synthase activity	regulates_o_occurs_in(EMAPA:16846)
GO:0045722	positive regulation of gluconeogenesis	regulates_o_occurs_in(EMAPA:16846)
GO:0043066	negative regulation of apoptotic process	regulates_o_occurs_in(EMAPA:16846)
GO:0019217	regulation of fatty acid metabolic process	regulates_o_occurs_in(EMAPA:16846)
GO:0035947	regulation of gluconeogenesis by regulation of transcription from RNA polymerase II promoter	regulates_o_occurs_in(EMAPA:16846)
GO:0046622	positive regulation of organ growth	regulates_o_occurs_in(EMAPA:16846)
GO:0045540	regulation of cholesterol biosynthetic process	regulates_o_occurs_in(EMAPA:16846)
GO:0001933	negative regulation of protein phosphorylation	regulates_o_occurs_in(EMAPA:16846)
GO:0014068	positive regulation of phosphatidylinositol 3-kinase signaling	regulates_o_occurs_in(EMAPA:16846)
GO:0045721	negative regulation of gluconeogenesis	regulates_o_occurs_in(EMAPA:16846)
GO:0033132	negative regulation of glucokinase activity	regulates_o_occurs_in(EMAPA:16846)
GO:0051897	positive regulation of protein kinase B signaling	regulates_o_occurs_in(EMAPA:16846)
GO:0019218	regulation of steroid metabolic process	regulates_o_occurs_in(EMAPA:16846)
GO:0045944	positive regulation of transcription from RNA polymerase II promoter	regulates_o_occurs_in(EMAPA:16846)
GO:0045725	positive regulation of glycogen biosynthetic process	regulates_o_occurs_in(EMAPA:16846)
GO:0045722	positive regulation of gluconeogenesis	regulates_o_occurs_in(EMAPA:16846)
GO:0045819	positive regulation of glycogen catabolic process	regulates_o_occurs_in(EMAPA:16846)
GO:0045818	negative regulation of glycogen catabolic process	regulates_o_occurs_in(EMAPA:16846)
GO:0002710	negative regulation of T cell mediated immunity	regulates_o_occurs_in(EMAPA:16846)
GO:1902042	negative regulation of extrinsic apoptotic signaling pathway via death domain receptors	regulates_o_occurs_in(EMAPA:16846)
GO:0043085	positive regulation of catalytic activity	regulates_o_occurs_in(EMAPA:16846)
GO:0008285	negative regulation of cell proliferation	regulates_o_occurs_in(EMAPA:16846)
GO:0008285	negative regulation of cell proliferation	regulates_o_occurs_in(EMAPA:16846)
GO:0002830	positive regulation of type 2 immune response	regulates_o_occurs_in(EMAPA:16846)
GO:0046627	negative regulation of insulin receptor signaling pathway	regulates_o_occurs_in(EMAPA:16846)
GO:1902043	positive regulation of extrinsic apoptotic signaling pathway via death domain receptors	regulates_o_occurs_in(EMAPA:16846)
GO:0016242	negative regulation of macroautophagy	regulates_o_occurs_in(EMAPA:16846)
GO:0044130	negative regulation of growth of symbiont in host	regulates_o_occurs_in(EMAPA:16846)
GO:0010724	regulation of definitive erythrocyte differentiation	regulates_o_occurs_in(EMAPA:16846)
GO:0042304	regulation of fatty acid biosynthetic process	regulates_o_occurs_in(EMAPA:16846)
GO:0043407	negative regulation of MAP kinase activity	regulates_o_occurs_in(EMAPA:16846)
GO:0070318	positive regulation of G0 to G1 transition	regulates_o_occurs_in(EMAPA:16846)
GO:0045725	positive regulation of glycogen biosynthetic process	regulates_o_occurs_in(EMAPA:16846)
GO:0045793	positive regulation of cell size	regulates_o_occurs_in(EMAPA:16846)
GO:0045542	positive regulation of cholesterol biosynthetic process	regulates_o_occurs_in(EMAPA:16846)
GO:0070257	positive regulation of mucus secretion	regulates_o_occurs_in(EMAPA:16855
GO:0043069	negative regulation of programmed cell death	regulates_o_occurs_in(EMAPA:16859
GO:0014807	regulation of somitogenesis	regulates_o_occurs_in(EMAPA:16860)
GO:0045944	positive regulation of transcription from RNA polymerase II promoter	regulates_o_occurs_in(EMAPA:16881
GO:0008284	positive regulation of cell proliferation	regulates_o_occurs_in(EMAPA:16893)
GO:0048714	positive regulation of oligodendrocyte differentiation	regulates_o_occurs_in(EMAPA:16894
GO:0043030	regulation of macrophage activation	regulates_o_occurs_in(EMAPA:16894
GO:0048715	negative regulation of oligodendrocyte differentiation	regulates_o_occurs_in(EMAPA:16894
GO:0048712	negative regulation of astrocyte differentiation	regulates_o_occurs_in(EMAPA:16894
GO:0032956	regulation of actin cytoskeleton organization	regulates_o_occurs_in(EMAPA:16894
GO:0043086	negative regulation of catalytic activity	regulates_o_occurs_in(EMAPA:16894
GO:0032429	regulation of phospholipase A2 activity	regulates_o_occurs_in(EMAPA:16894)
GO:0043523	regulation of neuron apoptotic process	regulates_o_occurs_in(EMAPA:16894)
GO:0032956	regulation of actin cytoskeleton organization	regulates_o_occurs_in(EMAPA:16894)
GO:0042177	negative regulation of protein catabolic process	regulates_o_occurs_in(EMAPA:16894)
GO:0044130	negative regulation of growth of symbiont in host	regulates_o_occurs_in(EMAPA:16894)
GO:0043066	negative regulation of apoptotic process	regulates_o_occurs_in(EMAPA:16894)
GO:0010466	negative regulation of peptidase activity	regulates_o_occurs_in(EMAPA:16894)
GO:0051006	positive regulation of lipoprotein lipase activity	regulates_o_occurs_in(EMAPA:16894)
GO:0001933	negative regulation of protein phosphorylation	regulates_o_occurs_in(EMAPA:16894)
GO:0031396	regulation of protein ubiquitination	regulates_o_occurs_in(EMAPA:16894)
GO:0030828	positive regulation of cGMP biosynthetic process	regulates_o_occurs_in(EMAPA:16894)
GO:0032760	positive regulation of tumor necrosis factor production	regulates_o_occurs_in(EMAPA:16894)
GO:0032722	positive regulation of chemokine production	regulates_o_occurs_in(EMAPA:16894)
GO:0030828	positive regulation of cGMP biosynthetic process	regulates_o_occurs_in(EMAPA:16894)
GO:0050790	regulation of catalytic activity	regulates_o_occurs_in(EMAPA:16894)
GO:0043085	positive regulation of catalytic activity	regulates_o_occurs_in(EMAPA:16894)
GO:0042535	positive regulation of tumor necrosis factor biosynthetic process	regulates_o_occurs_in(EMAPA:16894)
GO:0032700	negative regulation of interleukin-17 production	regulates_o_occurs_in(EMAPA:16894)
GO:0045429	positive regulation of nitric oxide biosynthetic process	regulates_o_occurs_in(EMAPA:16894)
GO:0050812	regulation of acyl-CoA biosynthetic process	regulates_o_occurs_in(EMAPA:16894)
GO:0008285	negative regulation of cell proliferation	regulates_o_occurs_in(EMAPA:16894)
GO:0046622	positive regulation of organ growth	regulates_o_occurs_in(EMAPA:16894)
GO:0043407	negative regulation of MAP kinase activity	regulates_o_occurs_in(EMAPA:16894)
GO:0048712	negative regulation of astrocyte differentiation	regulates_o_occurs_in(EMAPA:16895
GO:0043066	negative regulation of apoptotic process	regulates_o_occurs_in(EMAPA:16895
GO:0006417	regulation of translation	regulates_o_occurs_in(EMAPA:16895
GO:0006417	regulation of translation	regulates_o_occurs_in(EMAPA:16895
GO:0045666	positive regulation of neuron differentiation	regulates_o_occurs_in(EMAPA:16895
GO:0045762	positive regulation of adenylate cyclase activity	regulates_o_occurs_in(EMAPA:16895
GO:2001234	negative regulation of apoptotic signaling pathway	regulates_o_occurs_in(EMAPA:16895
GO:0046426	negative regulation of JAK-STAT cascade	regulates_o_occurs_in(EMAPA:16895
GO:0048715	negative regulation of oligodendrocyte differentiation	regulates_o_occurs_in(EMAPA:16895
GO:0060161	positive regulation of dopamine receptor signaling pathway	regulates_o_occurs_in(EMAPA:16895)
GO:0050769	positive regulation of neurogenesis	regulates_o_occurs_in(EMAPA:16895)
GO:0070374	positive regulation of ERK1 and ERK2 cascade	regulates_o_occurs_in(EMAPA:16895)
GO:2000177	regulation of neural precursor cell proliferation	regulates_o_occurs_in(EMAPA:16895)
GO:0060158	phospholipase C-activating dopamine receptor signaling pathway	regulates_o_occurs_in(EMAPA:16895)
GO:0045762	positive regulation of adenylate cyclase activity	regulates_o_occurs_in(EMAPA:16895)
GO:0050769	positive regulation of neurogenesis	regulates_o_occurs_in(EMAPA:16895)
GO:0045773	positive regulation of axon extension	regulates_o_occurs_in(EMAPA:16895)
GO:0060160	negative regulation of dopamine receptor signaling pathway	regulates_o_occurs_in(EMAPA:16895)
GO:0007346	regulation of mitotic cell cycle	regulates_o_occurs_in(EMAPA:16896
GO:0045944	positive regulation of transcription from RNA polymerase II promoter	regulates_o_occurs_in(EMAPA:16896)
GO:2001222	regulation of neuron migration	regulates_o_occurs_in(EMAPA:16896)
GO:2000977	regulation of forebrain neuron differentiation	regulates_o_occurs_in(EMAPA:16896)
GO:0030514	negative regulation of BMP signaling pathway	regulates_o_occurs_in(EMAPA:16896)
GO:0006357	regulation of transcription from RNA polymerase II promoter	regulates_o_occurs_in(EMAPA:16896)
GO:0040037	negative regulation of fibroblast growth factor receptor signaling pathway	regulates_o_occurs_in(EMAPA:16896)
GO:0046621	negative regulation of organ growth	regulates_o_occurs_in(EMAPA:16898)
GO:0008284	positive regulation of cell proliferation	regulates_o_occurs_in(EMAPA:16898)
GO:0045666	positive regulation of neuron differentiation	regulates_o_occurs_in(EMAPA:16910
GO:0045769	negative regulation of asymmetric cell division	regulates_o_occurs_in(EMAPA:16910
GO:0048715	negative regulation of oligodendrocyte differentiation	regulates_o_occurs_in(EMAPA:16910
GO:0046580	negative regulation of Ras protein signal transduction	regulates_o_occurs_in(EMAPA:16910
GO:0030336	negative regulation of cell migration	regulates_o_occurs_in(EMAPA:16910
GO:0048712	negative regulation of astrocyte differentiation	regulates_o_occurs_in(EMAPA:16910
GO:0048505	regulation of timing of cell differentiation	regulates_o_occurs_in(EMAPA:16910
GO:0048711	positive regulation of astrocyte differentiation	regulates_o_occurs_in(EMAPA:16910
GO:0030334	regulation of cell migration	regulates_o_occurs_in(EMAPA:16910
GO:0030335	positive regulation of cell migration	regulates_o_occurs_in(EMAPA:16910
GO:0045787	positive regulation of cell cycle	regulates_o_occurs_in(EMAPA:16910
GO:0045787	positive regulation of cell cycle	regulates_o_occurs_in(EMAPA:16910
GO:0045944	positive regulation of transcription from RNA polymerase II promoter	regulates_o_occurs_in(EMAPA:16910
GO:0010628	positive regulation of gene expression	regulates_o_occurs_in(EMAPA:16910
GO:0010628	positive regulation of gene expression	regulates_o_occurs_in(EMAPA:16910
GO:0002052	positive regulation of neuroblast proliferation	regulates_o_occurs_in(EMAPA:16910)
GO:0043066	negative regulation of apoptotic process	regulates_o_occurs_in(EMAPA:16910)
GO:0008284	positive regulation of cell proliferation	regulates_o_occurs_in(EMAPA:16910)
GO:0045787	positive regulation of cell cycle	regulates_o_occurs_in(EMAPA:16913
GO:2000178	negative regulation of neural precursor cell proliferation	regulates_o_occurs_in(EMAPA:16913)
GO:0021912	regulation of transcription from RNA polymerase II promoter involved in spinal cord motor neuron fate specification	regulates_o_occurs_in(EMAPA:16916
GO:0045944	positive regulation of transcription from RNA polymerase II promoter	regulates_o_occurs_in(EMAPA:16916
GO:0045944	positive regulation of transcription from RNA polymerase II promoter	regulates_o_occurs_in(EMAPA:16916
GO:0048712	negative regulation of astrocyte differentiation	regulates_o_occurs_in(EMAPA:16916
GO:0050769	positive regulation of neurogenesis	regulates_o_occurs_in(EMAPA:16916)
GO:0043066	negative regulation of apoptotic process	regulates_o_occurs_in(EMAPA:16918)
GO:0043085	positive regulation of catalytic activity	regulates_o_occurs_in(EMAPA:16974
GO:0045666	positive regulation of neuron differentiation	regulates_o_occurs_in(EMAPA:16974
GO:0045944	positive regulation of transcription from RNA polymerase II promoter	regulates_o_occurs_in(EMAPA:16974
GO:0045944	positive regulation of transcription from RNA polymerase II promoter	regulates_o_occurs_in(EMAPA:16974
GO:0030516	regulation of axon extension	regulates_o_occurs_in(EMAPA:16974
GO:0043066	negative regulation of apoptotic process	regulates_o_occurs_in(EMAPA:16974)
GO:0030516	regulation of axon extension	regulates_o_occurs_in(EMAPA:16974)
GO:2001222	regulation of neuron migration	regulates_o_occurs_in(EMAPA:16974)
GO:0008285	negative regulation of cell proliferation	regulates_o_occurs_in(EMAPA:16976)
GO:0045664	regulation of neuron differentiation	regulates_o_occurs_in(EMAPA:16982
GO:0045664	regulation of neuron differentiation	regulates_o_occurs_in(EMAPA:16982
GO:0045664	regulation of neuron differentiation	regulates_o_occurs_in(EMAPA:16983
GO:0014061	regulation of norepinephrine secretion	regulates_o_occurs_in(EMAPA:16985
GO:0050930	induction of positive chemotaxis	regulates_o_occurs_in(EMAPA:16985)
GO:2001240	negative regulation of extrinsic apoptotic signaling pathway in absence of ligand	regulates_o_occurs_in(EMAPA:16999
GO:0060455	negative regulation of gastric acid secretion	regulates_o_occurs_in(EMAPA:17021)
GO:0046621	negative regulation of organ growth	regulates_o_occurs_in(EMAPA:17021)
GO:0008285	negative regulation of cell proliferation	regulates_o_occurs_in(EMAPA:17021)
GO:0030178	negative regulation of Wnt signaling pathway	regulates_o_occurs_in(EMAPA:17022
GO:0030178	negative regulation of Wnt signaling pathway	regulates_o_occurs_in(EMAPA:17022
GO:0030178	negative regulation of Wnt signaling pathway	regulates_o_occurs_in(EMAPA:17023
GO:0030178	negative regulation of Wnt signaling pathway	regulates_o_occurs_in(EMAPA:17023
GO:0043066	negative regulation of apoptotic process	regulates_o_occurs_in(EMAPA:17023)
GO:0043066	negative regulation of apoptotic process	regulates_o_occurs_in(EMAPA:17066
GO:0008285	negative regulation of cell proliferation	regulates_o_occurs_in(EMAPA:17066)
GO:0008285	negative regulation of cell proliferation	regulates_o_occurs_in(EMAPA:17072)
GO:0043525	positive regulation of neuron apoptotic process	regulates_o_occurs_in(EMAPA:17155)
GO:0048841	regulation of axon extension involved in axon guidance	regulates_o_occurs_in(EMAPA:17157)
GO:0048841	regulation of axon extension involved in axon guidance	regulates_o_occurs_in(EMAPA:17157)
GO:1901492	positive regulation of lymphangiogenesis	regulates_o_occurs_in(EMAPA:17161)
GO:2001240	negative regulation of extrinsic apoptotic signaling pathway in absence of ligand	regulates_o_occurs_in(EMAPA:17161)
GO:0045785	positive regulation of cell adhesion	regulates_o_occurs_in(EMAPA:17162
GO:0006356	regulation of transcription from RNA polymerase I promoter	regulates_o_occurs_in(EMAPA:17162
GO:0044089	positive regulation of cellular component biogenesis	regulates_o_occurs_in(EMAPA:17162
GO:0045839	negative regulation of mitotic nuclear division	regulates_o_occurs_in(EMAPA:17163
GO:0045839	negative regulation of mitotic nuclear division	regulates_o_occurs_in(EMAPA:17163
GO:0045666	positive regulation of neuron differentiation	regulates_o_occurs_in(EMAPA:17168
GO:0045665	negative regulation of neuron differentiation	regulates_o_occurs_in(EMAPA:17168
GO:0008361	regulation of cell size	regulates_o_occurs_in(EMAPA:17168
GO:0043066	negative regulation of apoptotic process	regulates_o_occurs_in(EMAPA:17168
GO:0046671	negative regulation of retinal cell programmed cell death	regulates_o_occurs_in(EMAPA:17168
GO:0043066	negative regulation of apoptotic process	regulates_o_occurs_in(EMAPA:17168
GO:0045944	positive regulation of transcription from RNA polymerase II promoter	regulates_o_occurs_in(EMAPA:17168
GO:0045944	positive regulation of transcription from RNA polymerase II promoter	regulates_o_occurs_in(EMAPA:17168
GO:0090049	regulation of cell migration involved in sprouting angiogenesis	regulates_o_occurs_in(EMAPA:17168
GO:0032922	circadian regulation of gene expression	regulates_o_occurs_in(EMAPA:17168
GO:0045666	positive regulation of neuron differentiation	regulates_o_occurs_in(EMAPA:17168
GO:0043066	negative regulation of apoptotic process	regulates_o_occurs_in(EMAPA:17168
GO:0043066	negative regulation of apoptotic process	regulates_o_occurs_in(EMAPA:17168
GO:0030823	regulation of cGMP metabolic process	regulates_o_occurs_in(EMAPA:17168)
GO:0008284	positive regulation of cell proliferation	regulates_o_occurs_in(EMAPA:17168)
GO:0043066	negative regulation of apoptotic process	regulates_o_occurs_in(EMAPA:17168)
GO:0008284	positive regulation of cell proliferation	regulates_o_occurs_in(EMAPA:17168)
GO:0008284	positive regulation of cell proliferation	regulates_o_occurs_in(EMAPA:17168)
GO:2000353	positive regulation of endothelial cell apoptotic process	regulates_o_occurs_in(EMAPA:17168)
GO:0008593	regulation of Notch signaling pathway	regulates_o_occurs_in(EMAPA:17168)
GO:0051128	regulation of cellular component organization	regulates_o_occurs_in(EMAPA:17168)
GO:0051924	regulation of calcium ion transport	regulates_o_occurs_in(EMAPA:17172)
GO:2000166	negative regulation of planar cell polarity pathway involved in pericardium morphogenesis	regulates_o_occurs_in(EMAPA:17174)
GO:0008284	positive regulation of cell proliferation	regulates_o_occurs_in(EMAPA:17207)
GO:0030278	regulation of ossification	regulates_o_occurs_in(EMAPA:17213)
GO:0030502	negative regulation of bone mineralization	regulates_o_occurs_in(EMAPA:17214)
GO:0045880	positive regulation of smoothened signaling pathway	regulates_o_occurs_in(EMAPA:17244
GO:0008285	negative regulation of cell proliferation	regulates_o_occurs_in(EMAPA:17259)
GO:0008285	negative regulation of cell proliferation	regulates_o_occurs_in(EMAPA:17260)
GO:0008285	negative regulation of cell proliferation	regulates_o_occurs_in(EMAPA:17261)
GO:0008285	negative regulation of cell proliferation	regulates_o_occurs_in(EMAPA:17262)
GO:0003056	regulation of vascular smooth muscle contraction	regulates_o_occurs_in(EMAPA:17312
GO:0051924	regulation of calcium ion transport	regulates_o_occurs_in(EMAPA:17312
GO:2000179	positive regulation of neural precursor cell proliferation	regulates_o_occurs_in(EMAPA:17315)
GO:2000151	negative regulation of planar cell polarity pathway involved in cardiac muscle tissue morphogenesis	regulates_o_occurs_in(EMAPA:17318)
GO:2000151	negative regulation of planar cell polarity pathway involved in cardiac muscle tissue morphogenesis	regulates_o_occurs_in(EMAPA:17318)
GO:0060045	positive regulation of cardiac muscle cell proliferation	regulates_o_occurs_in(EMAPA:17320)
GO:2000162	negative regulation of planar cell polarity pathway involved in cardiac right atrium morphogenesis	regulates_o_occurs_in(EMAPA:17321)
GO:2000151	negative regulation of planar cell polarity pathway involved in cardiac muscle tissue morphogenesis	regulates_o_occurs_in(EMAPA:17324)
GO:2000151	negative regulation of planar cell polarity pathway involved in cardiac muscle tissue morphogenesis	regulates_o_occurs_in(EMAPA:17326)
GO:0060045	positive regulation of cardiac muscle cell proliferation	regulates_o_occurs_in(EMAPA:17326)
GO:0043066	negative regulation of apoptotic process	regulates_o_occurs_in(EMAPA:17331
GO:0045880	positive regulation of smoothened signaling pathway	regulates_o_occurs_in(EMAPA:17331
GO:2001257	regulation of cation channel activity	regulates_o_occurs_in(EMAPA:17331
GO:0010881	regulation of cardiac muscle contraction by regulation of the release of sequestered calcium ion	regulates_o_occurs_in(EMAPA:17331
GO:0008016	regulation of heart contraction	regulates_o_occurs_in(EMAPA:17331)
GO:0014912	negative regulation of smooth muscle cell migration	regulates_o_occurs_in(EMAPA:17331)
GO:0043066	negative regulation of apoptotic process	regulates_o_occurs_in(EMAPA:17331)
GO:0045793	positive regulation of cell size	regulates_o_occurs_in(EMAPA:17331)
GO:2000149	negative regulation of planar cell polarity pathway involved in ventricular septum morphogenesis	regulates_o_occurs_in(EMAPA:17333)
GO:0045880	positive regulation of smoothened signaling pathway	regulates_o_occurs_in(EMAPA:17335
GO:0043085	positive regulation of catalytic activity	regulates_o_occurs_in(EMAPA:17337
GO:0052547	regulation of peptidase activity	regulates_o_occurs_in(EMAPA:17337
GO:0031397	negative regulation of protein ubiquitination	regulates_o_occurs_in(EMAPA:17337)
GO:2000151	negative regulation of planar cell polarity pathway involved in cardiac muscle tissue morphogenesis	regulates_o_occurs_in(EMAPA:17339)
GO:0008285	negative regulation of cell proliferation	regulates_o_occurs_in(EMAPA:17339)
GO:0008285	negative regulation of cell proliferation	regulates_o_occurs_in(EMAPA:17339)
GO:0008285	negative regulation of cell proliferation	regulates_o_occurs_in(EMAPA:17339)
GO:0008016	regulation of heart contraction	regulates_o_occurs_in(EMAPA:17339)
GO:0008016	regulation of heart contraction	regulates_o_occurs_in(EMAPA:17340
GO:0045880	positive regulation of smoothened signaling pathway	regulates_o_occurs_in(EMAPA:17342
GO:2000151	negative regulation of planar cell polarity pathway involved in cardiac muscle tissue morphogenesis	regulates_o_occurs_in(EMAPA:17342)
GO:0086004	regulation of cardiac muscle cell contraction	regulates_o_occurs_in(EMAPA:17342)
GO:0008285	negative regulation of cell proliferation	regulates_o_occurs_in(EMAPA:17342)
GO:0008285	negative regulation of cell proliferation	regulates_o_occurs_in(EMAPA:17342)
GO:0008285	negative regulation of cell proliferation	regulates_o_occurs_in(EMAPA:17342)
GO:0032006	regulation of TOR signaling	regulates_o_occurs_in(EMAPA:17366)
GO:0006417	regulation of translation	regulates_o_occurs_in(EMAPA:17373
GO:0043066	negative regulation of apoptotic process	regulates_o_occurs_in(EMAPA:17373
GO:0072040	negative regulation of mesenchymal cell apoptotic process involved in nephron morphogenesis	regulates_o_occurs_in(EMAPA:17373
GO:0006417	regulation of translation	regulates_o_occurs_in(EMAPA:17373
GO:0006417	regulation of translation	regulates_o_occurs_in(EMAPA:17373
GO:0032007	negative regulation of TOR signaling	regulates_o_occurs_in(EMAPA:17373
GO:0045944	positive regulation of transcription from RNA polymerase II promoter	regulates_o_occurs_in(EMAPA:17373
GO:0045944	positive regulation of transcription from RNA polymerase II promoter	regulates_o_occurs_in(EMAPA:17373
GO:0001934	positive regulation of protein phosphorylation	regulates_o_occurs_in(EMAPA:17373
GO:0030511	positive regulation of transforming growth factor beta receptor signaling pathway	regulates_o_occurs_in(EMAPA:17373
GO:0030178	negative regulation of Wnt signaling pathway	regulates_o_occurs_in(EMAPA:17373
GO:0060828	regulation of canonical Wnt signaling pathway	regulates_o_occurs_in(EMAPA:17373
GO:1900212	negative regulation of mesenchymal cell apoptotic process involved in metanephros development	regulates_o_occurs_in(EMAPA:17373
GO:0070373	negative regulation of ERK1 and ERK2 cascade	regulates_o_occurs_in(EMAPA:17373
GO:0043067	regulation of programmed cell death	regulates_o_occurs_in(EMAPA:17373)
GO:0032007	negative regulation of TOR signaling	regulates_o_occurs_in(EMAPA:17373)
GO:0043066	negative regulation of apoptotic process	regulates_o_occurs_in(EMAPA:17373)
GO:0043066	negative regulation of apoptotic process	regulates_o_occurs_in(EMAPA:17373)
GO:0046621	negative regulation of organ growth	regulates_o_occurs_in(EMAPA:17373)
GO:1901723	negative regulation of cell proliferation involved in kidney development	regulates_o_occurs_in(EMAPA:17373)
GO:0044130	negative regulation of growth of symbiont in host	regulates_o_occurs_in(EMAPA:17373)
GO:0051006	positive regulation of lipoprotein lipase activity	regulates_o_occurs_in(EMAPA:17373)
GO:0045879	negative regulation of smoothened signaling pathway	regulates_o_occurs_in(EMAPA:17373)
GO:0008285	negative regulation of cell proliferation	regulates_o_occurs_in(EMAPA:17373)
GO:0032880	regulation of protein localization	regulates_o_occurs_in(EMAPA:17373)
GO:0030511	positive regulation of transforming growth factor beta receptor signaling pathway	regulates_o_occurs_in(EMAPA:17373)
GO:0014068	positive regulation of phosphatidylinositol 3-kinase signaling	regulates_o_occurs_in(EMAPA:17373)
GO:0007250	activation of NF-kappaB-inducing kinase activity	regulates_o_occurs_in(EMAPA:17373)
GO:0051246	regulation of protein metabolic process	regulates_o_occurs_in(EMAPA:17373)
GO:1902239	negative regulation of intrinsic apoptotic signaling pathway in response to osmotic stress by p53 class mediator	regulates_o_occurs_in(EMAPA:17373)
GO:0032008	positive regulation of TOR signaling	regulates_o_occurs_in(EMAPA:17373)
GO:0051898	negative regulation of protein kinase B signaling	regulates_o_occurs_in(EMAPA:17373)
GO:0009967	positive regulation of signal transduction	regulates_o_occurs_in(EMAPA:17373)
GO:0044130	negative regulation of growth of symbiont in host	regulates_o_occurs_in(EMAPA:17373)
GO:0008285	negative regulation of cell proliferation	regulates_o_occurs_in(EMAPA:17373)
GO:0008285	negative regulation of cell proliferation	regulates_o_occurs_in(EMAPA:17373)
GO:0044130	negative regulation of growth of symbiont in host	regulates_o_occurs_in(EMAPA:17373)
GO:0044130	negative regulation of growth of symbiont in host	regulates_o_occurs_in(EMAPA:17373)
GO:0045944	positive regulation of transcription from RNA polymerase II promoter	regulates_o_occurs_in(EMAPA:17375
GO:0030510	regulation of BMP signaling pathway	regulates_o_occurs_in(EMAPA:17382
GO:2001055	positive regulation of mesenchymal cell apoptotic process	regulates_o_occurs_in(EMAPA:17382
GO:0045840	positive regulation of mitotic nuclear division	regulates_o_occurs_in(EMAPA:17382
GO:0030178	negative regulation of Wnt signaling pathway	regulates_o_occurs_in(EMAPA:17383
GO:0040037	negative regulation of fibroblast growth factor receptor signaling pathway	regulates_o_occurs_in(EMAPA:17383)
GO:0043410	positive regulation of MAPK cascade	regulates_o_occurs_in(EMAPA:17383)
GO:0045944	positive regulation of transcription from RNA polymerase II promoter	regulates_o_occurs_in(EMAPA:17412
GO:0045944	positive regulation of transcription from RNA polymerase II promoter	regulates_o_occurs_in(EMAPA:17412
GO:0045944	positive regulation of transcription from RNA polymerase II promoter	regulates_o_occurs_in(EMAPA:17412
GO:0051091	positive regulation of sequence-specific DNA binding transcription factor activity	regulates_o_occurs_in(EMAPA:17412
GO:0045595	regulation of cell differentiation	regulates_o_occurs_in(EMAPA:17412
GO:0045893	positive regulation of transcription, DNA-templated	regulates_o_occurs_in(EMAPA:17426
GO:0045893	positive regulation of transcription, DNA-templated	regulates_o_occurs_in(EMAPA:17426
GO:0045892	negative regulation of transcription, DNA-templated	regulates_o_occurs_in(EMAPA:17426
GO:0045892	negative regulation of transcription, DNA-templated	regulates_o_occurs_in(EMAPA:17426
GO:0045880	positive regulation of smoothened signaling pathway	regulates_o_occurs_in(EMAPA:17427
GO:0030949	positive regulation of vascular endothelial growth factor receptor signaling pathway	regulates_o_occurs_in(EMAPA:17428)
GO:0008285	negative regulation of cell proliferation	regulates_o_occurs_in(EMAPA:17428)
GO:0030949	positive regulation of vascular endothelial growth factor receptor signaling pathway	regulates_o_occurs_in(EMAPA:17459)
GO:2001238	positive regulation of extrinsic apoptotic signaling pathway	regulates_o_occurs_in(EMAPA:17478
GO:0042345	regulation of NF-kappaB import into nucleus	regulates_o_occurs_in(EMAPA:17478
GO:0045893	positive regulation of transcription, DNA-templated	regulates_o_occurs_in(EMAPA:17501
GO:0045893	positive regulation of transcription, DNA-templated	regulates_o_occurs_in(EMAPA:17501
GO:0045892	negative regulation of transcription, DNA-templated	regulates_o_occurs_in(EMAPA:17501
GO:0045892	negative regulation of transcription, DNA-templated	regulates_o_occurs_in(EMAPA:17501
GO:0044070	regulation of anion transport	regulates_o_occurs_in(EMAPA:17503
GO:0045944	positive regulation of transcription from RNA polymerase II promoter	regulates_o_occurs_in(EMAPA:17503
GO:0045944	positive regulation of transcription from RNA polymerase II promoter	regulates_o_occurs_in(EMAPA:17503
GO:0045944	positive regulation of transcription from RNA polymerase II promoter	regulates_o_occurs_in(EMAPA:17503
GO:1902072	negative regulation of hypoxia-inducible factor-1alpha signaling pathway	regulates_o_occurs_in(EMAPA:17503)
GO:0061178	regulation of insulin secretion involved in cellular response to glucose stimulus	regulates_o_occurs_in(EMAPA:17503)
GO:0032880	regulation of protein localization	regulates_o_occurs_in(EMAPA:17503)
GO:0007346	regulation of mitotic cell cycle	regulates_o_occurs_in(EMAPA:17503)
GO:0061469	regulation of type B pancreatic cell proliferation	regulates_o_occurs_in(EMAPA:17503)
GO:1900004	negative regulation of serine-type endopeptidase activity	regulates_o_occurs_in(EMAPA:17503)
GO:0048505	regulation of timing of cell differentiation	regulates_o_occurs_in(EMAPA:17514
GO:0060124	positive regulation of growth hormone secretion	regulates_o_occurs_in(EMAPA:17515
GO:0050770	regulation of axonogenesis	regulates_o_occurs_in(EMAPA:17519
GO:0043066	negative regulation of apoptotic process	regulates_o_occurs_in(EMAPA:17523
GO:0045879	negative regulation of smoothened signaling pathway	regulates_o_occurs_in(EMAPA:17523
GO:0010454	negative regulation of cell fate commitment	regulates_o_occurs_in(EMAPA:17524
GO:0019216	regulation of lipid metabolic process	regulates_o_occurs_in(EMAPA:17524
GO:0043123	positive regulation of I-kappaB kinase/NF-kappaB signaling	regulates_o_occurs_in(EMAPA:17524)
GO:0043066	negative regulation of apoptotic process	regulates_o_occurs_in(EMAPA:17525
GO:0009967	positive regulation of signal transduction	regulates_o_occurs_in(EMAPA:17525
GO:0043066	negative regulation of apoptotic process	regulates_o_occurs_in(EMAPA:17525
GO:0010824	regulation of centrosome duplication	regulates_o_occurs_in(EMAPA:17525
GO:0045944	positive regulation of transcription from RNA polymerase II promoter	regulates_o_occurs_in(EMAPA:17525
GO:0010628	positive regulation of gene expression	regulates_o_occurs_in(EMAPA:17525
GO:0010628	positive regulation of gene expression	regulates_o_occurs_in(EMAPA:17525
GO:0010628	positive regulation of gene expression	regulates_o_occurs_in(EMAPA:17525
GO:0010628	positive regulation of gene expression	regulates_o_occurs_in(EMAPA:17525
GO:0010628	positive regulation of gene expression	regulates_o_occurs_in(EMAPA:17525
GO:0043085	positive regulation of catalytic activity	regulates_o_occurs_in(EMAPA:17525
GO:0048087	positive regulation of developmental pigmentation	regulates_o_occurs_in(EMAPA:17525)
GO:0044130	negative regulation of growth of symbiont in host	regulates_o_occurs_in(EMAPA:17525)
GO:0090263	positive regulation of canonical Wnt signaling pathway	regulates_o_occurs_in(EMAPA:17525)
GO:0043305	negative regulation of mast cell degranulation	regulates_o_occurs_in(EMAPA:17525)
GO:0008284	positive regulation of cell proliferation	regulates_o_occurs_in(EMAPA:17527)
GO:0045944	positive regulation of transcription from RNA polymerase II promoter	regulates_o_occurs_in(EMAPA:17528
GO:0051781	positive regulation of cell division	regulates_o_occurs_in(EMAPA:17528
GO:0048387	negative regulation of retinoic acid receptor signaling pathway	regulates_o_occurs_in(EMAPA:17528
GO:0045840	positive regulation of mitotic nuclear division	regulates_o_occurs_in(EMAPA:17528
GO:0045944	positive regulation of transcription from RNA polymerase II promoter	regulates_o_occurs_in(EMAPA:17528
GO:0042059	negative regulation of epidermal growth factor receptor signaling pathway	regulates_o_occurs_in(EMAPA:17528)
GO:0045944	positive regulation of transcription from RNA polymerase II promoter	regulates_o_occurs_in(EMAPA:17528)
GO:0045747	positive regulation of Notch signaling pathway	regulates_o_occurs_in(EMAPA:17528)
GO:1902572	negative regulation of serine-type peptidase activity	regulates_o_occurs_in(EMAPA:17528)
GO:0051782	negative regulation of cell division	regulates_o_occurs_in(EMAPA:17528)
GO:2000177	regulation of neural precursor cell proliferation	regulates_o_occurs_in(EMAPA:17535)
GO:0045944	positive regulation of transcription from RNA polymerase II promoter	regulates_o_occurs_in(EMAPA:17536
GO:0006357	regulation of transcription from RNA polymerase II promoter	regulates_o_occurs_in(EMAPA:17536
GO:0045944	positive regulation of transcription from RNA polymerase II promoter	regulates_o_occurs_in(EMAPA:17536
GO:0045944	positive regulation of transcription from RNA polymerase II promoter	regulates_o_occurs_in(EMAPA:17536
GO:0010976	positive regulation of neuron projection development	regulates_o_occurs_in(EMAPA:17536
GO:0045944	positive regulation of transcription from RNA polymerase II promoter	regulates_o_occurs_in(EMAPA:17536
GO:0042053	regulation of dopamine metabolic process	regulates_o_occurs_in(EMAPA:17536)
GO:0009967	positive regulation of signal transduction	regulates_o_occurs_in(EMAPA:17536)
GO:0030516	regulation of axon extension	regulates_o_occurs_in(EMAPA:17540
GO:0032230	positive regulation of synaptic transmission, GABAergic	regulates_o_occurs_in(EMAPA:17544
GO:0045860	positive regulation of protein kinase activity	regulates_o_occurs_in(EMAPA:17544
GO:0046605	regulation of centrosome cycle	regulates_o_occurs_in(EMAPA:17544
GO:0030516	regulation of axon extension	regulates_o_occurs_in(EMAPA:17544
GO:0050769	positive regulation of neurogenesis	regulates_o_occurs_in(EMAPA:17544
GO:0007026	negative regulation of microtubule depolymerization	regulates_o_occurs_in(EMAPA:17544
GO:0043410	positive regulation of MAPK cascade	regulates_o_occurs_in(EMAPA:17544
GO:0010977	negative regulation of neuron projection development	regulates_o_occurs_in(EMAPA:17544
GO:0051965	positive regulation of synapse assembly	regulates_o_occurs_in(EMAPA:17544
GO:0048505	regulation of timing of cell differentiation	regulates_o_occurs_in(EMAPA:17544
GO:0006919	activation of cysteine-type endopeptidase activity involved in apoptotic process	regulates_o_occurs_in(EMAPA:17544
GO:0048843	negative regulation of axon extension involved in axon guidance	regulates_o_occurs_in(EMAPA:17544
GO:0021882	regulation of transcription from RNA polymerase II promoter involved in forebrain neuron fate commitment	regulates_o_occurs_in(EMAPA:17544
GO:0048715	negative regulation of oligodendrocyte differentiation	regulates_o_occurs_in(EMAPA:17544
GO:0045665	negative regulation of neuron differentiation	regulates_o_occurs_in(EMAPA:17544
GO:0045666	positive regulation of neuron differentiation	regulates_o_occurs_in(EMAPA:17544
GO:0048672	positive regulation of collateral sprouting	regulates_o_occurs_in(EMAPA:17544
GO:0007162	negative regulation of cell adhesion	regulates_o_occurs_in(EMAPA:17544
GO:0045666	positive regulation of neuron differentiation	regulates_o_occurs_in(EMAPA:17544
GO:0048698	negative regulation of collateral sprouting in absence of injury	regulates_o_occurs_in(EMAPA:17544
GO:0045664	regulation of neuron differentiation	regulates_o_occurs_in(EMAPA:17544
GO:0090394	negative regulation of excitatory postsynaptic potential	regulates_o_occurs_in(EMAPA:17544
GO:0002052	positive regulation of neuroblast proliferation	regulates_o_occurs_in(EMAPA:17544)
GO:2000178	negative regulation of neural precursor cell proliferation	regulates_o_occurs_in(EMAPA:17544)
GO:2000178	negative regulation of neural precursor cell proliferation	regulates_o_occurs_in(EMAPA:17544)
GO:2000178	negative regulation of neural precursor cell proliferation	regulates_o_occurs_in(EMAPA:17544)
GO:2000178	negative regulation of neural precursor cell proliferation	regulates_o_occurs_in(EMAPA:17544)
GO:2000178	negative regulation of neural precursor cell proliferation	regulates_o_occurs_in(EMAPA:17544)
GO:0043066	negative regulation of apoptotic process	regulates_o_occurs_in(EMAPA:17544)
GO:2000177	regulation of neural precursor cell proliferation	regulates_o_occurs_in(EMAPA:17544)
GO:0001933	negative regulation of protein phosphorylation	regulates_o_occurs_in(EMAPA:17544)
GO:0045665	negative regulation of neuron differentiation	regulates_o_occurs_in(EMAPA:17544)
GO:0043407	negative regulation of MAP kinase activity	regulates_o_occurs_in(EMAPA:17544)
GO:0009786	regulation of asymmetric cell division	regulates_o_occurs_in(EMAPA:17544)
GO:1902254	negative regulation of intrinsic apoptotic signaling pathway by p53 class mediator	regulates_o_occurs_in(EMAPA:17544)
GO:0017148	negative regulation of translation	regulates_o_occurs_in(EMAPA:17544)
GO:2000179	positive regulation of neural precursor cell proliferation	regulates_o_occurs_in(EMAPA:17544)
GO:0010971	positive regulation of G2/M transition of mitotic cell cycle	regulates_o_occurs_in(EMAPA:17547
GO:0045880	positive regulation of smoothened signaling pathway	regulates_o_occurs_in(EMAPA:17547
GO:0045931	positive regulation of mitotic cell cycle	regulates_o_occurs_in(EMAPA:17547
GO:0045944	positive regulation of transcription from RNA polymerase II promoter	regulates_o_occurs_in(EMAPA:17547
GO:0007346	regulation of mitotic cell cycle	regulates_o_occurs_in(EMAPA:17547
GO:0007346	regulation of mitotic cell cycle	regulates_o_occurs_in(EMAPA:17547
GO:0007346	regulation of mitotic cell cycle	regulates_o_occurs_in(EMAPA:17547
GO:0043066	negative regulation of apoptotic process	regulates_o_occurs_in(EMAPA:17547
GO:2000178	negative regulation of neural precursor cell proliferation	regulates_o_occurs_in(EMAPA:17547)
GO:0045666	positive regulation of neuron differentiation	regulates_o_occurs_in(EMAPA:17548
GO:0030513	positive regulation of BMP signaling pathway	regulates_o_occurs_in(EMAPA:17548)
GO:0050804	modulation of synaptic transmission	regulates_o_occurs_in(EMAPA:17549
GO:0050804	modulation of synaptic transmission	regulates_o_occurs_in(EMAPA:17549
GO:0043085	positive regulation of catalytic activity	regulates_o_occurs_in(EMAPA:17549
GO:0051968	positive regulation of synaptic transmission, glutamatergic	regulates_o_occurs_in(EMAPA:17549
GO:0031583	phospholipase D-activating G-protein coupled receptor signaling pathway	regulates_o_occurs_in(EMAPA:17549
GO:0046928	regulation of neurotransmitter secretion	regulates_o_occurs_in(EMAPA:17549
GO:0014059	regulation of dopamine secretion	regulates_o_occurs_in(EMAPA:17549
GO:0001932	regulation of protein phosphorylation	regulates_o_occurs_in(EMAPA:17549
GO:0033603	positive regulation of dopamine secretion	regulates_o_occurs_in(EMAPA:17549
GO:0001505	regulation of neurotransmitter levels	regulates_o_occurs_in(EMAPA:17549)
GO:1901216	positive regulation of neuron death	regulates_o_occurs_in(EMAPA:17549)
GO:0014059	regulation of dopamine secretion	regulates_o_occurs_in(EMAPA:17549)
GO:0045746	negative regulation of Notch signaling pathway	regulates_o_occurs_in(EMAPA:17549)
GO:0046902	regulation of mitochondrial membrane permeability	regulates_o_occurs_in(EMAPA:17549)
GO:0060160	negative regulation of dopamine receptor signaling pathway	regulates_o_occurs_in(EMAPA:17549)
GO:0045747	positive regulation of Notch signaling pathway	regulates_o_occurs_in(EMAPA:17549)
GO:0048169	regulation of long-term neuronal synaptic plasticity	regulates_o_occurs_in(EMAPA:17549)
GO:0007195	adenylate cyclase-inhibiting dopamine receptor signaling pathway	regulates_o_occurs_in(EMAPA:17549)
GO:0032228	regulation of synaptic transmission, GABAergic	regulates_o_occurs_in(EMAPA:17549)
GO:0051898	negative regulation of protein kinase B signaling	regulates_o_occurs_in(EMAPA:17549)
GO:0048715	negative regulation of oligodendrocyte differentiation	regulates_o_occurs_in(EMAPA:17549)
GO:0051584	regulation of dopamine uptake involved in synaptic transmission	regulates_o_occurs_in(EMAPA:17549)
GO:0042053	regulation of dopamine metabolic process	regulates_o_occurs_in(EMAPA:17549)
GO:0032225	regulation of synaptic transmission, dopaminergic	regulates_o_occurs_in(EMAPA:17549)
GO:0060158	phospholipase C-activating dopamine receptor signaling pathway	regulates_o_occurs_in(EMAPA:17549)
GO:0051586	positive regulation of dopamine uptake involved in synaptic transmission	regulates_o_occurs_in(EMAPA:17549)
GO:0007191	adenylate cyclase-activating dopamine receptor signaling pathway	regulates_o_occurs_in(EMAPA:17549)
GO:0045773	positive regulation of axon extension	regulates_o_occurs_in(EMAPA:17571
GO:0048691	positive regulation of axon extension involved in regeneration	regulates_o_occurs_in(EMAPA:17573
GO:0050770	regulation of axonogenesis	regulates_o_occurs_in(EMAPA:17576
GO:0048814	regulation of dendrite morphogenesis	regulates_o_occurs_in(EMAPA:17576
GO:0030334	regulation of cell migration	regulates_o_occurs_in(EMAPA:17577
GO:0046929	negative regulation of neurotransmitter secretion	regulates_o_occurs_in(EMAPA:17577
GO:0046929	negative regulation of neurotransmitter secretion	regulates_o_occurs_in(EMAPA:17577
GO:0048843	negative regulation of axon extension involved in axon guidance	regulates_o_occurs_in(EMAPA:17577
GO:0050772	positive regulation of axonogenesis	regulates_o_occurs_in(EMAPA:17577
GO:0045666	positive regulation of neuron differentiation	regulates_o_occurs_in(EMAPA:17577
GO:0032880	regulation of protein localization	regulates_o_occurs_in(EMAPA:17577
GO:0045944	positive regulation of transcription from RNA polymerase II promoter	regulates_o_occurs_in(EMAPA:17577
GO:0045944	positive regulation of transcription from RNA polymerase II promoter	regulates_o_occurs_in(EMAPA:17577
GO:0046928	regulation of neurotransmitter secretion	regulates_o_occurs_in(EMAPA:17577
GO:0046928	regulation of neurotransmitter secretion	regulates_o_occurs_in(EMAPA:17577
GO:0050769	positive regulation of neurogenesis	regulates_o_occurs_in(EMAPA:17577
GO:0048715	negative regulation of oligodendrocyte differentiation	regulates_o_occurs_in(EMAPA:17577
GO:0045747	positive regulation of Notch signaling pathway	regulates_o_occurs_in(EMAPA:17577)
GO:0046622	positive regulation of organ growth	regulates_o_occurs_in(EMAPA:17577)
GO:0010975	regulation of neuron projection development	regulates_o_occurs_in(EMAPA:17598
GO:2001240	negative regulation of extrinsic apoptotic signaling pathway in absence of ligand	regulates_o_occurs_in(EMAPA:17600
GO:2001240	negative regulation of extrinsic apoptotic signaling pathway in absence of ligand	regulates_o_occurs_in(EMAPA:17600
GO:0030335	positive regulation of cell migration	regulates_o_occurs_in(EMAPA:17602
GO:0006919	activation of cysteine-type endopeptidase activity involved in apoptotic process	regulates_o_occurs_in(EMAPA:17606)
GO:0043066	negative regulation of apoptotic process	regulates_o_occurs_in(EMAPA:17618)
GO:1900212	negative regulation of mesenchymal cell apoptotic process involved in metanephros development	regulates_o_occurs_in(EMAPA:17645
GO:0043066	negative regulation of apoptotic process	regulates_o_occurs_in(EMAPA:17645)
GO:2001054	negative regulation of mesenchymal cell apoptotic process	regulates_o_occurs_in(EMAPA:17654
GO:0030177	positive regulation of Wnt signaling pathway	regulates_o_occurs_in(EMAPA:17655
GO:0030177	positive regulation of Wnt signaling pathway	regulates_o_occurs_in(EMAPA:17655
GO:0030949	positive regulation of vascular endothelial growth factor receptor signaling pathway	regulates_o_occurs_in(EMAPA:17655
GO:2001054	negative regulation of mesenchymal cell apoptotic process	regulates_o_occurs_in(EMAPA:17662
GO:0030177	positive regulation of Wnt signaling pathway	regulates_o_occurs_in(EMAPA:17663
GO:0030177	positive regulation of Wnt signaling pathway	regulates_o_occurs_in(EMAPA:17663
GO:0030949	positive regulation of vascular endothelial growth factor receptor signaling pathway	regulates_o_occurs_in(EMAPA:17663
GO:0090090	negative regulation of canonical Wnt signaling pathway	regulates_o_occurs_in(EMAPA:17672)
GO:0045668	negative regulation of osteoblast differentiation	regulates_o_occurs_in(EMAPA:17680
GO:0030502	negative regulation of bone mineralization	regulates_o_occurs_in(EMAPA:17680)
GO:0045668	negative regulation of osteoblast differentiation	regulates_o_occurs_in(EMAPA:17681
GO:0045409	negative regulation of interleukin-6 biosynthetic process	regulates_o_occurs_in(EMAPA:17681)
GO:0060078	regulation of postsynaptic membrane potential	regulates_o_occurs_in(EMAPA:17701
GO:0014056	regulation of acetylcholine secretion, neurotransmission	regulates_o_occurs_in(EMAPA:17701
GO:0051006	positive regulation of lipoprotein lipase activity	regulates_o_occurs_in(EMAPA:17701
GO:0006942	regulation of striated muscle contraction	regulates_o_occurs_in(EMAPA:17701)
GO:0060297	regulation of sarcomere organization	regulates_o_occurs_in(EMAPA:17701)
GO:0008284	positive regulation of cell proliferation	regulates_o_occurs_in(EMAPA:17713)
GO:0048505	regulation of timing of cell differentiation	regulates_o_occurs_in(EMAPA:17742
GO:0010633	negative regulation of epithelial cell migration	regulates_o_occurs_in(EMAPA:17756
GO:0045743	positive regulation of fibroblast growth factor receptor signaling pathway	regulates_o_occurs_in(EMAPA:17757
GO:0001960	negative regulation of cytokine-mediated signaling pathway	regulates_o_occurs_in(EMAPA:17759
GO:0060058	positive regulation of apoptotic process involved in mammary gland involution	regulates_o_occurs_in(EMAPA:17759
GO:0043392	negative regulation of DNA binding	regulates_o_occurs_in(EMAPA:17759
GO:0051924	regulation of calcium ion transport	regulates_o_occurs_in(EMAPA:17759
GO:0032781	positive regulation of ATPase activity	regulates_o_occurs_in(EMAPA:17759
GO:0033147	negative regulation of intracellular estrogen receptor signaling pathway	regulates_o_occurs_in(EMAPA:17759)
GO:0046620	regulation of organ growth	regulates_o_occurs_in(EMAPA:17759)
GO:0008285	negative regulation of cell proliferation	regulates_o_occurs_in(EMAPA:17759)
GO:0042524	negative regulation of tyrosine phosphorylation of Stat5 protein	regulates_o_occurs_in(EMAPA:17759)
GO:0033600	negative regulation of mammary gland epithelial cell proliferation	regulates_o_occurs_in(EMAPA:17759)
GO:0043123	positive regulation of I-kappaB kinase/NF-kappaB signaling	regulates_o_occurs_in(EMAPA:17759)
GO:0045944	positive regulation of transcription from RNA polymerase II promoter	regulates_o_occurs_in(EMAPA:17759)
GO:0060058	positive regulation of apoptotic process involved in mammary gland involution	regulates_o_occurs_in(EMAPA:17759)
GO:0090090	negative regulation of canonical Wnt signaling pathway	regulates_o_occurs_in(EMAPA:17759)
GO:0033146	regulation of intracellular estrogen receptor signaling pathway	regulates_o_occurs_in(EMAPA:17760
GO:0051897	positive regulation of protein kinase B signaling	regulates_o_occurs_in(EMAPA:17760
GO:0030335	positive regulation of cell migration	regulates_o_occurs_in(EMAPA:17760
GO:0043123	positive regulation of I-kappaB kinase/NF-kappaB signaling	regulates_o_occurs_in(EMAPA:17760)
GO:0045666	positive regulation of neuron differentiation	regulates_o_occurs_in(EMAPA:17778
GO:0045666	positive regulation of neuron differentiation	regulates_o_occurs_in(EMAPA:17778
GO:0046622	positive regulation of organ growth	regulates_o_occurs_in(EMAPA:17778)
GO:0030334	regulation of cell migration	regulates_o_occurs_in(EMAPA:17787
GO:0048169	regulation of long-term neuronal synaptic plasticity	regulates_o_occurs_in(EMAPA:17787
GO:0030517	negative regulation of axon extension	regulates_o_occurs_in(EMAPA:17787
GO:0050771	negative regulation of axonogenesis	regulates_o_occurs_in(EMAPA:17787
GO:0043569	negative regulation of insulin-like growth factor receptor signaling pathway	regulates_o_occurs_in(EMAPA:17787
GO:0043523	regulation of neuron apoptotic process	regulates_o_occurs_in(EMAPA:17787
GO:0000381	regulation of alternative mRNA splicing, via spliceosome	regulates_o_occurs_in(EMAPA:17787
GO:0045666	positive regulation of neuron differentiation	regulates_o_occurs_in(EMAPA:17787
GO:0043066	negative regulation of apoptotic process	regulates_o_occurs_in(EMAPA:17787
GO:0006417	regulation of translation	regulates_o_occurs_in(EMAPA:17787
GO:0006417	regulation of translation	regulates_o_occurs_in(EMAPA:17787
GO:0045879	negative regulation of smoothened signaling pathway	regulates_o_occurs_in(EMAPA:17787
GO:0010507	negative regulation of autophagy	regulates_o_occurs_in(EMAPA:17787
GO:0042326	negative regulation of phosphorylation	regulates_o_occurs_in(EMAPA:17787
GO:0010976	positive regulation of neuron projection development	regulates_o_occurs_in(EMAPA:17787
GO:0045944	positive regulation of transcription from RNA polymerase II promoter	regulates_o_occurs_in(EMAPA:17787
GO:0045944	positive regulation of transcription from RNA polymerase II promoter	regulates_o_occurs_in(EMAPA:17787
GO:0048814	regulation of dendrite morphogenesis	regulates_o_occurs_in(EMAPA:17787
GO:0050770	regulation of axonogenesis	regulates_o_occurs_in(EMAPA:17787
GO:0045944	positive regulation of transcription from RNA polymerase II promoter	regulates_o_occurs_in(EMAPA:17787
GO:0048712	negative regulation of astrocyte differentiation	regulates_o_occurs_in(EMAPA:17787
GO:0001505	regulation of neurotransmitter levels	regulates_o_occurs_in(EMAPA:17787
GO:0016242	negative regulation of macroautophagy	regulates_o_occurs_in(EMAPA:17787
GO:0043523	regulation of neuron apoptotic process	regulates_o_occurs_in(EMAPA:17787
GO:0043523	regulation of neuron apoptotic process	regulates_o_occurs_in(EMAPA:17787
GO:0051965	positive regulation of synapse assembly	regulates_o_occurs_in(EMAPA:17787
GO:0045944	positive regulation of transcription from RNA polymerase II promoter	regulates_o_occurs_in(EMAPA:17787
GO:0045880	positive regulation of smoothened signaling pathway	regulates_o_occurs_in(EMAPA:17787)
GO:0045879	negative regulation of smoothened signaling pathway	regulates_o_occurs_in(EMAPA:17787)
GO:0090036	regulation of protein kinase C signaling	regulates_o_occurs_in(EMAPA:17787)
GO:0045944	positive regulation of transcription from RNA polymerase II promoter	regulates_o_occurs_in(EMAPA:17787)
GO:0000381	regulation of alternative mRNA splicing, via spliceosome	regulates_o_occurs_in(EMAPA:17787)
GO:0016242	negative regulation of macroautophagy	regulates_o_occurs_in(EMAPA:17787)
GO:0016242	negative regulation of macroautophagy	regulates_o_occurs_in(EMAPA:17787)
GO:0014056	regulation of acetylcholine secretion, neurotransmission	regulates_o_occurs_in(EMAPA:17813
GO:0014056	regulation of acetylcholine secretion, neurotransmission	regulates_o_occurs_in(EMAPA:17813
GO:0043410	positive regulation of MAPK cascade	regulates_o_occurs_in(EMAPA:17838)
GO:0045944	positive regulation of transcription from RNA polymerase II promoter	regulates_o_occurs_in(EMAPA:17838)
GO:0045839	negative regulation of mitotic nuclear division	regulates_o_occurs_in(EMAPA:17841
GO:0008285	negative regulation of cell proliferation	regulates_o_occurs_in(EMAPA:17841)
GO:0010769	regulation of cell morphogenesis involved in differentiation	regulates_o_occurs_in(EMAPA:17846
GO:0090175	regulation of establishment of planar polarity	regulates_o_occurs_in(EMAPA:17888
GO:0090175	regulation of establishment of planar polarity	regulates_o_occurs_in(EMAPA:17888)
GO:0010766	negative regulation of sodium ion transport	regulates_o_occurs_in(EMAPA:17896)
GO:0045944	positive regulation of transcription from RNA polymerase II promoter	regulates_o_occurs_in(EMAPA:17917
GO:0045944	positive regulation of transcription from RNA polymerase II promoter	regulates_o_occurs_in(EMAPA:17917
GO:0045944	positive regulation of transcription from RNA polymerase II promoter	regulates_o_occurs_in(EMAPA:17917
GO:0040036	regulation of fibroblast growth factor receptor signaling pathway	regulates_o_occurs_in(EMAPA:17917
GO:0045944	positive regulation of transcription from RNA polymerase II promoter	regulates_o_occurs_in(EMAPA:17919
GO:0045944	positive regulation of transcription from RNA polymerase II promoter	regulates_o_occurs_in(EMAPA:17919
GO:0045595	regulation of cell differentiation	regulates_o_occurs_in(EMAPA:17919
GO:0045879	negative regulation of smoothened signaling pathway	regulates_o_occurs_in(EMAPA:17921)
GO:0045944	positive regulation of transcription from RNA polymerase II promoter	regulates_o_occurs_in(EMAPA:17922
GO:0045944	positive regulation of transcription from RNA polymerase II promoter	regulates_o_occurs_in(EMAPA:17922
GO:0030514	negative regulation of BMP signaling pathway	regulates_o_occurs_in(EMAPA:17922
GO:2001239	regulation of extrinsic apoptotic signaling pathway in absence of ligand	regulates_o_occurs_in(EMAPA:17930
GO:0008284	positive regulation of cell proliferation	regulates_o_occurs_in(EMAPA:17930)
GO:1902338	negative regulation of apoptotic process involved in morphogenesis	regulates_o_occurs_in(EMAPA:17930)
GO:0030155	regulation of cell adhesion	regulates_o_occurs_in(EMAPA:17931
GO:0045880	positive regulation of smoothened signaling pathway	regulates_o_occurs_in(EMAPA:17934)
GO:0051491	positive regulation of filopodium assembly	regulates_o_occurs_in(EMAPA:17934)
GO:0043066	negative regulation of apoptotic process	regulates_o_occurs_in(EMAPA:17935
GO:0030155	regulation of cell adhesion	regulates_o_occurs_in(EMAPA:17935
GO:0040036	regulation of fibroblast growth factor receptor signaling pathway	regulates_o_occurs_in(EMAPA:17938
GO:0045944	positive regulation of transcription from RNA polymerase II promoter	regulates_o_occurs_in(EMAPA:17940
GO:0045944	positive regulation of transcription from RNA polymerase II promoter	regulates_o_occurs_in(EMAPA:17940
GO:0045944	positive regulation of transcription from RNA polymerase II promoter	regulates_o_occurs_in(EMAPA:17943
GO:0045944	positive regulation of transcription from RNA polymerase II promoter	regulates_o_occurs_in(EMAPA:17943
GO:0008285	negative regulation of cell proliferation	regulates_o_occurs_in(EMAPA:17950)
GO:0008284	positive regulation of cell proliferation	regulates_o_occurs_in(EMAPA:17950)
GO:0008284	positive regulation of cell proliferation	regulates_o_occurs_in(EMAPA:17950)
GO:0002028	regulation of sodium ion transport	regulates_o_occurs_in(EMAPA:17952)
GO:0043266	regulation of potassium ion transport	regulates_o_occurs_in(EMAPA:17952)
GO:0043066	negative regulation of apoptotic process	regulates_o_occurs_in(EMAPA:17954)
GO:0043066	negative regulation of apoptotic process	regulates_o_occurs_in(EMAPA:17954)
GO:2001235	positive regulation of apoptotic signaling pathway	regulates_o_occurs_in(EMAPA:17962
GO:0060903	positive regulation of meiosis I	regulates_o_occurs_in(EMAPA:17962
GO:2001234	negative regulation of apoptotic signaling pathway	regulates_o_occurs_in(EMAPA:17962
GO:0043066	negative regulation of apoptotic process	regulates_o_occurs_in(EMAPA:17962
GO:0060282	positive regulation of oocyte development	regulates_o_occurs_in(EMAPA:17962
GO:0045944	positive regulation of transcription from RNA polymerase II promoter	regulates_o_occurs_in(EMAPA:17962
GO:0045944	positive regulation of transcription from RNA polymerase II promoter	regulates_o_occurs_in(EMAPA:17962
GO:0045944	positive regulation of transcription from RNA polymerase II promoter	regulates_o_occurs_in(EMAPA:17962
GO:0045944	positive regulation of transcription from RNA polymerase II promoter	regulates_o_occurs_in(EMAPA:17962
GO:0045944	positive regulation of transcription from RNA polymerase II promoter	regulates_o_occurs_in(EMAPA:17962
GO:0045944	positive regulation of transcription from RNA polymerase II promoter	regulates_o_occurs_in(EMAPA:17962
GO:0045944	positive regulation of transcription from RNA polymerase II promoter	regulates_o_occurs_in(EMAPA:17962
GO:0060282	positive regulation of oocyte development	regulates_o_occurs_in(EMAPA:17962
GO:0010971	positive regulation of G2/M transition of mitotic cell cycle	regulates_o_occurs_in(EMAPA:17962
GO:0046620	regulation of organ growth	regulates_o_occurs_in(EMAPA:17962)
GO:0010640	regulation of platelet-derived growth factor receptor signaling pathway	regulates_o_occurs_in(EMAPA:17962)
GO:0030823	regulation of cGMP metabolic process	regulates_o_occurs_in(EMAPA:17962)
GO:0030947	regulation of vascular endothelial growth factor receptor signaling pathway	regulates_o_occurs_in(EMAPA:17962)
GO:0045860	positive regulation of protein kinase activity	regulates_o_occurs_in(EMAPA:17965
GO:0060903	positive regulation of meiosis I	regulates_o_occurs_in(EMAPA:17965
GO:0045836	positive regulation of meiotic nuclear division	regulates_o_occurs_in(EMAPA:17965
GO:0032880	regulation of protein localization	regulates_o_occurs_in(EMAPA:17972
GO:1900114	positive regulation of histone H3-K9 trimethylation	regulates_o_occurs_in(EMAPA:17972
GO:0060903	positive regulation of meiosis I	regulates_o_occurs_in(EMAPA:17972
GO:0045727	positive regulation of translation	regulates_o_occurs_in(EMAPA:17972
GO:0043066	negative regulation of apoptotic process	regulates_o_occurs_in(EMAPA:17972
GO:0090138	regulation of actin cytoskeleton organization by cell-cell adhesion	regulates_o_occurs_in(EMAPA:17972
GO:1901994	negative regulation of meiotic cell cycle phase transition	regulates_o_occurs_in(EMAPA:17972
GO:1900111	positive regulation of histone H3-K9 dimethylation	regulates_o_occurs_in(EMAPA:17972
GO:0043066	negative regulation of apoptotic process	regulates_o_occurs_in(EMAPA:17972
GO:0043066	negative regulation of apoptotic process	regulates_o_occurs_in(EMAPA:17972
GO:0046620	regulation of organ growth	regulates_o_occurs_in(EMAPA:17972)
GO:0032147	activation of protein kinase activity	regulates_o_occurs_in(EMAPA:17972)
GO:0010629	negative regulation of gene expression	regulates_o_occurs_in(EMAPA:17972)
GO:0006357	regulation of transcription from RNA polymerase II promoter	regulates_o_occurs_in(EMAPA:17972)
GO:0043066	negative regulation of apoptotic process	regulates_o_occurs_in(EMAPA:17972)
GO:0046620	regulation of organ growth	regulates_o_occurs_in(EMAPA:17972)
GO:1900107	regulation of nodal signaling pathway	regulates_o_occurs_in(EMAPA:17972)
GO:0050810	regulation of steroid biosynthetic process	regulates_o_occurs_in(EMAPA:17975
GO:0045669	positive regulation of osteoblast differentiation	regulates_o_occurs_in(EMAPA:18016
GO:2001054	negative regulation of mesenchymal cell apoptotic process	regulates_o_occurs_in(EMAPA:18066
GO:2001054	negative regulation of mesenchymal cell apoptotic process	regulates_o_occurs_in(EMAPA:18071
GO:2001054	negative regulation of mesenchymal cell apoptotic process	regulates_o_occurs_in(EMAPA:18076
GO:2001054	negative regulation of mesenchymal cell apoptotic process	regulates_o_occurs_in(EMAPA:18081
GO:2001054	negative regulation of mesenchymal cell apoptotic process	regulates_o_occurs_in(EMAPA:18086
GO:0008284	positive regulation of cell proliferation	regulates_o_occurs_in(EMAPA:18155)
GO:0090090	negative regulation of canonical Wnt signaling pathway	regulates_o_occurs_in(EMAPA:18272)
GO:0045944	positive regulation of transcription from RNA polymerase II promoter	regulates_o_occurs_in(EMAPA:18272)
GO:0050790	regulation of catalytic activity	regulates_o_occurs_in(EMAPA:18276)
GO:0030278	regulation of ossification	regulates_o_occurs_in(EMAPA:18290)
GO:0045668	negative regulation of osteoblast differentiation	regulates_o_occurs_in(EMAPA:18290)
GO:0046620	regulation of organ growth	regulates_o_occurs_in(EMAPA:18321
GO:0043066	negative regulation of apoptotic process	regulates_o_occurs_in(EMAPA:18321
GO:0008284	positive regulation of cell proliferation	regulates_o_occurs_in(EMAPA:18321)
GO:0048843	negative regulation of axon extension involved in axon guidance	regulates_o_occurs_in(EMAPA:18438
GO:0048843	negative regulation of axon extension involved in axon guidance	regulates_o_occurs_in(EMAPA:18438
GO:0007171	activation of transmembrane receptor protein tyrosine kinase activity	regulates_o_occurs_in(EMAPA:18441
GO:0014056	regulation of acetylcholine secretion, neurotransmission	regulates_o_occurs_in(EMAPA:18441
GO:0045794	negative regulation of cell volume	regulates_o_occurs_in(EMAPA:18537
GO:0031642	negative regulation of myelination	regulates_o_occurs_in(EMAPA:18577
GO:0051898	negative regulation of protein kinase B signaling	regulates_o_occurs_in(EMAPA:18577
GO:0031642	negative regulation of myelination	regulates_o_occurs_in(EMAPA:18577)
GO:0031133	regulation of axon diameter	regulates_o_occurs_in(EMAPA:18577)
GO:0043085	positive regulation of catalytic activity	regulates_o_occurs_in(EMAPA:18601
GO:0006940	regulation of smooth muscle contraction	regulates_o_occurs_in(EMAPA:18601
GO:0010811	positive regulation of cell-substrate adhesion	regulates_o_occurs_in(EMAPA:18601
GO:1901077	regulation of relaxation of muscle	regulates_o_occurs_in(EMAPA:18601)
GO:0010880	regulation of release of sequestered calcium ion into cytosol by sarcoplasmic reticulum	regulates_o_occurs_in(EMAPA:18601)
GO:0014911	positive regulation of smooth muscle cell migration	regulates_o_occurs_in(EMAPA:18603
GO:0043085	positive regulation of catalytic activity	regulates_o_occurs_in(EMAPA:18603
GO:0045944	positive regulation of transcription from RNA polymerase II promoter	regulates_o_occurs_in(EMAPA:18603
GO:0043085	positive regulation of catalytic activity	regulates_o_occurs_in(EMAPA:18603
GO:0043066	negative regulation of apoptotic process	regulates_o_occurs_in(EMAPA:18609)
GO:2001236	regulation of extrinsic apoptotic signaling pathway	regulates_o_occurs_in(EMAPA:18609)
GO:0006940	regulation of smooth muscle contraction	regulates_o_occurs_in(EMAPA:18613
GO:0048843	negative regulation of axon extension involved in axon guidance	regulates_o_occurs_in(EMAPA:18631
GO:0090210	regulation of establishment of blood-brain barrier	regulates_o_occurs_in(EMAPA:18631)
GO:0010971	positive regulation of G2/M transition of mitotic cell cycle	regulates_o_occurs_in(EMAPA:18659
GO:0060407	negative regulation of penile erection	regulates_o_occurs_in(EMAPA:18682)
GO:0043066	negative regulation of apoptotic process	regulates_o_occurs_in(EMAPA:18686
GO:0030278	regulation of ossification	regulates_o_occurs_in(EMAPA:18715)
GO:0030278	regulation of ossification	regulates_o_occurs_in(EMAPA:18715)
GO:2001200	positive regulation of dendritic cell differentiation	regulates_o_occurs_in(EMAPA:18767
GO:0001915	negative regulation of T cell mediated cytotoxicity	regulates_o_occurs_in(EMAPA:18767
GO:0008361	regulation of cell size	regulates_o_occurs_in(EMAPA:18767
GO:0070236	negative regulation of activation-induced cell death of T cells	regulates_o_occurs_in(EMAPA:18767
GO:0050707	regulation of cytokine secretion	regulates_o_occurs_in(EMAPA:18767
GO:0045191	regulation of isotype switching	regulates_o_occurs_in(EMAPA:18767
GO:0043066	negative regulation of apoptotic process	regulates_o_occurs_in(EMAPA:18767
GO:0044130	negative regulation of growth of symbiont in host	regulates_o_occurs_in(EMAPA:18767)
GO:0042130	negative regulation of T cell proliferation	regulates_o_occurs_in(EMAPA:18767)
GO:0046621	negative regulation of organ growth	regulates_o_occurs_in(EMAPA:18767)
GO:0043066	negative regulation of apoptotic process	regulates_o_occurs_in(EMAPA:18767)
GO:0044130	negative regulation of growth of symbiont in host	regulates_o_occurs_in(EMAPA:18767)
GO:0042535	positive regulation of tumor necrosis factor biosynthetic process	regulates_o_occurs_in(EMAPA:18767)
GO:0032720	negative regulation of tumor necrosis factor production	regulates_o_occurs_in(EMAPA:18767)
GO:0045736	negative regulation of cyclin-dependent protein serine/threonine kinase activity	regulates_o_occurs_in(EMAPA:18767)
GO:0046620	regulation of organ growth	regulates_o_occurs_in(EMAPA:18767)
GO:0051246	regulation of protein metabolic process	regulates_o_occurs_in(EMAPA:18767)
GO:0008285	negative regulation of cell proliferation	regulates_o_occurs_in(EMAPA:18767)
GO:0045621	positive regulation of lymphocyte differentiation	regulates_o_occurs_in(EMAPA:18767)
GO:2000973	regulation of pro-B cell differentiation	regulates_o_occurs_in(EMAPA:18767)
GO:2000973	regulation of pro-B cell differentiation	regulates_o_occurs_in(EMAPA:18767)
GO:0090090	negative regulation of canonical Wnt signaling pathway	regulates_o_occurs_in(EMAPA:18768
GO:0045944	positive regulation of transcription from RNA polymerase II promoter	regulates_o_occurs_in(EMAPA:18768
GO:0070245	positive regulation of thymocyte apoptotic process	regulates_o_occurs_in(EMAPA:18768
GO:0070245	positive regulation of thymocyte apoptotic process	regulates_o_occurs_in(EMAPA:18768
GO:0070245	positive regulation of thymocyte apoptotic process	regulates_o_occurs_in(EMAPA:18768
GO:0070245	positive regulation of thymocyte apoptotic process	regulates_o_occurs_in(EMAPA:18768
GO:0043066	negative regulation of apoptotic process	regulates_o_occurs_in(EMAPA:18768
GO:0045944	positive regulation of transcription from RNA polymerase II promoter	regulates_o_occurs_in(EMAPA:18768
GO:0045944	positive regulation of transcription from RNA polymerase II promoter	regulates_o_occurs_in(EMAPA:18768
GO:0045944	positive regulation of transcription from RNA polymerase II promoter	regulates_o_occurs_in(EMAPA:18768
GO:0045944	positive regulation of transcription from RNA polymerase II promoter	regulates_o_occurs_in(EMAPA:18768
GO:0043066	negative regulation of apoptotic process	regulates_o_occurs_in(EMAPA:18768
GO:0050850	positive regulation of calcium-mediated signaling	regulates_o_occurs_in(EMAPA:18768
GO:2001237	negative regulation of extrinsic apoptotic signaling pathway	regulates_o_occurs_in(EMAPA:18768
GO:0001915	negative regulation of T cell mediated cytotoxicity	regulates_o_occurs_in(EMAPA:18768
GO:0045595	regulation of cell differentiation	regulates_o_occurs_in(EMAPA:18768
GO:0045595	regulation of cell differentiation	regulates_o_occurs_in(EMAPA:18768
GO:0070245	positive regulation of thymocyte apoptotic process	regulates_o_occurs_in(EMAPA:18768
GO:0010628	positive regulation of gene expression	regulates_o_occurs_in(EMAPA:18768
GO:0033088	negative regulation of immature T cell proliferation in thymus	regulates_o_occurs_in(EMAPA:18768)
GO:0033092	positive regulation of immature T cell proliferation in thymus	regulates_o_occurs_in(EMAPA:18768)
GO:0046622	positive regulation of organ growth	regulates_o_occurs_in(EMAPA:18768)
GO:2000973	regulation of pro-B cell differentiation	regulates_o_occurs_in(EMAPA:18768)
GO:2000973	regulation of pro-B cell differentiation	regulates_o_occurs_in(EMAPA:18768)
GO:0051795	positive regulation of catagen	regulates_o_occurs_in(EMAPA:18769)
GO:0000122	negative regulation of transcription from RNA polymerase II promoter	regulates_o_occurs_in(EMAPA:18771
GO:0045859	regulation of protein kinase activity	regulates_o_occurs_in(EMAPA:18771
GO:0010628	positive regulation of gene expression	regulates_o_occurs_in(EMAPA:18771
GO:0010628	positive regulation of gene expression	regulates_o_occurs_in(EMAPA:18771
GO:0010628	positive regulation of gene expression	regulates_o_occurs_in(EMAPA:18771
GO:0010628	positive regulation of gene expression	regulates_o_occurs_in(EMAPA:18771
GO:0010628	positive regulation of gene expression	regulates_o_occurs_in(EMAPA:18771
GO:0040037	negative regulation of fibroblast growth factor receptor signaling pathway	regulates_o_occurs_in(EMAPA:18771
GO:0001934	positive regulation of protein phosphorylation	regulates_o_occurs_in(EMAPA:18771)
GO:0033138	positive regulation of peptidyl-serine phosphorylation	regulates_o_occurs_in(EMAPA:18771)
GO:0045880	positive regulation of smoothened signaling pathway	regulates_o_occurs_in(EMAPA:18771)
GO:0051901	positive regulation of mitochondrial depolarization	regulates_o_occurs_in(EMAPA:18812)
GO:0045602	negative regulation of endothelial cell differentiation	regulates_o_occurs_in(EMAPA:18816)
GO:1902072	negative regulation of hypoxia-inducible factor-1alpha signaling pathway	regulates_o_occurs_in(EMAPA:18816)
GO:0030178	negative regulation of Wnt signaling pathway	regulates_o_occurs_in(EMAPA:18889)
GO:0043066	negative regulation of apoptotic process	regulates_o_occurs_in(EMAPA:18939
GO:0070373	negative regulation of ERK1 and ERK2 cascade	regulates_o_occurs_in(EMAPA:18939)
GO:1901223	negative regulation of NIK/NF-kappaB signaling	regulates_o_occurs_in(EMAPA:18939)
GO:0008285	negative regulation of cell proliferation	regulates_o_occurs_in(EMAPA:18939)
GO:0008285	negative regulation of cell proliferation	regulates_o_occurs_in(EMAPA:18939)
GO:0006940	regulation of smooth muscle contraction	regulates_o_occurs_in(EMAPA:18986)
GO:2000179	positive regulation of neural precursor cell proliferation	regulates_o_occurs_in(EMAPA:19037
GO:0030334	regulation of cell migration	regulates_o_occurs_in(EMAPA:19037
GO:2000178	negative regulation of neural precursor cell proliferation	regulates_o_occurs_in(EMAPA:19037
GO:0048814	regulation of dendrite morphogenesis	regulates_o_occurs_in(EMAPA:19037
GO:2000178	negative regulation of neural precursor cell proliferation	regulates_o_occurs_in(EMAPA:19037)
GO:0043523	regulation of neuron apoptotic process	regulates_o_occurs_in(EMAPA:19037)
GO:0043524	negative regulation of neuron apoptotic process	regulates_o_occurs_in(EMAPA:19037)
GO:0048169	regulation of long-term neuronal synaptic plasticity	regulates_o_occurs_in(EMAPA:19037)
GO:1902667	regulation of axon guidance	regulates_o_occurs_in(EMAPA:19038)
GO:0030334	regulation of cell migration	regulates_o_occurs_in(EMAPA:19041
GO:0014059	regulation of dopamine secretion	regulates_o_occurs_in(EMAPA:19095)
GO:0045964	positive regulation of dopamine metabolic process	regulates_o_occurs_in(EMAPA:19095)
GO:0042053	regulation of dopamine metabolic process	regulates_o_occurs_in(EMAPA:19095)
GO:0046928	regulation of neurotransmitter secretion	regulates_o_occurs_in(EMAPA:19095)
GO:0042053	regulation of dopamine metabolic process	regulates_o_occurs_in(EMAPA:19095)
GO:0010720	positive regulation of cell development	regulates_o_occurs_in(EMAPA:19103
GO:0010720	positive regulation of cell development	regulates_o_occurs_in(EMAPA:19104
GO:0030279	negative regulation of ossification	regulates_o_occurs_in(EMAPA:19142)
GO:0043066	negative regulation of apoptotic process	regulates_o_occurs_in(EMAPA:19142)
GO:0030279	negative regulation of ossification	regulates_o_occurs_in(EMAPA:19142)
GO:0043066	negative regulation of apoptotic process	regulates_o_occurs_in(EMAPA:19143
GO:0010955	negative regulation of protein processing	regulates_o_occurs_in(EMAPA:19143
GO:0008361	regulation of cell size	regulates_o_occurs_in(EMAPA:19143
GO:2001240	negative regulation of extrinsic apoptotic signaling pathway in absence of ligand	regulates_o_occurs_in(EMAPA:19143
GO:0030949	positive regulation of vascular endothelial growth factor receptor signaling pathway	regulates_o_occurs_in(EMAPA:19143
GO:0030278	regulation of ossification	regulates_o_occurs_in(EMAPA:19143)
GO:0030502	negative regulation of bone mineralization	regulates_o_occurs_in(EMAPA:19143)
GO:0008361	regulation of cell size	regulates_o_occurs_in(EMAPA:19143)
GO:0030512	negative regulation of transforming growth factor beta receptor signaling pathway	regulates_o_occurs_in(EMAPA:19143)
GO:0051001	negative regulation of nitric-oxide synthase activity	regulates_o_occurs_in(EMAPA:19146)
GO:0043410	positive regulation of MAPK cascade	regulates_o_occurs_in(EMAPA:19146)
GO:0032387	negative regulation of intracellular transport	regulates_o_occurs_in(EMAPA:19148
GO:0045773	positive regulation of axon extension	regulates_o_occurs_in(EMAPA:19148
GO:0050772	positive regulation of axonogenesis	regulates_o_occurs_in(EMAPA:19148
GO:0031323	regulation of cellular metabolic process	regulates_o_occurs_in(EMAPA:19148
GO:0050771	negative regulation of axonogenesis	regulates_o_occurs_in(EMAPA:19148
GO:0040037	negative regulation of fibroblast growth factor receptor signaling pathway	regulates_o_occurs_in(EMAPA:19151
GO:0008361	regulation of cell size	regulates_o_occurs_in(EMAPA:19151)
GO:0045665	negative regulation of neuron differentiation	regulates_o_occurs_in(EMAPA:19155
GO:0046671	negative regulation of retinal cell programmed cell death	regulates_o_occurs_in(EMAPA:19155
GO:0048638	regulation of developmental growth	regulates_o_occurs_in(EMAPA:19180)
GO:0006940	regulation of smooth muscle contraction	regulates_o_occurs_in(EMAPA:19180)
GO:0045986	negative regulation of smooth muscle contraction	regulates_o_occurs_in(EMAPA:19192)
GO:0044130	negative regulation of growth of symbiont in host	regulates_o_occurs_in(EMAPA:19205)
GO:0006417	regulation of translation	regulates_o_occurs_in(EMAPA:19209
GO:0006417	regulation of translation	regulates_o_occurs_in(EMAPA:19209
GO:0006417	regulation of translation	regulates_o_occurs_in(EMAPA:19209
GO:0051006	positive regulation of lipoprotein lipase activity	regulates_o_occurs_in(EMAPA:19209
GO:0031651	negative regulation of heat generation	regulates_o_occurs_in(EMAPA:19209)
GO:0050995	negative regulation of lipid catabolic process	regulates_o_occurs_in(EMAPA:19209)
GO:0010975	regulation of neuron projection development	regulates_o_occurs_in(EMAPA:19241)
GO:0008285	negative regulation of cell proliferation	regulates_o_occurs_in(EMAPA:19252)
GO:0002028	regulation of sodium ion transport	regulates_o_occurs_in(EMAPA:19279)
GO:0043266	regulation of potassium ion transport	regulates_o_occurs_in(EMAPA:19279)
GO:0060687	regulation of branching involved in prostate gland morphogenesis	regulates_o_occurs_in(EMAPA:19287)
GO:0043066	negative regulation of apoptotic process	regulates_o_occurs_in(EMAPA:19290
GO:0071902	positive regulation of protein serine/threonine kinase activity	regulates_o_occurs_in(EMAPA:19318)
GO:0072201	negative regulation of mesenchymal cell proliferation	regulates_o_occurs_in(EMAPA:19527)
GO:0010595	positive regulation of endothelial cell migration	regulates_o_occurs_in(EMAPA:19573
GO:2001268	negative regulation of cysteine-type endopeptidase activity involved in apoptotic signaling pathway	regulates_o_occurs_in(EMAPA:25765
GO:0044130	negative regulation of growth of symbiont in host	regulates_o_occurs_in(EMAPA:25765)
GO:0010466	negative regulation of peptidase activity	regulates_o_occurs_in(EMAPA:26720
GO:1901203	positive regulation of extracellular matrix assembly	regulates_o_occurs_in(EMAPA:27711
GO:0072307	regulation of metanephric nephron tubule epithelial cell differentiation	regulates_o_occurs_in(EMAPA:27742
GO:0060828	regulation of canonical Wnt signaling pathway	regulates_o_occurs_in(EMAPA:27742
GO:0060828	regulation of canonical Wnt signaling pathway	regulates_o_occurs_in(EMAPA:27742)
GO:0032416	negative regulation of sodium:proton antiporter activity	regulates_o_occurs_in(EMAPA:27782
GO:0010766	negative regulation of sodium ion transport	regulates_o_occurs_in(EMAPA:27782
GO:0007200	phospholipase C-activating G-protein coupled receptor signaling pathway	regulates_o_occurs_in(EMAPA:27782)
GO:0035150	regulation of tube size	regulates_o_occurs_in(EMAPA:27782)
GO:0010559	regulation of glycoprotein biosynthetic process	regulates_o_occurs_in(EMAPA:28281)
GO:0030336	negative regulation of cell migration	regulates_o_occurs_in(EMAPA:28281)
GO:0010559	regulation of glycoprotein biosynthetic process	regulates_o_occurs_in(EMAPA:28407)
GO:0030818	negative regulation of cAMP biosynthetic process	regulates_o_occurs_in(EMAPA:28407)
GO:0030336	negative regulation of cell migration	regulates_o_occurs_in(EMAPA:28407)
GO:0008285	negative regulation of cell proliferation	regulates_o_occurs_in(EMAPA:28477)
GO:0006940	regulation of smooth muscle contraction	regulates_o_occurs_in(EMAPA:28637
GO:0006940	regulation of smooth muscle contraction	regulates_o_occurs_in(EMAPA:28637)
GO:0090427	activation of meiosis	regulates_o_occurs_in(EMAPA:28971)
GO:0006940	regulation of smooth muscle contraction	regulates_o_occurs_in(EMAPA:29270)
GO:0070374	positive regulation of ERK1 and ERK2 cascade	regulates_o_occurs_in(EMAPA:29771)
GO:0048638	regulation of developmental growth	regulates_o_occurs_in(EMAPA:29794)
GO:0060687	regulation of branching involved in prostate gland morphogenesis	regulates_o_occurs_in(EMAPA:29794)
GO:0043066	negative regulation of apoptotic process	regulates_o_occurs_in(EMAPA:29836
GO:0033147	negative regulation of intracellular estrogen receptor signaling pathway	regulates_o_occurs_in(EMAPA:29836
GO:0060766	negative regulation of androgen receptor signaling pathway	regulates_o_occurs_in(EMAPA:29836
GO:0048638	regulation of developmental growth	regulates_o_occurs_in(EMAPA:29836)
GO:0043410	positive regulation of MAPK cascade	regulates_o_occurs_in(EMAPA:29836)
GO:0060687	regulation of branching involved in prostate gland morphogenesis	regulates_o_occurs_in(EMAPA:29836)
GO:0060770	negative regulation of epithelial cell proliferation involved in prostate gland development	regulates_o_occurs_in(EMAPA:29836)
GO:0060687	regulation of branching involved in prostate gland morphogenesis	regulates_o_occurs_in(EMAPA:29836)
GO:0051897	positive regulation of protein kinase B signaling	regulates_o_occurs_in(EMAPA:29836)
GO:0060687	regulation of branching involved in prostate gland morphogenesis	regulates_o_occurs_in(EMAPA:29836)
GO:0043066	negative regulation of apoptotic process	regulates_o_occurs_in(EMAPA:29915
GO:0045944	positive regulation of transcription from RNA polymerase II promoter	regulates_o_occurs_in(EMAPA:29915
GO:0043066	negative regulation of apoptotic process	regulates_o_occurs_in(EMAPA:29915)
GO:0045986	negative regulation of smooth muscle contraction	regulates_o_occurs_in(EMAPA:29923
GO:0051898	negative regulation of protein kinase B signaling	regulates_o_occurs_in(EMAPA:30445
GO:0006940	regulation of smooth muscle contraction	regulates_o_occurs_in(EMAPA:30447)
GO:0008285	negative regulation of cell proliferation	regulates_o_occurs_in(EMAPA:30449)
GO:0045724	positive regulation of cilium assembly	regulates_o_occurs_in(EMAPA:31476
GO:0043066	negative regulation of apoptotic process	regulates_o_occurs_in(EMAPA:31476
GO:0043066	negative regulation of apoptotic process	regulates_o_occurs_in(EMAPA:31476
GO:0045944	positive regulation of transcription from RNA polymerase II promoter	regulates_o_occurs_in(EMAPA:31858
GO:0045944	positive regulation of transcription from RNA polymerase II promoter	regulates_o_occurs_in(EMAPA:31858
GO:0009967	positive regulation of signal transduction	regulates_o_occurs_in(EMAPA:31858)
GO:1901382	regulation of chorionic trophoblast cell proliferation	regulates_o_occurs_in(EMAPA:31872)
GO:0045766	positive regulation of angiogenesis	regulates_o_occurs_in(EMAPA:31873)
GO:0043408	regulation of MAPK cascade	regulates_o_occurs_in(EMAPA:32290
GO:0033147	negative regulation of intracellular estrogen receptor signaling pathway	regulates_o_occurs_in(EMAPA:32290
GO:0030111	regulation of Wnt signaling pathway	regulates_o_occurs_in(EMAPA:32290
GO:0060766	negative regulation of androgen receptor signaling pathway	regulates_o_occurs_in(EMAPA:32290
GO:0030178	negative regulation of Wnt signaling pathway	regulates_o_occurs_in(EMAPA:32290
GO:0060766	negative regulation of androgen receptor signaling pathway	regulates_o_occurs_in(EMAPA:32290
GO:0006357	regulation of transcription from RNA polymerase II promoter	regulates_o_occurs_in(EMAPA:32290
GO:0006357	regulation of transcription from RNA polymerase II promoter	regulates_o_occurs_in(EMAPA:32290
GO:0006357	regulation of transcription from RNA polymerase II promoter	regulates_o_occurs_in(EMAPA:32290
GO:0030308	negative regulation of cell growth	regulates_o_occurs_in(EMAPA:32290
GO:0051896	regulation of protein kinase B signaling	regulates_o_occurs_in(EMAPA:32290
GO:0060770	negative regulation of epithelial cell proliferation involved in prostate gland development	regulates_o_occurs_in(EMAPA:32290)
GO:0060687	regulation of branching involved in prostate gland morphogenesis	regulates_o_occurs_in(EMAPA:32290)
GO:0050678	regulation of epithelial cell proliferation	regulates_o_occurs_in(EMAPA:32290)
GO:0060769	positive regulation of epithelial cell proliferation involved in prostate gland development	regulates_o_occurs_in(EMAPA:32290)
GO:0060768	regulation of epithelial cell proliferation involved in prostate gland development	regulates_o_occurs_in(EMAPA:32290)
GO:0042981	regulation of apoptotic process	regulates_o_occurs_in(EMAPA:32618)
GO:0014733	regulation of skeletal muscle adaptation	regulates_o_occurs_in(EMAPA:32634
GO:0014054	positive regulation of gamma-aminobutyric acid secretion	regulates_o_occurs_in(EMAPA:32672
GO:0048169	regulation of long-term neuronal synaptic plasticity	regulates_o_occurs_in(EMAPA:32672
GO:0032230	positive regulation of synaptic transmission, GABAergic	regulates_o_occurs_in(EMAPA:32672
GO:0032228	regulation of synaptic transmission, GABAergic	regulates_o_occurs_in(EMAPA:32673)
GO:0030334	regulation of cell migration	regulates_o_occurs_in(EMAPA:32678
GO:0030334	regulation of cell migration	regulates_o_occurs_in(EMAPA:32678
GO:0048872	homeostasis of number of cells	regulates_o_occurs_in(EMAPA:32679)
GO:0002028	regulation of sodium ion transport	regulates_o_occurs_in(EMAPA:32682
GO:0045944	positive regulation of transcription from RNA polymerase II promoter	regulates_o_occurs_in(EMAPA:32686)
GO:0043267	negative regulation of potassium ion transport	regulates_o_occurs_in(EMAPA:32688
GO:0002028	regulation of sodium ion transport	regulates_o_occurs_in(EMAPA:32688
GO:0050790	regulation of catalytic activity	regulates_o_occurs_in(EMAPA:32688
GO:0043409	negative regulation of MAPK cascade	regulates_o_occurs_in(EMAPA:32688
GO:0051926	negative regulation of calcium ion transport	regulates_o_occurs_in(EMAPA:32688
GO:0010667	negative regulation of cardiac muscle cell apoptotic process	regulates_o_occurs_in(EMAPA:32688
GO:0010664	negative regulation of striated muscle cell apoptotic process	regulates_o_occurs_in(EMAPA:32688)
GO:2001046	positive regulation of integrin-mediated signaling pathway	regulates_o_occurs_in(EMAPA:32688)
GO:0001937	negative regulation of endothelial cell proliferation	regulates_o_occurs_in(EMAPA:32692)
GO:0045944	positive regulation of transcription from RNA polymerase II promoter	regulates_o_occurs_in(EMAPA:32693
GO:0045944	positive regulation of transcription from RNA polymerase II promoter	regulates_o_occurs_in(EMAPA:32693
GO:0045944	positive regulation of transcription from RNA polymerase II promoter	regulates_o_occurs_in(EMAPA:32693
GO:0045944	positive regulation of transcription from RNA polymerase II promoter	regulates_o_occurs_in(EMAPA:32693
GO:0045944	positive regulation of transcription from RNA polymerase II promoter	regulates_o_occurs_in(EMAPA:32693
GO:0033674	positive regulation of kinase activity	regulates_o_occurs_in(EMAPA:32716
GO:0051898	negative regulation of protein kinase B signaling	regulates_o_occurs_in(EMAPA:32716
GO:0010831	positive regulation of myotube differentiation	regulates_o_occurs_in(EMAPA:32716
GO:0010880	regulation of release of sequestered calcium ion into cytosol by sarcoplasmic reticulum	regulates_o_occurs_in(EMAPA:32716
GO:0050731	positive regulation of peptidyl-tyrosine phosphorylation	regulates_o_occurs_in(EMAPA:32716
GO:0045944	positive regulation of transcription from RNA polymerase II promoter	regulates_o_occurs_in(EMAPA:32716
GO:0045821	positive regulation of glycolytic process	regulates_o_occurs_in(EMAPA:32716
GO:1902902	negative regulation of autophagosome assembly	regulates_o_occurs_in(EMAPA:32716
GO:0006469	negative regulation of protein kinase activity	regulates_o_occurs_in(EMAPA:32716
GO:0032435	negative regulation of proteasomal ubiquitin-dependent protein catabolic process	regulates_o_occurs_in(EMAPA:32716
GO:0048633	positive regulation of skeletal muscle tissue growth	regulates_o_occurs_in(EMAPA:32716
GO:0010664	negative regulation of striated muscle cell apoptotic process	regulates_o_occurs_in(EMAPA:32716)
GO:0014717	regulation of satellite cell activation involved in skeletal muscle regeneration	regulates_o_occurs_in(EMAPA:32716)
GO:0046324	regulation of glucose import	regulates_o_occurs_in(EMAPA:32716)
GO:0032007	negative regulation of TOR signaling	regulates_o_occurs_in(EMAPA:32716)
GO:0031284	positive regulation of guanylate cyclase activity	regulates_o_occurs_in(EMAPA:32717)
GO:0030819	positive regulation of cAMP biosynthetic process	regulates_o_occurs_in(EMAPA:32717)
GO:0045987	positive regulation of smooth muscle contraction	regulates_o_occurs_in(EMAPA:32717)
GO:0030828	positive regulation of cGMP biosynthetic process	regulates_o_occurs_in(EMAPA:32717)
GO:2001240	negative regulation of extrinsic apoptotic signaling pathway in absence of ligand	regulates_o_occurs_in(EMAPA:32730
GO:0030512	negative regulation of transforming growth factor beta receptor signaling pathway	regulates_o_occurs_in(EMAPA:32730)
GO:0030279	negative regulation of ossification	regulates_o_occurs_in(EMAPA:32740)
GO:0030279	negative regulation of ossification	regulates_o_occurs_in(EMAPA:32740)
GO:0030155	regulation of cell adhesion	regulates_o_occurs_in(EMAPA:32743
GO:0030155	regulation of cell adhesion	regulates_o_occurs_in(EMAPA:32743
GO:0032873	negative regulation of stress-activated MAPK cascade	regulates_o_occurs_in(EMAPA:32743
GO:0045944	positive regulation of transcription from RNA polymerase II promoter	regulates_o_occurs_in(EMAPA:32744
GO:0086014	atrial cardiac muscle cell action potential	regulates_o_occurs_in(EMAPA:32746
GO:0010880	regulation of release of sequestered calcium ion into cytosol by sarcoplasmic reticulum	regulates_o_occurs_in(EMAPA:32748
GO:0061050	regulation of cell growth involved in cardiac muscle cell development	regulates_o_occurs_in(EMAPA:32748
GO:0051926	negative regulation of calcium ion transport	regulates_o_occurs_in(EMAPA:32748
GO:0060297	regulation of sarcomere organization	regulates_o_occurs_in(EMAPA:32748
GO:0060307	regulation of ventricular cardiac muscle cell membrane repolarization	regulates_o_occurs_in(EMAPA:32748
GO:0086005	ventricular cardiac muscle cell action potential	regulates_o_occurs_in(EMAPA:32748
GO:0060044	negative regulation of cardiac muscle cell proliferation	regulates_o_occurs_in(EMAPA:32748)
GO:0008285	negative regulation of cell proliferation	regulates_o_occurs_in(EMAPA:32748)
GO:0045669	positive regulation of osteoblast differentiation	regulates_o_occurs_in(EMAPA:32760
GO:1902043	positive regulation of extrinsic apoptotic signaling pathway via death domain receptors	regulates_o_occurs_in(EMAPA:32760
GO:0043407	negative regulation of MAP kinase activity	regulates_o_occurs_in(EMAPA:32760
GO:0046580	negative regulation of Ras protein signal transduction	regulates_o_occurs_in(EMAPA:32760
GO:0046579	positive regulation of Ras protein signal transduction	regulates_o_occurs_in(EMAPA:32760
GO:2001241	positive regulation of extrinsic apoptotic signaling pathway in absence of ligand	regulates_o_occurs_in(EMAPA:32760
GO:0043087	regulation of GTPase activity	regulates_o_occurs_in(EMAPA:32760
GO:0060368	regulation of Fc receptor mediated stimulatory signaling pathway	regulates_o_occurs_in(EMAPA:32760
GO:0035024	negative regulation of Rho protein signal transduction	regulates_o_occurs_in(EMAPA:32760
GO:0045078	positive regulation of interferon-gamma biosynthetic process	regulates_o_occurs_in(EMAPA:32760
GO:0043406	positive regulation of MAP kinase activity	regulates_o_occurs_in(EMAPA:32760
GO:0008625	extrinsic apoptotic signaling pathway via death domain receptors	regulates_o_occurs_in(EMAPA:32760
GO:0001953	negative regulation of cell-matrix adhesion	regulates_o_occurs_in(EMAPA:32760
GO:0043270	positive regulation of ion transport	regulates_o_occurs_in(EMAPA:32760
GO:0043547	positive regulation of GTPase activity	regulates_o_occurs_in(EMAPA:32760
GO:0030336	negative regulation of cell migration	regulates_o_occurs_in(EMAPA:32760
GO:0045944	positive regulation of transcription from RNA polymerase II promoter	regulates_o_occurs_in(EMAPA:32760
GO:0051272	positive regulation of cellular component movement	regulates_o_occurs_in(EMAPA:32760
GO:0050766	positive regulation of phagocytosis	regulates_o_occurs_in(EMAPA:32760
GO:0043154	negative regulation of cysteine-type endopeptidase activity involved in apoptotic process	regulates_o_occurs_in(EMAPA:32760
GO:0045954	positive regulation of natural killer cell mediated cytotoxicity	regulates_o_occurs_in(EMAPA:32760
GO:2000973	regulation of pro-B cell differentiation	regulates_o_occurs_in(EMAPA:32760)
GO:2000973	regulation of pro-B cell differentiation	regulates_o_occurs_in(EMAPA:32760)
GO:0045987	positive regulation of smooth muscle contraction	regulates_o_occurs_in(EMAPA:32764
GO:0045785	positive regulation of cell adhesion	regulates_o_occurs_in(EMAPA:32764
GO:0006965	positive regulation of biosynthetic process of antibacterial peptides active against Gram-positive bacteria	regulates_o_occurs_in(EMAPA:32764)
GO:0006940	regulation of smooth muscle contraction	regulates_o_occurs_in(EMAPA:32764)
GO:0043408	regulation of MAPK cascade	regulates_o_occurs_in(EMAPA:32768
GO:0051968	positive regulation of synaptic transmission, glutamatergic	regulates_o_occurs_in(EMAPA:32768
GO:0042391	regulation of membrane potential	regulates_o_occurs_in(EMAPA:32768
GO:1901381	positive regulation of potassium ion transmembrane transport	regulates_o_occurs_in(EMAPA:32768
GO:0032228	regulation of synaptic transmission, GABAergic	regulates_o_occurs_in(EMAPA:32768
GO:0048168	regulation of neuronal synaptic plasticity	regulates_o_occurs_in(EMAPA:32768
GO:0050804	modulation of synaptic transmission	regulates_o_occurs_in(EMAPA:32768
GO:0048169	regulation of long-term neuronal synaptic plasticity	regulates_o_occurs_in(EMAPA:32768
GO:0051965	positive regulation of synapse assembly	regulates_o_occurs_in(EMAPA:32768
GO:0046928	regulation of neurotransmitter secretion	regulates_o_occurs_in(EMAPA:32768)
GO:0016242	negative regulation of macroautophagy	regulates_o_occurs_in(EMAPA:32769
GO:0014048	regulation of glutamate secretion	regulates_o_occurs_in(EMAPA:32770
GO:0016242	negative regulation of macroautophagy	regulates_o_occurs_in(EMAPA:32770
GO:0045944	positive regulation of transcription from RNA polymerase II promoter	regulates_o_occurs_in(EMAPA:32778)
GO:0010839	negative regulation of keratinocyte proliferation	regulates_o_occurs_in(EMAPA:32779)
GO:0008285	negative regulation of cell proliferation	regulates_o_occurs_in(EMAPA:32779)
GO:2001045	negative regulation of integrin-mediated signaling pathway	regulates_o_occurs_in(EMAPA:32779)
GO:2001241	positive regulation of extrinsic apoptotic signaling pathway in absence of ligand	regulates_o_occurs_in(EMAPA:32779)
GO:0045944	positive regulation of transcription from RNA polymerase II promoter	regulates_o_occurs_in(EMAPA:32782
GO:0045944	positive regulation of transcription from RNA polymerase II promoter	regulates_o_occurs_in(EMAPA:32782
GO:0045669	positive regulation of osteoblast differentiation	regulates_o_occurs_in(EMAPA:32782
GO:0043066	negative regulation of apoptotic process	regulates_o_occurs_in(EMAPA:32782
GO:0045779	negative regulation of bone resorption	regulates_o_occurs_in(EMAPA:32782)
GO:0030279	negative regulation of ossification	regulates_o_occurs_in(EMAPA:32782)
GO:1900159	positive regulation of bone mineralization involved in bone maturation	regulates_o_occurs_in(EMAPA:32782)
GO:0009967	positive regulation of signal transduction	regulates_o_occurs_in(EMAPA:32782)
GO:0043085	positive regulation of catalytic activity	regulates_o_occurs_in(EMAPA:32789
GO:0048712	negative regulation of astrocyte differentiation	regulates_o_occurs_in(EMAPA:32789
GO:0042053	regulation of dopamine metabolic process	regulates_o_occurs_in(EMAPA:32789)
GO:0043066	negative regulation of apoptotic process	regulates_o_occurs_in(EMAPA:32793)
GO:0060828	regulation of canonical Wnt signaling pathway	regulates_o_occurs_in(EMAPA:32802
GO:2000810	regulation of bicellular tight junction assembly	regulates_o_occurs_in(EMAPA:32802
GO:2000178	negative regulation of neural precursor cell proliferation	regulates_o_occurs_in(EMAPA:32804
GO:2000177	regulation of neural precursor cell proliferation	regulates_o_occurs_in(EMAPA:32804
GO:0048715	negative regulation of oligodendrocyte differentiation	regulates_o_occurs_in(EMAPA:32804
GO:0051281	positive regulation of release of sequestered calcium ion into cytosol	regulates_o_occurs_in(EMAPA:32804
GO:2000178	negative regulation of neural precursor cell proliferation	regulates_o_occurs_in(EMAPA:32804)
GO:0048711	positive regulation of astrocyte differentiation	regulates_o_occurs_in(EMAPA:32809
GO:0008285	negative regulation of cell proliferation	regulates_o_occurs_in(EMAPA:32812)
GO:0010454	negative regulation of cell fate commitment	regulates_o_occurs_in(EMAPA:32826
GO:0010455	positive regulation of cell fate commitment	regulates_o_occurs_in(EMAPA:32826
GO:0045944	positive regulation of transcription from RNA polymerase II promoter	regulates_o_occurs_in(EMAPA:32826
GO:0010719	negative regulation of epithelial to mesenchymal transition	regulates_o_occurs_in(EMAPA:32834
GO:0090090	negative regulation of canonical Wnt signaling pathway	regulates_o_occurs_in(EMAPA:32834
GO:0051281	positive regulation of release of sequestered calcium ion into cytosol	regulates_o_occurs_in(EMAPA:32834
GO:0043066	negative regulation of apoptotic process	regulates_o_occurs_in(EMAPA:32834
GO:0030334	regulation of cell migration	regulates_o_occurs_in(EMAPA:32834)
GO:0008285	negative regulation of cell proliferation	regulates_o_occurs_in(EMAPA:32834)
GO:0030178	negative regulation of Wnt signaling pathway	regulates_o_occurs_in(EMAPA:32834)
GO:0045595	regulation of cell differentiation	regulates_o_occurs_in(EMAPA:32834)
GO:0008285	negative regulation of cell proliferation	regulates_o_occurs_in(EMAPA:32834)
GO:0030177	positive regulation of Wnt signaling pathway	regulates_o_occurs_in(EMAPA:32834)
GO:0046580	negative regulation of Ras protein signal transduction	regulates_o_occurs_in(EMAPA:32842
GO:0035021	negative regulation of Rac protein signal transduction	regulates_o_occurs_in(EMAPA:32842
GO:0035022	positive regulation of Rac protein signal transduction	regulates_o_occurs_in(EMAPA:32842
GO:0032230	positive regulation of synaptic transmission, GABAergic	regulates_o_occurs_in(EMAPA:32845
GO:0017148	negative regulation of translation	regulates_o_occurs_in(EMAPA:32845
GO:0090394	negative regulation of excitatory postsynaptic potential	regulates_o_occurs_in(EMAPA:32845
GO:1902042	negative regulation of extrinsic apoptotic signaling pathway via death domain receptors	regulates_o_occurs_in(EMAPA:32845
GO:0048169	regulation of long-term neuronal synaptic plasticity	regulates_o_occurs_in(EMAPA:32845
GO:0050773	regulation of dendrite development	regulates_o_occurs_in(EMAPA:32845
GO:0046929	negative regulation of neurotransmitter secretion	regulates_o_occurs_in(EMAPA:32845
GO:0010807	regulation of synaptic vesicle priming	regulates_o_occurs_in(EMAPA:32845
GO:0030517	negative regulation of axon extension	regulates_o_occurs_in(EMAPA:32845
GO:0001956	positive regulation of neurotransmitter secretion	regulates_o_occurs_in(EMAPA:32845
GO:0030100	regulation of endocytosis	regulates_o_occurs_in(EMAPA:32845
GO:0046928	regulation of neurotransmitter secretion	regulates_o_occurs_in(EMAPA:32845
GO:0001956	positive regulation of neurotransmitter secretion	regulates_o_occurs_in(EMAPA:32845
GO:0048672	positive regulation of collateral sprouting	regulates_o_occurs_in(EMAPA:32845
GO:0048168	regulation of neuronal synaptic plasticity	regulates_o_occurs_in(EMAPA:32845
GO:0010976	positive regulation of neuron projection development	regulates_o_occurs_in(EMAPA:32845
GO:0010976	positive regulation of neuron projection development	regulates_o_occurs_in(EMAPA:32845
GO:0048169	regulation of long-term neuronal synaptic plasticity	regulates_o_occurs_in(EMAPA:32845
GO:0045773	positive regulation of axon extension	regulates_o_occurs_in(EMAPA:32845
GO:0001932	regulation of protein phosphorylation	regulates_o_occurs_in(EMAPA:32845
GO:0048712	negative regulation of astrocyte differentiation	regulates_o_occurs_in(EMAPA:32845
GO:0060168	positive regulation of adenosine receptor signaling pathway	regulates_o_occurs_in(EMAPA:32845
GO:0034765	regulation of ion transmembrane transport	regulates_o_occurs_in(EMAPA:32845
GO:0017148	negative regulation of translation	regulates_o_occurs_in(EMAPA:32845
GO:0010738	regulation of protein kinase A signaling	regulates_o_occurs_in(EMAPA:32845)
GO:1900271	regulation of long-term synaptic potentiation	regulates_o_occurs_in(EMAPA:32845)
GO:0048169	regulation of long-term neuronal synaptic plasticity	regulates_o_occurs_in(EMAPA:32845)
GO:0002052	positive regulation of neuroblast proliferation	regulates_o_occurs_in(EMAPA:32845)
GO:0043407	negative regulation of MAP kinase activity	regulates_o_occurs_in(EMAPA:32845)
GO:0051965	positive regulation of synapse assembly	regulates_o_occurs_in(EMAPA:32845)
GO:0014054	positive regulation of gamma-aminobutyric acid secretion	regulates_o_occurs_in(EMAPA:32845)
GO:0050807	regulation of synapse organization	regulates_o_occurs_in(EMAPA:32845)
GO:0014049	positive regulation of glutamate secretion	regulates_o_occurs_in(EMAPA:32845)
GO:0051823	regulation of synapse structural plasticity	regulates_o_occurs_in(EMAPA:32845)
GO:2001246	negative regulation of phosphatidylcholine biosynthetic process	regulates_o_occurs_in(EMAPA:32860
GO:0010766	negative regulation of sodium ion transport	regulates_o_occurs_in(EMAPA:32860
GO:0050804	modulation of synaptic transmission	regulates_o_occurs_in(EMAPA:32869
GO:0043066	negative regulation of apoptotic process	regulates_o_occurs_in(EMAPA:32873
GO:0090090	negative regulation of canonical Wnt signaling pathway	regulates_o_occurs_in(EMAPA:32873
GO:0090263	positive regulation of canonical Wnt signaling pathway	regulates_o_occurs_in(EMAPA:32873)
GO:0008285	negative regulation of cell proliferation	regulates_o_occurs_in(EMAPA:32873)
GO:0090090	negative regulation of canonical Wnt signaling pathway	regulates_o_occurs_in(EMAPA:32873)
GO:0030178	negative regulation of Wnt signaling pathway	regulates_o_occurs_in(EMAPA:32873)
GO:0045944	positive regulation of transcription from RNA polymerase II promoter	regulates_o_occurs_in(EMAPA:32874
GO:0045595	regulation of cell differentiation	regulates_o_occurs_in(EMAPA:32874
GO:0045595	regulation of cell differentiation	regulates_o_occurs_in(EMAPA:32874
GO:0030334	regulation of cell migration	regulates_o_occurs_in(EMAPA:32874
GO:0045879	negative regulation of smoothened signaling pathway	regulates_o_occurs_in(EMAPA:32874)
GO:0050678	regulation of epithelial cell proliferation	regulates_o_occurs_in(EMAPA:32874)
GO:0008285	negative regulation of cell proliferation	regulates_o_occurs_in(EMAPA:32874)
GO:0008284	positive regulation of cell proliferation	regulates_o_occurs_in(EMAPA:32874)
GO:0008285	negative regulation of cell proliferation	regulates_o_occurs_in(EMAPA:32874)
GO:0045944	positive regulation of transcription from RNA polymerase II promoter	regulates_o_occurs_in(EMAPA:32906
GO:0045944	positive regulation of transcription from RNA polymerase II promoter	regulates_o_occurs_in(EMAPA:32906
GO:0035774	positive regulation of insulin secretion involved in cellular response to glucose stimulus	regulates_o_occurs_in(EMAPA:32927
GO:0010828	positive regulation of glucose transport	regulates_o_occurs_in(EMAPA:32927
GO:0045744	negative regulation of G-protein coupled receptor protein signaling pathway	regulates_o_occurs_in(EMAPA:32927
GO:0051781	positive regulation of cell division	regulates_o_occurs_in(EMAPA:32927
GO:0045944	positive regulation of transcription from RNA polymerase II promoter	regulates_o_occurs_in(EMAPA:32927
GO:0032024	positive regulation of insulin secretion	regulates_o_occurs_in(EMAPA:32927
GO:0061178	regulation of insulin secretion involved in cellular response to glucose stimulus	regulates_o_occurs_in(EMAPA:32927
GO:0050796	regulation of insulin secretion	regulates_o_occurs_in(EMAPA:32927
GO:0017158	regulation of calcium ion-dependent exocytosis	regulates_o_occurs_in(EMAPA:32927
GO:0045944	positive regulation of transcription from RNA polymerase II promoter	regulates_o_occurs_in(EMAPA:32927
GO:0051781	positive regulation of cell division	regulates_o_occurs_in(EMAPA:32927)
GO:0032024	positive regulation of insulin secretion	regulates_o_occurs_in(EMAPA:32927)
GO:0050796	regulation of insulin secretion	regulates_o_occurs_in(EMAPA:32927)
GO:0046676	negative regulation of insulin secretion	regulates_o_occurs_in(EMAPA:32927)
GO:0046621	negative regulation of organ growth	regulates_o_occurs_in(EMAPA:32927)
GO:0061178	regulation of insulin secretion involved in cellular response to glucose stimulus	regulates_o_occurs_in(EMAPA:32927)
GO:0007204	positive regulation of cytosolic calcium ion concentration	regulates_o_occurs_in(EMAPA:32927)
GO:0061179	negative regulation of insulin secretion involved in cellular response to glucose stimulus	regulates_o_occurs_in(EMAPA:32927)
GO:0046627	negative regulation of insulin receptor signaling pathway	regulates_o_occurs_in(EMAPA:35112)
GO:0044130	negative regulation of growth of symbiont in host	regulates_o_occurs_in(EMAPA:35126)
GO:0043536	positive regulation of blood vessel endothelial cell migration	regulates_o_occurs_in(EMAPA:35134
GO:0030336	negative regulation of cell migration	regulates_o_occurs_in(EMAPA:35135
GO:0043409	negative regulation of MAPK cascade	regulates_o_occurs_in(EMAPA:35135
GO:0045944	positive regulation of transcription from RNA polymerase II promoter	regulates_o_occurs_in(EMAPA:35135
GO:0045944	positive regulation of transcription from RNA polymerase II promoter	regulates_o_occurs_in(EMAPA:35135
GO:0045944	positive regulation of transcription from RNA polymerase II promoter	regulates_o_occurs_in(EMAPA:35135
GO:0045944	positive regulation of transcription from RNA polymerase II promoter	regulates_o_occurs_in(EMAPA:35135
GO:0045944	positive regulation of transcription from RNA polymerase II promoter	regulates_o_occurs_in(EMAPA:35135
GO:0030814	regulation of cAMP metabolic process	regulates_o_occurs_in(EMAPA:35135)
GO:0043032	positive regulation of macrophage activation	regulates_o_occurs_in(EMAPA:35147)
GO:0045944	positive regulation of transcription from RNA polymerase II promoter	regulates_o_occurs_in(EMAPA:35152
GO:0048169	regulation of long-term neuronal synaptic plasticity	regulates_o_occurs_in(EMAPA:35156
GO:0050770	regulation of axonogenesis	regulates_o_occurs_in(EMAPA:35163
GO:0048814	regulation of dendrite morphogenesis	regulates_o_occurs_in(EMAPA:35163
GO:0022408	negative regulation of cell-cell adhesion	regulates_o_occurs_in(EMAPA:35176)
GO:0008285	negative regulation of cell proliferation	regulates_o_occurs_in(EMAPA:35180)
GO:0043066	negative regulation of apoptotic process	regulates_o_occurs_in(EMAPA:35211)
GO:0048505	regulation of timing of cell differentiation	regulates_o_occurs_in(EMAPA:35211)
GO:0043066	negative regulation of apoptotic process	regulates_o_occurs_in(EMAPA:35216)
GO:0008284	positive regulation of cell proliferation	regulates_o_occurs_in(EMAPA:35216)
GO:0043523	regulation of neuron apoptotic process	regulates_o_occurs_in(EMAPA:35217
GO:0008284	positive regulation of cell proliferation	regulates_o_occurs_in(EMAPA:35223)
GO:0010975	regulation of neuron projection development	regulates_o_occurs_in(EMAPA:35234
GO:0045944	positive regulation of transcription from RNA polymerase II promoter	regulates_o_occurs_in(EMAPA:35248
GO:0048715	negative regulation of oligodendrocyte differentiation	regulates_o_occurs_in(EMAPA:35253
GO:0009996	negative regulation of cell fate specification	regulates_o_occurs_in(EMAPA:35266
GO:2000045	regulation of G1/S transition of mitotic cell cycle	regulates_o_occurs_in(EMAPA:35266
GO:0042660	positive regulation of cell fate specification	regulates_o_occurs_in(EMAPA:35266
GO:0008285	negative regulation of cell proliferation	regulates_o_occurs_in(EMAPA:35266)
GO:0070173	regulation of enamel mineralization	regulates_o_occurs_in(EMAPA:35303)
GO:1902237	positive regulation of endoplasmic reticulum stress-induced intrinsic apoptotic signaling pathway	regulates_o_occurs_in(EMAPA:35305
GO:2000675	negative regulation of type B pancreatic cell apoptotic process	regulates_o_occurs_in(EMAPA:35305
GO:1902236	negative regulation of endoplasmic reticulum stress-induced intrinsic apoptotic signaling pathway	regulates_o_occurs_in(EMAPA:35305
GO:0090273	regulation of somatostatin secretion	regulates_o_occurs_in(EMAPA:35305
GO:2000676	positive regulation of type B pancreatic cell apoptotic process	regulates_o_occurs_in(EMAPA:35305)
GO:2001240	negative regulation of extrinsic apoptotic signaling pathway in absence of ligand	regulates_o_occurs_in(EMAPA:35315)
GO:0046326	positive regulation of glucose import	regulates_o_occurs_in(EMAPA:35330)
GO:0001558	regulation of cell growth	regulates_o_occurs_in(EMAPA:35340
GO:0019216	regulation of lipid metabolic process	regulates_o_occurs_in(EMAPA:35340)
GO:0050804	modulation of synaptic transmission	regulates_o_occurs_in(EMAPA:35380
GO:0007195	adenylate cyclase-inhibiting dopamine receptor signaling pathway	regulates_o_occurs_in(EMAPA:35380
GO:0008016	regulation of heart contraction	regulates_o_occurs_in(EMAPA:35428)
GO:0006940	regulation of smooth muscle contraction	regulates_o_occurs_in(EMAPA:35450)
GO:0002875	negative regulation of chronic inflammatory response to antigenic stimulus	regulates_o_occurs_in(EMAPA:35456)
GO:0051968	positive regulation of synaptic transmission, glutamatergic	regulates_o_occurs_in(EMAPA:35476
GO:0045759	negative regulation of action potential	regulates_o_occurs_in(EMAPA:35478
GO:0050770	regulation of axonogenesis	regulates_o_occurs_in(EMAPA:35502
GO:0050770	regulation of axonogenesis	regulates_o_occurs_in(EMAPA:35502
GO:0010955	negative regulation of protein processing	regulates_o_occurs_in(EMAPA:35505
GO:0030512	negative regulation of transforming growth factor beta receptor signaling pathway	regulates_o_occurs_in(EMAPA:35505)
GO:0042130	negative regulation of T cell proliferation	regulates_o_occurs_in(EMAPA:35523)
GO:0051898	negative regulation of protein kinase B signaling	regulates_o_occurs_in(EMAPA:35523)
GO:0008285	negative regulation of cell proliferation	regulates_o_occurs_in(EMAPA:35523)
GO:0014067	negative regulation of phosphatidylinositol 3-kinase signaling	regulates_o_occurs_in(EMAPA:35523)
GO:0030947	regulation of vascular endothelial growth factor receptor signaling pathway	regulates_o_occurs_in(EMAPA:35532)
GO:0010595	positive regulation of endothelial cell migration	regulates_o_occurs_in(EMAPA:35533
GO:0045944	positive regulation of transcription from RNA polymerase II promoter	regulates_o_occurs_in(EMAPA:35533
GO:0060058	positive regulation of apoptotic process involved in mammary gland involution	regulates_o_occurs_in(EMAPA:35538)
GO:0043410	positive regulation of MAPK cascade	regulates_o_occurs_in(EMAPA:35538)
GO:0043568	positive regulation of insulin-like growth factor receptor signaling pathway	regulates_o_occurs_in(EMAPA:35538)
GO:0033148	positive regulation of intracellular estrogen receptor signaling pathway	regulates_o_occurs_in(EMAPA:35538)
GO:0050999	regulation of nitric-oxide synthase activity	regulates_o_occurs_in(EMAPA:35550)
GO:0048712	negative regulation of astrocyte differentiation	regulates_o_occurs_in(EMAPA:35569
GO:0045860	positive regulation of protein kinase activity	regulates_o_occurs_in(EMAPA:35578
GO:0002028	regulation of sodium ion transport	regulates_o_occurs_in(EMAPA:35578
GO:0045944	positive regulation of transcription from RNA polymerase II promoter	regulates_o_occurs_in(EMAPA:35578
GO:0043066	negative regulation of apoptotic process	regulates_o_occurs_in(EMAPA:35578
GO:0014853	regulation of excitatory postsynaptic membrane potential involved in skeletal muscle contraction	regulates_o_occurs_in(EMAPA:35578
GO:0048743	positive regulation of skeletal muscle fiber development	regulates_o_occurs_in(EMAPA:35578)
GO:0006355	regulation of transcription, DNA-templated	regulates_o_occurs_in(EMAPA:35578)
GO:0043415	positive regulation of skeletal muscle tissue regeneration	regulates_o_occurs_in(EMAPA:35578)
GO:0045819	positive regulation of glycogen catabolic process	regulates_o_occurs_in(EMAPA:35578)
GO:0046324	regulation of glucose import	regulates_o_occurs_in(EMAPA:35578)
GO:0043407	negative regulation of MAP kinase activity	regulates_o_occurs_in(EMAPA:35588
GO:0048712	negative regulation of astrocyte differentiation	regulates_o_occurs_in(EMAPA:35588
GO:0030308	negative regulation of cell growth	regulates_o_occurs_in(EMAPA:35628
GO:0033138	positive regulation of peptidyl-serine phosphorylation	regulates_o_occurs_in(EMAPA:35665
GO:0033138	positive regulation of peptidyl-serine phosphorylation	regulates_o_occurs_in(EMAPA:35665
GO:2001244	positive regulation of intrinsic apoptotic signaling pathway	regulates_o_occurs_in(EMAPA:35667
GO:0006919	activation of cysteine-type endopeptidase activity involved in apoptotic process	regulates_o_occurs_in(EMAPA:35667
GO:0030334	regulation of cell migration	regulates_o_occurs_in(EMAPA:35689)
GO:0090263	positive regulation of canonical Wnt signaling pathway	regulates_o_occurs_in(EMAPA:35689)
GO:0070873	regulation of glycogen metabolic process	regulates_o_occurs_in(EMAPA:35689)
GO:0045944	positive regulation of transcription from RNA polymerase II promoter	regulates_o_occurs_in(EMAPA:35689)
GO:0032720	negative regulation of tumor necrosis factor production	regulates_o_occurs_in(EMAPA:35690)
GO:0032682	negative regulation of chemokine production	regulates_o_occurs_in(EMAPA:35690)
GO:0043066	negative regulation of apoptotic process	regulates_o_occurs_in(EMAPA:35710
GO:0048638	regulation of developmental growth	regulates_o_occurs_in(EMAPA:35710)
GO:0043409	negative regulation of MAPK cascade	regulates_o_occurs_in(EMAPA:35710)
GO:0051898	negative regulation of protein kinase B signaling	regulates_o_occurs_in(EMAPA:35710)
GO:0060770	negative regulation of epithelial cell proliferation involved in prostate gland development	regulates_o_occurs_in(EMAPA:35710)
GO:0060687	regulation of branching involved in prostate gland morphogenesis	regulates_o_occurs_in(EMAPA:35710)
GO:0060687	regulation of branching involved in prostate gland morphogenesis	regulates_o_occurs_in(EMAPA:35710)
GO:2000171	negative regulation of dendrite development	regulates_o_occurs_in(EMAPA:35741
GO:0048814	regulation of dendrite morphogenesis	regulates_o_occurs_in(EMAPA:35741
GO:0002637	regulation of immunoglobulin production	regulates_o_occurs_in(EMAPA:35770)
GO:0032715	negative regulation of interleukin-6 production	regulates_o_occurs_in(EMAPA:35770)
GO:0048294	negative regulation of isotype switching to IgE isotypes	regulates_o_occurs_in(EMAPA:35770)
GO:0002639	positive regulation of immunoglobulin production	regulates_o_occurs_in(EMAPA:35770)
GO:0032481	positive regulation of type I interferon production	regulates_o_occurs_in(EMAPA:35770)
GO:0002638	negative regulation of immunoglobulin production	regulates_o_occurs_in(EMAPA:35770)
GO:0032689	negative regulation of interferon-gamma production	regulates_o_occurs_in(EMAPA:35770)
GO:0032703	negative regulation of interleukin-2 production	regulates_o_occurs_in(EMAPA:35770)
GO:0010693	negative regulation of alkaline phosphatase activity	regulates_o_occurs_in(EMAPA:35770)
GO:0032713	negative regulation of interleukin-4 production	regulates_o_occurs_in(EMAPA:35770)
GO:0032714	negative regulation of interleukin-5 production	regulates_o_occurs_in(EMAPA:35770)
GO:0032735	positive regulation of interleukin-12 production	regulates_o_occurs_in(EMAPA:35770)
GO:0032693	negative regulation of interleukin-10 production	regulates_o_occurs_in(EMAPA:35770)
GO:0044130	negative regulation of growth of symbiont in host	regulates_o_occurs_in(EMAPA:35770)
GO:0048302	regulation of isotype switching to IgG isotypes	regulates_o_occurs_in(EMAPA:35770)
GO:0032729	positive regulation of interferon-gamma production	regulates_o_occurs_in(EMAPA:35770)
GO:0032344	regulation of aldosterone metabolic process	regulates_o_occurs_in(EMAPA:35770)
GO:0032720	negative regulation of tumor necrosis factor production	regulates_o_occurs_in(EMAPA:35770)
GO:0060371	regulation of atrial cardiac muscle cell membrane depolarization	regulates_o_occurs_in(EMAPA:35772)
GO:0030502	negative regulation of bone mineralization	regulates_o_occurs_in(EMAPA:35773)
GO:0045955	negative regulation of calcium ion-dependent exocytosis	regulates_o_occurs_in(EMAPA:35777)
GO:0051781	positive regulation of cell division	regulates_o_occurs_in(EMAPA:35778
GO:0032007	negative regulation of TOR signaling	regulates_o_occurs_in(EMAPA:35778
GO:0043066	negative regulation of apoptotic process	regulates_o_occurs_in(EMAPA:35778
GO:0045944	positive regulation of transcription from RNA polymerase II promoter	regulates_o_occurs_in(EMAPA:35778
GO:0045944	positive regulation of transcription from RNA polymerase II promoter	regulates_o_occurs_in(EMAPA:35778
GO:0045944	positive regulation of transcription from RNA polymerase II promoter	regulates_o_occurs_in(EMAPA:35778
GO:0045944	positive regulation of transcription from RNA polymerase II promoter	regulates_o_occurs_in(EMAPA:35778
GO:0045944	positive regulation of transcription from RNA polymerase II promoter	regulates_o_occurs_in(EMAPA:35778
GO:0045944	positive regulation of transcription from RNA polymerase II promoter	regulates_o_occurs_in(EMAPA:35778
GO:0045944	positive regulation of transcription from RNA polymerase II promoter	regulates_o_occurs_in(EMAPA:35778
GO:0045944	positive regulation of transcription from RNA polymerase II promoter	regulates_o_occurs_in(EMAPA:35778
GO:0045944	positive regulation of transcription from RNA polymerase II promoter	regulates_o_occurs_in(EMAPA:35778
GO:0045944	positive regulation of transcription from RNA polymerase II promoter	regulates_o_occurs_in(EMAPA:35778
GO:0045944	positive regulation of transcription from RNA polymerase II promoter	regulates_o_occurs_in(EMAPA:35778
GO:0045944	positive regulation of transcription from RNA polymerase II promoter	regulates_o_occurs_in(EMAPA:35778
GO:0045944	positive regulation of transcription from RNA polymerase II promoter	regulates_o_occurs_in(EMAPA:35778
GO:0045944	positive regulation of transcription from RNA polymerase II promoter	regulates_o_occurs_in(EMAPA:35778
GO:0045944	positive regulation of transcription from RNA polymerase II promoter	regulates_o_occurs_in(EMAPA:35778
GO:0045944	positive regulation of transcription from RNA polymerase II promoter	regulates_o_occurs_in(EMAPA:35778
GO:0045944	positive regulation of transcription from RNA polymerase II promoter	regulates_o_occurs_in(EMAPA:35778
GO:0045944	positive regulation of transcription from RNA polymerase II promoter	regulates_o_occurs_in(EMAPA:35778
GO:0043066	negative regulation of apoptotic process	regulates_o_occurs_in(EMAPA:35778)
GO:0006940	regulation of smooth muscle contraction	regulates_o_occurs_in(EMAPA:35783
GO:2001234	negative regulation of apoptotic signaling pathway	regulates_o_occurs_in(EMAPA:35784)
GO:0030890	positive regulation of B cell proliferation	regulates_o_occurs_in(EMAPA:35804)
GO:0060455	negative regulation of gastric acid secretion	regulates_o_occurs_in(EMAPA:35817
GO:0050777	negative regulation of immune response	regulates_o_occurs_in(EMAPA:35817)
GO:0008284	positive regulation of cell proliferation	regulates_o_occurs_in(EMAPA:35817)
GO:0008285	negative regulation of cell proliferation	regulates_o_occurs_in(EMAPA:35817)
GO:0050768	negative regulation of neurogenesis	regulates_o_occurs_in(EMAPA:35831)
GO:1901216	positive regulation of neuron death	regulates_o_occurs_in(EMAPA:35835)
GO:0045907	positive regulation of vasoconstriction	regulates_o_occurs_in(EMAPA:35848)
GO:0048872	homeostasis of number of cells	regulates_o_occurs_in(EMAPA:35850)
GO:0032962	positive regulation of inositol trisphosphate biosynthetic process	regulates_o_occurs_in(EMAPA:35854)
GO:0045944	positive regulation of transcription from RNA polymerase II promoter	regulates_o_occurs_in(EMAPA:35866
GO:0045944	positive regulation of transcription from RNA polymerase II promoter	regulates_o_occurs_in(EMAPA:35866)
GO:2001238	positive regulation of extrinsic apoptotic signaling pathway	regulates_o_occurs_in(EMAPA:35873
GO:2001238	positive regulation of extrinsic apoptotic signaling pathway	regulates_o_occurs_in(EMAPA:35873
GO:0030279	negative regulation of ossification	regulates_o_occurs_in(EMAPA:35919)
GO:0031651	negative regulation of heat generation	regulates_o_occurs_in(EMAPA:35926)
GO:0046627	negative regulation of insulin receptor signaling pathway	regulates_o_occurs_in(EMAPA:35926)
GO:2000467	positive regulation of glycogen (starch) synthase activity	regulates_o_occurs_in(EMAPA:35988)
GO:0043085	positive regulation of catalytic activity	regulates_o_occurs_in(EMAPA:35998
GO:0008284	positive regulation of cell proliferation	regulates_o_occurs_in(EMAPA:35998)
GO:0042053	regulation of dopamine metabolic process	regulates_o_occurs_in(EMAPA:35998)
GO:0045595	regulation of cell differentiation	regulates_o_occurs_in(EMAPA:35998)
GO:0002155	regulation of thyroid hormone mediated signaling pathway	regulates_o_occurs_in(EMAPA:35998)
GO:0060123	regulation of growth hormone secretion	regulates_o_occurs_in(EMAPA:35998)
GO:0046621	negative regulation of organ growth	regulates_o_occurs_in(EMAPA:35998)
GO:0043066	negative regulation of apoptotic process	regulates_o_occurs_in(EMAPA:35998)
GO:0010839	negative regulation of keratinocyte proliferation	regulates_o_occurs_in(EMAPA:36392)
GO:0042634	regulation of hair cycle	regulates_o_occurs_in(EMAPA:36392)
GO:0008285	negative regulation of cell proliferation	regulates_o_occurs_in(EMAPA:36437)
GO:0008284	positive regulation of cell proliferation	regulates_o_occurs_in(EMAPA:36437)
GO:0051885	positive regulation of anagen	regulates_o_occurs_in(EMAPA:36498)
GO:0043569	negative regulation of insulin-like growth factor receptor signaling pathway	regulates_o_occurs_in(EMAPA:36498)
GO:0019216	regulation of lipid metabolic process	regulates_o_occurs_in(EMAPA:36499)
GO:0048169	regulation of long-term neuronal synaptic plasticity	regulates_o_occurs_in(EMAPA:36510
GO:0001937	negative regulation of endothelial cell proliferation	regulates_o_occurs_in(EMAPA:36520)
GO:0030178	negative regulation of Wnt signaling pathway	regulates_o_occurs_in(EMAPA:36524
GO:0019217	regulation of fatty acid metabolic process	regulates_o_occurs_in(EMAPA:36540)
GO:2001235	positive regulation of apoptotic signaling pathway	regulates_o_occurs_in(EMAPA:36561
GO:0032922	circadian regulation of gene expression	regulates_o_occurs_in(EMAPA:36565
GO:0046427	positive regulation of JAK-STAT cascade	regulates_o_occurs_in(EMAPA:36566
GO:0043066	negative regulation of apoptotic process	regulates_o_occurs_in(EMAPA:36566
GO:0046426	negative regulation of JAK-STAT cascade	regulates_o_occurs_in(EMAPA:36566)
GO:0060687	regulation of branching involved in prostate gland morphogenesis	regulates_o_occurs_in(EMAPA:36568)
GO:0001937	negative regulation of endothelial cell proliferation	regulates_o_occurs_in(EMAPA:36611)
GO:0014056	regulation of acetylcholine secretion, neurotransmission	regulates_o_occurs_in(EMAPA:36627
GO:0031284	positive regulation of guanylate cyclase activity	regulates_o_occurs_in(EMAPA:36632)
GO:0030819	positive regulation of cAMP biosynthetic process	regulates_o_occurs_in(EMAPA:36632)
GO:0045987	positive regulation of smooth muscle contraction	regulates_o_occurs_in(EMAPA:36632)
GO:0030828	positive regulation of cGMP biosynthetic process	regulates_o_occurs_in(EMAPA:36632)
GO:0006937	regulation of muscle contraction	regulates_o_occurs_in(EMAPA:36652)
GO:1900016	negative regulation of cytokine production involved in inflammatory response	regulates_o_occurs_in(EMAPA:36700)
GO:2000045	regulation of G1/S transition of mitotic cell cycle	regulates_o_occurs_in(GO:0000056)
GO:1905123	regulation of glucosylceramidase activity	regulates_o_occurs_in(GO:0005764)
GO:0032956	regulation of actin cytoskeleton organization	regulates_o_occurs_in(GO:0005938)
GO:0045807	positive regulation of endocytosis	regulates_o_occurs_in(GO:0016324
GO:0031334	positive regulation of protein complex assembly	regulates_o_occurs_in(GO:0031931
GO:0014059	regulation of dopamine secretion	regulates_o_occurs_in(GO:0033267)
GO:0014059	regulation of dopamine secretion	regulates_o_occurs_in(GO:0036477)
GO:0032269	negative regulation of cellular protein metabolic process	regulates_o_occurs_in(GO:0043025)
GO:0031915	positive regulation of synaptic plasticity	regulates_o_occurs_in(GO:0044305)
GO:0031914	negative regulation of synaptic plasticity	regulates_o_occurs_in(GO:0044305)
GO:0031338	regulation of vesicle fusion	regulates_o_occurs_in(GO:0044306
GO:0031338	regulation of vesicle fusion	regulates_o_occurs_in(GO:0044306
GO:0017158	regulation of calcium ion-dependent exocytosis	regulates_o_occurs_in(GO:0044306)
GO:0030100	regulation of endocytosis	regulates_o_occurs_in(GO:0044306)
GO:0048172	regulation of short-term neuronal synaptic plasticity	regulates_o_occurs_in(GO:0097457
GO:1900451	positive regulation of glutamate receptor signaling pathway	regulates_o_occurs_in(GO:0098794
GO:1905415	positive regulation of dense core granule exocytosis	regulates_o_occurs_in(UBERON:0000007)
GO:0010976	positive regulation of neuron projection development	regulates_o_occurs_in(UBERON:0000044)
GO:0032804	negative regulation of low-density lipoprotein particle receptor catabolic process	regulates_o_occurs_in(UBERON:0001155
GO:1905581	positive regulation of low-density lipoprotein particle clearance	regulates_o_occurs_in(UBERON:0001155
GO:1905599	positive regulation of low-density lipoprotein receptor activity	regulates_o_occurs_in(UBERON:0001155
GO:0050850	positive regulation of calcium-mediated signaling	regulates_o_occurs_in(UBERON:0001772)
GO:0060054	positive regulation of epithelial cell proliferation involved in wound healing	regulates_o_occurs_in(UBERON:0001772)
GO:1901215	negative regulation of neuron death	regulates_o_occurs_in(UBERON:0001891
GO:1903061	positive regulation of protein lipidation	regulates_o_occurs_in(UBERON:0002038
GO:0051247	positive regulation of protein metabolic process	regulates_o_occurs_in(UBERON:0002038
GO:1901214	regulation of neuron death	regulates_o_occurs_in(UBERON:0002038)
GO:0032463	negative regulation of protein homooligomerization	regulates_o_occurs_in(UBERON:0002038)
GO:0043243	positive regulation of protein complex disassembly	regulates_o_occurs_in(UBERON:0002038)
GO:0032804	negative regulation of low-density lipoprotein particle receptor catabolic process	regulates_o_occurs_in(UBERON:0002107
GO:1905581	positive regulation of low-density lipoprotein particle clearance	regulates_o_occurs_in(UBERON:0002107
GO:1905581	positive regulation of low-density lipoprotein particle clearance	regulates_o_occurs_in(UBERON:0002107
GO:1905597	positive regulation of low-density lipoprotein particle receptor binding	regulates_o_occurs_in(UBERON:0002107
GO:1905597	positive regulation of low-density lipoprotein particle receptor binding	regulates_o_occurs_in(UBERON:0002107
GO:0032804	negative regulation of low-density lipoprotein particle receptor catabolic process	regulates_o_occurs_in(UBERON:0002369
GO:1905581	positive regulation of low-density lipoprotein particle clearance	regulates_o_occurs_in(UBERON:0002369
GO:1905599	positive regulation of low-density lipoprotein receptor activity	regulates_o_occurs_in(UBERON:0002369
GO:0048174	negative regulation of short-term neuronal synaptic plasticity	regulates_o_occurs_in(UBERON:0002421)
GO:1903061	positive regulation of protein lipidation	regulates_o_occurs_in(UBERON:0002435
GO:0032463	negative regulation of protein homooligomerization	regulates_o_occurs_in(UBERON:0002435)
GO:0043243	positive regulation of protein complex disassembly	regulates_o_occurs_in(UBERON:0002435)
GO:0051247	positive regulation of protein metabolic process	regulates_o_occurs_in(UBERON:0002435)
GO:1904339	negative regulation of dopaminergic neuron differentiation	regulates_o_occurs_in(UBERON:0003079)
GO:0048172	regulation of short-term neuronal synaptic plasticity	regulates_o_occurs_in(UBERON:0003883)
GO:1901215	negative regulation of neuron death	regulates_o_occurs_in(UBERON:0007023)
GO:0017158	regulation of calcium ion-dependent exocytosis	regulates_o_occurs_in(UBERON:0007023)
GO:1904787	positive regulation of asymmetric protein localization involved in cell fate determination	regulates_o_occurs_in(WBbt:0003280
GO:1900182	positive regulation of protein localization to nucleus	regulates_o_occurs_in(WBbt:0003672
GO:1900181	negative regulation of protein localization to nucleus	regulates_o_occurs_in(WBbt:0003672
GO:1900180	regulation of protein localization to nucleus	regulates_o_occurs_in(WBbt:0003672
GO:1900181	negative regulation of protein localization to nucleus	regulates_o_occurs_in(WBbt:0003672
GO:0048692	negative regulation of axon extension involved in regeneration	regulates_o_occurs_in(WBbt:0005190)
GO:0048691	positive regulation of axon extension involved in regeneration	regulates_o_occurs_in(WBbt:0005190)
GO:0048692	negative regulation of axon extension involved in regeneration	regulates_o_occurs_in(WBbt:0005190)
GO:0051222	positive regulation of protein transport	regulates_o_occurs_in(WBbt:0005270
GO:0051964	negative regulation of synapse assembly	regulates_o_occurs_in(WBbt:0005270
GO:1902473	regulation of protein localization to synapse	regulates_o_occurs_in(WBbt:0005270
GO:0051965	positive regulation of synapse assembly	regulates_o_occurs_in(WBbt:0005270
GO:2000331	regulation of terminal button organization	regulates_o_occurs_in(WBbt:0005270
GO:2000331	regulation of terminal button organization	regulates_o_occurs_in(WBbt:0005270
GO:0051782	negative regulation of cell division	regulates_o_occurs_in(WBbt:0006865
GO:0051782	negative regulation of cell division	regulates_o_occurs_in(WBbt:0006865
GO:1904787	positive regulation of asymmetric protein localization involved in cell fate determination	regulates_o_occurs_in(WBbt:0007023
GO:0051782	negative regulation of cell division	regulates_o_occurs_in(WBbt:0007027
GO:0051782	negative regulation of cell division	regulates_o_occurs_in(WBbt:0007790
GO:0051222	positive regulation of protein transport	regulates_o_occurs_in(WBbt:0008389
GO:0051965	positive regulation of synapse assembly	regulates_o_occurs_in(WBbt:0008389)
GO:2000331	regulation of terminal button organization	regulates_o_occurs_in(WBbt:0008389)
GO:0051964	negative regulation of synapse assembly	regulates_o_occurs_in(WBbt:0008390)
GO:2000331	regulation of terminal button organization	regulates_o_occurs_in(WBbt:0008390)
GO:0045596	negative regulation of cell differentiation	regulates_o_results_in_acquisition_of_features_of(CL:0000029)
GO:0045596	negative regulation of cell differentiation	regulates_o_results_in_acquisition_of_features_of(CL:0000031)
GO:0045638	negative regulation of myeloid cell differentiation	regulates_o_results_in_acquisition_of_features_of(CL:0000037)
GO:0045666	positive regulation of neuron differentiation	regulates_o_results_in_acquisition_of_features_of(CL:0000047)
GO:0030852	regulation of granulocyte differentiation	regulates_o_results_in_acquisition_of_features_of(CL:0000049)
GO:0045637	regulation of myeloid cell differentiation	regulates_o_results_in_acquisition_of_features_of(CL:0000049)
GO:0045662	negative regulation of myoblast differentiation	regulates_o_results_in_acquisition_of_features_of(CL:0000056)
GO:0045597	positive regulation of cell differentiation	regulates_o_results_in_acquisition_of_features_of(CL:0000058)
GO:0045596	negative regulation of cell differentiation	regulates_o_results_in_acquisition_of_features_of(CL:0000059)
GO:0045597	positive regulation of cell differentiation	regulates_o_results_in_acquisition_of_features_of(CL:0000059)
GO:0001649	osteoblast differentiation	regulates_o_results_in_acquisition_of_features_of(CL:0000062)
GO:0045667	regulation of osteoblast differentiation	regulates_o_results_in_acquisition_of_features_of(CL:0000062)
GO:0045669	positive regulation of osteoblast differentiation	regulates_o_results_in_acquisition_of_features_of(CL:0000062)
GO:0045668	negative regulation of osteoblast differentiation	regulates_o_results_in_acquisition_of_features_of(CL:0000062)
GO:0045668	negative regulation of osteoblast differentiation	regulates_o_results_in_acquisition_of_features_of(CL:0000062)
GO:0045669	positive regulation of osteoblast differentiation	regulates_o_results_in_acquisition_of_features_of(CL:0000062)
GO:0001649	osteoblast differentiation	regulates_o_results_in_acquisition_of_features_of(CL:0000062)
GO:0001649	osteoblast differentiation	regulates_o_results_in_acquisition_of_features_of(CL:0000062)
GO:0045667	regulation of osteoblast differentiation	regulates_o_results_in_acquisition_of_features_of(CL:0000062)
GO:0001649	osteoblast differentiation	regulates_o_results_in_acquisition_of_features_of(CL:0000062)
GO:0045670	regulation of osteoclast differentiation	regulates_o_results_in_acquisition_of_features_of(CL:0000062)
GO:0045669	positive regulation of osteoblast differentiation	regulates_o_results_in_acquisition_of_features_of(CL:0000062)
GO:0001649	osteoblast differentiation	regulates_o_results_in_acquisition_of_features_of(CL:0000062)
GO:0045669	positive regulation of osteoblast differentiation	regulates_o_results_in_acquisition_of_features_of(CL:0000062)
GO:0045668	negative regulation of osteoblast differentiation	regulates_o_results_in_acquisition_of_features_of(CL:0000062)
GO:0001649	osteoblast differentiation	regulates_o_results_in_acquisition_of_features_of(CL:0000062)
GO:0030856	regulation of epithelial cell differentiation	regulates_o_results_in_acquisition_of_features_of(CL:0000066)
GO:0030856	regulation of epithelial cell differentiation	regulates_o_results_in_acquisition_of_features_of(CL:0000066)
GO:0045582	positive regulation of T cell differentiation	regulates_o_results_in_acquisition_of_features_of(CL:0000066)
GO:0030858	positive regulation of epithelial cell differentiation	regulates_o_results_in_acquisition_of_features_of(CL:0000066)
GO:0045596	negative regulation of cell differentiation	regulates_o_results_in_acquisition_of_features_of(CL:0000066)
GO:0030858	positive regulation of epithelial cell differentiation	regulates_o_results_in_acquisition_of_features_of(CL:0000075)
GO:0045597	positive regulation of cell differentiation	regulates_o_results_in_acquisition_of_features_of(CL:0000081)
GO:0030858	positive regulation of epithelial cell differentiation	regulates_o_results_in_acquisition_of_features_of(CL:0000082)
GO:0045596	negative regulation of cell differentiation	regulates_o_results_in_acquisition_of_features_of(CL:0000083)
GO:0046638	positive regulation of alpha-beta T cell differentiation	regulates_o_results_in_acquisition_of_features_of(CL:0000084)
GO:0033089	positive regulation of T cell differentiation in thymus	regulates_o_results_in_acquisition_of_features_of(CL:0000084)
GO:0045588	positive regulation of gamma-delta T cell differentiation	regulates_o_results_in_acquisition_of_features_of(CL:0000084)
GO:0045591	positive regulation of regulatory T cell differentiation	regulates_o_results_in_acquisition_of_features_of(CL:0000084)
GO:0045580	regulation of T cell differentiation	regulates_o_results_in_acquisition_of_features_of(CL:0000084)
GO:0045588	positive regulation of gamma-delta T cell differentiation	regulates_o_results_in_acquisition_of_features_of(CL:0000084)
GO:0045581	negative regulation of T cell differentiation	regulates_o_results_in_acquisition_of_features_of(CL:0000084)
GO:0045582	positive regulation of T cell differentiation	regulates_o_results_in_acquisition_of_features_of(CL:0000084)
GO:0045619	regulation of lymphocyte differentiation	regulates_o_results_in_acquisition_of_features_of(CL:0000084)
GO:0045669	positive regulation of osteoblast differentiation	regulates_o_results_in_acquisition_of_features_of(CL:0000084)
GO:0045582	positive regulation of T cell differentiation	regulates_o_results_in_acquisition_of_features_of(CL:0000084)
GO:0033081	regulation of T cell differentiation in thymus	regulates_o_results_in_acquisition_of_features_of(CL:0000084)
GO:0045582	positive regulation of T cell differentiation	regulates_o_results_in_acquisition_of_features_of(CL:0000084)
GO:0032831	positive regulation of CD4-positive, CD25-positive, alpha-beta regulatory T cell differentiation	regulates_o_results_in_acquisition_of_features_of(CL:0000084)
GO:0046638	positive regulation of alpha-beta T cell differentiation	regulates_o_results_in_acquisition_of_features_of(CL:0000084)
GO:0046638	positive regulation of alpha-beta T cell differentiation	regulates_o_results_in_acquisition_of_features_of(CL:0000084)
GO:0001649	osteoblast differentiation	regulates_o_results_in_acquisition_of_features_of(CL:0000092)
GO:0045671	negative regulation of osteoclast differentiation	regulates_o_results_in_acquisition_of_features_of(CL:0000092)
GO:0045596	negative regulation of cell differentiation	regulates_o_results_in_acquisition_of_features_of(CL:0000092)
GO:0045596	negative regulation of cell differentiation	regulates_o_results_in_acquisition_of_features_of(CL:0000092)
GO:0045671	negative regulation of osteoclast differentiation	regulates_o_results_in_acquisition_of_features_of(CL:0000092)
GO:0045670	regulation of osteoclast differentiation	regulates_o_results_in_acquisition_of_features_of(CL:0000092)
GO:0045671	negative regulation of osteoclast differentiation	regulates_o_results_in_acquisition_of_features_of(CL:0000092)
GO:0045672	positive regulation of osteoclast differentiation	regulates_o_results_in_acquisition_of_features_of(CL:0000092)
GO:0030853	negative regulation of granulocyte differentiation	regulates_o_results_in_acquisition_of_features_of(CL:0000094)
GO:0060376	positive regulation of mast cell differentiation	regulates_o_results_in_acquisition_of_features_of(CL:0000097)
GO:0060375	regulation of mast cell differentiation	regulates_o_results_in_acquisition_of_features_of(CL:0000097)
GO:0045666	positive regulation of neuron differentiation	regulates_o_results_in_acquisition_of_features_of(CL:0000099)
GO:0045665	negative regulation of neuron differentiation	regulates_o_results_in_acquisition_of_features_of(CL:0000099)
GO:0045666	positive regulation of neuron differentiation	regulates_o_results_in_acquisition_of_features_of(CL:0000099)
GO:0045666	positive regulation of neuron differentiation	regulates_o_results_in_acquisition_of_features_of(CL:0000099)
GO:0045666	positive regulation of neuron differentiation	regulates_o_results_in_acquisition_of_features_of(CL:0000099)
GO:0045665	negative regulation of neuron differentiation	regulates_o_results_in_acquisition_of_features_of(CL:0000099)
GO:0045666	positive regulation of neuron differentiation	regulates_o_results_in_acquisition_of_features_of(CL:0000100)
GO:0045665	negative regulation of neuron differentiation	regulates_o_results_in_acquisition_of_features_of(CL:0000100)
GO:0045666	positive regulation of neuron differentiation	regulates_o_results_in_acquisition_of_features_of(CL:0000100)
GO:0045665	negative regulation of neuron differentiation	regulates_o_results_in_acquisition_of_features_of(CL:0000100)
GO:0045665	negative regulation of neuron differentiation	regulates_o_results_in_acquisition_of_features_of(CL:0000100)
GO:0045665	negative regulation of neuron differentiation	regulates_o_results_in_acquisition_of_features_of(CL:0000100)
GO:0045665	negative regulation of neuron differentiation	regulates_o_results_in_acquisition_of_features_of(CL:0000101)
GO:0045664	regulation of neuron differentiation	regulates_o_results_in_acquisition_of_features_of(CL:0000101)
GO:0045664	regulation of neuron differentiation	regulates_o_results_in_acquisition_of_features_of(CL:0000101)
GO:0045664	regulation of neuron differentiation	regulates_o_results_in_acquisition_of_features_of(CL:0000101)
GO:0045664	regulation of neuron differentiation	regulates_o_results_in_acquisition_of_features_of(CL:0000101)
GO:0045664	regulation of neuron differentiation	regulates_o_results_in_acquisition_of_features_of(CL:0000101)
GO:0045664	regulation of neuron differentiation	regulates_o_results_in_acquisition_of_features_of(CL:0000101)
GO:0045664	regulation of neuron differentiation	regulates_o_results_in_acquisition_of_features_of(CL:0000101)
GO:0045664	regulation of neuron differentiation	regulates_o_results_in_acquisition_of_features_of(CL:0000101)
GO:0045664	regulation of neuron differentiation	regulates_o_results_in_acquisition_of_features_of(CL:0000101)
GO:0060165	regulation of timing of subpallium neuron differentiation	regulates_o_results_in_acquisition_of_features_of(CL:0000117)
GO:0045666	positive regulation of neuron differentiation	regulates_o_results_in_acquisition_of_features_of(CL:0000117)
GO:0045665	negative regulation of neuron differentiation	regulates_o_results_in_acquisition_of_features_of(CL:0000117)
GO:0045666	positive regulation of neuron differentiation	regulates_o_results_in_acquisition_of_features_of(CL:0000117)
GO:0045665	negative regulation of neuron differentiation	regulates_o_results_in_acquisition_of_features_of(CL:0000117)
GO:0045665	negative regulation of neuron differentiation	regulates_o_results_in_acquisition_of_features_of(CL:0000117)
GO:0045665	negative regulation of neuron differentiation	regulates_o_results_in_acquisition_of_features_of(CL:0000117)
GO:0045665	negative regulation of neuron differentiation	regulates_o_results_in_acquisition_of_features_of(CL:0000117)
GO:0045665	negative regulation of neuron differentiation	regulates_o_results_in_acquisition_of_features_of(CL:0000117)
GO:0045665	negative regulation of neuron differentiation	regulates_o_results_in_acquisition_of_features_of(CL:0000117)
GO:0045666	positive regulation of neuron differentiation	regulates_o_results_in_acquisition_of_features_of(CL:0000117)
GO:0060164	regulation of timing of neuron differentiation	regulates_o_results_in_acquisition_of_features_of(CL:0000117)
GO:0060164	regulation of timing of neuron differentiation	regulates_o_results_in_acquisition_of_features_of(CL:0000117)
GO:0060164	regulation of timing of neuron differentiation	regulates_o_results_in_acquisition_of_features_of(CL:0000117)
GO:0060164	regulation of timing of neuron differentiation	regulates_o_results_in_acquisition_of_features_of(CL:0000117)
GO:0045665	negative regulation of neuron differentiation	regulates_o_results_in_acquisition_of_features_of(CL:0000117)
GO:0045664	regulation of neuron differentiation	regulates_o_results_in_acquisition_of_features_of(CL:0000117)
GO:0045665	negative regulation of neuron differentiation	regulates_o_results_in_acquisition_of_features_of(CL:0000117)
GO:0045665	negative regulation of neuron differentiation	regulates_o_results_in_acquisition_of_features_of(CL:0000117)
GO:0045665	negative regulation of neuron differentiation	regulates_o_results_in_acquisition_of_features_of(CL:0000117)
GO:0045596	negative regulation of cell differentiation	regulates_o_results_in_acquisition_of_features_of(CL:0000120)
GO:0045664	regulation of neuron differentiation	regulates_o_results_in_acquisition_of_features_of(CL:0000120)
GO:0045685	regulation of glial cell differentiation	regulates_o_results_in_acquisition_of_features_of(CL:0000125)
GO:0048712	negative regulation of astrocyte differentiation	regulates_o_results_in_acquisition_of_features_of(CL:0000127)
GO:0045597	positive regulation of cell differentiation	regulates_o_results_in_acquisition_of_features_of(CL:0000127)
GO:0048712	negative regulation of astrocyte differentiation	regulates_o_results_in_acquisition_of_features_of(CL:0000127)
GO:0048712	negative regulation of astrocyte differentiation	regulates_o_results_in_acquisition_of_features_of(CL:0000127)
GO:0048712	negative regulation of astrocyte differentiation	regulates_o_results_in_acquisition_of_features_of(CL:0000127)
GO:0048712	negative regulation of astrocyte differentiation	regulates_o_results_in_acquisition_of_features_of(CL:0000127)
GO:0048712	negative regulation of astrocyte differentiation	regulates_o_results_in_acquisition_of_features_of(CL:0000127)
GO:0048711	positive regulation of astrocyte differentiation	regulates_o_results_in_acquisition_of_features_of(CL:0000127)
GO:0048711	positive regulation of astrocyte differentiation	regulates_o_results_in_acquisition_of_features_of(CL:0000127)
GO:0048712	negative regulation of astrocyte differentiation	regulates_o_results_in_acquisition_of_features_of(CL:0000127)
GO:0048712	negative regulation of astrocyte differentiation	regulates_o_results_in_acquisition_of_features_of(CL:0000127)
GO:0048712	negative regulation of astrocyte differentiation	regulates_o_results_in_acquisition_of_features_of(CL:0000127)
GO:0048712	negative regulation of astrocyte differentiation	regulates_o_results_in_acquisition_of_features_of(CL:0000127)
GO:0048710	regulation of astrocyte differentiation	regulates_o_results_in_acquisition_of_features_of(CL:0000127)
GO:0045687	positive regulation of glial cell differentiation	regulates_o_results_in_acquisition_of_features_of(CL:0000128)
GO:0045687	positive regulation of glial cell differentiation	regulates_o_results_in_acquisition_of_features_of(CL:0000128)
GO:0048715	negative regulation of oligodendrocyte differentiation	regulates_o_results_in_acquisition_of_features_of(CL:0000128)
GO:0048715	negative regulation of oligodendrocyte differentiation	regulates_o_results_in_acquisition_of_features_of(CL:0000128)
GO:0048715	negative regulation of oligodendrocyte differentiation	regulates_o_results_in_acquisition_of_features_of(CL:0000128)
GO:0048715	negative regulation of oligodendrocyte differentiation	regulates_o_results_in_acquisition_of_features_of(CL:0000128)
GO:0048715	negative regulation of oligodendrocyte differentiation	regulates_o_results_in_acquisition_of_features_of(CL:0000128)
GO:0048715	negative regulation of oligodendrocyte differentiation	regulates_o_results_in_acquisition_of_features_of(CL:0000128)
GO:0045686	negative regulation of glial cell differentiation	regulates_o_results_in_acquisition_of_features_of(CL:0000128)
GO:0048714	positive regulation of oligodendrocyte differentiation	regulates_o_results_in_acquisition_of_features_of(CL:0000128)
GO:0048714	positive regulation of oligodendrocyte differentiation	regulates_o_results_in_acquisition_of_features_of(CL:0000128)
GO:0048714	positive regulation of oligodendrocyte differentiation	regulates_o_results_in_acquisition_of_features_of(CL:0000128)
GO:0048715	negative regulation of oligodendrocyte differentiation	regulates_o_results_in_acquisition_of_features_of(CL:0000128)
GO:0048715	negative regulation of oligodendrocyte differentiation	regulates_o_results_in_acquisition_of_features_of(CL:0000128)
GO:0045597	positive regulation of cell differentiation	regulates_o_results_in_acquisition_of_features_of(CL:0000134)
GO:0045599	negative regulation of fat cell differentiation	regulates_o_results_in_acquisition_of_features_of(CL:0000134)
GO:0045597	positive regulation of cell differentiation	regulates_o_results_in_acquisition_of_features_of(CL:0000134)
GO:0002062	chondrocyte differentiation	regulates_o_results_in_acquisition_of_features_of(CL:0000134)
GO:0050873	brown fat cell differentiation	regulates_o_results_in_acquisition_of_features_of(CL:0000136)
GO:0045600	positive regulation of fat cell differentiation	regulates_o_results_in_acquisition_of_features_of(CL:0000136)
GO:0045599	negative regulation of fat cell differentiation	regulates_o_results_in_acquisition_of_features_of(CL:0000136)
GO:0045599	negative regulation of fat cell differentiation	regulates_o_results_in_acquisition_of_features_of(CL:0000136)
GO:0032332	positive regulation of chondrocyte differentiation	regulates_o_results_in_acquisition_of_features_of(CL:0000138)
GO:0002062	chondrocyte differentiation	regulates_o_results_in_acquisition_of_features_of(CL:0000138)
GO:0032332	positive regulation of chondrocyte differentiation	regulates_o_results_in_acquisition_of_features_of(CL:0000138)
GO:0002062	chondrocyte differentiation	regulates_o_results_in_acquisition_of_features_of(CL:0000138)
GO:0002062	chondrocyte differentiation	regulates_o_results_in_acquisition_of_features_of(CL:0000138)
GO:0032331	negative regulation of chondrocyte differentiation	regulates_o_results_in_acquisition_of_features_of(CL:0000138)
GO:0032331	negative regulation of chondrocyte differentiation	regulates_o_results_in_acquisition_of_features_of(CL:0000138)
GO:0032331	negative regulation of chondrocyte differentiation	regulates_o_results_in_acquisition_of_features_of(CL:0000138)
GO:0002062	chondrocyte differentiation	regulates_o_results_in_acquisition_of_features_of(CL:0000138)
GO:0032330	regulation of chondrocyte differentiation	regulates_o_results_in_acquisition_of_features_of(CL:0000138)
GO:0032330	regulation of chondrocyte differentiation	regulates_o_results_in_acquisition_of_features_of(CL:0000138)
GO:0032330	regulation of chondrocyte differentiation	regulates_o_results_in_acquisition_of_features_of(CL:0000138)
GO:0045596	negative regulation of cell differentiation	regulates_o_results_in_acquisition_of_features_of(CL:0000138)
GO:0032331	negative regulation of chondrocyte differentiation	regulates_o_results_in_acquisition_of_features_of(CL:0000138)
GO:0032331	negative regulation of chondrocyte differentiation	regulates_o_results_in_acquisition_of_features_of(CL:0000138)
GO:0002062	chondrocyte differentiation	regulates_o_results_in_acquisition_of_features_of(CL:0000138)
GO:0032330	regulation of chondrocyte differentiation	regulates_o_results_in_acquisition_of_features_of(CL:0000138)
GO:0032330	regulation of chondrocyte differentiation	regulates_o_results_in_acquisition_of_features_of(CL:0000138)
GO:0045636	positive regulation of melanocyte differentiation	regulates_o_results_in_acquisition_of_features_of(CL:0000148)
GO:0030858	positive regulation of epithelial cell differentiation	regulates_o_results_in_acquisition_of_features_of(CL:0000160)
GO:0030858	positive regulation of epithelial cell differentiation	regulates_o_results_in_acquisition_of_features_of(CL:0000160)
GO:0061106	negative regulation of stomach neuroendocrine cell differentiation	regulates_o_results_in_acquisition_of_features_of(CL:0000164)
GO:0045596	negative regulation of cell differentiation	regulates_o_results_in_acquisition_of_features_of(CL:0000165)
GO:0045597	positive regulation of cell differentiation	regulates_o_results_in_acquisition_of_features_of(CL:0000169)
GO:2000227	negative regulation of pancreatic A cell differentiation	regulates_o_results_in_acquisition_of_features_of(CL:0000171)
GO:0045596	negative regulation of cell differentiation	regulates_o_results_in_acquisition_of_features_of(CL:0000174)
GO:0070367	negative regulation of hepatocyte differentiation	regulates_o_results_in_acquisition_of_features_of(CL:0000182)
GO:0051153	regulation of striated muscle cell differentiation	regulates_o_results_in_acquisition_of_features_of(CL:0000189)
GO:0045597	positive regulation of cell differentiation	regulates_o_results_in_acquisition_of_features_of(CL:0000202
GO:0045609	positive regulation of auditory receptor cell differentiation	regulates_o_results_in_acquisition_of_features_of(CL:0000202)
GO:0045597	positive regulation of cell differentiation	regulates_o_results_in_acquisition_of_features_of(CL:0000202)
GO:0045607	regulation of auditory receptor cell differentiation	regulates_o_results_in_acquisition_of_features_of(CL:0000202)
GO:0045597	positive regulation of cell differentiation	regulates_o_results_in_acquisition_of_features_of(CL:0000214)
GO:0051150	regulation of smooth muscle cell differentiation	regulates_o_results_in_acquisition_of_features_of(CL:0000222)
GO:0045596	negative regulation of cell differentiation	regulates_o_results_in_acquisition_of_features_of(CL:0000223)
GO:0045597	positive regulation of cell differentiation	regulates_o_results_in_acquisition_of_features_of(CL:0000223)
GO:0045597	positive regulation of cell differentiation	regulates_o_results_in_acquisition_of_features_of(CL:0000223)
GO:0045648	positive regulation of erythrocyte differentiation	regulates_o_results_in_acquisition_of_features_of(CL:0000232)
GO:0045648	positive regulation of erythrocyte differentiation	regulates_o_results_in_acquisition_of_features_of(CL:0000232)
GO:0045648	positive regulation of erythrocyte differentiation	regulates_o_results_in_acquisition_of_features_of(CL:0000232)
GO:0045647	negative regulation of erythrocyte differentiation	regulates_o_results_in_acquisition_of_features_of(CL:0000232)
GO:0045646	regulation of erythrocyte differentiation	regulates_o_results_in_acquisition_of_features_of(CL:0000232)
GO:0045637	regulation of myeloid cell differentiation	regulates_o_results_in_acquisition_of_features_of(CL:0000233)
GO:0045639	positive regulation of myeloid cell differentiation	regulates_o_results_in_acquisition_of_features_of(CL:0000233)
GO:0045651	positive regulation of macrophage differentiation	regulates_o_results_in_acquisition_of_features_of(CL:0000235)
GO:0045650	negative regulation of macrophage differentiation	regulates_o_results_in_acquisition_of_features_of(CL:0000235)
GO:0045577	regulation of B cell differentiation	regulates_o_results_in_acquisition_of_features_of(CL:0000236)
GO:0045579	positive regulation of B cell differentiation	regulates_o_results_in_acquisition_of_features_of(CL:0000236)
GO:0045578	negative regulation of B cell differentiation	regulates_o_results_in_acquisition_of_features_of(CL:0000236)
GO:0045578	negative regulation of B cell differentiation	regulates_o_results_in_acquisition_of_features_of(CL:0000236)
GO:0045578	negative regulation of B cell differentiation	regulates_o_results_in_acquisition_of_features_of(CL:0000236)
GO:0045579	positive regulation of B cell differentiation	regulates_o_results_in_acquisition_of_features_of(CL:0000236)
GO:0045619	regulation of lymphocyte differentiation	regulates_o_results_in_acquisition_of_features_of(CL:0000236)
GO:0045579	positive regulation of B cell differentiation	regulates_o_results_in_acquisition_of_features_of(CL:0000236)
GO:0045579	positive regulation of B cell differentiation	regulates_o_results_in_acquisition_of_features_of(CL:0000236)
GO:0045579	positive regulation of B cell differentiation	regulates_o_results_in_acquisition_of_features_of(CL:0000236)
GO:0045579	positive regulation of B cell differentiation	regulates_o_results_in_acquisition_of_features_of(CL:0000236)
GO:0045596	negative regulation of cell differentiation	regulates_o_results_in_acquisition_of_features_of(CL:0000306)
GO:0045596	negative regulation of cell differentiation	regulates_o_results_in_acquisition_of_features_of(CL:0000306)
GO:0045597	positive regulation of cell differentiation	regulates_o_results_in_acquisition_of_features_of(CL:0000306)
GO:0045618	positive regulation of keratinocyte differentiation	regulates_o_results_in_acquisition_of_features_of(CL:0000312)
GO:0045617	negative regulation of keratinocyte differentiation	regulates_o_results_in_acquisition_of_features_of(CL:0000312)
GO:0045596	negative regulation of cell differentiation	regulates_o_results_in_acquisition_of_features_of(CL:0000351)
GO:0045597	positive regulation of cell differentiation	regulates_o_results_in_acquisition_of_features_of(CL:0000351)
GO:0045605	negative regulation of epidermal cell differentiation	regulates_o_results_in_acquisition_of_features_of(CL:0000362)
GO:0045665	negative regulation of neuron differentiation	regulates_o_results_in_acquisition_of_features_of(CL:0000402)
GO:0045596	negative regulation of cell differentiation	regulates_o_results_in_acquisition_of_features_of(CL:0000440)
GO:0045599	negative regulation of fat cell differentiation	regulates_o_results_in_acquisition_of_features_of(CL:0000448)
GO:0045600	positive regulation of fat cell differentiation	regulates_o_results_in_acquisition_of_features_of(CL:0000448)
GO:0045600	positive regulation of fat cell differentiation	regulates_o_results_in_acquisition_of_features_of(CL:0000448)
GO:0050873	brown fat cell differentiation	regulates_o_results_in_acquisition_of_features_of(CL:0000449)
GO:0045599	negative regulation of fat cell differentiation	regulates_o_results_in_acquisition_of_features_of(CL:0000449)
GO:0050873	brown fat cell differentiation	regulates_o_results_in_acquisition_of_features_of(CL:0000449)
GO:2001199	negative regulation of dendritic cell differentiation	regulates_o_results_in_acquisition_of_features_of(CL:0000451)
GO:0043370	regulation of CD4-positive, alpha-beta T cell differentiation	regulates_o_results_in_acquisition_of_features_of(CL:0000492)
GO:0030858	positive regulation of epithelial cell differentiation	regulates_o_results_in_acquisition_of_features_of(CL:0000510)
GO:0045666	positive regulation of neuron differentiation	regulates_o_results_in_acquisition_of_features_of(CL:0000540)
GO:0045665	negative regulation of neuron differentiation	regulates_o_results_in_acquisition_of_features_of(CL:0000540)
GO:0045666	positive regulation of neuron differentiation	regulates_o_results_in_acquisition_of_features_of(CL:0000540)
GO:0045665	negative regulation of neuron differentiation	regulates_o_results_in_acquisition_of_features_of(CL:0000540)
GO:0045664	regulation of neuron differentiation	regulates_o_results_in_acquisition_of_features_of(CL:0000540)
GO:0045664	regulation of neuron differentiation	regulates_o_results_in_acquisition_of_features_of(CL:0000540)
GO:0060164	regulation of timing of neuron differentiation	regulates_o_results_in_acquisition_of_features_of(CL:0000540)
GO:0045665	negative regulation of neuron differentiation	regulates_o_results_in_acquisition_of_features_of(CL:0000540)
GO:0045665	negative regulation of neuron differentiation	regulates_o_results_in_acquisition_of_features_of(CL:0000540)
GO:0045665	negative regulation of neuron differentiation	regulates_o_results_in_acquisition_of_features_of(CL:0000540)
GO:0045666	positive regulation of neuron differentiation	regulates_o_results_in_acquisition_of_features_of(CL:0000540)
GO:0045636	positive regulation of melanocyte differentiation	regulates_o_results_in_acquisition_of_features_of(CL:0000541)
GO:0045636	positive regulation of melanocyte differentiation	regulates_o_results_in_acquisition_of_features_of(CL:0000541)
GO:0045636	positive regulation of melanocyte differentiation	regulates_o_results_in_acquisition_of_features_of(CL:0000541)
GO:0045621	positive regulation of lymphocyte differentiation	regulates_o_results_in_acquisition_of_features_of(CL:0000542)
GO:0045627	positive regulation of T-helper 1 cell differentiation	regulates_o_results_in_acquisition_of_features_of(CL:0000545)
GO:0045626	negative regulation of T-helper 1 cell differentiation	regulates_o_results_in_acquisition_of_features_of(CL:0000545)
GO:0045630	positive regulation of T-helper 2 cell differentiation	regulates_o_results_in_acquisition_of_features_of(CL:0000546)
GO:0045629	negative regulation of T-helper 2 cell differentiation	regulates_o_results_in_acquisition_of_features_of(CL:0000546)
GO:0045665	negative regulation of neuron differentiation	regulates_o_results_in_acquisition_of_features_of(CL:0000561)
GO:0045596	negative regulation of cell differentiation	regulates_o_results_in_acquisition_of_features_of(CL:0000561)
GO:0045666	positive regulation of neuron differentiation	regulates_o_results_in_acquisition_of_features_of(CL:0000561)
GO:0046533	negative regulation of photoreceptor cell differentiation	regulates_o_results_in_acquisition_of_features_of(CL:0000573)
GO:0045656	negative regulation of monocyte differentiation	regulates_o_results_in_acquisition_of_features_of(CL:0000576)
GO:0045657	positive regulation of monocyte differentiation	regulates_o_results_in_acquisition_of_features_of(CL:0000576)
GO:0045597	positive regulation of cell differentiation	regulates_o_results_in_acquisition_of_features_of(CL:0000589)
GO:0045608	negative regulation of auditory receptor cell differentiation	regulates_o_results_in_acquisition_of_features_of(CL:0000589)
GO:0045666	positive regulation of neuron differentiation	regulates_o_results_in_acquisition_of_features_of(CL:0000598)
GO:0045608	negative regulation of auditory receptor cell differentiation	regulates_o_results_in_acquisition_of_features_of(CL:0000601)
GO:0046533	negative regulation of photoreceptor cell differentiation	regulates_o_results_in_acquisition_of_features_of(CL:0000604)
GO:0045665	negative regulation of neuron differentiation	regulates_o_results_in_acquisition_of_features_of(CL:0000617
GO:0045666	positive regulation of neuron differentiation	regulates_o_results_in_acquisition_of_features_of(CL:0000617)
GO:0045665	negative regulation of neuron differentiation	regulates_o_results_in_acquisition_of_features_of(CL:0000617)
GO:0045665	negative regulation of neuron differentiation	regulates_o_results_in_acquisition_of_features_of(CL:0000617)
GO:0032825	positive regulation of natural killer cell differentiation	regulates_o_results_in_acquisition_of_features_of(CL:0000623)
GO:0032825	positive regulation of natural killer cell differentiation	regulates_o_results_in_acquisition_of_features_of(CL:0000623)
GO:0032831	positive regulation of CD4-positive, CD25-positive, alpha-beta regulatory T cell differentiation	regulates_o_results_in_acquisition_of_features_of(CL:0000624)
GO:0045591	positive regulation of regulatory T cell differentiation	regulates_o_results_in_acquisition_of_features_of(CL:0000624)
GO:0043372	positive regulation of CD4-positive, alpha-beta T cell differentiation	regulates_o_results_in_acquisition_of_features_of(CL:0000624)
GO:0043372	positive regulation of CD4-positive, alpha-beta T cell differentiation	regulates_o_results_in_acquisition_of_features_of(CL:0000624)
GO:0043372	positive regulation of CD4-positive, alpha-beta T cell differentiation	regulates_o_results_in_acquisition_of_features_of(CL:0000624)
GO:0043372	positive regulation of CD4-positive, alpha-beta T cell differentiation	regulates_o_results_in_acquisition_of_features_of(CL:0000624)
GO:0043376	regulation of CD8-positive, alpha-beta T cell differentiation	regulates_o_results_in_acquisition_of_features_of(CL:0000625)
GO:0045596	negative regulation of cell differentiation	regulates_o_results_in_acquisition_of_features_of(CL:0000635)
GO:0048712	negative regulation of astrocyte differentiation	regulates_o_results_in_acquisition_of_features_of(CL:0000644)
GO:0045665	negative regulation of neuron differentiation	regulates_o_results_in_acquisition_of_features_of(CL:0000679)
GO:0045665	negative regulation of neuron differentiation	regulates_o_results_in_acquisition_of_features_of(CL:0000679)
GO:0045665	negative regulation of neuron differentiation	regulates_o_results_in_acquisition_of_features_of(CL:0000695)
GO:0045666	positive regulation of neuron differentiation	regulates_o_results_in_acquisition_of_features_of(CL:0000695)
GO:0045665	negative regulation of neuron differentiation	regulates_o_results_in_acquisition_of_features_of(CL:0000700)
GO:0045666	positive regulation of neuron differentiation	regulates_o_results_in_acquisition_of_features_of(CL:0000700)
GO:0045638	negative regulation of myeloid cell differentiation	regulates_o_results_in_acquisition_of_features_of(CL:0000736)
GO:0045596	negative regulation of cell differentiation	regulates_o_results_in_acquisition_of_features_of(CL:0000740)
GO:0045665	negative regulation of neuron differentiation	regulates_o_results_in_acquisition_of_features_of(CL:0000740)
GO:0045596	negative regulation of cell differentiation	regulates_o_results_in_acquisition_of_features_of(CL:0000740)
GO:0002062	chondrocyte differentiation	regulates_o_results_in_acquisition_of_features_of(CL:0000743)
GO:0032332	positive regulation of chondrocyte differentiation	regulates_o_results_in_acquisition_of_features_of(CL:0000743)
GO:0032332	positive regulation of chondrocyte differentiation	regulates_o_results_in_acquisition_of_features_of(CL:0000743)
GO:0045596	negative regulation of cell differentiation	regulates_o_results_in_acquisition_of_features_of(CL:0000743)
GO:0001649	osteoblast differentiation	regulates_o_results_in_acquisition_of_features_of(CL:0000743)
GO:0032332	positive regulation of chondrocyte differentiation	regulates_o_results_in_acquisition_of_features_of(CL:0000743)
GO:0032332	positive regulation of chondrocyte differentiation	regulates_o_results_in_acquisition_of_features_of(CL:0000743)
GO:0032332	positive regulation of chondrocyte differentiation	regulates_o_results_in_acquisition_of_features_of(CL:0000743)
GO:0032332	positive regulation of chondrocyte differentiation	regulates_o_results_in_acquisition_of_features_of(CL:0000743)
GO:0032332	positive regulation of chondrocyte differentiation	regulates_o_results_in_acquisition_of_features_of(CL:0000743)
GO:0032332	positive regulation of chondrocyte differentiation	regulates_o_results_in_acquisition_of_features_of(CL:0000743)
GO:0032331	negative regulation of chondrocyte differentiation	regulates_o_results_in_acquisition_of_features_of(CL:0000743)
GO:0002062	chondrocyte differentiation	regulates_o_results_in_acquisition_of_features_of(CL:0000743)
GO:0002062	chondrocyte differentiation	regulates_o_results_in_acquisition_of_features_of(CL:0000743)
GO:0045596	negative regulation of cell differentiation	regulates_o_results_in_acquisition_of_features_of(CL:0000744)
GO:0045665	negative regulation of neuron differentiation	regulates_o_results_in_acquisition_of_features_of(CL:0000745)
GO:0045638	negative regulation of myeloid cell differentiation	regulates_o_results_in_acquisition_of_features_of(CL:0000763)
GO:2001199	negative regulation of dendritic cell differentiation	regulates_o_results_in_acquisition_of_features_of(CL:0000784)
GO:0045596	negative regulation of cell differentiation	regulates_o_results_in_acquisition_of_features_of(CL:0000786)
GO:0046638	positive regulation of alpha-beta T cell differentiation	regulates_o_results_in_acquisition_of_features_of(CL:0000790)
GO:0046638	positive regulation of alpha-beta T cell differentiation	regulates_o_results_in_acquisition_of_features_of(CL:0000790)
GO:0032831	positive regulation of CD4-positive, CD25-positive, alpha-beta regulatory T cell differentiation	regulates_o_results_in_acquisition_of_features_of(CL:0000792)
GO:0045582	positive regulation of T cell differentiation	regulates_o_results_in_acquisition_of_features_of(CL:0000798)
GO:0045588	positive regulation of gamma-delta T cell differentiation	regulates_o_results_in_acquisition_of_features_of(CL:0000798)
GO:0045588	positive regulation of gamma-delta T cell differentiation	regulates_o_results_in_acquisition_of_features_of(CL:0000799)
GO:0046639	negative regulation of alpha-beta T cell differentiation	regulates_o_results_in_acquisition_of_features_of(CL:0000809)
GO:0043380	regulation of memory T cell differentiation	regulates_o_results_in_acquisition_of_features_of(CL:0000813)
GO:0045577	regulation of B cell differentiation	regulates_o_results_in_acquisition_of_features_of(CL:0000816)
GO:0002763	positive regulation of myeloid leukocyte differentiation	regulates_o_results_in_acquisition_of_features_of(CL:0000837)
GO:0045639	positive regulation of myeloid cell differentiation	regulates_o_results_in_acquisition_of_features_of(CL:0000839)
GO:0045666	positive regulation of neuron differentiation	regulates_o_results_in_acquisition_of_features_of(CL:0000850)
GO:0033085	negative regulation of T cell differentiation in thymus	regulates_o_results_in_acquisition_of_features_of(CL:0000893)
GO:0046638	positive regulation of alpha-beta T cell differentiation	regulates_o_results_in_acquisition_of_features_of(CL:0000893)
GO:0033089	positive regulation of T cell differentiation in thymus	regulates_o_results_in_acquisition_of_features_of(CL:0000893)
GO:2001200	positive regulation of dendritic cell differentiation	regulates_o_results_in_acquisition_of_features_of(CL:0000990)
GO:0045638	negative regulation of myeloid cell differentiation	regulates_o_results_in_acquisition_of_features_of(CL:0002031)
GO:0045596	negative regulation of cell differentiation	regulates_o_results_in_acquisition_of_features_of(CL:0002062
GO:0030857	negative regulation of epithelial cell differentiation	regulates_o_results_in_acquisition_of_features_of(CL:0002062)
GO:0045672	positive regulation of osteoclast differentiation	regulates_o_results_in_acquisition_of_features_of(CL:0002092)
GO:0045605	negative regulation of epidermal cell differentiation	regulates_o_results_in_acquisition_of_features_of(CL:0002187)
GO:0045597	positive regulation of cell differentiation	regulates_o_results_in_acquisition_of_features_of(CL:0002322)
GO:0019827	stem cell population maintenance	regulates_o_results_in_acquisition_of_features_of(CL:0002322)
GO:2000738	positive regulation of stem cell differentiation	regulates_o_results_in_acquisition_of_features_of(CL:0002322)
GO:0045596	negative regulation of cell differentiation	regulates_o_results_in_acquisition_of_features_of(CL:0002322)
GO:0045666	positive regulation of neuron differentiation	regulates_o_results_in_acquisition_of_features_of(CL:0002362)
GO:0030856	regulation of epithelial cell differentiation	regulates_o_results_in_acquisition_of_features_of(CL:0002368)
GO:0010832	negative regulation of myotube differentiation	regulates_o_results_in_acquisition_of_features_of(CL:0002372
GO:0010831	positive regulation of myotube differentiation	regulates_o_results_in_acquisition_of_features_of(CL:0002372)
GO:0010832	negative regulation of myotube differentiation	regulates_o_results_in_acquisition_of_features_of(CL:0002372)
GO:0045672	positive regulation of osteoclast differentiation	regulates_o_results_in_acquisition_of_features_of(CL:0002476)
GO:0045596	negative regulation of cell differentiation	regulates_o_results_in_acquisition_of_features_of(CL:0002488)
GO:0045665	negative regulation of neuron differentiation	regulates_o_results_in_acquisition_of_features_of(CL:0011107
GO:0045596	negative regulation of cell differentiation	regulates_o_results_in_acquisition_of_features_of(CL:1000191)
GO:0045597	positive regulation of cell differentiation	regulates_o_results_in_acquisition_of_features_of(CL:1000191)
GO:0045597	positive regulation of cell differentiation	regulates_o_results_in_acquisition_of_features_of(CL:1000191)
GO:0045596	negative regulation of cell differentiation	regulates_o_results_in_acquisition_of_features_of(CL:1000274)
GO:0045597	positive regulation of cell differentiation	regulates_o_results_in_acquisition_of_features_of(CL:1000274)
GO:1904799	regulation of neuron remodeling	regulates_o_results_in_acquisition_of_features_of(WBbt:0005270)
GO:0045605	negative regulation of epidermal cell differentiation	regulates_o_results_in_acquisition_of_features_of(WBbt:0005753)
GO:0045596	negative regulation of cell differentiation	regulates_o_results_in_acquisition_of_features_of(WBbt:0005753)
GO:0045596	negative regulation of cell differentiation	regulates_o_results_in_acquisition_of_features_of(WBbt:0006865
GO:0010454	negative regulation of cell fate commitment	regulates_o_results_in_commitment_to(CL:0000066)
GO:0010454	negative regulation of cell fate commitment	regulates_o_results_in_commitment_to(CL:0000099)
GO:0010454	negative regulation of cell fate commitment	regulates_o_results_in_commitment_to(CL:0000158)
GO:0010454	negative regulation of cell fate commitment	regulates_o_results_in_commitment_to(CL:0000222)
GO:0010453	regulation of cell fate commitment	regulates_o_results_in_commitment_to(CL:0002325)
GO:0021882	regulation of transcription from RNA polymerase II promoter involved in forebrain neuron fate commitment	regulates_o_results_in_commitment_to(CL:0002609)
GO:0010721	negative regulation of cell development	regulates_o_results_in_development_of(CL:0000015)
GO:0060282	positive regulation of oocyte development	regulates_o_results_in_development_of(CL:0000023)
GO:0060282	positive regulation of oocyte development	regulates_o_results_in_development_of(CL:0000024)
GO:2001206	positive regulation of osteoclast development	regulates_o_results_in_development_of(CL:0000092)
GO:0010721	negative regulation of cell development	regulates_o_results_in_development_of(CL:0000182)
GO:0045664	regulation of neuron differentiation	regulates_o_results_in_development_of(CL:0000601
GO:0060284	regulation of cell development	regulates_o_results_in_development_of(CL:0000700)
GO:0010720	positive regulation of cell development	regulates_o_results_in_development_of(CL:0000743)
GO:0010720	positive regulation of cell development	regulates_o_results_in_development_of(CL:0000743)
GO:2001187	positive regulation of CD8-positive, alpha-beta T cell activation	regulates_o_results_in_development_of(CL:0000913
GO:2001187	positive regulation of CD8-positive, alpha-beta T cell activation	regulates_o_results_in_development_of(CL:0000913
GO:2001187	positive regulation of CD8-positive, alpha-beta T cell activation	regulates_o_results_in_development_of(CL:0000913
GO:2001187	positive regulation of CD8-positive, alpha-beta T cell activation	regulates_o_results_in_development_of(CL:0000913
GO:0050868	negative regulation of T cell activation	regulates_o_results_in_development_of(CL:0001044)
GO:0050868	negative regulation of T cell activation	regulates_o_results_in_development_of(CL:0001050)
GO:0090425	acinar cell differentiation	regulates_o_results_in_development_of(CL:0002064)
GO:0045682	regulation of epidermis development	regulates_o_results_in_development_of(EMAPA:16096)
GO:0048643	positive regulation of skeletal muscle tissue development	regulates_o_results_in_development_of(EMAPA:16184
GO:0048643	positive regulation of skeletal muscle tissue development	regulates_o_results_in_development_of(EMAPA:16184
GO:0048643	positive regulation of skeletal muscle tissue development	regulates_o_results_in_development_of(EMAPA:16184
GO:2000287	positive regulation of myotome development	regulates_o_results_in_development_of(EMAPA:16184)
GO:0001759	organ induction	regulates_o_results_in_development_of(EMAPA:16195)
GO:0061036	positive regulation of cartilage development	regulates_o_results_in_development_of(EMAPA:16405
GO:0061037	negative regulation of cartilage development	regulates_o_results_in_development_of(EMAPA:16405
GO:0048643	positive regulation of skeletal muscle tissue development	regulates_o_results_in_development_of(EMAPA:16405)
GO:0001759	organ induction	regulates_o_results_in_development_of(EMAPA:16512)
GO:0001759	organ induction	regulates_o_results_in_development_of(EMAPA:16539)
GO:0001759	organ induction	regulates_o_results_in_development_of(EMAPA:16540)
GO:0001759	organ induction	regulates_o_results_in_development_of(EMAPA:16574)
GO:0060284	regulation of cell development	regulates_o_results_in_development_of(EMAPA:16974
GO:0001759	organ induction	regulates_o_results_in_development_of(EMAPA:17207)
GO:0001759	organ induction	regulates_o_results_in_development_of(EMAPA:17209)
GO:0051797	regulation of hair follicle development	regulates_o_results_in_development_of(EMAPA:17525)
GO:0051799	negative regulation of hair follicle development	regulates_o_results_in_development_of(EMAPA:17528)
GO:2000194	regulation of female gonad development	regulates_o_results_in_development_of(EMAPA:17962)
GO:2000019	negative regulation of male gonad development	regulates_o_results_in_development_of(EMAPA:17972)
GO:2000020	positive regulation of male gonad development	regulates_o_results_in_development_of(EMAPA:17972)
GO:0051799	negative regulation of hair follicle development	regulates_o_results_in_development_of(EMAPA:18771
GO:0051799	negative regulation of hair follicle development	regulates_o_results_in_development_of(EMAPA:18771)
GO:0048641	regulation of skeletal muscle tissue development	regulates_o_results_in_development_of(EMAPA:32716)
GO:0045995	regulation of embryonic development	regulates_o_results_in_development_of(EMAPA:35689)
GO:2000027	regulation of organ morphogenesis	regulates_o_results_in_development_of(UBERON:0009074)
GO:2000134	negative regulation of G1/S transition of mitotic cell cycle	regulates_o_results_in_division_of(CL:0000056)
GO:0051781	positive regulation of cell division	regulates_o_results_in_division_of(CL:0000066)
GO:0051781	positive regulation of cell division	regulates_o_results_in_division_of(CL:0000169)
GO:0051781	positive regulation of cell division	regulates_o_results_in_division_of(CL:0000646)
GO:0045769	negative regulation of asymmetric cell division	regulates_o_results_in_division_of(CL:0000710)
GO:0016525	negative regulation of angiogenesis	regulates_o_results_in_formation_of(EMAPA:16198)
GO:0042483	negative regulation of odontogenesis	regulates_o_results_in_formation_of(EMAPA:16262)
GO:0050767	regulation of neurogenesis	regulates_o_results_in_formation_of(EMAPA:16801
GO:0050767	regulation of neurogenesis	regulates_o_results_in_formation_of(EMAPA:16896)
GO:0050767	regulation of neurogenesis	regulates_o_results_in_formation_of(EMAPA:16910)
GO:0050767	regulation of neurogenesis	regulates_o_results_in_formation_of(EMAPA:16974
GO:0050767	regulation of neurogenesis	regulates_o_results_in_formation_of(EMAPA:17544
GO:0002636	positive regulation of germinal center formation	regulates_o_results_in_formation_of(EMAPA:18767)
GO:0060685	regulation of prostatic bud formation	regulates_o_results_in_formation_of(EMAPA:18995
GO:0060686	negative regulation of prostatic bud formation	regulates_o_results_in_formation_of(EMAPA:19287)
GO:0016525	negative regulation of angiogenesis	regulates_o_results_in_formation_of(EMAPA:32743
GO:0045766	positive regulation of angiogenesis	regulates_o_results_in_formation_of(EMAPA:32743
GO:0042488	positive regulation of odontogenesis of dentin-containing tooth	regulates_o_results_in_formation_of(EMAPA:32897)
GO:0042487	regulation of odontogenesis of dentin-containing tooth	regulates_o_results_in_formation_of(EMAPA:32906)
GO:0045766	positive regulation of angiogenesis	regulates_o_results_in_formation_of(EMAPA:35269)
GO:0002636	positive regulation of germinal center formation	regulates_o_results_in_formation_of(EMAPA:35803)
GO:0045766	positive regulation of angiogenesis	regulates_o_results_in_formation_of(EMAPA:36520
GO:0045765	regulation of angiogenesis	regulates_o_results_in_formation_of(EMAPA:36520)
GO:0045765	regulation of angiogenesis	regulates_o_results_in_formation_of(EMAPA:36611)
GO:0014042	positive regulation of neuron maturation	regulates_o_results_in_maturation_of(CL:0000101)
GO:0014042	positive regulation of neuron maturation	regulates_o_results_in_maturation_of(CL:0000101)
GO:0022604	regulation of cell morphogenesis	regulates_o_results_in_morphogenesis_of(CL:0000059)
GO:0010769	regulation of cell morphogenesis involved in differentiation	regulates_o_results_in_morphogenesis_of(CL:0000127)
GO:2000027	regulation of organ morphogenesis	regulates_o_results_in_morphogenesis_of(EMAPA:16558)
GO:2000027	regulation of organ morphogenesis	regulates_o_results_in_morphogenesis_of(EMAPA:17068)
GO:0090190	positive regulation of branching involved in ureteric bud morphogenesis	regulates_o_results_in_morphogenesis_of(EMAPA:17373)
GO:0060688	regulation of morphogenesis of a branching structure	regulates_o_results_in_morphogenesis_of(EMAPA:19287)
GO:0003340	negative regulation of mesenchymal to epithelial transition involved in metanephros morphogenesis	regulates_o_results_in_morphogenesis_of(EMAPA:27678)
GO:0060688	regulation of morphogenesis of a branching structure	regulates_o_results_in_morphogenesis_of(EMAPA:29771)
GO:0030336	negative regulation of cell migration	regulates_o_results_in_movement_of(CL:0000011)
GO:0030334	regulation of cell migration	regulates_o_results_in_movement_of(CL:0000056)
GO:0030334	regulation of cell migration	regulates_o_results_in_movement_of(CL:0000056)
GO:0030334	regulation of cell migration	regulates_o_results_in_movement_of(CL:0000056)
GO:2000288	positive regulation of myoblast proliferation	regulates_o_results_in_movement_of(CL:0000056)
GO:0030334	regulation of cell migration	regulates_o_results_in_movement_of(CL:0000057)
GO:0030336	negative regulation of cell migration	regulates_o_results_in_movement_of(CL:0000057)
GO:0030335	positive regulation of cell migration	regulates_o_results_in_movement_of(CL:0000057)
GO:0030335	positive regulation of cell migration	regulates_o_results_in_movement_of(CL:0000057)
GO:0050930	induction of positive chemotaxis	regulates_o_results_in_movement_of(CL:0000066)
GO:0010633	negative regulation of epithelial cell migration	regulates_o_results_in_movement_of(CL:0000066)
GO:0043537	negative regulation of blood vessel endothelial cell migration	regulates_o_results_in_movement_of(CL:0000071)
GO:0043536	positive regulation of blood vessel endothelial cell migration	regulates_o_results_in_movement_of(CL:0000071)
GO:0030335	positive regulation of cell migration	regulates_o_results_in_movement_of(CL:0000071)
GO:0030336	negative regulation of cell migration	regulates_o_results_in_movement_of(CL:0000071)
GO:0090049	regulation of cell migration involved in sprouting angiogenesis	regulates_o_results_in_movement_of(CL:0000071)
GO:0030335	positive regulation of cell migration	regulates_o_results_in_movement_of(CL:0000084)
GO:0030334	regulation of cell migration	regulates_o_results_in_movement_of(CL:0000084)
GO:2000406	positive regulation of T cell migration	regulates_o_results_in_movement_of(CL:0000084)
GO:0030335	positive regulation of cell migration	regulates_o_results_in_movement_of(CL:0000092)
GO:0030336	negative regulation of cell migration	regulates_o_results_in_movement_of(CL:0000092)
GO:0002686	negative regulation of leukocyte migration	regulates_o_results_in_movement_of(CL:0000097)
GO:0030335	positive regulation of cell migration	regulates_o_results_in_movement_of(CL:0000115)
GO:0006933	negative regulation of cell adhesion involved in substrate-bound cell migration	regulates_o_results_in_movement_of(CL:0000115)
GO:0030334	regulation of cell migration	regulates_o_results_in_movement_of(CL:0000117)
GO:0030334	regulation of cell migration	regulates_o_results_in_movement_of(CL:0000120)
GO:0030334	regulation of cell migration	regulates_o_results_in_movement_of(CL:0000120)
GO:0030334	regulation of cell migration	regulates_o_results_in_movement_of(CL:0000121)
GO:0030334	regulation of cell migration	regulates_o_results_in_movement_of(CL:0000128)
GO:0030334	regulation of cell migration	regulates_o_results_in_movement_of(CL:0000128)
GO:0030335	positive regulation of cell migration	regulates_o_results_in_movement_of(CL:0000134)
GO:0030335	positive regulation of cell migration	regulates_o_results_in_movement_of(CL:0000134)
GO:0030335	positive regulation of cell migration	regulates_o_results_in_movement_of(CL:0000150)
GO:0014911	positive regulation of smooth muscle cell migration	regulates_o_results_in_movement_of(CL:0000192)
GO:0030336	negative regulation of cell migration	regulates_o_results_in_movement_of(CL:0000192)
GO:0010764	negative regulation of fibroblast migration	regulates_o_results_in_movement_of(CL:0000214)
GO:0030335	positive regulation of cell migration	regulates_o_results_in_movement_of(CL:0000218)
GO:0030336	negative regulation of cell migration	regulates_o_results_in_movement_of(CL:0000218)
GO:0030336	negative regulation of cell migration	regulates_o_results_in_movement_of(CL:0000235)
GO:0030334	regulation of cell migration	regulates_o_results_in_movement_of(CL:0000235)
GO:0030336	negative regulation of cell migration	regulates_o_results_in_movement_of(CL:0000235)
GO:2000146	negative regulation of cell motility	regulates_o_results_in_movement_of(CL:0000312)
GO:0030334	regulation of cell migration	regulates_o_results_in_movement_of(CL:0000351)
GO:0030335	positive regulation of cell migration	regulates_o_results_in_movement_of(CL:0000355)
GO:0030335	positive regulation of cell migration	regulates_o_results_in_movement_of(CL:0000355)
GO:0030336	negative regulation of cell migration	regulates_o_results_in_movement_of(CL:0000359)
GO:0030334	regulation of cell migration	regulates_o_results_in_movement_of(CL:0000451)
GO:0030334	regulation of cell migration	regulates_o_results_in_movement_of(CL:0000541)
GO:0050930	induction of positive chemotaxis	regulates_o_results_in_movement_of(CL:0000566)
GO:0030334	regulation of cell migration	regulates_o_results_in_movement_of(CL:0000584)
GO:0030336	negative regulation of cell migration	regulates_o_results_in_movement_of(CL:0000617)
GO:0030335	positive regulation of cell migration	regulates_o_results_in_movement_of(CL:0000617)
GO:1990869	cellular response to chemokine	regulates_o_results_in_movement_of(CL:0000680)
GO:0008009	chemokine activity	regulates_o_results_in_movement_of(CL:0000680)
GO:0014812	muscle cell migration	regulates_o_results_in_movement_of(CL:0000680)
GO:0030335	positive regulation of cell migration	regulates_o_results_in_movement_of(CL:0000680)
GO:0007154	cell communication	regulates_o_results_in_movement_of(CL:0000680)
GO:0030334	regulation of cell migration	regulates_o_results_in_movement_of(CL:0000746)
GO:0090022	regulation of neutrophil chemotaxis	regulates_o_results_in_movement_of(CL:0000775)
GO:0030335	positive regulation of cell migration	regulates_o_results_in_movement_of(CL:0000775)
GO:0071677	positive regulation of mononuclear cell migration	regulates_o_results_in_movement_of(CL:0000842)
GO:0030334	regulation of cell migration	regulates_o_results_in_movement_of(CL:0000842)
GO:0010595	positive regulation of endothelial cell migration	regulates_o_results_in_movement_of(CL:0002138)
GO:0010595	positive regulation of endothelial cell migration	regulates_o_results_in_movement_of(CL:0002138)
GO:0030335	positive regulation of cell migration	regulates_o_results_in_movement_of(CL:0002351)
GO:0043536	positive regulation of blood vessel endothelial cell migration	regulates_o_results_in_movement_of(CL:0002544)
GO:2001223	negative regulation of neuron migration	regulates_o_results_in_movement_of(CL:0002609)
GO:0007411	axon guidance	regulates_o_results_in_movement_of(CL:1001561)
GO:2001019	positive regulation of retrograde axon cargo transport	regulates_o_results_in_movement_of(GO:0005869)
GO:0042659	regulation of cell fate specification	regulates_o_results_in_specification_of(CL:0000099)
GO:0009996	negative regulation of cell fate specification	regulates_o_results_in_specification_of(CL:0000160)
GO:0042660	positive regulation of cell fate specification	regulates_o_results_in_specification_of(CL:0000164)
GO:0042661	regulation of mesodermal cell fate specification	regulates_o_results_in_specification_of(CL:0000222)
GO:0042662	negative regulation of mesodermal cell fate specification	regulates_o_results_in_specification_of(CL:0000352)
GO:0010628	positive regulation of gene expression	regulates_o_results_in_specification_of(WBbt:0003903
GO:0010628	positive regulation of gene expression	regulates_o_results_in_specification_of(WBbt:0003903
GO:0010629	negative regulation of gene expression	regulates_o_results_in_specification_of(WBbt:0003903
GO:0010628	positive regulation of gene expression	regulates_o_results_in_specification_of(WBbt:0003903)
GO:0010628	positive regulation of gene expression	regulates_o_results_in_specification_of(WBbt:0003903)
GO:0010628	positive regulation of gene expression	regulates_o_results_in_specification_of(WBbt:0003904
GO:0045944	positive regulation of transcription from RNA polymerase II promoter	regulates_transcription_of(ENSEMBL:ENSG00000006283)
GO:0001228	transcriptional activator activity, RNA polymerase II transcription regulatory region sequence-specific binding	regulates_transcription_of(ENSEMBL:ENSG00000062716)
GO:0000122	negative regulation of transcription from RNA polymerase II promoter	regulates_transcription_of(ENSEMBL:ENSG00000062716)
GO:1902894	negative regulation of pri-miRNA transcription from RNA polymerase II promoter	regulates_transcription_of(ENSEMBL:ENSG00000062716)
GO:1902895	positive regulation of pri-miRNA transcription from RNA polymerase II promoter	regulates_transcription_of(ENSEMBL:ENSG00000062716)
GO:1902894	negative regulation of pri-miRNA transcription from RNA polymerase II promoter	regulates_transcription_of(ENSEMBL:ENSG00000062716)
GO:0045944	positive regulation of transcription from RNA polymerase II promoter	regulates_transcription_of(ENSEMBL:ENSG00000100985)
GO:0045893	positive regulation of transcription, DNA-templated	regulates_transcription_of(ENSEMBL:ENSG00000105173)
GO:0000122	negative regulation of transcription from RNA polymerase II promoter	regulates_transcription_of(ENSEMBL:ENSG00000106511)
GO:0045944	positive regulation of transcription from RNA polymerase II promoter	regulates_transcription_of(ENSEMBL:ENSG00000107562)
GO:0045892	negative regulation of transcription, DNA-templated	regulates_transcription_of(ENSEMBL:ENSG00000107796)
GO:0045944	positive regulation of transcription from RNA polymerase II promoter	regulates_transcription_of(ENSEMBL:ENSG00000107859
GO:0045944	positive regulation of transcription from RNA polymerase II promoter	regulates_transcription_of(ENSEMBL:ENSG00000107859)
GO:0045944	positive regulation of transcription from RNA polymerase II promoter	regulates_transcription_of(ENSEMBL:ENSG00000109471)
GO:0045944	positive regulation of transcription from RNA polymerase II promoter	regulates_transcription_of(ENSEMBL:ENSG00000110092)
GO:0045944	positive regulation of transcription from RNA polymerase II promoter	regulates_transcription_of(ENSEMBL:ENSG00000110092)
GO:0045944	positive regulation of transcription from RNA polymerase II promoter	regulates_transcription_of(ENSEMBL:ENSG00000110680)
GO:0045944	positive regulation of transcription from RNA polymerase II promoter	regulates_transcription_of(ENSEMBL:ENSG00000111276
GO:0045944	positive regulation of transcription from RNA polymerase II promoter	regulates_transcription_of(ENSEMBL:ENSG00000112033)
GO:0045944	positive regulation of transcription from RNA polymerase II promoter	regulates_transcription_of(ENSEMBL:ENSG00000115414)
GO:0000982	transcription factor activity, RNA polymerase II core promoter proximal region sequence-specific binding	regulates_transcription_of(ENSEMBL:ENSG00000116761
GO:0045893	positive regulation of transcription, DNA-templated	regulates_transcription_of(ENSEMBL:ENSG00000118523
GO:0045944	positive regulation of transcription from RNA polymerase II promoter	regulates_transcription_of(ENSEMBL:ENSG00000120937)
GO:0010767	regulation of transcription from RNA polymerase II promoter in response to UV-induced DNA damage	regulates_transcription_of(ENSEMBL:ENSG00000124762)
GO:0045944	positive regulation of transcription from RNA polymerase II promoter	regulates_transcription_of(ENSEMBL:ENSG00000125084
GO:0045944	positive regulation of transcription from RNA polymerase II promoter	regulates_transcription_of(ENSEMBL:ENSG00000125084
GO:0045944	positive regulation of transcription from RNA polymerase II promoter	regulates_transcription_of(ENSEMBL:ENSG00000125084)
GO:0045944	positive regulation of transcription from RNA polymerase II promoter	regulates_transcription_of(ENSEMBL:ENSG00000127528)
GO:0045944	positive regulation of transcription from RNA polymerase II promoter	regulates_transcription_of(ENSEMBL:ENSG00000136826)
GO:0045944	positive regulation of transcription from RNA polymerase II promoter	regulates_transcription_of(ENSEMBL:ENSG00000136944)
GO:0045944	positive regulation of transcription from RNA polymerase II promoter	regulates_transcription_of(ENSEMBL:ENSG00000136944)
GO:0045944	positive regulation of transcription from RNA polymerase II promoter	regulates_transcription_of(ENSEMBL:ENSG00000136997)
GO:0045944	positive regulation of transcription from RNA polymerase II promoter	regulates_transcription_of(ENSEMBL:ENSG00000136997)
GO:0045944	positive regulation of transcription from RNA polymerase II promoter	regulates_transcription_of(ENSEMBL:ENSG00000142515)
GO:0045944	positive regulation of transcription from RNA polymerase II promoter	regulates_transcription_of(ENSEMBL:ENSG00000145214
GO:0045944	positive regulation of transcription from RNA polymerase II promoter	regulates_transcription_of(ENSEMBL:ENSG00000145214
GO:0000122	negative regulation of transcription from RNA polymerase II promoter	regulates_transcription_of(ENSEMBL:ENSG00000145335)
GO:0045944	positive regulation of transcription from RNA polymerase II promoter	regulates_transcription_of(ENSEMBL:ENSG00000145335)
GO:0045944	positive regulation of transcription from RNA polymerase II promoter	regulates_transcription_of(ENSEMBL:ENSG00000146618)
GO:0045944	positive regulation of transcription from RNA polymerase II promoter	regulates_transcription_of(ENSEMBL:ENSG00000148795
GO:0045892	negative regulation of transcription, DNA-templated	regulates_transcription_of(ENSEMBL:ENSG00000149591)
GO:0045944	positive regulation of transcription from RNA polymerase II promoter	regulates_transcription_of(ENSEMBL:ENSG00000153234
GO:0045944	positive regulation of transcription from RNA polymerase II promoter	regulates_transcription_of(ENSEMBL:ENSG00000153234)
GO:0045944	positive regulation of transcription from RNA polymerase II promoter	regulates_transcription_of(ENSEMBL:ENSG00000162692
GO:0000122	negative regulation of transcription from RNA polymerase II promoter	regulates_transcription_of(ENSEMBL:ENSG00000162692)
GO:0045944	positive regulation of transcription from RNA polymerase II promoter	regulates_transcription_of(ENSEMBL:ENSG00000162761)
GO:0045944	positive regulation of transcription from RNA polymerase II promoter	regulates_transcription_of(ENSEMBL:ENSG00000162761)
GO:0045944	positive regulation of transcription from RNA polymerase II promoter	regulates_transcription_of(ENSEMBL:ENSG00000162761)
GO:0045944	positive regulation of transcription from RNA polymerase II promoter	regulates_transcription_of(ENSEMBL:ENSG00000163132)
GO:0045944	positive regulation of transcription from RNA polymerase II promoter	regulates_transcription_of(ENSEMBL:ENSG00000163132)
GO:0000122	negative regulation of transcription from RNA polymerase II promoter	regulates_transcription_of(ENSEMBL:ENSG00000164362
GO:0000122	negative regulation of transcription from RNA polymerase II promoter	regulates_transcription_of(ENSEMBL:ENSG00000164362)
GO:0010628	positive regulation of gene expression	regulates_transcription_of(ENSEMBL:ENSG00000164362)
GO:0045944	positive regulation of transcription from RNA polymerase II promoter	regulates_transcription_of(ENSEMBL:ENSG00000164362)
GO:0045944	positive regulation of transcription from RNA polymerase II promoter	regulates_transcription_of(ENSEMBL:ENSG00000164690)
GO:0045944	positive regulation of transcription from RNA polymerase II promoter	regulates_transcription_of(ENSEMBL:ENSG00000164867)
GO:0045944	positive regulation of transcription from RNA polymerase II promoter	regulates_transcription_of(ENSEMBL:ENSG00000165588)
GO:0000122	negative regulation of transcription from RNA polymerase II promoter	regulates_transcription_of(ENSEMBL:ENSG00000169554)
GO:0006357	regulation of transcription from RNA polymerase II promoter	regulates_transcription_of(ENSEMBL:ENSG00000171105
GO:0045944	positive regulation of transcription from RNA polymerase II promoter	regulates_transcription_of(ENSEMBL:ENSG00000175206)
GO:0045944	positive regulation of transcription from RNA polymerase II promoter	regulates_transcription_of(ENSEMBL:ENSG00000178403)
GO:0000122	negative regulation of transcription from RNA polymerase II promoter	regulates_transcription_of(ENSEMBL:ENSG00000179776)
GO:0000122	negative regulation of transcription from RNA polymerase II promoter	regulates_transcription_of(ENSEMBL:ENSG00000180532)
GO:0045893	positive regulation of transcription, DNA-templated	regulates_transcription_of(ENSEMBL:ENSG00000184557)
GO:0045944	positive regulation of transcription from RNA polymerase II promoter	regulates_transcription_of(ENSEMBL:ENSG00000185774)
GO:0045944	positive regulation of transcription from RNA polymerase II promoter	regulates_transcription_of(ENSEMBL:ENSG00000185774)
GO:0001227	transcriptional repressor activity, RNA polymerase II transcription regulatory region sequence-specific binding	regulates_transcription_of(ENSEMBL:ENSG00000199075)
GO:1902894	negative regulation of pri-miRNA transcription from RNA polymerase II promoter	regulates_transcription_of(ENSEMBL:ENSG00000199075)
GO:0001227	transcriptional repressor activity, RNA polymerase II transcription regulatory region sequence-specific binding	regulates_transcription_of(ENSEMBL:ENSG00000199121)
GO:1902894	negative regulation of pri-miRNA transcription from RNA polymerase II promoter	regulates_transcription_of(ENSEMBL:ENSG00000199121)
GO:0006346	methylation-dependent chromatin silencing	regulates_transcription_of(ENSEMBL:ENSG00000206075)
GO:0061614	pri-miRNA transcription from RNA polymerase II promoter	regulates_transcription_of(ENSEMBL:ENSG00000207725)
GO:0001227	transcriptional repressor activity, RNA polymerase II transcription regulatory region sequence-specific binding	regulates_transcription_of(ENSEMBL:ENSG00000207789)
GO:1902894	negative regulation of pri-miRNA transcription from RNA polymerase II promoter	regulates_transcription_of(ENSEMBL:ENSG00000207789)
GO:0061614	pri-miRNA transcription from RNA polymerase II promoter	regulates_transcription_of(ENSEMBL:ENSG00000207870
GO:1902895	positive regulation of pri-miRNA transcription from RNA polymerase II promoter	regulates_transcription_of(ENSEMBL:ENSG00000207870
GO:1902895	positive regulation of pri-miRNA transcription from RNA polymerase II promoter	regulates_transcription_of(ENSEMBL:ENSG00000208005
GO:1902895	positive regulation of pri-miRNA transcription from RNA polymerase II promoter	regulates_transcription_of(ENSEMBL:ENSG00000208005
GO:1902894	negative regulation of pri-miRNA transcription from RNA polymerase II promoter	regulates_transcription_of(ENSEMBL:ENSG00000226380)
GO:1902894	negative regulation of pri-miRNA transcription from RNA polymerase II promoter	regulates_transcription_of(ENSEMBL:ENSG00000228526
GO:1902895	positive regulation of pri-miRNA transcription from RNA polymerase II promoter	regulates_transcription_of(ENSEMBL:ENSG00000228526
GO:0045944	positive regulation of transcription from RNA polymerase II promoter	regulates_transcription_of(ENSEMBL:ENSG00000228849
GO:1902894	negative regulation of pri-miRNA transcription from RNA polymerase II promoter	regulates_transcription_of(ENSEMBL:ENSG00000234883)
GO:1902895	positive regulation of pri-miRNA transcription from RNA polymerase II promoter	regulates_transcription_of(ENSEMBL:ENSG00000249669
GO:0045944	positive regulation of transcription from RNA polymerase II promoter	regulates_transcription_of(ENSEMBL:ENSG00000249669
GO:1902895	positive regulation of pri-miRNA transcription from RNA polymerase II promoter	regulates_transcription_of(ENSEMBL:ENSG00000249669
GO:0045944	positive regulation of transcription from RNA polymerase II promoter	regulates_transcription_of(ENSEMBL:ENSG00000249669)
GO:0045944	positive regulation of transcription from RNA polymerase II promoter	regulates_transcription_of(ENSEMBL:ENSG00000254647)
GO:0061614	pri-miRNA transcription from RNA polymerase II promoter	regulates_transcription_of(ENSEMBL:ENSG00000270069)
GO:1902895	positive regulation of pri-miRNA transcription from RNA polymerase II promoter	regulates_transcription_of(ENSEMBL:ENSG00000270069)
GO:0000982	transcription factor activity, RNA polymerase II core promoter proximal region sequence-specific binding	regulates_transcription_of(ENSEMBL:ENSG00000270069)
GO:1902895	positive regulation of pri-miRNA transcription from RNA polymerase II promoter	regulates_transcription_of(ENSEMBL:ENSG00000276365
GO:0045944	positive regulation of transcription from RNA polymerase II promoter	regulates_transcription_of(ENSEMBL:ENSG00000276365
GO:1902895	positive regulation of pri-miRNA transcription from RNA polymerase II promoter	regulates_transcription_of(ENSEMBL:ENSG00000276365
GO:0045944	positive regulation of transcription from RNA polymerase II promoter	regulates_transcription_of(ENSEMBL:ENSG00000276365)
GO:0000122	negative regulation of transcription from RNA polymerase II promoter	regulates_transcription_of(ENSEMBL:ENSMUSG00000000142)
GO:0045944	positive regulation of transcription from RNA polymerase II promoter	regulates_transcription_of(ENSEMBL:ENSMUSG00000005534
GO:0006357	regulation of transcription from RNA polymerase II promoter	regulates_transcription_of(ENSEMBL:ENSMUSG00000005534
GO:0045944	positive regulation of transcription from RNA polymerase II promoter	regulates_transcription_of(ENSEMBL:ENSMUSG00000005583)
GO:2000820	negative regulation of transcription from RNA polymerase II promoter involved in smooth muscle cell differentiation	regulates_transcription_of(ENSEMBL:ENSMUSG00000015605)
GO:0045944	positive regulation of transcription from RNA polymerase II promoter	regulates_transcription_of(ENSEMBL:ENSMUSG00000015605)
GO:0006357	regulation of transcription from RNA polymerase II promoter	regulates_transcription_of(ENSEMBL:ENSMUSG00000015806)
GO:2000820	negative regulation of transcription from RNA polymerase II promoter involved in smooth muscle cell differentiation	regulates_transcription_of(ENSEMBL:ENSMUSG00000020542)
GO:0045944	positive regulation of transcription from RNA polymerase II promoter	regulates_transcription_of(ENSEMBL:ENSMUSG00000020542)
GO:0045944	positive regulation of transcription from RNA polymerase II promoter	regulates_transcription_of(ENSEMBL:ENSMUSG00000020866
GO:0001047	core promoter binding	regulates_transcription_of(ENSEMBL:ENSMUSG00000021611
GO:1904798	positive regulation of core promoter binding	regulates_transcription_of(ENSEMBL:ENSMUSG00000021611
GO:1904798	positive regulation of core promoter binding	regulates_transcription_of(ENSEMBL:ENSMUSG00000021611
GO:1904798	positive regulation of core promoter binding	regulates_transcription_of(ENSEMBL:ENSMUSG00000021611
GO:1904798	positive regulation of core promoter binding	regulates_transcription_of(ENSEMBL:ENSMUSG00000021611
GO:1904798	positive regulation of core promoter binding	regulates_transcription_of(ENSEMBL:ENSMUSG00000021611)
GO:1904798	positive regulation of core promoter binding	regulates_transcription_of(ENSEMBL:ENSMUSG00000021611)
GO:0010628	positive regulation of gene expression	regulates_transcription_of(ENSEMBL:ENSMUSG00000021611)
GO:0045944	positive regulation of transcription from RNA polymerase II promoter	regulates_transcription_of(ENSEMBL:ENSMUSG00000021848
GO:2000820	negative regulation of transcription from RNA polymerase II promoter involved in smooth muscle cell differentiation	regulates_transcription_of(ENSEMBL:ENSMUSG00000022475)
GO:0045944	positive regulation of transcription from RNA polymerase II promoter	regulates_transcription_of(ENSEMBL:ENSMUSG00000022607
GO:0045944	positive regulation of transcription from RNA polymerase II promoter	regulates_transcription_of(ENSEMBL:ENSMUSG00000022997
GO:0045944	positive regulation of transcription from RNA polymerase II promoter	regulates_transcription_of(ENSEMBL:ENSMUSG00000022997)
GO:0045943	positive regulation of transcription from RNA polymerase I promoter	regulates_transcription_of(ENSEMBL:ENSMUSG00000023067)
GO:2000820	negative regulation of transcription from RNA polymerase II promoter involved in smooth muscle cell differentiation	regulates_transcription_of(ENSEMBL:ENSMUSG00000023913)
GO:0000122	negative regulation of transcription from RNA polymerase II promoter	regulates_transcription_of(ENSEMBL:ENSMUSG00000024868)
GO:0045944	positive regulation of transcription from RNA polymerase II promoter	regulates_transcription_of(ENSEMBL:ENSMUSG00000024990
GO:0045944	positive regulation of transcription from RNA polymerase II promoter	regulates_transcription_of(ENSEMBL:ENSMUSG00000024990)
GO:0045944	positive regulation of transcription from RNA polymerase II promoter	regulates_transcription_of(ENSEMBL:ENSMUSG00000025229
GO:0045944	positive regulation of transcription from RNA polymerase II promoter	regulates_transcription_of(ENSEMBL:ENSMUSG00000025229)
GO:0045944	positive regulation of transcription from RNA polymerase II promoter	regulates_transcription_of(ENSEMBL:ENSMUSG00000025229)
GO:0045944	positive regulation of transcription from RNA polymerase II promoter	regulates_transcription_of(ENSEMBL:ENSMUSG00000026686)
GO:0045944	positive regulation of transcription from RNA polymerase II promoter	regulates_transcription_of(ENSEMBL:ENSMUSG00000026686)
GO:0045944	positive regulation of transcription from RNA polymerase II promoter	regulates_transcription_of(ENSEMBL:ENSMUSG00000026686)
GO:0045944	positive regulation of transcription from RNA polymerase II promoter	regulates_transcription_of(ENSEMBL:ENSMUSG00000026826
GO:0045944	positive regulation of transcription from RNA polymerase II promoter	regulates_transcription_of(ENSEMBL:ENSMUSG00000026826)
GO:0045944	positive regulation of transcription from RNA polymerase II promoter	regulates_transcription_of(ENSEMBL:ENSMUSG00000027967)
GO:0045944	positive regulation of transcription from RNA polymerase II promoter	regulates_transcription_of(ENSEMBL:ENSMUSG00000027996
GO:2000820	negative regulation of transcription from RNA polymerase II promoter involved in smooth muscle cell differentiation	regulates_transcription_of(ENSEMBL:ENSMUSG00000030562)
GO:0045944	positive regulation of transcription from RNA polymerase II promoter	regulates_transcription_of(ENSEMBL:ENSMUSG00000032085)
GO:0045944	positive regulation of transcription from RNA polymerase II promoter	regulates_transcription_of(ENSEMBL:ENSMUSG00000035783)
GO:0045944	positive regulation of transcription from RNA polymerase II promoter	regulates_transcription_of(ENSEMBL:ENSMUSG00000036622
GO:0006357	regulation of transcription from RNA polymerase II promoter	regulates_transcription_of(ENSEMBL:ENSMUSG00000037580)
GO:0045944	positive regulation of transcription from RNA polymerase II promoter	regulates_transcription_of(ENSEMBL:ENSMUSG00000038193
GO:0045944	positive regulation of transcription from RNA polymerase II promoter	regulates_transcription_of(ENSEMBL:ENSMUSG00000038193
GO:0045944	positive regulation of transcription from RNA polymerase II promoter	regulates_transcription_of(ENSEMBL:ENSMUSG00000038418)
GO:0045944	positive regulation of transcription from RNA polymerase II promoter	regulates_transcription_of(ENSEMBL:ENSMUSG00000038765)
GO:0045944	positive regulation of transcription from RNA polymerase II promoter	regulates_transcription_of(ENSEMBL:ENSMUSG00000041431)
GO:0006357	regulation of transcription from RNA polymerase II promoter	regulates_transcription_of(ENSEMBL:ENSMUSG00000046814)
GO:0045944	positive regulation of transcription from RNA polymerase II promoter	regulates_transcription_of(ENSEMBL:ENSMUSG00000048450)
GO:0000122	negative regulation of transcription from RNA polymerase II promoter	regulates_transcription_of(ENSEMBL:ENSMUSG00000054272
GO:0000122	negative regulation of transcription from RNA polymerase II promoter	regulates_transcription_of(ENSEMBL:ENSMUSG00000056501
GO:0045944	positive regulation of transcription from RNA polymerase II promoter	regulates_transcription_of(ENSEMBL:ENSMUSG00000058665
GO:1902894	negative regulation of pri-miRNA transcription from RNA polymerase II promoter	regulates_transcription_of(ENSEMBL:ENSMUSG00000065397
GO:1902894	negative regulation of pri-miRNA transcription from RNA polymerase II promoter	regulates_transcription_of(ENSEMBL:ENSMUSG00000065397)
GO:0001078	transcriptional repressor activity, RNA polymerase II core promoter proximal region sequence-specific binding	regulates_transcription_of(ENSEMBL:ENSMUSG00000065397)
GO:0045944	positive regulation of transcription from RNA polymerase II promoter	regulates_transcription_of(ENSEMBL:ENSMUSG00000065445
GO:0045944	positive regulation of transcription from RNA polymerase II promoter	regulates_transcription_of(ENSEMBL:ENSMUSG00000070144
GO:0000122	negative regulation of transcription from RNA polymerase II promoter	regulates_transcription_of(ENSEMBL:ENSMUSG00000070828)
GO:0001227	transcriptional repressor activity, RNA polymerase II transcription regulatory region sequence-specific binding	regulates_transcription_of(ENSEMBL:ENSMUSG00000093007)
GO:1902894	negative regulation of pri-miRNA transcription from RNA polymerase II promoter	regulates_transcription_of(ENSEMBL:ENSMUSG00000093007)
GO:0045944	positive regulation of transcription from RNA polymerase II promoter	regulates_transcription_of(ENSEMBL:ENSMUSG00000097324)
GO:0045893	positive regulation of transcription, DNA-templated	regulates_transcription_of(ENSEMBL:ENSRNOG00000015036
GO:0035195	gene silencing by miRNA	regulates_transcription_of(ENSEMBL:ENSRNOG00000016551
GO:0045944	positive regulation of transcription from RNA polymerase II promoter	regulates_transcription_of(ENSEMBL:ENSRNOG00000020388
GO:1902895	positive regulation of pri-miRNA transcription from RNA polymerase II promoter	regulates_transcription_of(ENSEMBL:ENSRNOG00000035480
GO:1902895	positive regulation of pri-miRNA transcription from RNA polymerase II promoter	regulates_transcription_of(ENSEMBL:ENSRNOG00000035606
GO:1902894	negative regulation of pri-miRNA transcription from RNA polymerase II promoter	regulates_transcription_of(ENSEMBL:ENSRNOG00000035611
GO:0010666	positive regulation of cardiac muscle cell apoptotic process	regulates_transcription_of(ENSEMBL:ENSRNOG00000035611
GO:1902894	negative regulation of pri-miRNA transcription from RNA polymerase II promoter	regulates_transcription_of(ENSEMBL:ENSRNOG00000035640
GO:0010666	positive regulation of cardiac muscle cell apoptotic process	regulates_transcription_of(ENSEMBL:ENSRNOG00000035640
GO:0000122	negative regulation of transcription from RNA polymerase II promoter	regulates_transcription_of(MGI:MGI:107931)
GO:0000122	negative regulation of transcription from RNA polymerase II promoter	regulates_transcription_of(MGI:MGI:1261864)
GO:0045944	positive regulation of transcription from RNA polymerase II promoter	regulates_transcription_of(MGI:MGI:1352456)
GO:0000122	negative regulation of transcription from RNA polymerase II promoter	regulates_transcription_of(MGI:MGI:1914693)
GO:0000122	negative regulation of transcription from RNA polymerase II promoter	regulates_transcription_of(MGI:MGI:1915978)
GO:0045944	positive regulation of transcription from RNA polymerase II promoter	regulates_transcription_of(MGI:MGI:3039376)
GO:0045944	positive regulation of transcription from RNA polymerase II promoter	regulates_transcription_of(MGI:MGI:88357)
GO:0045944	positive regulation of transcription from RNA polymerase II promoter	regulates_transcription_of(MGI:MGI:95295)
GO:0045944	positive regulation of transcription from RNA polymerase II promoter	regulates_transcription_of(MGI:MGI:95305)
GO:0010468	regulation of gene expression	regulates_transcription_of(MGI:MGI:96015)
GO:0045944	positive regulation of transcription from RNA polymerase II promoter	regulates_transcription_of(MGI:MGI:96548)
GO:0045893	positive regulation of transcription, DNA-templated	regulates_transcription_of(MGI:MGI:97516)
GO:0003700	transcription factor activity, sequence-specific DNA binding	regulates_transcription_of(MGI:MGI:97516)
GO:0045944	positive regulation of transcription from RNA polymerase II promoter	regulates_transcription_of(MGI:MGI:98484)
GO:0000122	negative regulation of transcription from RNA polymerase II promoter	regulates_transcription_of(SGD:S000000839)
GO:1904741	positive regulation of filamentous growth of a population of unicellular organisms in response to starvation by positive regulation of transcription from RNA polymerase II promoter	regulates_transcription_of(SGD:S000001049
GO:1904741	positive regulation of filamentous growth of a population of unicellular organisms in response to starvation by positive regulation of transcription from RNA polymerase II promoter	regulates_transcription_of(SGD:S000001084)
GO:1902352	negative regulation of filamentous growth of a population of unicellular organisms in response to starvation by negative regulation of transcription from RNA polymerase II promoter	regulates_transcription_of(SGD:S000001380
GO:1902352	negative regulation of filamentous growth of a population of unicellular organisms in response to starvation by negative regulation of transcription from RNA polymerase II promoter	regulates_transcription_of(SGD:S000001380
GO:1904741	positive regulation of filamentous growth of a population of unicellular organisms in response to starvation by positive regulation of transcription from RNA polymerase II promoter	regulates_transcription_of(SGD:S000001458
GO:1904741	positive regulation of filamentous growth of a population of unicellular organisms in response to starvation by positive regulation of transcription from RNA polymerase II promoter	regulates_transcription_of(SGD:S000001458
GO:1902352	negative regulation of filamentous growth of a population of unicellular organisms in response to starvation by negative regulation of transcription from RNA polymerase II promoter	regulates_transcription_of(SGD:S000001545
GO:1902352	negative regulation of filamentous growth of a population of unicellular organisms in response to starvation by negative regulation of transcription from RNA polymerase II promoter	regulates_transcription_of(SGD:S000001545
GO:1902352	negative regulation of filamentous growth of a population of unicellular organisms in response to starvation by negative regulation of transcription from RNA polymerase II promoter	regulates_transcription_of(SGD:S000001592
GO:1902352	negative regulation of filamentous growth of a population of unicellular organisms in response to starvation by negative regulation of transcription from RNA polymerase II promoter	regulates_transcription_of(SGD:S000001592
GO:1904741	positive regulation of filamentous growth of a population of unicellular organisms in response to starvation by positive regulation of transcription from RNA polymerase II promoter	regulates_transcription_of(SGD:S000002373
GO:1902352	negative regulation of filamentous growth of a population of unicellular organisms in response to starvation by negative regulation of transcription from RNA polymerase II promoter	regulates_transcription_of(SGD:S000002373
GO:1904741	positive regulation of filamentous growth of a population of unicellular organisms in response to starvation by positive regulation of transcription from RNA polymerase II promoter	regulates_transcription_of(SGD:S000002373
GO:1902353	positive regulation of induction of conjugation with cellular fusion by negative regulation of transcription from RNA polymerase II promoter by pheromones	regulates_transcription_of(SGD:S000002373)
GO:1904741	positive regulation of filamentous growth of a population of unicellular organisms in response to starvation by positive regulation of transcription from RNA polymerase II promoter	regulates_transcription_of(SGD:S000003363
GO:1904741	positive regulation of filamentous growth of a population of unicellular organisms in response to starvation by positive regulation of transcription from RNA polymerase II promoter	regulates_transcription_of(SGD:S000003363)
GO:1902352	negative regulation of filamentous growth of a population of unicellular organisms in response to starvation by negative regulation of transcription from RNA polymerase II promoter	regulates_transcription_of(SGD:S000003481
GO:1902352	negative regulation of filamentous growth of a population of unicellular organisms in response to starvation by negative regulation of transcription from RNA polymerase II promoter	regulates_transcription_of(SGD:S000003481)
GO:1904741	positive regulation of filamentous growth of a population of unicellular organisms in response to starvation by positive regulation of transcription from RNA polymerase II promoter	regulates_transcription_of(SGD:S000004046
GO:1902352	negative regulation of filamentous growth of a population of unicellular organisms in response to starvation by negative regulation of transcription from RNA polymerase II promoter	regulates_transcription_of(SGD:S000004744
GO:1902352	negative regulation of filamentous growth of a population of unicellular organisms in response to starvation by negative regulation of transcription from RNA polymerase II promoter	regulates_transcription_of(SGD:S000005124
GO:1904741	positive regulation of filamentous growth of a population of unicellular organisms in response to starvation by positive regulation of transcription from RNA polymerase II promoter	regulates_transcription_of(SGD:S000005127
GO:1904741	positive regulation of filamentous growth of a population of unicellular organisms in response to starvation by positive regulation of transcription from RNA polymerase II promoter	regulates_transcription_of(SGD:S000005127
GO:1902352	negative regulation of filamentous growth of a population of unicellular organisms in response to starvation by negative regulation of transcription from RNA polymerase II promoter	regulates_transcription_of(SGD:S000005127)
GO:1902352	negative regulation of filamentous growth of a population of unicellular organisms in response to starvation by negative regulation of transcription from RNA polymerase II promoter	regulates_transcription_of(SGD:S000006353
GO:1902353	positive regulation of induction of conjugation with cellular fusion by negative regulation of transcription from RNA polymerase II promoter by pheromones	regulates_transcription_of(SGD:S000006353
GO:0045944	positive regulation of transcription from RNA polymerase II promoter	regulates_transcription_of(WB:WBGene00000432)
GO:0045944	positive regulation of transcription from RNA polymerase II promoter	regulates_transcription_of(WB:WBGene00000516
GO:0045944	positive regulation of transcription from RNA polymerase II promoter	regulates_transcription_of(WB:WBGene00001170)
GO:0045944	positive regulation of transcription from RNA polymerase II promoter	regulates_transcription_of(WB:WBGene00001310)
GO:0045944	positive regulation of transcription from RNA polymerase II promoter	regulates_transcription_of(WB:WBGene00001311)
GO:0045944	positive regulation of transcription from RNA polymerase II promoter	regulates_transcription_of(WB:WBGene00001454
GO:0000122	negative regulation of transcription from RNA polymerase II promoter	regulates_transcription_of(WB:WBGene00001483)
GO:0000122	negative regulation of transcription from RNA polymerase II promoter	regulates_transcription_of(WB:WBGene00003073)
GO:0045944	positive regulation of transcription from RNA polymerase II promoter	regulates_transcription_of(WB:WBGene00003243
GO:0045944	positive regulation of transcription from RNA polymerase II promoter	regulates_transcription_of(WB:WBGene00004932)
GO:0045944	positive regulation of transcription from RNA polymerase II promoter	regulates_transcription_of(WB:WBGene00009133)
GO:0045944	positive regulation of transcription from RNA polymerase II promoter	regulates_transcription_of(WB:WBGene00009342)
GO:0045944	positive regulation of transcription from RNA polymerase II promoter	regulates_transcription_of(WB:WBGene00019424
GO:0045944	positive regulation of transcription from RNA polymerase II promoter	regulates_transcription_of(WB:WBGene00043308)
GO:0035195	gene silencing by miRNA	regulates_translation_of(ENSEMBL:ENSG00000012504)
GO:0035278	miRNA mediated inhibition of translation	regulates_translation_of(ENSEMBL:ENSG00000017427
GO:0035278	miRNA mediated inhibition of translation	regulates_translation_of(ENSEMBL:ENSG00000077782)
GO:0035278	miRNA mediated inhibition of translation	regulates_translation_of(ENSEMBL:ENSG00000087245)
GO:0035278	miRNA mediated inhibition of translation	regulates_translation_of(ENSEMBL:ENSG00000091831)
GO:0035278	miRNA mediated inhibition of translation	regulates_translation_of(ENSEMBL:ENSG00000095002)
GO:0035278	miRNA mediated inhibition of translation	regulates_translation_of(ENSEMBL:ENSG00000100234
GO:0035278	miRNA mediated inhibition of translation	regulates_translation_of(ENSEMBL:ENSG00000104081
GO:0035278	miRNA mediated inhibition of translation	regulates_translation_of(ENSEMBL:ENSG00000105329)
GO:0035278	miRNA mediated inhibition of translation	regulates_translation_of(ENSEMBL:ENSG00000108821
GO:0035278	miRNA mediated inhibition of translation	regulates_translation_of(ENSEMBL:ENSG00000110092)
GO:0035278	miRNA mediated inhibition of translation	regulates_translation_of(ENSEMBL:ENSG00000111276
GO:0035278	miRNA mediated inhibition of translation	regulates_translation_of(ENSEMBL:ENSG00000111328
GO:0035278	miRNA mediated inhibition of translation	regulates_translation_of(ENSEMBL:ENSG00000116062)
GO:0035278	miRNA mediated inhibition of translation	regulates_translation_of(ENSEMBL:ENSG00000122707)
GO:0035278	miRNA mediated inhibition of translation	regulates_translation_of(ENSEMBL:ENSG00000123700
GO:0035278	miRNA mediated inhibition of translation	regulates_translation_of(ENSEMBL:ENSG00000124762)
GO:0017148	negative regulation of translation	regulates_translation_of(ENSEMBL:ENSG00000124762)
GO:0035278	miRNA mediated inhibition of translation	regulates_translation_of(ENSEMBL:ENSG00000135312
GO:0035278	miRNA mediated inhibition of translation	regulates_translation_of(ENSEMBL:ENSG00000140416
GO:0035278	miRNA mediated inhibition of translation	regulates_translation_of(ENSEMBL:ENSG00000140416
GO:0035278	miRNA mediated inhibition of translation	regulates_translation_of(ENSEMBL:ENSG00000140416
GO:0035278	miRNA mediated inhibition of translation	regulates_translation_of(ENSEMBL:ENSG00000140416)
GO:0035278	miRNA mediated inhibition of translation	regulates_translation_of(ENSEMBL:ENSG00000143384)
GO:0035195	gene silencing by miRNA	regulates_translation_of(ENSEMBL:ENSG00000143507
GO:0045727	positive regulation of translation	regulates_translation_of(ENSEMBL:ENSG00000145675
GO:0035278	miRNA mediated inhibition of translation	regulates_translation_of(ENSEMBL:ENSG00000147862)
GO:0035278	miRNA mediated inhibition of translation	regulates_translation_of(ENSEMBL:ENSG00000150593)
GO:0035278	miRNA mediated inhibition of translation	regulates_translation_of(ENSEMBL:ENSG00000151702)
GO:0035278	miRNA mediated inhibition of translation	regulates_translation_of(ENSEMBL:ENSG00000156299)
GO:0035278	miRNA mediated inhibition of translation	regulates_translation_of(ENSEMBL:ENSG00000163513)
GO:0035278	miRNA mediated inhibition of translation	regulates_translation_of(ENSEMBL:ENSG00000166478)
GO:0035278	miRNA mediated inhibition of translation	regulates_translation_of(ENSEMBL:ENSG00000171105
GO:0035278	miRNA mediated inhibition of translation	regulates_translation_of(ENSEMBL:ENSG00000171862)
GO:0035278	miRNA mediated inhibition of translation	regulates_translation_of(ENSEMBL:ENSG00000176697
GO:0035278	miRNA mediated inhibition of translation	regulates_translation_of(ENSEMBL:ENSG00000185591
GO:0035278	miRNA mediated inhibition of translation	regulates_translation_of(ENSEMBL:ENSG00000186951
GO:0035278	miRNA mediated inhibition of translation	regulates_translation_of(ENSEMBL:ENSG00000204217)
GO:0035278	miRNA mediated inhibition of translation	regulates_translation_of(ENSEMBL:ENSMUSG00000000957
GO:0035278	miRNA mediated inhibition of translation	regulates_translation_of(ENSEMBL:ENSMUSG00000002111)
GO:0035278	miRNA mediated inhibition of translation	regulates_translation_of(ENSEMBL:ENSMUSG00000009555)
GO:0035278	miRNA mediated inhibition of translation	regulates_translation_of(ENSEMBL:ENSMUSG00000009630
GO:0035278	miRNA mediated inhibition of translation	regulates_translation_of(ENSEMBL:ENSMUSG00000020053
GO:0035278	miRNA mediated inhibition of translation	regulates_translation_of(ENSEMBL:ENSMUSG00000020349
GO:0035278	miRNA mediated inhibition of translation	regulates_translation_of(ENSEMBL:ENSMUSG00000021253
GO:0035278	miRNA mediated inhibition of translation	regulates_translation_of(ENSEMBL:ENSMUSG00000026313
GO:0035278	miRNA mediated inhibition of translation	regulates_translation_of(ENSEMBL:ENSMUSG00000026313)
GO:0035278	miRNA mediated inhibition of translation	regulates_translation_of(ENSEMBL:ENSMUSG00000029287
GO:0035278	miRNA mediated inhibition of translation	regulates_translation_of(ENSEMBL:ENSMUSG00000030557)
GO:0035278	miRNA mediated inhibition of translation	regulates_translation_of(ENSEMBL:ENSMUSG00000031565
GO:0035278	miRNA mediated inhibition of translation	regulates_translation_of(ENSEMBL:ENSMUSG00000032035
GO:0035278	miRNA mediated inhibition of translation	regulates_translation_of(ENSEMBL:ENSMUSG00000050953
GO:0035278	miRNA mediated inhibition of translation	regulates_translation_of(ENSEMBL:ENSRNOG00000000805
GO:0035278	miRNA mediated inhibition of translation	regulates_translation_of(ENSEMBL:ENSRNOG00000002093
GO:0035278	miRNA mediated inhibition of translation	regulates_translation_of(ENSEMBL:ENSRNOG00000004720
GO:0035278	miRNA mediated inhibition of translation	regulates_translation_of(ENSEMBL:ENSRNOG00000006469
GO:0035278	miRNA mediated inhibition of translation	regulates_translation_of(ENSEMBL:ENSRNOG00000007036
GO:0035278	miRNA mediated inhibition of translation	regulates_translation_of(ENSEMBL:ENSRNOG00000010171
GO:0035278	miRNA mediated inhibition of translation	regulates_translation_of(ENSEMBL:ENSRNOG00000016299
GO:0035278	miRNA mediated inhibition of translation	regulates_translation_of(ENSEMBL:ENSRNOG00000025371
GO:0035278	miRNA mediated inhibition of translation	regulates_translation_of(ENSEMBL:ENSRNOG00000034234
GO:0035278	miRNA mediated inhibition of translation	regulates_translation_of(ENSEMBL:ENSRNOG00000059500
GO:0035278	miRNA mediated inhibition of translation	regulates_translation_of(ENSEMBL:ENSRNOG00000060435
GO:0035278	miRNA mediated inhibition of translation	regulates_translation_of(FB:FBgn0259745)
GO:0090364	regulation of proteasome assembly	regulates_translation_of(SGD:S000000476)
GO:0090364	regulation of proteasome assembly	regulates_translation_of(SGD:S000001269)
GO:0090364	regulation of proteasome assembly	regulates_translation_of(SGD:S000002268)
GO:0090364	regulation of proteasome assembly	regulates_translation_of(SGD:S000002972)
GO:0090364	regulation of proteasome assembly	regulates_translation_of(SGD:S000003464)
GO:0002181	cytoplasmic translation	regulates_translation_of(SGD:S000003854)
GO:1902352	negative regulation of filamentous growth of a population of unicellular organisms in response to starvation by negative regulation of transcription from RNA polymerase II promoter	regulates_translation_of(SGD:S000004744
GO:0090364	regulation of proteasome assembly	regulates_translation_of(SGD:S000005643)
GO:0051582	positive regulation of neurotransmitter uptake	regulates_transport_of(CHEBI:18243
GO:0032805	positive regulation of low-density lipoprotein particle receptor catabolic process	regulates_transport_of(GO:0034362
GO:1905598	negative regulation of low-density lipoprotein receptor activity	regulates_transport_of(GO:0034362
GO:0010989	negative regulation of low-density lipoprotein particle clearance	regulates_transport_of(GO:0034362
GO:1905601	negative regulation of receptor-mediated endocytosis involved in cholesterol transport	regulates_transport_of(GO:0034362
GO:1905599	positive regulation of low-density lipoprotein receptor activity	regulates_transport_of(GO:0034362
GO:1905599	positive regulation of low-density lipoprotein receptor activity	regulates_transport_of(GO:0034362
GO:1905602	positive regulation of receptor-mediated endocytosis involved in cholesterol transport	regulates_transport_of(GO:0034362
GO:1905602	positive regulation of receptor-mediated endocytosis involved in cholesterol transport	regulates_transport_of(GO:0034362)
GO:0032804	negative regulation of low-density lipoprotein particle receptor catabolic process	regulates_transport_of(UniProtKB:P01130
GO:0001920	negative regulation of receptor recycling	regulates_transport_of(UniProtKB:P01130
GO:0032805	positive regulation of low-density lipoprotein particle receptor catabolic process	regulates_transport_of(UniProtKB:P01130
GO:0032804	negative regulation of low-density lipoprotein particle receptor catabolic process	regulates_transport_of(UniProtKB:P01130
GO:1905598	negative regulation of low-density lipoprotein receptor activity	regulates_transport_of(UniProtKB:P01130
GO:0001921	positive regulation of receptor recycling	regulates_transport_of(UniProtKB:P01130
GO:1905171	positive regulation of protein localization to phagocytic vesicle	regulates_transport_of(UniProtKB:P04839
GO:1905171	positive regulation of protein localization to phagocytic vesicle	regulates_transport_of(UniProtKB:P11279
GO:1905171	positive regulation of protein localization to phagocytic vesicle	regulates_transport_of(UniProtKB:P11438
GO:1904465	negative regulation of matrix metallopeptidase secretion	regulates_transport_of(UniProtKB:P33434
GO:0032804	negative regulation of low-density lipoprotein particle receptor catabolic process	regulates_transport_of(UniProtKB:P35951
GO:0032804	negative regulation of low-density lipoprotein particle receptor catabolic process	regulates_transport_of(UniProtKB:P35951
GO:0032804	negative regulation of low-density lipoprotein particle receptor catabolic process	regulates_transport_of(UniProtKB:P35951
GO:0001921	positive regulation of receptor recycling	regulates_transport_of(UniProtKB:P35951
GO:0050714	positive regulation of protein secretion	regulates_transport_of(UniProtKB:P78504)
GO:0050714	positive regulation of protein secretion	regulates_transport_of(UniProtKB:Q00731)
GO:0050709	negative regulation of protein secretion	regulates_transport_of(UniProtKB:Q01149
GO:0050709	negative regulation of protein secretion	regulates_transport_of(UniProtKB:Q3U962
GO:1905171	positive regulation of protein localization to phagocytic vesicle	regulates_transport_of(UniProtKB:Q61093
GO:0030855	epithelial cell differentiation	results_in_acquisition_of_features_of(CL:0000007)
GO:0030154	cell differentiation	results_in_acquisition_of_features_of(CL:0000008)
GO:0030154	cell differentiation	results_in_acquisition_of_features_of(CL:0000017)
GO:0048515	spermatid differentiation	results_in_acquisition_of_features_of(CL:0000018)
GO:0048515	spermatid differentiation	results_in_acquisition_of_features_of(CL:0000018)
GO:0048515	spermatid differentiation	results_in_acquisition_of_features_of(CL:0000019)
GO:0035914	skeletal muscle cell differentiation	results_in_acquisition_of_features_of(CL:0000019)
GO:0009994	oocyte differentiation	results_in_acquisition_of_features_of(CL:0000023)
GO:0030182	neuron differentiation	results_in_acquisition_of_features_of(CL:0000029)
GO:0030182	neuron differentiation	results_in_acquisition_of_features_of(CL:0000029)
GO:0030154	cell differentiation	results_in_acquisition_of_features_of(CL:0000031)
GO:0048863	stem cell differentiation	results_in_acquisition_of_features_of(CL:0000034)
GO:0060218	hematopoietic stem cell differentiation	results_in_acquisition_of_features_of(CL:0000037)
GO:0002320	lymphoid progenitor cell differentiation	results_in_acquisition_of_features_of(CL:0000037)
GO:0060218	hematopoietic stem cell differentiation	results_in_acquisition_of_features_of(CL:0000037)
GO:0060218	hematopoietic stem cell differentiation	results_in_acquisition_of_features_of(CL:0000037)
GO:0030154	cell differentiation	results_in_acquisition_of_features_of(CL:0000037)
GO:0001829	trophectodermal cell differentiation	results_in_acquisition_of_features_of(CL:0000048)
GO:0002318	myeloid progenitor cell differentiation	results_in_acquisition_of_features_of(CL:0000049)
GO:0045444	fat cell differentiation	results_in_acquisition_of_features_of(CL:0000056)
GO:0014835	myoblast differentiation involved in skeletal muscle regeneration	results_in_acquisition_of_features_of(CL:0000056)
GO:0045445	myoblast differentiation	results_in_acquisition_of_features_of(CL:0000057)
GO:0045444	fat cell differentiation	results_in_acquisition_of_features_of(CL:0000057)
GO:0045444	fat cell differentiation	results_in_acquisition_of_features_of(CL:0000057)
GO:0060591	chondroblast differentiation	results_in_acquisition_of_features_of(CL:0000058)
GO:0030855	epithelial cell differentiation	results_in_acquisition_of_features_of(CL:0000059)
GO:0030855	epithelial cell differentiation	results_in_acquisition_of_features_of(CL:0000059)
GO:0030855	epithelial cell differentiation	results_in_acquisition_of_features_of(CL:0000059)
GO:0030859	polarized epithelial cell differentiation	results_in_acquisition_of_features_of(CL:0000065
GO:0030154	cell differentiation	results_in_acquisition_of_features_of(CL:0000065)
GO:0030855	epithelial cell differentiation	results_in_acquisition_of_features_of(CL:0000066)
GO:0030855	epithelial cell differentiation	results_in_acquisition_of_features_of(CL:0000066)
GO:0060742	epithelial cell differentiation involved in prostate gland development	results_in_acquisition_of_features_of(CL:0000066)
GO:0060644	mammary gland epithelial cell differentiation	results_in_acquisition_of_features_of(CL:0000066)
GO:0060644	mammary gland epithelial cell differentiation	results_in_acquisition_of_features_of(CL:0000066)
GO:0030855	epithelial cell differentiation	results_in_acquisition_of_features_of(CL:0000066)
GO:0030855	epithelial cell differentiation	results_in_acquisition_of_features_of(CL:0000066)
GO:0030154	cell differentiation	results_in_acquisition_of_features_of(CL:0000066)
GO:0030154	cell differentiation	results_in_acquisition_of_features_of(CL:0000066)
GO:0060644	mammary gland epithelial cell differentiation	results_in_acquisition_of_features_of(CL:0000066)
GO:0030855	epithelial cell differentiation	results_in_acquisition_of_features_of(CL:0000066)
GO:0030857	negative regulation of epithelial cell differentiation	results_in_acquisition_of_features_of(CL:0000066)
GO:0060575	intestinal epithelial cell differentiation	results_in_acquisition_of_features_of(CL:0000066)
GO:0060528	secretory columnal luminar epithelial cell differentiation involved in prostate glandular acinus development	results_in_acquisition_of_features_of(CL:0000066)
GO:0030855	epithelial cell differentiation	results_in_acquisition_of_features_of(CL:0000066)
GO:0030154	cell differentiation	results_in_acquisition_of_features_of(CL:0000066)
GO:0030855	epithelial cell differentiation	results_in_acquisition_of_features_of(CL:0000066)
GO:0060742	epithelial cell differentiation involved in prostate gland development	results_in_acquisition_of_features_of(CL:0000066)
GO:0060742	epithelial cell differentiation involved in prostate gland development	results_in_acquisition_of_features_of(CL:0000066)
GO:0030855	epithelial cell differentiation	results_in_acquisition_of_features_of(CL:0000066)
GO:0030859	polarized epithelial cell differentiation	results_in_acquisition_of_features_of(CL:0000067)
GO:0030859	polarized epithelial cell differentiation	results_in_acquisition_of_features_of(CL:0000067)
GO:0060528	secretory columnal luminar epithelial cell differentiation involved in prostate glandular acinus development	results_in_acquisition_of_features_of(CL:0000068)
GO:0001570	vasculogenesis	results_in_acquisition_of_features_of(CL:0000071)
GO:0001570	vasculogenesis	results_in_acquisition_of_features_of(CL:0000071)
GO:0060837	blood vessel endothelial cell differentiation	results_in_acquisition_of_features_of(CL:0000071)
GO:0001570	vasculogenesis	results_in_acquisition_of_features_of(CL:0000071)
GO:0045446	endothelial cell differentiation	results_in_acquisition_of_features_of(CL:0000071)
GO:0060487	lung epithelial cell differentiation	results_in_acquisition_of_features_of(CL:0000075)
GO:0060487	lung epithelial cell differentiation	results_in_acquisition_of_features_of(CL:0000075)
GO:0030855	epithelial cell differentiation	results_in_acquisition_of_features_of(CL:0000082)
GO:0060487	lung epithelial cell differentiation	results_in_acquisition_of_features_of(CL:0000082)
GO:0060487	lung epithelial cell differentiation	results_in_acquisition_of_features_of(CL:0000082)
GO:0030154	cell differentiation	results_in_acquisition_of_features_of(CL:0000082)
GO:0060487	lung epithelial cell differentiation	results_in_acquisition_of_features_of(CL:0000082)
GO:0033077	T cell differentiation in thymus	results_in_acquisition_of_features_of(CL:0000084)
GO:0033077	T cell differentiation in thymus	results_in_acquisition_of_features_of(CL:0000084)
GO:0030217	T cell differentiation	results_in_acquisition_of_features_of(CL:0000084)
GO:0030217	T cell differentiation	results_in_acquisition_of_features_of(CL:0000084)
GO:0030217	T cell differentiation	results_in_acquisition_of_features_of(CL:0000084)
GO:0033077	T cell differentiation in thymus	results_in_acquisition_of_features_of(CL:0000084)
GO:0030217	T cell differentiation	results_in_acquisition_of_features_of(CL:0000084)
GO:0045066	regulatory T cell differentiation	results_in_acquisition_of_features_of(CL:0000084)
GO:0030316	osteoclast differentiation	results_in_acquisition_of_features_of(CL:0000092)
GO:0030316	osteoclast differentiation	results_in_acquisition_of_features_of(CL:0000092)
GO:0030316	osteoclast differentiation	results_in_acquisition_of_features_of(CL:0000092)
GO:0030316	osteoclast differentiation	results_in_acquisition_of_features_of(CL:0000092)
GO:0030316	osteoclast differentiation	results_in_acquisition_of_features_of(CL:0000092)
GO:0030316	osteoclast differentiation	results_in_acquisition_of_features_of(CL:0000092)
GO:0030316	osteoclast differentiation	results_in_acquisition_of_features_of(CL:0000092)
GO:0030316	osteoclast differentiation	results_in_acquisition_of_features_of(CL:0000092)
GO:0070374	positive regulation of ERK1 and ERK2 cascade	results_in_acquisition_of_features_of(CL:0000092)
GO:0002573	myeloid leukocyte differentiation	results_in_acquisition_of_features_of(CL:0000097)
GO:0021892	cerebral cortex GABAergic interneuron differentiation	results_in_acquisition_of_features_of(CL:0000099)
GO:0030182	neuron differentiation	results_in_acquisition_of_features_of(CL:0000099)
GO:0021892	cerebral cortex GABAergic interneuron differentiation	results_in_acquisition_of_features_of(CL:0000099)
GO:0021527	spinal cord association neuron differentiation	results_in_acquisition_of_features_of(CL:0000099)
GO:0021527	spinal cord association neuron differentiation	results_in_acquisition_of_features_of(CL:0000099)
GO:0021892	cerebral cortex GABAergic interneuron differentiation	results_in_acquisition_of_features_of(CL:0000099)
GO:0021892	cerebral cortex GABAergic interneuron differentiation	results_in_acquisition_of_features_of(CL:0000099)
GO:0021892	cerebral cortex GABAergic interneuron differentiation	results_in_acquisition_of_features_of(CL:0000099)
GO:0030182	neuron differentiation	results_in_acquisition_of_features_of(CL:0000099)
GO:0021527	spinal cord association neuron differentiation	results_in_acquisition_of_features_of(CL:0000099)
GO:0030182	neuron differentiation	results_in_acquisition_of_features_of(CL:0000100)
GO:0030182	neuron differentiation	results_in_acquisition_of_features_of(CL:0000100)
GO:0021522	spinal cord motor neuron differentiation	results_in_acquisition_of_features_of(CL:0000100)
GO:0030182	neuron differentiation	results_in_acquisition_of_features_of(CL:0000100)
GO:0021524	visceral motor neuron differentiation	results_in_acquisition_of_features_of(CL:0000100)
GO:0021523	somatic motor neuron differentiation	results_in_acquisition_of_features_of(CL:0000100)
GO:0021523	somatic motor neuron differentiation	results_in_acquisition_of_features_of(CL:0000100)
GO:0021533	cell differentiation in hindbrain	results_in_acquisition_of_features_of(CL:0000100)
GO:0021526	medial motor column neuron differentiation	results_in_acquisition_of_features_of(CL:0000100)
GO:0030182	neuron differentiation	results_in_acquisition_of_features_of(CL:0000100)
GO:0030182	neuron differentiation	results_in_acquisition_of_features_of(CL:0000100)
GO:0021522	spinal cord motor neuron differentiation	results_in_acquisition_of_features_of(CL:0000100)
GO:0021522	spinal cord motor neuron differentiation	results_in_acquisition_of_features_of(CL:0000100)
GO:0030182	neuron differentiation	results_in_acquisition_of_features_of(CL:0000101)
GO:0030182	neuron differentiation	results_in_acquisition_of_features_of(CL:0000101)
GO:0048934	peripheral nervous system neuron differentiation	results_in_acquisition_of_features_of(CL:0000101)
GO:0048934	peripheral nervous system neuron differentiation	results_in_acquisition_of_features_of(CL:0000101)
GO:0030182	neuron differentiation	results_in_acquisition_of_features_of(CL:0000101)
GO:0048934	peripheral nervous system neuron differentiation	results_in_acquisition_of_features_of(CL:0000101)
GO:0060040	retinal bipolar neuron differentiation	results_in_acquisition_of_features_of(CL:0000103)
GO:0030182	neuron differentiation	results_in_acquisition_of_features_of(CL:0000108)
GO:0030182	neuron differentiation	results_in_acquisition_of_features_of(CL:0000108)
GO:0030182	neuron differentiation	results_in_acquisition_of_features_of(CL:0000108)
GO:0030182	neuron differentiation	results_in_acquisition_of_features_of(CL:0000110)
GO:0021895	cerebral cortex neuron differentiation	results_in_acquisition_of_features_of(CL:0000117)
GO:0021879	forebrain neuron differentiation	results_in_acquisition_of_features_of(CL:0000117)
GO:0030182	neuron differentiation	results_in_acquisition_of_features_of(CL:0000117)
GO:0030182	neuron differentiation	results_in_acquisition_of_features_of(CL:0000117)
GO:0021953	central nervous system neuron differentiation	results_in_acquisition_of_features_of(CL:0000117)
GO:0030182	neuron differentiation	results_in_acquisition_of_features_of(CL:0000117)
GO:0030182	neuron differentiation	results_in_acquisition_of_features_of(CL:0000117)
GO:0021953	central nervous system neuron differentiation	results_in_acquisition_of_features_of(CL:0000117)
GO:0021953	central nervous system neuron differentiation	results_in_acquisition_of_features_of(CL:0000117)
GO:0021953	central nervous system neuron differentiation	results_in_acquisition_of_features_of(CL:0000117)
GO:0021953	central nervous system neuron differentiation	results_in_acquisition_of_features_of(CL:0000117)
GO:0021953	central nervous system neuron differentiation	results_in_acquisition_of_features_of(CL:0000117)
GO:0021953	central nervous system neuron differentiation	results_in_acquisition_of_features_of(CL:0000117)
GO:0030182	neuron differentiation	results_in_acquisition_of_features_of(CL:0000117)
GO:0030182	neuron differentiation	results_in_acquisition_of_features_of(CL:0000117)
GO:0021953	central nervous system neuron differentiation	results_in_acquisition_of_features_of(CL:0000117)
GO:0021953	central nervous system neuron differentiation	results_in_acquisition_of_features_of(CL:0000117)
GO:0021953	central nervous system neuron differentiation	results_in_acquisition_of_features_of(CL:0000117)
GO:0021953	central nervous system neuron differentiation	results_in_acquisition_of_features_of(CL:0000117)
GO:0021902	commitment of neuronal cell to specific neuron type in forebrain	results_in_acquisition_of_features_of(CL:0000117)
GO:0021533	cell differentiation in hindbrain	results_in_acquisition_of_features_of(CL:0000117)
GO:0021533	cell differentiation in hindbrain	results_in_acquisition_of_features_of(CL:0000117)
GO:0021533	cell differentiation in hindbrain	results_in_acquisition_of_features_of(CL:0000117)
GO:0021533	cell differentiation in hindbrain	results_in_acquisition_of_features_of(CL:0000117)
GO:0030182	neuron differentiation	results_in_acquisition_of_features_of(CL:0000117)
GO:0021879	forebrain neuron differentiation	results_in_acquisition_of_features_of(CL:0000117)
GO:0021773	striatal medium spiny neuron differentiation	results_in_acquisition_of_features_of(CL:0000117)
GO:0021953	central nervous system neuron differentiation	results_in_acquisition_of_features_of(CL:0000117)
GO:0030182	neuron differentiation	results_in_acquisition_of_features_of(CL:0000117)
GO:0030182	neuron differentiation	results_in_acquisition_of_features_of(CL:0000117)
GO:0021895	cerebral cortex neuron differentiation	results_in_acquisition_of_features_of(CL:0000117)
GO:0030182	neuron differentiation	results_in_acquisition_of_features_of(CL:0000120)
GO:0021707	cerebellar granule cell differentiation	results_in_acquisition_of_features_of(CL:0000120)
GO:0021702	cerebellar Purkinje cell differentiation	results_in_acquisition_of_features_of(CL:0000121)
GO:0021702	cerebellar Purkinje cell differentiation	results_in_acquisition_of_features_of(CL:0000121)
GO:0021702	cerebellar Purkinje cell differentiation	results_in_acquisition_of_features_of(CL:0000121)
GO:0010001	glial cell differentiation	results_in_acquisition_of_features_of(CL:0000127)
GO:0010001	glial cell differentiation	results_in_acquisition_of_features_of(CL:0000127)
GO:0048708	astrocyte differentiation	results_in_acquisition_of_features_of(CL:0000127)
GO:0030154	cell differentiation	results_in_acquisition_of_features_of(CL:0000127)
GO:0030154	cell differentiation	results_in_acquisition_of_features_of(CL:0000128)
GO:0048709	oligodendrocyte differentiation	results_in_acquisition_of_features_of(CL:0000128)
GO:0048709	oligodendrocyte differentiation	results_in_acquisition_of_features_of(CL:0000128)
GO:0010001	glial cell differentiation	results_in_acquisition_of_features_of(CL:0000128)
GO:0048709	oligodendrocyte differentiation	results_in_acquisition_of_features_of(CL:0000128)
GO:0048709	oligodendrocyte differentiation	results_in_acquisition_of_features_of(CL:0000128)
GO:0021529	spinal cord oligodendrocyte cell differentiation	results_in_acquisition_of_features_of(CL:0000128)
GO:0048709	oligodendrocyte differentiation	results_in_acquisition_of_features_of(CL:0000128)
GO:0030855	epithelial cell differentiation	results_in_acquisition_of_features_of(CL:0000131)
GO:0030154	cell differentiation	results_in_acquisition_of_features_of(CL:0000134)
GO:0030154	cell differentiation	results_in_acquisition_of_features_of(CL:0000134)
GO:0048762	mesenchymal cell differentiation	results_in_acquisition_of_features_of(CL:0000134)
GO:0048762	mesenchymal cell differentiation	results_in_acquisition_of_features_of(CL:0000134)
GO:0048762	mesenchymal cell differentiation	results_in_acquisition_of_features_of(CL:0000134)
GO:0030154	cell differentiation	results_in_acquisition_of_features_of(CL:0000135)
GO:0045598	regulation of fat cell differentiation	results_in_acquisition_of_features_of(CL:0000136)
GO:0045598	regulation of fat cell differentiation	results_in_acquisition_of_features_of(CL:0000136)
GO:0045444	fat cell differentiation	results_in_acquisition_of_features_of(CL:0000136)
GO:0045598	regulation of fat cell differentiation	results_in_acquisition_of_features_of(CL:0000136)
GO:0050872	white fat cell differentiation	results_in_acquisition_of_features_of(CL:0000136)
GO:0030154	cell differentiation	results_in_acquisition_of_features_of(CL:0000138)
GO:0030154	cell differentiation	results_in_acquisition_of_features_of(CL:0000138)
GO:0030154	cell differentiation	results_in_acquisition_of_features_of(CL:0000138)
GO:0048469	cell maturation	results_in_acquisition_of_features_of(CL:0000145)
GO:0030318	melanocyte differentiation	results_in_acquisition_of_features_of(CL:0000148)
GO:0030318	melanocyte differentiation	results_in_acquisition_of_features_of(CL:0000148)
GO:0030318	melanocyte differentiation	results_in_acquisition_of_features_of(CL:0000148)
GO:0030318	melanocyte differentiation	results_in_acquisition_of_features_of(CL:0000148)
GO:0030318	melanocyte differentiation	results_in_acquisition_of_features_of(CL:0000148)
GO:0030857	negative regulation of epithelial cell differentiation	results_in_acquisition_of_features_of(CL:0000150)
GO:0030857	negative regulation of epithelial cell differentiation	results_in_acquisition_of_features_of(CL:0000150)
GO:0060528	secretory columnal luminar epithelial cell differentiation involved in prostate glandular acinus development	results_in_acquisition_of_features_of(CL:0000151)
GO:0060528	secretory columnal luminar epithelial cell differentiation involved in prostate glandular acinus development	results_in_acquisition_of_features_of(CL:0000151)
GO:0060486	Clara cell differentiation	results_in_acquisition_of_features_of(CL:0000158)
GO:0030857	negative regulation of epithelial cell differentiation	results_in_acquisition_of_features_of(CL:0000160)
GO:0030154	cell differentiation	results_in_acquisition_of_features_of(CL:0000160)
GO:0060480	lung goblet cell differentiation	results_in_acquisition_of_features_of(CL:0000160)
GO:0060480	lung goblet cell differentiation	results_in_acquisition_of_features_of(CL:0000160)
GO:0030154	cell differentiation	results_in_acquisition_of_features_of(CL:0000160)
GO:0030857	negative regulation of epithelial cell differentiation	results_in_acquisition_of_features_of(CL:0000160)
GO:0030154	cell differentiation	results_in_acquisition_of_features_of(CL:0000164)
GO:0030154	cell differentiation	results_in_acquisition_of_features_of(CL:0000164)
GO:0021979	hypothalamus cell differentiation	results_in_acquisition_of_features_of(CL:0000165)
GO:0021979	hypothalamus cell differentiation	results_in_acquisition_of_features_of(CL:0000165)
GO:0021979	hypothalamus cell differentiation	results_in_acquisition_of_features_of(CL:0000165)
GO:0061100	lung neuroendocrine cell differentiation	results_in_acquisition_of_features_of(CL:0000165)
GO:0061102	stomach neuroendocrine cell differentiation	results_in_acquisition_of_features_of(CL:0000165)
GO:0061103	carotid body glomus cell differentiation	results_in_acquisition_of_features_of(CL:0000165)
GO:0030154	cell differentiation	results_in_acquisition_of_features_of(CL:0000165)
GO:0030154	cell differentiation	results_in_acquisition_of_features_of(CL:0000165)
GO:0061104	adrenal chromaffin cell differentiation	results_in_acquisition_of_features_of(CL:0000166)
GO:0021979	hypothalamus cell differentiation	results_in_acquisition_of_features_of(CL:0000167)
GO:0030154	cell differentiation	results_in_acquisition_of_features_of(CL:0000169)
GO:0030154	cell differentiation	results_in_acquisition_of_features_of(CL:0000169)
GO:0030154	cell differentiation	results_in_acquisition_of_features_of(CL:0000169)
GO:0030154	cell differentiation	results_in_acquisition_of_features_of(CL:0000169)
GO:0030154	cell differentiation	results_in_acquisition_of_features_of(CL:0000169)
GO:0030154	cell differentiation	results_in_acquisition_of_features_of(CL:0000170)
GO:0030154	cell differentiation	results_in_acquisition_of_features_of(CL:0000171)
GO:0030154	cell differentiation	results_in_acquisition_of_features_of(CL:0000171)
GO:0030154	cell differentiation	results_in_acquisition_of_features_of(CL:0000171)
GO:0030154	cell differentiation	results_in_acquisition_of_features_of(CL:0000171)
GO:0030154	cell differentiation	results_in_acquisition_of_features_of(CL:0000171)
GO:0021979	hypothalamus cell differentiation	results_in_acquisition_of_features_of(CL:0000172)
GO:0021892	cerebral cortex GABAergic interneuron differentiation	results_in_acquisition_of_features_of(CL:0000172)
GO:0021879	forebrain neuron differentiation	results_in_acquisition_of_features_of(CL:0000172)
GO:0030154	cell differentiation	results_in_acquisition_of_features_of(CL:0000173)
GO:0033327	Leydig cell differentiation	results_in_acquisition_of_features_of(CL:0000178)
GO:0030154	cell differentiation	results_in_acquisition_of_features_of(CL:0000178)
GO:0033327	Leydig cell differentiation	results_in_acquisition_of_features_of(CL:0000178)
GO:0033327	Leydig cell differentiation	results_in_acquisition_of_features_of(CL:0000178)
GO:0030154	cell differentiation	results_in_acquisition_of_features_of(CL:0000178)
GO:0033327	Leydig cell differentiation	results_in_acquisition_of_features_of(CL:0000178)
GO:0070365	hepatocyte differentiation	results_in_acquisition_of_features_of(CL:0000182)
GO:0030154	cell differentiation	results_in_acquisition_of_features_of(CL:0000182)
GO:0030154	cell differentiation	results_in_acquisition_of_features_of(CL:0000186)
GO:0055007	cardiac muscle cell differentiation	results_in_acquisition_of_features_of(CL:0000187)
GO:0014902	myotube differentiation	results_in_acquisition_of_features_of(CL:0000188)
GO:0014908	myotube differentiation involved in skeletal muscle regeneration	results_in_acquisition_of_features_of(CL:0000188)
GO:0051146	striated muscle cell differentiation	results_in_acquisition_of_features_of(CL:0000188)
GO:0051146	striated muscle cell differentiation	results_in_acquisition_of_features_of(CL:0000189)
GO:0051145	smooth muscle cell differentiation	results_in_acquisition_of_features_of(CL:0000192)
GO:0051145	smooth muscle cell differentiation	results_in_acquisition_of_features_of(CL:0000192)
GO:0051145	smooth muscle cell differentiation	results_in_acquisition_of_features_of(CL:0000192)
GO:0051145	smooth muscle cell differentiation	results_in_acquisition_of_features_of(CL:0000192)
GO:0051145	smooth muscle cell differentiation	results_in_acquisition_of_features_of(CL:0000192)
GO:0051145	smooth muscle cell differentiation	results_in_acquisition_of_features_of(CL:0000192)
GO:0001570	vasculogenesis	results_in_acquisition_of_features_of(CL:0000192)
GO:0051145	smooth muscle cell differentiation	results_in_acquisition_of_features_of(CL:0000192)
GO:0051145	smooth muscle cell differentiation	results_in_acquisition_of_features_of(CL:0000192)
GO:0051145	smooth muscle cell differentiation	results_in_acquisition_of_features_of(CL:0000192)
GO:0051145	smooth muscle cell differentiation	results_in_acquisition_of_features_of(CL:0000192)
GO:0051145	smooth muscle cell differentiation	results_in_acquisition_of_features_of(CL:0000192)
GO:0051145	smooth muscle cell differentiation	results_in_acquisition_of_features_of(CL:0000192)
GO:0051145	smooth muscle cell differentiation	results_in_acquisition_of_features_of(CL:0000192)
GO:0051145	smooth muscle cell differentiation	results_in_acquisition_of_features_of(CL:0000192)
GO:0051145	smooth muscle cell differentiation	results_in_acquisition_of_features_of(CL:0000192)
GO:0051145	smooth muscle cell differentiation	results_in_acquisition_of_features_of(CL:0000192)
GO:0042692	muscle cell differentiation	results_in_acquisition_of_features_of(CL:0000192)
GO:0035887	aortic smooth muscle cell differentiation	results_in_acquisition_of_features_of(CL:0000192)
GO:0072193	ureter smooth muscle cell differentiation	results_in_acquisition_of_features_of(CL:0000192)
GO:0051145	smooth muscle cell differentiation	results_in_acquisition_of_features_of(CL:0000192)
GO:0030182	neuron differentiation	results_in_acquisition_of_features_of(CL:0000198)
GO:0042490	mechanoreceptor differentiation	results_in_acquisition_of_features_of(CL:0000199)
GO:0042491	auditory receptor cell differentiation	results_in_acquisition_of_features_of(CL:0000202)
GO:0060113	inner ear receptor cell differentiation	results_in_acquisition_of_features_of(CL:0000202)
GO:0042491	auditory receptor cell differentiation	results_in_acquisition_of_features_of(CL:0000202)
GO:0042491	auditory receptor cell differentiation	results_in_acquisition_of_features_of(CL:0000202)
GO:0042491	auditory receptor cell differentiation	results_in_acquisition_of_features_of(CL:0000202)
GO:0060113	inner ear receptor cell differentiation	results_in_acquisition_of_features_of(CL:0000202)
GO:0021889	olfactory bulb interneuron differentiation	results_in_acquisition_of_features_of(CL:0000207)
GO:0030182	neuron differentiation	results_in_acquisition_of_features_of(CL:0000207)
GO:0030154	cell differentiation	results_in_acquisition_of_features_of(CL:0000216)
GO:0030154	cell differentiation	results_in_acquisition_of_features_of(CL:0000216)
GO:0030154	cell differentiation	results_in_acquisition_of_features_of(CL:0000216)
GO:0010001	glial cell differentiation	results_in_acquisition_of_features_of(CL:0000218)
GO:0014037	Schwann cell differentiation	results_in_acquisition_of_features_of(CL:0000218)
GO:0030154	cell differentiation	results_in_acquisition_of_features_of(CL:0000223)
GO:0030218	erythrocyte differentiation	results_in_acquisition_of_features_of(CL:0000232)
GO:0030218	erythrocyte differentiation	results_in_acquisition_of_features_of(CL:0000232)
GO:0043353	enucleate erythrocyte differentiation	results_in_acquisition_of_features_of(CL:0000232)
GO:0030218	erythrocyte differentiation	results_in_acquisition_of_features_of(CL:0000232)
GO:0030218	erythrocyte differentiation	results_in_acquisition_of_features_of(CL:0000232)
GO:0060318	definitive erythrocyte differentiation	results_in_acquisition_of_features_of(CL:0000232)
GO:0030225	macrophage differentiation	results_in_acquisition_of_features_of(CL:0000235)
GO:0030225	macrophage differentiation	results_in_acquisition_of_features_of(CL:0000235)
GO:0030183	B cell differentiation	results_in_acquisition_of_features_of(CL:0000236)
GO:0030183	B cell differentiation	results_in_acquisition_of_features_of(CL:0000236)
GO:0030183	B cell differentiation	results_in_acquisition_of_features_of(CL:0000236)
GO:0030183	B cell differentiation	results_in_acquisition_of_features_of(CL:0000236)
GO:0030183	B cell differentiation	results_in_acquisition_of_features_of(CL:0000236)
GO:0002317	plasma cell differentiation	results_in_acquisition_of_features_of(CL:0000236)
GO:0009913	epidermal cell differentiation	results_in_acquisition_of_features_of(CL:0000242)
GO:0010001	glial cell differentiation	results_in_acquisition_of_features_of(CL:0000243)
GO:0060126	somatotropin secreting cell differentiation	results_in_acquisition_of_features_of(CL:0000295)
GO:0030154	cell differentiation	results_in_acquisition_of_features_of(CL:0000295)
GO:0060126	somatotropin secreting cell differentiation	results_in_acquisition_of_features_of(CL:0000295)
GO:0030154	cell differentiation	results_in_acquisition_of_features_of(CL:0000306)
GO:0070306	lens fiber cell differentiation	results_in_acquisition_of_features_of(CL:0000306)
GO:0030216	keratinocyte differentiation	results_in_acquisition_of_features_of(CL:0000312)
GO:0030216	keratinocyte differentiation	results_in_acquisition_of_features_of(CL:0000312)
GO:0030216	keratinocyte differentiation	results_in_acquisition_of_features_of(CL:0000312)
GO:0030216	keratinocyte differentiation	results_in_acquisition_of_features_of(CL:0000312)
GO:0030216	keratinocyte differentiation	results_in_acquisition_of_features_of(CL:0000312)
GO:0030216	keratinocyte differentiation	results_in_acquisition_of_features_of(CL:0000312)
GO:0060689	cell differentiation involved in salivary gland development	results_in_acquisition_of_features_of(CL:0000319)
GO:0060510	Type II pneumocyte differentiation	results_in_acquisition_of_features_of(CL:0000322)
GO:0060510	Type II pneumocyte differentiation	results_in_acquisition_of_features_of(CL:0000322)
GO:0060509	Type I pneumocyte differentiation	results_in_acquisition_of_features_of(CL:0000322)
GO:0060510	Type II pneumocyte differentiation	results_in_acquisition_of_features_of(CL:0000322)
GO:0060510	Type II pneumocyte differentiation	results_in_acquisition_of_features_of(CL:0000322)
GO:0030154	cell differentiation	results_in_acquisition_of_features_of(CL:0000333)
GO:0001829	trophectodermal cell differentiation	results_in_acquisition_of_features_of(CL:0000351)
GO:0030154	cell differentiation	results_in_acquisition_of_features_of(CL:0000351)
GO:0060715	syncytiotrophoblast cell differentiation involved in labyrinthine layer development	results_in_acquisition_of_features_of(CL:0000351)
GO:0030154	cell differentiation	results_in_acquisition_of_features_of(CL:0000351)
GO:0030154	cell differentiation	results_in_acquisition_of_features_of(CL:0000351)
GO:0001829	trophectodermal cell differentiation	results_in_acquisition_of_features_of(CL:0000351)
GO:0001829	trophectodermal cell differentiation	results_in_acquisition_of_features_of(CL:0000351)
GO:0030154	cell differentiation	results_in_acquisition_of_features_of(CL:0000351)
GO:0001829	trophectodermal cell differentiation	results_in_acquisition_of_features_of(CL:0000351)
GO:0001829	trophectodermal cell differentiation	results_in_acquisition_of_features_of(CL:0000351)
GO:0001829	trophectodermal cell differentiation	results_in_acquisition_of_features_of(CL:0000351)
GO:0055007	cardiac muscle cell differentiation	results_in_acquisition_of_features_of(CL:0000352)
GO:0051145	smooth muscle cell differentiation	results_in_acquisition_of_features_of(CL:0000359)
GO:0051145	smooth muscle cell differentiation	results_in_acquisition_of_features_of(CL:0000359)
GO:0051145	smooth muscle cell differentiation	results_in_acquisition_of_features_of(CL:0000359)
GO:0042692	muscle cell differentiation	results_in_acquisition_of_features_of(CL:0000359)
GO:0051145	smooth muscle cell differentiation	results_in_acquisition_of_features_of(CL:0000359)
GO:0051145	smooth muscle cell differentiation	results_in_acquisition_of_features_of(CL:0000359)
GO:0030154	cell differentiation	results_in_acquisition_of_features_of(CL:0000402)
GO:0030154	cell differentiation	results_in_acquisition_of_features_of(CL:0000437)
GO:0030154	cell differentiation	results_in_acquisition_of_features_of(CL:0000439)
GO:0002268	follicular dendritic cell differentiation	results_in_acquisition_of_features_of(CL:0000442)
GO:0030154	cell differentiation	results_in_acquisition_of_features_of(CL:0000446)
GO:0045598	regulation of fat cell differentiation	results_in_acquisition_of_features_of(CL:0000448)
GO:0045598	regulation of fat cell differentiation	results_in_acquisition_of_features_of(CL:0000448)
GO:0050872	white fat cell differentiation	results_in_acquisition_of_features_of(CL:0000448)
GO:0050872	white fat cell differentiation	results_in_acquisition_of_features_of(CL:0000448)
GO:0050872	white fat cell differentiation	results_in_acquisition_of_features_of(CL:0000448)
GO:0045444	fat cell differentiation	results_in_acquisition_of_features_of(CL:0000448)
GO:0050872	white fat cell differentiation	results_in_acquisition_of_features_of(CL:0000448)
GO:0097028	dendritic cell differentiation	results_in_acquisition_of_features_of(CL:0000451)
GO:0043011	myeloid dendritic cell differentiation	results_in_acquisition_of_features_of(CL:0000453)
GO:0021953	central nervous system neuron differentiation	results_in_acquisition_of_features_of(CL:0000459)
GO:0030154	cell differentiation	results_in_acquisition_of_features_of(CL:0000476)
GO:0060129	thyroid-stimulating hormone-secreting cell differentiation	results_in_acquisition_of_features_of(CL:0000476)
GO:0030154	cell differentiation	results_in_acquisition_of_features_of(CL:0000476)
GO:0030154	cell differentiation	results_in_acquisition_of_features_of(CL:0000477)
GO:0030154	cell differentiation	results_in_acquisition_of_features_of(CL:0000477)
GO:0042093	T-helper cell differentiation	results_in_acquisition_of_features_of(CL:0000492)
GO:0021527	spinal cord association neuron differentiation	results_in_acquisition_of_features_of(CL:0000498)
GO:0021895	cerebral cortex neuron differentiation	results_in_acquisition_of_features_of(CL:0000498)
GO:0002067	glandular epithelial cell differentiation	results_in_acquisition_of_features_of(CL:0000508)
GO:0030857	negative regulation of epithelial cell differentiation	results_in_acquisition_of_features_of(CL:0000510)
GO:0055007	cardiac muscle cell differentiation	results_in_acquisition_of_features_of(CL:0000513)
GO:0035914	skeletal muscle cell differentiation	results_in_acquisition_of_features_of(CL:0000515)
GO:0030182	neuron differentiation	results_in_acquisition_of_features_of(CL:0000540)
GO:0030154	cell differentiation	results_in_acquisition_of_features_of(CL:0000540)
GO:0030182	neuron differentiation	results_in_acquisition_of_features_of(CL:0000540)
GO:0030182	neuron differentiation	results_in_acquisition_of_features_of(CL:0000540)
GO:0021953	central nervous system neuron differentiation	results_in_acquisition_of_features_of(CL:0000540)
GO:0030154	cell differentiation	results_in_acquisition_of_features_of(CL:0000541)
GO:0030098	lymphocyte differentiation	results_in_acquisition_of_features_of(CL:0000542)
GO:0045063	T-helper 1 cell differentiation	results_in_acquisition_of_features_of(CL:0000545)
GO:0045064	T-helper 2 cell differentiation	results_in_acquisition_of_features_of(CL:0000546)
GO:0030099	myeloid cell differentiation	results_in_acquisition_of_features_of(CL:0000547)
GO:0030219	megakaryocyte differentiation	results_in_acquisition_of_features_of(CL:0000553)
GO:0030219	megakaryocyte differentiation	results_in_acquisition_of_features_of(CL:0000556)
GO:0030182	neuron differentiation	results_in_acquisition_of_features_of(CL:0000561)
GO:0030182	neuron differentiation	results_in_acquisition_of_features_of(CL:0000561)
GO:0030154	cell differentiation	results_in_acquisition_of_features_of(CL:0000561)
GO:0030154	cell differentiation	results_in_acquisition_of_features_of(CL:0000561)
GO:0030224	monocyte differentiation	results_in_acquisition_of_features_of(CL:0000576)
GO:0030224	monocyte differentiation	results_in_acquisition_of_features_of(CL:0000576)
GO:0030224	monocyte differentiation	results_in_acquisition_of_features_of(CL:0000576)
GO:0030224	monocyte differentiation	results_in_acquisition_of_features_of(CL:0000576)
GO:0030224	monocyte differentiation	results_in_acquisition_of_features_of(CL:0000576)
GO:0030857	negative regulation of epithelial cell differentiation	results_in_acquisition_of_features_of(CL:0000584)
GO:0060113	inner ear receptor cell differentiation	results_in_acquisition_of_features_of(CL:0000589)
GO:0042491	auditory receptor cell differentiation	results_in_acquisition_of_features_of(CL:0000589)
GO:0042491	auditory receptor cell differentiation	results_in_acquisition_of_features_of(CL:0000589)
GO:0014816	skeletal muscle satellite cell differentiation	results_in_acquisition_of_features_of(CL:0000594)
GO:0030218	erythrocyte differentiation	results_in_acquisition_of_features_of(CL:0000595)
GO:0042491	auditory receptor cell differentiation	results_in_acquisition_of_features_of(CL:0000601)
GO:0060113	inner ear receptor cell differentiation	results_in_acquisition_of_features_of(CL:0000601)
GO:0030154	cell differentiation	results_in_acquisition_of_features_of(CL:0000601)
GO:0060113	inner ear receptor cell differentiation	results_in_acquisition_of_features_of(CL:0000601)
GO:0042491	auditory receptor cell differentiation	results_in_acquisition_of_features_of(CL:0000601)
GO:0042491	auditory receptor cell differentiation	results_in_acquisition_of_features_of(CL:0000601)
GO:0042491	auditory receptor cell differentiation	results_in_acquisition_of_features_of(CL:0000601)
GO:0060221	retinal rod cell differentiation	results_in_acquisition_of_features_of(CL:0000604)
GO:0001754	eye photoreceptor cell differentiation	results_in_acquisition_of_features_of(CL:0000604)
GO:0021892	cerebral cortex GABAergic interneuron differentiation	results_in_acquisition_of_features_of(CL:0000617)
GO:0021879	forebrain neuron differentiation	results_in_acquisition_of_features_of(CL:0000617)
GO:0030182	neuron differentiation	results_in_acquisition_of_features_of(CL:0000617)
GO:0030182	neuron differentiation	results_in_acquisition_of_features_of(CL:0000617)
GO:0021892	cerebral cortex GABAergic interneuron differentiation	results_in_acquisition_of_features_of(CL:0000617)
GO:0021889	olfactory bulb interneuron differentiation	results_in_acquisition_of_features_of(CL:0000617)
GO:0021892	cerebral cortex GABAergic interneuron differentiation	results_in_acquisition_of_features_of(CL:0000617)
GO:0021892	cerebral cortex GABAergic interneuron differentiation	results_in_acquisition_of_features_of(CL:0000617)
GO:0021892	cerebral cortex GABAergic interneuron differentiation	results_in_acquisition_of_features_of(CL:0000617)
GO:0021879	forebrain neuron differentiation	results_in_acquisition_of_features_of(CL:0000617)
GO:0030154	cell differentiation	results_in_acquisition_of_features_of(CL:0000622)
GO:0060689	cell differentiation involved in salivary gland development	results_in_acquisition_of_features_of(CL:0000622)
GO:0001779	natural killer cell differentiation	results_in_acquisition_of_features_of(CL:0000623)
GO:0001779	natural killer cell differentiation	results_in_acquisition_of_features_of(CL:0000623)
GO:0001779	natural killer cell differentiation	results_in_acquisition_of_features_of(CL:0000623)
GO:0001779	natural killer cell differentiation	results_in_acquisition_of_features_of(CL:0000623)
GO:0001779	natural killer cell differentiation	results_in_acquisition_of_features_of(CL:0000623)
GO:0030217	T cell differentiation	results_in_acquisition_of_features_of(CL:0000624)
GO:0030217	T cell differentiation	results_in_acquisition_of_features_of(CL:0000624)
GO:0043367	CD4-positive, alpha-beta T cell differentiation	results_in_acquisition_of_features_of(CL:0000624)
GO:0043374	CD8-positive, alpha-beta T cell differentiation	results_in_acquisition_of_features_of(CL:0000625)
GO:0030217	T cell differentiation	results_in_acquisition_of_features_of(CL:0000625)
GO:0030217	T cell differentiation	results_in_acquisition_of_features_of(CL:0000625)
GO:0043374	CD8-positive, alpha-beta T cell differentiation	results_in_acquisition_of_features_of(CL:0000625)
GO:0043374	CD8-positive, alpha-beta T cell differentiation	results_in_acquisition_of_features_of(CL:0000625)
GO:0030154	cell differentiation	results_in_acquisition_of_features_of(CL:0000630)
GO:0042491	auditory receptor cell differentiation	results_in_acquisition_of_features_of(CL:0000630)
GO:0030154	cell differentiation	results_in_acquisition_of_features_of(CL:0000635)
GO:0060020	Bergmann glial cell differentiation	results_in_acquisition_of_features_of(CL:0000644)
GO:0030154	cell differentiation	results_in_acquisition_of_features_of(CL:0000646)
GO:0030154	cell differentiation	results_in_acquisition_of_features_of(CL:0000646)
GO:0009913	epidermal cell differentiation	results_in_acquisition_of_features_of(CL:0000649)
GO:0030154	cell differentiation	results_in_acquisition_of_features_of(CL:0000652)
GO:0072112	glomerular visceral epithelial cell differentiation	results_in_acquisition_of_features_of(CL:0000653)
GO:0051145	smooth muscle cell differentiation	results_in_acquisition_of_features_of(CL:0000669)
GO:0051145	smooth muscle cell differentiation	results_in_acquisition_of_features_of(CL:0000669)
GO:0010001	glial cell differentiation	results_in_acquisition_of_features_of(CL:0000681)
GO:0021861	forebrain radial glial cell differentiation	results_in_acquisition_of_features_of(CL:0000681)
GO:0010001	glial cell differentiation	results_in_acquisition_of_features_of(CL:0000681)
GO:0021861	forebrain radial glial cell differentiation	results_in_acquisition_of_features_of(CL:0000681)
GO:0030154	cell differentiation	results_in_acquisition_of_features_of(CL:0000696)
GO:0030182	neuron differentiation	results_in_acquisition_of_features_of(CL:0000700
GO:0030182	neuron differentiation	results_in_acquisition_of_features_of(CL:0000700)
GO:0030182	neuron differentiation	results_in_acquisition_of_features_of(CL:0000700)
GO:0021953	central nervous system neuron differentiation	results_in_acquisition_of_features_of(CL:0000700)
GO:0021953	central nervous system neuron differentiation	results_in_acquisition_of_features_of(CL:0000700)
GO:0030182	neuron differentiation	results_in_acquisition_of_features_of(CL:0000700)
GO:0071542	dopaminergic neuron differentiation	results_in_acquisition_of_features_of(CL:0000700)
GO:0030182	neuron differentiation	results_in_acquisition_of_features_of(CL:0000700)
GO:0030182	neuron differentiation	results_in_acquisition_of_features_of(CL:0000700)
GO:0021879	forebrain neuron differentiation	results_in_acquisition_of_features_of(CL:0000700)
GO:0021895	cerebral cortex neuron differentiation	results_in_acquisition_of_features_of(CL:0000700)
GO:0071542	dopaminergic neuron differentiation	results_in_acquisition_of_features_of(CL:0000700)
GO:0021953	central nervous system neuron differentiation	results_in_acquisition_of_features_of(CL:0000700)
GO:0048863	stem cell differentiation	results_in_acquisition_of_features_of(CL:0000723)
GO:0030182	neuron differentiation	results_in_acquisition_of_features_of(CL:0000740)
GO:0030182	neuron differentiation	results_in_acquisition_of_features_of(CL:0000740)
GO:0030182	neuron differentiation	results_in_acquisition_of_features_of(CL:0000740)
GO:0030182	neuron differentiation	results_in_acquisition_of_features_of(CL:0000740)
GO:0030182	neuron differentiation	results_in_acquisition_of_features_of(CL:0000740)
GO:0030182	neuron differentiation	results_in_acquisition_of_features_of(CL:0000740)
GO:0030182	neuron differentiation	results_in_acquisition_of_features_of(CL:0000740)
GO:0030154	cell differentiation	results_in_acquisition_of_features_of(CL:0000740)
GO:0030182	neuron differentiation	results_in_acquisition_of_features_of(CL:0000740)
GO:0002062	chondrocyte differentiation	results_in_acquisition_of_features_of(CL:0000743)
GO:0030154	cell differentiation	results_in_acquisition_of_features_of(CL:0000743)
GO:0030154	cell differentiation	results_in_acquisition_of_features_of(CL:0000744)
GO:0030154	cell differentiation	results_in_acquisition_of_features_of(CL:0000745)
GO:0055007	cardiac muscle cell differentiation	results_in_acquisition_of_features_of(CL:0000746)
GO:0055013	cardiac muscle cell development	results_in_acquisition_of_features_of(CL:0000746)
GO:0003167	atrioventricular bundle cell differentiation	results_in_acquisition_of_features_of(CL:0000746)
GO:0055013	cardiac muscle cell development	results_in_acquisition_of_features_of(CL:0000746)
GO:0055013	cardiac muscle cell development	results_in_acquisition_of_features_of(CL:0000746)
GO:0055013	cardiac muscle cell development	results_in_acquisition_of_features_of(CL:0000746)
GO:0055013	cardiac muscle cell development	results_in_acquisition_of_features_of(CL:0000746)
GO:0055007	cardiac muscle cell differentiation	results_in_acquisition_of_features_of(CL:0000746)
GO:0003168	Purkinje myocyte differentiation	results_in_acquisition_of_features_of(CL:0000746)
GO:0042692	muscle cell differentiation	results_in_acquisition_of_features_of(CL:0000746)
GO:0055007	cardiac muscle cell differentiation	results_in_acquisition_of_features_of(CL:0000746)
GO:0060040	retinal bipolar neuron differentiation	results_in_acquisition_of_features_of(CL:0000748)
GO:0060040	retinal bipolar neuron differentiation	results_in_acquisition_of_features_of(CL:0000748)
GO:0060040	retinal bipolar neuron differentiation	results_in_acquisition_of_features_of(CL:0000750)
GO:0030099	myeloid cell differentiation	results_in_acquisition_of_features_of(CL:0000763)
GO:0030099	myeloid cell differentiation	results_in_acquisition_of_features_of(CL:0000765)
GO:0030099	myeloid cell differentiation	results_in_acquisition_of_features_of(CL:0000765)
GO:0002335	mature B cell differentiation	results_in_acquisition_of_features_of(CL:0000785)
GO:0046632	alpha-beta T cell differentiation	results_in_acquisition_of_features_of(CL:0000789)
GO:0046632	alpha-beta T cell differentiation	results_in_acquisition_of_features_of(CL:0000791)
GO:0033077	T cell differentiation in thymus	results_in_acquisition_of_features_of(CL:0000806)
GO:0046632	alpha-beta T cell differentiation	results_in_acquisition_of_features_of(CL:0000808)
GO:0046632	alpha-beta T cell differentiation	results_in_acquisition_of_features_of(CL:0000808)
GO:0033077	T cell differentiation in thymus	results_in_acquisition_of_features_of(CL:0000809)
GO:0046632	alpha-beta T cell differentiation	results_in_acquisition_of_features_of(CL:0000809)
GO:0002361	CD4-positive, CD25-positive, alpha-beta regulatory T cell differentiation	results_in_acquisition_of_features_of(CL:0000809)
GO:0001779	natural killer cell differentiation	results_in_acquisition_of_features_of(CL:0000814)
GO:0002328	pro-B cell differentiation	results_in_acquisition_of_features_of(CL:0000816)
GO:0002329	pre-B cell differentiation	results_in_acquisition_of_features_of(CL:0000816)
GO:0001779	natural killer cell differentiation	results_in_acquisition_of_features_of(CL:0000824)
GO:0001779	natural killer cell differentiation	results_in_acquisition_of_features_of(CL:0000824)
GO:0001779	natural killer cell differentiation	results_in_acquisition_of_features_of(CL:0000824)
GO:0002328	pro-B cell differentiation	results_in_acquisition_of_features_of(CL:0000826)
GO:0060218	hematopoietic stem cell differentiation	results_in_acquisition_of_features_of(CL:0000837)
GO:0002318	myeloid progenitor cell differentiation	results_in_acquisition_of_features_of(CL:0000839)
GO:0002316	follicular B cell differentiation	results_in_acquisition_of_features_of(CL:0000843)
GO:0002314	germinal center B cell differentiation	results_in_acquisition_of_features_of(CL:0000844)
GO:0030182	neuron differentiation	results_in_acquisition_of_features_of(CL:0000850)
GO:0030182	neuron differentiation	results_in_acquisition_of_features_of(CL:0000850)
GO:0021953	central nervous system neuron differentiation	results_in_acquisition_of_features_of(CL:0000850)
GO:0021953	central nervous system neuron differentiation	results_in_acquisition_of_features_of(CL:0000850)
GO:0021533	cell differentiation in hindbrain	results_in_acquisition_of_features_of(CL:0000850)
GO:0030182	neuron differentiation	results_in_acquisition_of_features_of(CL:0000850)
GO:0045445	myoblast differentiation	results_in_acquisition_of_features_of(CL:0000858)
GO:0033077	T cell differentiation in thymus	results_in_acquisition_of_features_of(CL:0000893)
GO:0002361	CD4-positive, CD25-positive, alpha-beta regulatory T cell differentiation	results_in_acquisition_of_features_of(CL:0000902)
GO:0045591	positive regulation of regulatory T cell differentiation	results_in_acquisition_of_features_of(CL:0000902)
GO:0060218	hematopoietic stem cell differentiation	results_in_acquisition_of_features_of(CL:0002033)
GO:0060509	Type I pneumocyte differentiation	results_in_acquisition_of_features_of(CL:0002062)
GO:0060509	Type I pneumocyte differentiation	results_in_acquisition_of_features_of(CL:0002062)
GO:0060510	Type II pneumocyte differentiation	results_in_acquisition_of_features_of(CL:0002063)
GO:0030855	epithelial cell differentiation	results_in_acquisition_of_features_of(CL:0002064
GO:0045621	positive regulation of lymphocyte differentiation	results_in_acquisition_of_features_of(CL:0002109
GO:0055012	ventricular cardiac muscle cell differentiation	results_in_acquisition_of_features_of(CL:0002131)
GO:0009913	epidermal cell differentiation	results_in_acquisition_of_features_of(CL:0002153)
GO:0030855	epithelial cell differentiation	results_in_acquisition_of_features_of(CL:0002187)
GO:0009913	epidermal cell differentiation	results_in_acquisition_of_features_of(CL:0002187)
GO:0009913	epidermal cell differentiation	results_in_acquisition_of_features_of(CL:0002189)
GO:0030857	negative regulation of epithelial cell differentiation	results_in_acquisition_of_features_of(CL:0002267)
GO:0055007	cardiac muscle cell differentiation	results_in_acquisition_of_features_of(CL:0002322)
GO:0048863	stem cell differentiation	results_in_acquisition_of_features_of(CL:0002322)
GO:0071542	dopaminergic neuron differentiation	results_in_acquisition_of_features_of(CL:0002322)
GO:0061030	epithelial cell differentiation involved in mammary gland alveolus development	results_in_acquisition_of_features_of(CL:0002325)
GO:0045444	fat cell differentiation	results_in_acquisition_of_features_of(CL:0002334)
GO:0030224	monocyte differentiation	results_in_acquisition_of_features_of(CL:0002354)
GO:0060318	definitive erythrocyte differentiation	results_in_acquisition_of_features_of(CL:0002355)
GO:0030099	myeloid cell differentiation	results_in_acquisition_of_features_of(CL:0002355)
GO:0014908	myotube differentiation involved in skeletal muscle regeneration	results_in_acquisition_of_features_of(CL:0002372)
GO:0035914	skeletal muscle cell differentiation	results_in_acquisition_of_features_of(CL:0002372)
GO:0010830	regulation of myotube differentiation	results_in_acquisition_of_features_of(CL:0002372)
GO:0060217	hemangioblast cell differentiation	results_in_acquisition_of_features_of(CL:0002418)
GO:0043011	myeloid dendritic cell differentiation	results_in_acquisition_of_features_of(CL:0002461)
GO:0043011	myeloid dendritic cell differentiation	results_in_acquisition_of_features_of(CL:0002465)
GO:0060707	trophoblast giant cell differentiation	results_in_acquisition_of_features_of(CL:0002488)
GO:0060707	trophoblast giant cell differentiation	results_in_acquisition_of_features_of(CL:0002488)
GO:0048708	astrocyte differentiation	results_in_acquisition_of_features_of(CL:0002603)
GO:0021902	commitment of neuronal cell to specific neuron type in forebrain	results_in_acquisition_of_features_of(CL:0002609)
GO:0021514	ventral spinal cord interneuron differentiation	results_in_acquisition_of_features_of(CL:0005000)
GO:0030182	neuron differentiation	results_in_acquisition_of_features_of(CL:0005000)
GO:0048863	stem cell differentiation	results_in_acquisition_of_features_of(CL:0007010)
GO:0030154	cell differentiation	results_in_acquisition_of_features_of(CL:1000191)
GO:0001829	trophectodermal cell differentiation	results_in_acquisition_of_features_of(CL:1000274)
GO:0001829	trophectodermal cell differentiation	results_in_acquisition_of_features_of(CL:1000274)
GO:0030154	cell differentiation	results_in_acquisition_of_features_of(CL:1000274)
GO:0030855	epithelial cell differentiation	results_in_acquisition_of_features_of(CL:1000334)
GO:0030859	polarized epithelial cell differentiation	results_in_acquisition_of_features_of(CL:1000454
GO:0030857	negative regulation of epithelial cell differentiation	results_in_acquisition_of_features_of(CL:1000488)
GO:0060689	cell differentiation involved in salivary gland development	results_in_acquisition_of_features_of(CL:1001596)
GO:0010629	negative regulation of gene expression	results_in_acquisition_of_features_of(WBbt:0003904)
GO:0010628	positive regulation of gene expression	results_in_acquisition_of_features_of(WBbt:0003904)
GO:0030182	neuron differentiation	results_in_acquisition_of_features_of(WBbt:0005662)
GO:0040040	thermosensory behavior	results_in_acquisition_of_features_of(WBbt:0005662)
GO:0008584	male gonad development	results_in_acquisition_of_features_of(WBbt:0006865)
GO:0040035	hermaphrodite genitalia development	results_in_acquisition_of_features_of(WBbt:0006865)
GO:0051302	regulation of cell division	results_in_acquisition_of_features_of(WBbt:0007854
GO:0051781	positive regulation of cell division	results_in_acquisition_of_features_of(WBbt:0007854
GO:1904787	positive regulation of asymmetric protein localization involved in cell fate determination	results_in_acquisition_of_features_of(WBbt:0007854
GO:0051782	negative regulation of cell division	results_in_acquisition_of_features_of(WBbt:0007854
GO:0008356	asymmetric cell division	results_in_acquisition_of_features_of(WBbt:0007854)
GO:0008406	gonad development	results_in_acquisition_of_features_of(WBbt:0007854)
GO:0048663	neuron fate commitment	results_in_commitment_to(CL:0000006)
GO:0048625	myoblast fate commitment	results_in_commitment_to(CL:0000056)
GO:0060290	transdifferentiation	results_in_commitment_to(CL:0000056)
GO:0048663	neuron fate commitment	results_in_commitment_to(CL:0000099)
GO:0048663	neuron fate commitment	results_in_commitment_to(CL:0000099)
GO:0048663	neuron fate commitment	results_in_commitment_to(CL:0000099)
GO:0048663	neuron fate commitment	results_in_commitment_to(CL:0000099)
GO:0048663	neuron fate commitment	results_in_commitment_to(CL:0000099)
GO:0048663	neuron fate commitment	results_in_commitment_to(CL:0000099)
GO:0048663	neuron fate commitment	results_in_commitment_to(CL:0000100)
GO:0048663	neuron fate commitment	results_in_commitment_to(CL:0000101)
GO:0048663	neuron fate commitment	results_in_commitment_to(CL:0000101)
GO:0048663	neuron fate commitment	results_in_commitment_to(CL:0000111)
GO:0060163	subpallium neuron fate commitment	results_in_commitment_to(CL:0000117)
GO:0021902	commitment of neuronal cell to specific neuron type in forebrain	results_in_commitment_to(CL:0000117)
GO:0060163	subpallium neuron fate commitment	results_in_commitment_to(CL:0000117)
GO:0048663	neuron fate commitment	results_in_commitment_to(CL:0000117)
GO:0060018	astrocyte fate commitment	results_in_commitment_to(CL:0000127)
GO:0060018	astrocyte fate commitment	results_in_commitment_to(CL:0000127)
GO:0021779	oligodendrocyte cell fate commitment	results_in_commitment_to(CL:0000128)
GO:0060290	transdifferentiation	results_in_commitment_to(CL:0000138)
GO:0072148	epithelial cell fate commitment	results_in_commitment_to(CL:0000160)
GO:0003327	type B pancreatic cell fate commitment	results_in_commitment_to(CL:0000169)
GO:0003326	pancreatic A cell fate commitment	results_in_commitment_to(CL:0000169)
GO:0003327	type B pancreatic cell fate commitment	results_in_commitment_to(CL:0000169)
GO:0003326	pancreatic A cell fate commitment	results_in_commitment_to(CL:0000171)
GO:0042693	muscle cell fate commitment	results_in_commitment_to(CL:0000192)
GO:0048663	neuron fate commitment	results_in_commitment_to(CL:0000199)
GO:0009912	auditory receptor cell fate commitment	results_in_commitment_to(CL:0000202)
GO:0001710	mesodermal cell fate commitment	results_in_commitment_to(CL:0000222)
GO:0001711	endodermal cell fate commitment	results_in_commitment_to(CL:0000223)
GO:0001711	endodermal cell fate commitment	results_in_commitment_to(CL:0000223)
GO:0002326	B cell lineage commitment	results_in_commitment_to(CL:0000236)
GO:0002326	B cell lineage commitment	results_in_commitment_to(CL:0000236)
GO:0002326	B cell lineage commitment	results_in_commitment_to(CL:0000236)
GO:0002326	B cell lineage commitment	results_in_commitment_to(CL:0000236)
GO:0048663	neuron fate commitment	results_in_commitment_to(CL:0000498)
GO:0021877	forebrain neuron fate commitment	results_in_commitment_to(CL:0000498)
GO:0072148	epithelial cell fate commitment	results_in_commitment_to(CL:0000508)
GO:0072148	epithelial cell fate commitment	results_in_commitment_to(CL:0000510)
GO:0048663	neuron fate commitment	results_in_commitment_to(CL:0000540)
GO:0048663	neuron fate commitment	results_in_commitment_to(CL:0000540)
GO:0048663	neuron fate commitment	results_in_commitment_to(CL:0000540)
GO:0048663	neuron fate commitment	results_in_commitment_to(CL:0000540)
GO:0009912	auditory receptor cell fate commitment	results_in_commitment_to(CL:0000589)
GO:0014813	skeletal muscle satellite cell commitment	results_in_commitment_to(CL:0000594)
GO:0048663	neuron fate commitment	results_in_commitment_to(CL:0000617)
GO:0048663	neuron fate commitment	results_in_commitment_to(CL:0000617)
GO:0048663	neuron fate commitment	results_in_commitment_to(CL:0000617)
GO:0021893	cerebral cortex GABAergic interneuron fate commitment	results_in_commitment_to(CL:0000617)
GO:0043375	CD8-positive, alpha-beta T cell lineage commitment	results_in_commitment_to(CL:0000625)
GO:0043375	CD8-positive, alpha-beta T cell lineage commitment	results_in_commitment_to(CL:0000625)
GO:0043375	CD8-positive, alpha-beta T cell lineage commitment	results_in_commitment_to(CL:0000625)
GO:0043375	CD8-positive, alpha-beta T cell lineage commitment	results_in_commitment_to(CL:0000625)
GO:0021781	glial cell fate commitment	results_in_commitment_to(CL:0000636)
GO:0060018	astrocyte fate commitment	results_in_commitment_to(CL:0000636)
GO:0048663	neuron fate commitment	results_in_commitment_to(CL:0000695)
GO:0003329	pancreatic PP cell fate commitment	results_in_commitment_to(CL:0000696)
GO:0048663	neuron fate commitment	results_in_commitment_to(CL:0000700)
GO:0010455	positive regulation of cell fate commitment	results_in_commitment_to(CL:0000746
GO:0010455	positive regulation of cell fate commitment	results_in_commitment_to(CL:0000746
GO:0010455	positive regulation of cell fate commitment	results_in_commitment_to(CL:0000746
GO:0010455	positive regulation of cell fate commitment	results_in_commitment_to(CL:0000746
GO:0060923	cardiac muscle cell fate commitment	results_in_commitment_to(CL:0000746)
GO:0060929	atrioventricular node cell fate commitment	results_in_commitment_to(CL:0000746)
GO:0048663	neuron fate commitment	results_in_commitment_to(CL:0000850)
GO:0072148	epithelial cell fate commitment	results_in_commitment_to(CL:0002264)
GO:0021902	commitment of neuronal cell to specific neuron type in forebrain	results_in_commitment_to(CL:0002609)
GO:0048663	neuron fate commitment	results_in_commitment_to(CL:0011005)
GO:0001712	ectodermal cell fate commitment	results_in_commitment_to(CL:1000274)
GO:0007403	glial cell fate determination	results_in_determination_of(CL:0000030)
GO:0007400	neuroblast fate determination	results_in_determination_of(CL:0000031)
GO:0008284	positive regulation of cell proliferation	results_in_determination_of(CL:0000047)
GO:0060580	ventral spinal cord interneuron fate determination	results_in_determination_of(CL:0000099)
GO:0001709	cell fate determination	results_in_determination_of(CL:0000117)
GO:0048664	neuron fate determination	results_in_determination_of(CL:0000117)
GO:0007521	muscle cell fate determination	results_in_determination_of(CL:0000189)
GO:0042668	auditory receptor cell fate determination	results_in_determination_of(CL:0000202)
GO:0001709	cell fate determination	results_in_determination_of(CL:0000362)
GO:0001709	cell fate determination	results_in_determination_of(CL:0000449)
GO:0001709	cell fate determination	results_in_determination_of(CL:0000529)
GO:0048664	neuron fate determination	results_in_determination_of(CL:0000540)
GO:0048664	neuron fate determination	results_in_determination_of(CL:0000598)
GO:0048664	neuron fate determination	results_in_determination_of(CL:0000617)
GO:0048664	neuron fate determination	results_in_determination_of(CL:0000617)
GO:0048664	neuron fate determination	results_in_determination_of(CL:0000617)
GO:0048664	neuron fate determination	results_in_determination_of(CL:0000617)
GO:0048664	neuron fate determination	results_in_determination_of(CL:0000679
GO:0048664	neuron fate determination	results_in_determination_of(CL:0000679)
GO:0048664	neuron fate determination	results_in_determination_of(CL:0000679)
GO:0048664	neuron fate determination	results_in_determination_of(CL:0000700)
GO:0001709	cell fate determination	results_in_determination_of(CL:0000745)
GO:0048664	neuron fate determination	results_in_determination_of(CL:0008014)
GO:0014032	neural crest cell development	results_in_development_of(CL:0000008)
GO:0014032	neural crest cell development	results_in_development_of(CL:0000008)
GO:0014032	neural crest cell development	results_in_development_of(CL:0000008)
GO:0014032	neural crest cell development	results_in_development_of(CL:0000008)
GO:0014032	neural crest cell development	results_in_development_of(CL:0000008)
GO:0014032	neural crest cell development	results_in_development_of(CL:0000008)
GO:0014032	neural crest cell development	results_in_development_of(CL:0000008)
GO:0014032	neural crest cell development	results_in_development_of(CL:0000011)
GO:0007281	germ cell development	results_in_development_of(CL:0000015)
GO:0007281	germ cell development	results_in_development_of(CL:0000015)
GO:0007281	germ cell development	results_in_development_of(CL:0000015)
GO:0007281	germ cell development	results_in_development_of(CL:0000017)
GO:0007286	spermatid development	results_in_development_of(CL:0000019)
GO:0007281	germ cell development	results_in_development_of(CL:0000020)
GO:0007283	spermatogenesis	results_in_development_of(CL:0000020)
GO:0048599	oocyte development	results_in_development_of(CL:0000021)
GO:0048599	oocyte development	results_in_development_of(CL:0000023)
GO:0048599	oocyte development	results_in_development_of(CL:0000023)
GO:0048599	oocyte development	results_in_development_of(CL:0000023)
GO:0007281	germ cell development	results_in_development_of(CL:0000023)
GO:0007281	germ cell development	results_in_development_of(CL:0000023)
GO:0048741	skeletal muscle fiber development	results_in_development_of(CL:0000056)
GO:0002076	osteoblast development	results_in_development_of(CL:0000062)
GO:0002076	osteoblast development	results_in_development_of(CL:0000062)
GO:0002076	osteoblast development	results_in_development_of(CL:0000062)
GO:0002064	epithelial cell development	results_in_development_of(CL:0000066)
GO:0002064	epithelial cell development	results_in_development_of(CL:0000066)
GO:0002064	epithelial cell development	results_in_development_of(CL:0000067)
GO:0002064	epithelial cell development	results_in_development_of(CL:0000067)
GO:0002064	epithelial cell development	results_in_development_of(CL:0000067)
GO:0002064	epithelial cell development	results_in_development_of(CL:0000067)
GO:0002064	epithelial cell development	results_in_development_of(CL:0000067)
GO:0002064	epithelial cell development	results_in_development_of(CL:0000067)
GO:0002064	epithelial cell development	results_in_development_of(CL:0000067)
GO:0002064	epithelial cell development	results_in_development_of(CL:0000067)
GO:0001885	endothelial cell development	results_in_development_of(CL:0000071)
GO:0001885	endothelial cell development	results_in_development_of(CL:0000071)
GO:0001885	endothelial cell development	results_in_development_of(CL:0000071)
GO:0036035	osteoclast development	results_in_development_of(CL:0000092)
GO:0048666	neuron development	results_in_development_of(CL:0000100)
GO:0048666	neuron development	results_in_development_of(CL:0000100)
GO:0048666	neuron development	results_in_development_of(CL:0000100)
GO:0048666	neuron development	results_in_development_of(CL:0000101)
GO:0048666	neuron development	results_in_development_of(CL:0000107)
GO:0021884	forebrain neuron development	results_in_development_of(CL:0000108)
GO:0021884	forebrain neuron development	results_in_development_of(CL:0000108)
GO:0048935	peripheral nervous system neuron development	results_in_development_of(CL:0000111)
GO:0048935	peripheral nervous system neuron development	results_in_development_of(CL:0000111)
GO:0021884	forebrain neuron development	results_in_development_of(CL:0000117)
GO:0014002	astrocyte development	results_in_development_of(CL:0000127)
GO:0021897	forebrain astrocyte development	results_in_development_of(CL:0000127)
GO:0014003	oligodendrocyte development	results_in_development_of(CL:0000128)
GO:0014003	oligodendrocyte development	results_in_development_of(CL:0000128)
GO:0014003	oligodendrocyte development	results_in_development_of(CL:0000128)
GO:0014003	oligodendrocyte development	results_in_development_of(CL:0000128)
GO:0014003	oligodendrocyte development	results_in_development_of(CL:0000128)
GO:0014003	oligodendrocyte development	results_in_development_of(CL:0000128)
GO:0014003	oligodendrocyte development	results_in_development_of(CL:0000128)
GO:0014003	oligodendrocyte development	results_in_development_of(CL:0000128)
GO:0014003	oligodendrocyte development	results_in_development_of(CL:0000128)
GO:0014003	oligodendrocyte development	results_in_development_of(CL:0000128)
GO:0014031	mesenchymal cell development	results_in_development_of(CL:0000134)
GO:0014031	mesenchymal cell development	results_in_development_of(CL:0000134)
GO:0045656	negative regulation of monocyte differentiation	results_in_development_of(CL:0000135)
GO:0003433	chondrocyte development involved in endochondral bone morphogenesis	results_in_development_of(CL:0000138)
GO:0060576	intestinal epithelial cell development	results_in_development_of(CL:0000160)
GO:0060576	intestinal epithelial cell development	results_in_development_of(CL:0000160)
GO:0002064	epithelial cell development	results_in_development_of(CL:0000160)
GO:0003323	type B pancreatic cell development	results_in_development_of(CL:0000169)
GO:0003323	type B pancreatic cell development	results_in_development_of(CL:0000169)
GO:0048468	cell development	results_in_development_of(CL:0000182)
GO:0048741	skeletal muscle fiber development	results_in_development_of(CL:0000189)
GO:0048666	neuron development	results_in_development_of(CL:0000207)
GO:0042462	eye photoreceptor cell development	results_in_development_of(CL:0000210)
GO:0042462	eye photoreceptor cell development	results_in_development_of(CL:0000210)
GO:0042462	eye photoreceptor cell development	results_in_development_of(CL:0000210)
GO:0060009	Sertoli cell development	results_in_development_of(CL:0000216)
GO:0060009	Sertoli cell development	results_in_development_of(CL:0000216)
GO:0060009	Sertoli cell development	results_in_development_of(CL:0000216)
GO:0014044	Schwann cell development	results_in_development_of(CL:0000218)
GO:0014044	Schwann cell development	results_in_development_of(CL:0000218)
GO:0014044	Schwann cell development	results_in_development_of(CL:0000218)
GO:0048821	erythrocyte development	results_in_development_of(CL:0000232)
GO:0021782	glial cell development	results_in_development_of(CL:0000243)
GO:0042462	eye photoreceptor cell development	results_in_development_of(CL:0000287)
GO:0042462	eye photoreceptor cell development	results_in_development_of(CL:0000287)
GO:0060133	somatotropin secreting cell development	results_in_development_of(CL:0000295)
GO:0060133	somatotropin secreting cell development	results_in_development_of(CL:0000295)
GO:0002064	epithelial cell development	results_in_development_of(CL:0000312
GO:0002064	epithelial cell development	results_in_development_of(CL:0000312
GO:0003334	keratinocyte development	results_in_development_of(CL:0000312)
GO:0003334	keratinocyte development	results_in_development_of(CL:0000312)
GO:0003334	keratinocyte development	results_in_development_of(CL:0000312)
GO:0003334	keratinocyte development	results_in_development_of(CL:0000312)
GO:0002064	epithelial cell development	results_in_development_of(CL:0000312)
GO:0002064	epithelial cell development	results_in_development_of(CL:0000312)
GO:0003334	keratinocyte development	results_in_development_of(CL:0000312)
GO:0014032	neural crest cell development	results_in_development_of(CL:0000333)
GO:0014032	neural crest cell development	results_in_development_of(CL:0000333)
GO:0014032	neural crest cell development	results_in_development_of(CL:0000333)
GO:0014032	neural crest cell development	results_in_development_of(CL:0000333)
GO:0055001	muscle cell development	results_in_development_of(CL:0000359)
GO:0055001	muscle cell development	results_in_development_of(CL:0000359)
GO:0090336	positive regulation of brown fat cell differentiation	results_in_development_of(CL:0000449
GO:0060576	intestinal epithelial cell development	results_in_development_of(CL:0000510)
GO:0060576	intestinal epithelial cell development	results_in_development_of(CL:0000510)
GO:0048627	myoblast development	results_in_development_of(CL:0000515)
GO:0021782	glial cell development	results_in_development_of(CL:0000516)
GO:0048666	neuron development	results_in_development_of(CL:0000531)
GO:0048666	neuron development	results_in_development_of(CL:0000540)
GO:0048666	neuron development	results_in_development_of(CL:0000540)
GO:0048666	neuron development	results_in_development_of(CL:0000540)
GO:0048666	neuron development	results_in_development_of(CL:0000540)
GO:0048666	neuron development	results_in_development_of(CL:0000540)
GO:0035855	megakaryocyte development	results_in_development_of(CL:0000556)
GO:0048821	erythrocyte development	results_in_development_of(CL:0000558)
GO:0007281	germ cell development	results_in_development_of(CL:0000586)
GO:0007281	germ cell development	results_in_development_of(CL:0000586)
GO:0007281	germ cell development	results_in_development_of(CL:0000586)
GO:0007281	germ cell development	results_in_development_of(CL:0000586)
GO:0060117	auditory receptor cell development	results_in_development_of(CL:0000589)
GO:0021860	pyramidal neuron development	results_in_development_of(CL:0000598)
GO:0021860	pyramidal neuron development	results_in_development_of(CL:0000598)
GO:0021860	pyramidal neuron development	results_in_development_of(CL:0000598)
GO:0021860	pyramidal neuron development	results_in_development_of(CL:0000598)
GO:0060117	auditory receptor cell development	results_in_development_of(CL:0000601)
GO:0060117	auditory receptor cell development	results_in_development_of(CL:0000601)
GO:0046548	retinal rod cell development	results_in_development_of(CL:0000604)
GO:0046548	retinal rod cell development	results_in_development_of(CL:0000604)
GO:0014002	astrocyte development	results_in_development_of(CL:0000636)
GO:0014002	astrocyte development	results_in_development_of(CL:0000645)
GO:0072144	glomerular mesangial cell development	results_in_development_of(CL:0000650)
GO:0072249	metanephric glomerular visceral epithelial cell development	results_in_development_of(CL:0000653)
GO:0048599	oocyte development	results_in_development_of(CL:0000654)
GO:0007281	germ cell development	results_in_development_of(CL:0000670)
GO:0007281	germ cell development	results_in_development_of(CL:0000670)
GO:0014044	Schwann cell development	results_in_development_of(CL:0000692)
GO:0048666	neuron development	results_in_development_of(CL:0000700)
GO:0048666	neuron development	results_in_development_of(CL:0000741)
GO:0002063	chondrocyte development	results_in_development_of(CL:0000743)
GO:0002063	chondrocyte development	results_in_development_of(CL:0000743)
GO:0002063	chondrocyte development	results_in_development_of(CL:0000743)
GO:0002063	chondrocyte development	results_in_development_of(CL:0000743)
GO:0002063	chondrocyte development	results_in_development_of(CL:0000743)
GO:0002063	chondrocyte development	results_in_development_of(CL:0000743)
GO:0002063	chondrocyte development	results_in_development_of(CL:0000743)
GO:0055015	ventricular cardiac muscle cell development	results_in_development_of(CL:0000746)
GO:0055015	ventricular cardiac muscle cell development	results_in_development_of(CL:0000746)
GO:0055013	cardiac muscle cell development	results_in_development_of(CL:0000746)
GO:0048666	neuron development	results_in_development_of(CL:0000748)
GO:0048821	erythrocyte development	results_in_development_of(CL:0000765)
GO:2000516	positive regulation of CD4-positive, alpha-beta T cell activation	results_in_development_of(CL:0000905
GO:2000516	positive regulation of CD4-positive, alpha-beta T cell activation	results_in_development_of(CL:0000905
GO:2000516	positive regulation of CD4-positive, alpha-beta T cell activation	results_in_development_of(CL:0000905
GO:2000516	positive regulation of CD4-positive, alpha-beta T cell activation	results_in_development_of(CL:0000905
GO:0003334	keratinocyte development	results_in_development_of(CL:0002189
GO:0070307	lens fiber cell development	results_in_development_of(CL:0002228)
GO:0048741	skeletal muscle fiber development	results_in_development_of(CL:0002372)
GO:0043030	regulation of macrophage activation	results_in_development_of(CL:0002476)
GO:0002064	epithelial cell development	results_in_development_of(CL:0002586)
GO:0048666	neuron development	results_in_development_of(CL:0002613)
GO:0048935	peripheral nervous system neuron development	results_in_development_of(CL:1001451)
GO:0009792	embryo development ending in birth or egg hatching	results_in_development_of(EMAPA:16036)
GO:0001824	blastocyst development	results_in_development_of(EMAPA:16037)
GO:0002074	extraocular skeletal muscle development	results_in_development_of(EMAPA:16039)
GO:0061032	visceral serous pericardium development	results_in_development_of(EMAPA:16039)
GO:0001890	placenta development	results_in_development_of(EMAPA:16039)
GO:0009792	embryo development ending in birth or egg hatching	results_in_development_of(EMAPA:16039)
GO:0030097	hemopoiesis	results_in_development_of(EMAPA:16039)
GO:0021761	limbic system development	results_in_development_of(EMAPA:16039)
GO:0048538	thymus development	results_in_development_of(EMAPA:16039)
GO:0007498	mesoderm development	results_in_development_of(EMAPA:16039)
GO:0007498	mesoderm development	results_in_development_of(EMAPA:16039)
GO:0007492	endoderm development	results_in_development_of(EMAPA:16039)
GO:0043010	camera-type eye development	results_in_development_of(EMAPA:16039)
GO:0043010	camera-type eye development	results_in_development_of(EMAPA:16039)
GO:0043010	camera-type eye development	results_in_development_of(EMAPA:16039)
GO:0030325	adrenal gland development	results_in_development_of(EMAPA:16039)
GO:0048706	embryonic skeletal system development	results_in_development_of(EMAPA:16039)
GO:0048706	embryonic skeletal system development	results_in_development_of(EMAPA:16039)
GO:0060173	limb development	results_in_development_of(EMAPA:16039)
GO:0060173	limb development	results_in_development_of(EMAPA:16039)
GO:0060173	limb development	results_in_development_of(EMAPA:16039)
GO:0001824	blastocyst development	results_in_development_of(EMAPA:16039)
GO:0030900	forebrain development	results_in_development_of(EMAPA:16039)
GO:0007498	mesoderm development	results_in_development_of(EMAPA:16039)
GO:0043009	chordate embryonic development	results_in_development_of(EMAPA:16039)
GO:0009792	embryo development ending in birth or egg hatching	results_in_development_of(EMAPA:16039)
GO:0030903	notochord development	results_in_development_of(EMAPA:16039)
GO:0030901	midbrain development	results_in_development_of(EMAPA:16039)
GO:0007420	brain development	results_in_development_of(EMAPA:16039)
GO:0003281	ventricular septum development	results_in_development_of(EMAPA:16039)
GO:0030879	mammary gland development	results_in_development_of(EMAPA:16039)
GO:0007519	skeletal muscle tissue development	results_in_development_of(EMAPA:16039)
GO:0060322	head development	results_in_development_of(EMAPA:16039)
GO:0060324	face development	results_in_development_of(EMAPA:16039)
GO:0009791	post-embryonic development	results_in_development_of(EMAPA:16039)
GO:0001942	hair follicle development	results_in_development_of(EMAPA:16039)
GO:0021537	telencephalon development	results_in_development_of(EMAPA:16039)
GO:0035116	embryonic hindlimb morphogenesis	results_in_development_of(EMAPA:16039)
GO:0060840	artery development	results_in_development_of(EMAPA:16039)
GO:0001824	blastocyst development	results_in_development_of(EMAPA:16041)
GO:0060712	spongiotrophoblast layer development	results_in_development_of(EMAPA:16042)
GO:0001890	placenta development	results_in_development_of(EMAPA:16042)
GO:0009792	embryo development ending in birth or egg hatching	results_in_development_of(EMAPA:16042)
GO:0001892	embryonic placenta development	results_in_development_of(EMAPA:16042)
GO:0001890	placenta development	results_in_development_of(EMAPA:16042)
GO:0001892	embryonic placenta development	results_in_development_of(EMAPA:16042)
GO:0001890	placenta development	results_in_development_of(EMAPA:16042)
GO:0060674	placenta blood vessel development	results_in_development_of(EMAPA:16042)
GO:0001892	embryonic placenta development	results_in_development_of(EMAPA:16042)
GO:0060674	placenta blood vessel development	results_in_development_of(EMAPA:16042)
GO:0060674	placenta blood vessel development	results_in_development_of(EMAPA:16042)
GO:0060674	placenta blood vessel development	results_in_development_of(EMAPA:16042)
GO:0060716	labyrinthine layer blood vessel development	results_in_development_of(EMAPA:16042)
GO:0060711	labyrinthine layer development	results_in_development_of(EMAPA:16042)
GO:0060716	labyrinthine layer blood vessel development	results_in_development_of(EMAPA:16042)
GO:0060716	labyrinthine layer blood vessel development	results_in_development_of(EMAPA:16042)
GO:0009888	tissue development	results_in_development_of(EMAPA:16046)
GO:0001824	blastocyst development	results_in_development_of(EMAPA:16046)
GO:0001892	embryonic placenta development	results_in_development_of(EMAPA:16046)
GO:0009888	tissue development	results_in_development_of(EMAPA:16050)
GO:0009888	tissue development	results_in_development_of(EMAPA:16051)
GO:0007492	endoderm development	results_in_development_of(EMAPA:16051)
GO:0009888	tissue development	results_in_development_of(EMAPA:16052)
GO:0007492	endoderm development	results_in_development_of(EMAPA:16052)
GO:0009888	tissue development	results_in_development_of(EMAPA:16057)
GO:0007492	endoderm development	results_in_development_of(EMAPA:16058)
GO:0001890	placenta development	results_in_development_of(EMAPA:16059)
GO:0001892	embryonic placenta development	results_in_development_of(EMAPA:16059)
GO:0040019	positive regulation of embryonic development	results_in_development_of(EMAPA:16062)
GO:0007492	endoderm development	results_in_development_of(EMAPA:16062)
GO:0007492	endoderm development	results_in_development_of(EMAPA:16063)
GO:0007398	ectoderm development	results_in_development_of(EMAPA:16065)
GO:0030879	mammary gland development	results_in_development_of(EMAPA:16069)
GO:0007492	endoderm development	results_in_development_of(EMAPA:16070)
GO:0048339	paraxial mesoderm development	results_in_development_of(EMAPA:16071)
GO:0021915	neural tube development	results_in_development_of(EMAPA:16073)
GO:0001944	vasculature development	results_in_development_of(EMAPA:16085)
GO:0007498	mesoderm development	results_in_development_of(EMAPA:16087)
GO:0007420	brain development	results_in_development_of(EMAPA:16089)
GO:0030879	mammary gland development	results_in_development_of(EMAPA:16096)
GO:0007398	ectoderm development	results_in_development_of(EMAPA:16096)
GO:0007498	mesoderm development	results_in_development_of(EMAPA:16097)
GO:0048318	axial mesoderm development	results_in_development_of(EMAPA:16097)
GO:0060485	mesenchyme development	results_in_development_of(EMAPA:16098)
GO:0048382	mesendoderm development	results_in_development_of(EMAPA:16101)
GO:0007420	brain development	results_in_development_of(EMAPA:16104)
GO:0072359	circulatory system development	results_in_development_of(EMAPA:16104)
GO:0072358	cardiovascular system development	results_in_development_of(EMAPA:16104)
GO:0001568	blood vessel development	results_in_development_of(EMAPA:16104)
GO:0007512	adult heart development	results_in_development_of(EMAPA:16105)
GO:0007507	heart development	results_in_development_of(EMAPA:16105)
GO:0007507	heart development	results_in_development_of(EMAPA:16105)
GO:0003205	cardiac chamber development	results_in_development_of(EMAPA:16105)
GO:0003229	ventricular cardiac muscle tissue development	results_in_development_of(EMAPA:16105)
GO:0007507	heart development	results_in_development_of(EMAPA:16105)
GO:0007507	heart development	results_in_development_of(EMAPA:16105)
GO:0035050	embryonic heart tube development	results_in_development_of(EMAPA:16105)
GO:0035050	embryonic heart tube development	results_in_development_of(EMAPA:16105)
GO:0035050	embryonic heart tube development	results_in_development_of(EMAPA:16105)
GO:0003197	endocardial cushion development	results_in_development_of(EMAPA:16105)
GO:0060976	coronary vasculature development	results_in_development_of(EMAPA:16105)
GO:0021591	ventricular system development	results_in_development_of(EMAPA:16105)
GO:0003283	atrial septum development	results_in_development_of(EMAPA:16105)
GO:0007507	heart development	results_in_development_of(EMAPA:16105)
GO:0007507	heart development	results_in_development_of(EMAPA:16105)
GO:0048738	cardiac muscle tissue development	results_in_development_of(EMAPA:16105)
GO:0003157	endocardium development	results_in_development_of(EMAPA:16105)
GO:0001890	placenta development	results_in_development_of(EMAPA:16107)
GO:0048856	anatomical structure development	results_in_development_of(EMAPA:16109)
GO:0060717	chorion development	results_in_development_of(EMAPA:16112)
GO:0001890	placenta development	results_in_development_of(EMAPA:16112)
GO:0048856	anatomical structure development	results_in_development_of(EMAPA:16112)
GO:0030097	hemopoiesis	results_in_development_of(EMAPA:16115)
GO:0060037	pharyngeal system development	results_in_development_of(EMAPA:16117)
GO:0060039	pericardium development	results_in_development_of(EMAPA:16131)
GO:0060039	pericardium development	results_in_development_of(EMAPA:16133)
GO:0030901	midbrain development	results_in_development_of(EMAPA:16140)
GO:0030900	forebrain development	results_in_development_of(EMAPA:16144)
GO:0030900	forebrain development	results_in_development_of(EMAPA:16144)
GO:0030902	hindbrain development	results_in_development_of(EMAPA:16148)
GO:0021915	neural tube development	results_in_development_of(EMAPA:16164)
GO:0048339	paraxial mesoderm development	results_in_development_of(EMAPA:16171)
GO:0048368	lateral mesoderm development	results_in_development_of(EMAPA:16179)
GO:0048339	paraxial mesoderm development	results_in_development_of(EMAPA:16183)
GO:0048339	paraxial mesoderm development	results_in_development_of(EMAPA:16183)
GO:0030903	notochord development	results_in_development_of(EMAPA:16191)
GO:0030903	notochord development	results_in_development_of(EMAPA:16191)
GO:0030903	notochord development	results_in_development_of(EMAPA:16191)
GO:0043583	ear development	results_in_development_of(EMAPA:16193)
GO:0048839	inner ear development	results_in_development_of(EMAPA:16194)
GO:0001944	vasculature development	results_in_development_of(EMAPA:16198)
GO:0031076	embryonic camera-type eye development	results_in_development_of(EMAPA:16198)
GO:0031077	post-embryonic camera-type eye development	results_in_development_of(EMAPA:16198)
GO:0043010	camera-type eye development	results_in_development_of(EMAPA:16198)
GO:0001944	vasculature development	results_in_development_of(EMAPA:16198)
GO:0001654	eye development	results_in_development_of(EMAPA:16198)
GO:0007519	skeletal muscle tissue development	results_in_development_of(EMAPA:16198)
GO:0035050	embryonic heart tube development	results_in_development_of(EMAPA:16204)
GO:0001944	vasculature development	results_in_development_of(EMAPA:16204)
GO:0007507	heart development	results_in_development_of(EMAPA:16212)
GO:0007507	heart development	results_in_development_of(EMAPA:16215)
GO:0035050	embryonic heart tube development	results_in_development_of(EMAPA:16215)
GO:0003350	pulmonary myocardium development	results_in_development_of(EMAPA:16240)
GO:0048536	spleen development	results_in_development_of(EMAPA:16245)
GO:0048565	digestive tract development	results_in_development_of(EMAPA:16246)
GO:0048565	digestive tract development	results_in_development_of(EMAPA:16247)
GO:0007492	endoderm development	results_in_development_of(EMAPA:16247)
GO:0048566	embryonic digestive tract development	results_in_development_of(EMAPA:16247)
GO:0007494	midgut development	results_in_development_of(EMAPA:16255)
GO:0060712	spongiotrophoblast layer development	results_in_development_of(EMAPA:16268)
GO:0048856	anatomical structure development	results_in_development_of(EMAPA:16272)
GO:0021568	rhombomere 2 development	results_in_development_of(EMAPA:16293)
GO:0030902	hindbrain development	results_in_development_of(EMAPA:16297)
GO:0021569	rhombomere 3 development	results_in_development_of(EMAPA:16297)
GO:0021570	rhombomere 4 development	results_in_development_of(EMAPA:16301)
GO:0030902	hindbrain development	results_in_development_of(EMAPA:16301)
GO:0030902	hindbrain development	results_in_development_of(EMAPA:16301)
GO:0021571	rhombomere 5 development	results_in_development_of(EMAPA:16305)
GO:0030902	hindbrain development	results_in_development_of(EMAPA:16305)
GO:0030902	hindbrain development	results_in_development_of(EMAPA:16305)
GO:0001889	liver development	results_in_development_of(EMAPA:16319)
GO:0003342	proepicardium development	results_in_development_of(EMAPA:16320)
GO:0048738	cardiac muscle tissue development	results_in_development_of(EMAPA:16332)
GO:0007507	heart development	results_in_development_of(EMAPA:16333)
GO:0048738	cardiac muscle tissue development	results_in_development_of(EMAPA:16337)
GO:0007507	heart development	results_in_development_of(EMAPA:16337)
GO:0048738	cardiac muscle tissue development	results_in_development_of(EMAPA:16341)
GO:0007507	heart development	results_in_development_of(EMAPA:16341)
GO:0007507	heart development	results_in_development_of(EMAPA:16342)
GO:0043066	negative regulation of apoptotic process	results_in_development_of(EMAPA:16346
GO:0007507	heart development	results_in_development_of(EMAPA:16346)
GO:0007507	heart development	results_in_development_of(EMAPA:16346)
GO:0007507	heart development	results_in_development_of(EMAPA:16346)
GO:0007507	heart development	results_in_development_of(EMAPA:16346)
GO:0007507	heart development	results_in_development_of(EMAPA:16346)
GO:0007507	heart development	results_in_development_of(EMAPA:16346)
GO:0007507	heart development	results_in_development_of(EMAPA:16346)
GO:0048738	cardiac muscle tissue development	results_in_development_of(EMAPA:16346)
GO:0007507	heart development	results_in_development_of(EMAPA:16346)
GO:0007507	heart development	results_in_development_of(EMAPA:16348)
GO:0007507	heart development	results_in_development_of(EMAPA:16350)
GO:0007507	heart development	results_in_development_of(EMAPA:16350)
GO:0007507	heart development	results_in_development_of(EMAPA:16350)
GO:0007507	heart development	results_in_development_of(EMAPA:16350)
GO:0007507	heart development	results_in_development_of(EMAPA:16350)
GO:0007507	heart development	results_in_development_of(EMAPA:16351)
GO:0048738	cardiac muscle tissue development	results_in_development_of(EMAPA:16353)
GO:0007507	heart development	results_in_development_of(EMAPA:16353)
GO:0035050	embryonic heart tube development	results_in_development_of(EMAPA:16354)
GO:0072001	renal system development	results_in_development_of(EMAPA:16367)
GO:0060674	placenta blood vessel development	results_in_development_of(EMAPA:16370)
GO:0060716	labyrinthine layer blood vessel development	results_in_development_of(EMAPA:16370)
GO:0001890	placenta development	results_in_development_of(EMAPA:16370)
GO:0060711	labyrinthine layer development	results_in_development_of(EMAPA:16370)
GO:0009888	tissue development	results_in_development_of(EMAPA:16382)
GO:0001501	skeletal system development	results_in_development_of(EMAPA:16383)
GO:0001501	skeletal system development	results_in_development_of(EMAPA:16384)
GO:0007517	muscle organ development	results_in_development_of(EMAPA:16405)
GO:0001501	skeletal system development	results_in_development_of(EMAPA:16405)
GO:0007519	skeletal muscle tissue development	results_in_development_of(EMAPA:16405)
GO:0060173	limb development	results_in_development_of(EMAPA:16405)
GO:0007519	skeletal muscle tissue development	results_in_development_of(EMAPA:16405)
GO:0014706	striated muscle tissue development	results_in_development_of(EMAPA:16405)
GO:0007417	central nervous system development	results_in_development_of(EMAPA:16470)
GO:0030917	midbrain-hindbrain boundary development	results_in_development_of(EMAPA:16471)
GO:0030917	midbrain-hindbrain boundary development	results_in_development_of(EMAPA:16472)
GO:0030901	midbrain development	results_in_development_of(EMAPA:16472)
GO:0030917	midbrain-hindbrain boundary development	results_in_development_of(EMAPA:16472)
GO:0030901	midbrain development	results_in_development_of(EMAPA:16472)
GO:0030917	midbrain-hindbrain boundary development	results_in_development_of(EMAPA:16478)
GO:0022037	metencephalon development	results_in_development_of(EMAPA:16478)
GO:0030917	midbrain-hindbrain boundary development	results_in_development_of(EMAPA:16478)
GO:0030902	hindbrain development	results_in_development_of(EMAPA:16480)
GO:0030902	hindbrain development	results_in_development_of(EMAPA:16484)
GO:0021569	rhombomere 3 development	results_in_development_of(EMAPA:16488)
GO:0030902	hindbrain development	results_in_development_of(EMAPA:16488)
GO:0030902	hindbrain development	results_in_development_of(EMAPA:16492)
GO:0021569	rhombomere 3 development	results_in_development_of(EMAPA:16492)
GO:0021570	rhombomere 4 development	results_in_development_of(EMAPA:16492)
GO:0030902	hindbrain development	results_in_development_of(EMAPA:16496)
GO:0021571	rhombomere 5 development	results_in_development_of(EMAPA:16496)
GO:0030902	hindbrain development	results_in_development_of(EMAPA:16500)
GO:0021572	rhombomere 6 development	results_in_development_of(EMAPA:16500)
GO:0030900	forebrain development	results_in_development_of(EMAPA:16512)
GO:0030900	forebrain development	results_in_development_of(EMAPA:16512)
GO:0060041	retina development in camera-type eye	results_in_development_of(EMAPA:16519)
GO:0007417	central nervous system development	results_in_development_of(EMAPA:16525)
GO:0021915	neural tube development	results_in_development_of(EMAPA:16530)
GO:0007417	central nervous system development	results_in_development_of(EMAPA:16530)
GO:0007398	ectoderm development	results_in_development_of(EMAPA:16530)
GO:0001843	neural tube closure	results_in_development_of(EMAPA:16530)
GO:0007418	ventral midline development	results_in_development_of(EMAPA:16531)
GO:0033504	floor plate development	results_in_development_of(EMAPA:16531)
GO:0021517	ventral spinal cord development	results_in_development_of(EMAPA:16531)
GO:0071599	otic vesicle development	results_in_development_of(EMAPA:16536)
GO:0043010	camera-type eye development	results_in_development_of(EMAPA:16540)
GO:0043584	nose development	results_in_development_of(EMAPA:16543)
GO:0007507	heart development	results_in_development_of(EMAPA:16546)
GO:0007507	heart development	results_in_development_of(EMAPA:16546)
GO:0007507	heart development	results_in_development_of(EMAPA:16546)
GO:0003171	atrioventricular valve development	results_in_development_of(EMAPA:16546)
GO:0048738	cardiac muscle tissue development	results_in_development_of(EMAPA:16546)
GO:0007507	heart development	results_in_development_of(EMAPA:16546)
GO:0007507	heart development	results_in_development_of(EMAPA:16546)
GO:0007507	heart development	results_in_development_of(EMAPA:16546)
GO:0001889	liver development	results_in_development_of(EMAPA:16555)
GO:0030878	thyroid gland development	results_in_development_of(EMAPA:16558)
GO:0021983	pituitary gland development	results_in_development_of(EMAPA:16574)
GO:0001655	urogenital system development	results_in_development_of(EMAPA:16577)
GO:0001656	metanephros development	results_in_development_of(EMAPA:16579)
GO:0060017	parathyroid gland development	results_in_development_of(EMAPA:16586)
GO:0030900	forebrain development	results_in_development_of(EMAPA:16640)
GO:0021536	diencephalon development	results_in_development_of(EMAPA:16641)
GO:0021983	pituitary gland development	results_in_development_of(EMAPA:16647)
GO:0030900	forebrain development	results_in_development_of(EMAPA:16652)
GO:0021543	pallium development	results_in_development_of(EMAPA:16652)
GO:0021537	telencephalon development	results_in_development_of(EMAPA:16652)
GO:0030900	forebrain development	results_in_development_of(EMAPA:16656)
GO:0021754	facial nucleus development	results_in_development_of(EMAPA:16660)
GO:0007422	peripheral nervous system development	results_in_development_of(EMAPA:16665)
GO:0007422	peripheral nervous system development	results_in_development_of(EMAPA:16668)
GO:0048485	sympathetic nervous system development	results_in_development_of(EMAPA:16668)
GO:0021516	dorsal spinal cord development	results_in_development_of(EMAPA:16668)
GO:0043010	camera-type eye development	results_in_development_of(EMAPA:16672)
GO:0043010	camera-type eye development	results_in_development_of(EMAPA:16674)
GO:0043010	camera-type eye development	results_in_development_of(EMAPA:16678)
GO:0043584	nose development	results_in_development_of(EMAPA:16681)
GO:0060037	pharyngeal system development	results_in_development_of(EMAPA:16684)
GO:0007507	heart development	results_in_development_of(EMAPA:16688)
GO:0007507	heart development	results_in_development_of(EMAPA:16688)
GO:0007507	heart development	results_in_development_of(EMAPA:16688)
GO:0007507	heart development	results_in_development_of(EMAPA:16688)
GO:0007507	heart development	results_in_development_of(EMAPA:16688)
GO:0007507	heart development	results_in_development_of(EMAPA:16691)
GO:0007507	heart development	results_in_development_of(EMAPA:16694)
GO:0007507	heart development	results_in_development_of(EMAPA:16695)
GO:0007507	heart development	results_in_development_of(EMAPA:16696)
GO:0035050	embryonic heart tube development	results_in_development_of(EMAPA:16696)
GO:0007507	heart development	results_in_development_of(EMAPA:16696)
GO:0007507	heart development	results_in_development_of(EMAPA:16696)
GO:0003197	endocardial cushion development	results_in_development_of(EMAPA:16696)
GO:0007507	heart development	results_in_development_of(EMAPA:16696)
GO:0007507	heart development	results_in_development_of(EMAPA:16696)
GO:0007507	heart development	results_in_development_of(EMAPA:16696)
GO:0007507	heart development	results_in_development_of(EMAPA:16696)
GO:0007507	heart development	results_in_development_of(EMAPA:16696)
GO:0007507	heart development	results_in_development_of(EMAPA:16697)
GO:0060037	pharyngeal system development	results_in_development_of(EMAPA:16706)
GO:0048566	embryonic digestive tract development	results_in_development_of(EMAPA:16715)
GO:0007507	heart development	results_in_development_of(EMAPA:16722)
GO:0021983	pituitary gland development	results_in_development_of(EMAPA:16725)
GO:0021983	pituitary gland development	results_in_development_of(EMAPA:16725)
GO:0060484	lung-associated mesenchyme development	results_in_development_of(EMAPA:16728)
GO:0030324	lung development	results_in_development_of(EMAPA:16728)
GO:0030324	lung development	results_in_development_of(EMAPA:16728)
GO:0048286	lung alveolus development	results_in_development_of(EMAPA:16728)
GO:0060430	lung saccule development	results_in_development_of(EMAPA:16728)
GO:0030324	lung development	results_in_development_of(EMAPA:16728)
GO:0048286	lung alveolus development	results_in_development_of(EMAPA:16728)
GO:0048286	lung alveolus development	results_in_development_of(EMAPA:16728)
GO:0030324	lung development	results_in_development_of(EMAPA:16729)
GO:0030324	lung development	results_in_development_of(EMAPA:16733)
GO:0001823	mesonephros development	results_in_development_of(EMAPA:16744)
GO:0001823	mesonephros development	results_in_development_of(EMAPA:16747)
GO:0030903	notochord development	results_in_development_of(EMAPA:16748)
GO:0001501	skeletal system development	results_in_development_of(EMAPA:16748)
GO:0030903	notochord development	results_in_development_of(EMAPA:16748)
GO:0021794	thalamus development	results_in_development_of(EMAPA:16754)
GO:0021794	thalamus development	results_in_development_of(EMAPA:16754)
GO:0021915	neural tube development	results_in_development_of(EMAPA:16757)
GO:0060173	limb development	results_in_development_of(EMAPA:16778)
GO:0035116	embryonic hindlimb morphogenesis	results_in_development_of(EMAPA:16779)
GO:0048483	autonomic nervous system development	results_in_development_of(EMAPA:16795)
GO:0048483	autonomic nervous system development	results_in_development_of(EMAPA:16797)
GO:0048483	autonomic nervous system development	results_in_development_of(EMAPA:16798)
GO:0002088	lens development in camera-type eye	results_in_development_of(EMAPA:16799)
GO:0060166	olfactory pit development	results_in_development_of(EMAPA:16800)
GO:0060166	olfactory pit development	results_in_development_of(EMAPA:16801)
GO:0007507	heart development	results_in_development_of(EMAPA:16818)
GO:0048738	cardiac muscle tissue development	results_in_development_of(EMAPA:16819)
GO:0007507	heart development	results_in_development_of(EMAPA:16819)
GO:0048738	cardiac muscle tissue development	results_in_development_of(EMAPA:16823)
GO:0007507	heart development	results_in_development_of(EMAPA:16823)
GO:0007507	heart development	results_in_development_of(EMAPA:16826)
GO:0007507	heart development	results_in_development_of(EMAPA:16827)
GO:0007507	heart development	results_in_development_of(EMAPA:16827)
GO:0048856	anatomical structure development	results_in_development_of(EMAPA:16832)
GO:0048484	enteric nervous system development	results_in_development_of(EMAPA:16833)
GO:0048745	smooth muscle tissue development	results_in_development_of(EMAPA:16833)
GO:0035295	tube development	results_in_development_of(EMAPA:16833)
GO:0035295	tube development	results_in_development_of(EMAPA:16833)
GO:0007519	skeletal muscle tissue development	results_in_development_of(EMAPA:16833)
GO:0001889	liver development	results_in_development_of(EMAPA:16840)
GO:0048513	animal organ development	results_in_development_of(EMAPA:16842)
GO:0035622	intrahepatic bile duct development	results_in_development_of(EMAPA:16845)
GO:0001889	liver development	results_in_development_of(EMAPA:16846)
GO:0001889	liver development	results_in_development_of(EMAPA:16846)
GO:0001889	liver development	results_in_development_of(EMAPA:16846)
GO:0001889	liver development	results_in_development_of(EMAPA:16846)
GO:0030097	hemopoiesis	results_in_development_of(EMAPA:16846)
GO:0001889	liver development	results_in_development_of(EMAPA:16847)
GO:0060433	bronchus development	results_in_development_of(EMAPA:16849)
GO:0060438	trachea development	results_in_development_of(EMAPA:16853)
GO:0035295	tube development	results_in_development_of(EMAPA:16853)
GO:0035295	tube development	results_in_development_of(EMAPA:16853)
GO:0060173	limb development	results_in_development_of(EMAPA:16892)
GO:0007420	brain development	results_in_development_of(EMAPA:16894)
GO:0021766	hippocampus development	results_in_development_of(EMAPA:16894)
GO:0007420	brain development	results_in_development_of(EMAPA:16894)
GO:0030917	midbrain-hindbrain boundary development	results_in_development_of(EMAPA:16894)
GO:0007420	brain development	results_in_development_of(EMAPA:16894)
GO:0007420	brain development	results_in_development_of(EMAPA:16894)
GO:0007417	central nervous system development	results_in_development_of(EMAPA:16894)
GO:0003281	ventricular septum development	results_in_development_of(EMAPA:16894)
GO:0030900	forebrain development	results_in_development_of(EMAPA:16895)
GO:0030900	forebrain development	results_in_development_of(EMAPA:16895)
GO:0007420	brain development	results_in_development_of(EMAPA:16895)
GO:0030900	forebrain development	results_in_development_of(EMAPA:16895)
GO:0021537	telencephalon development	results_in_development_of(EMAPA:16895)
GO:0030900	forebrain development	results_in_development_of(EMAPA:16896)
GO:0030900	forebrain development	results_in_development_of(EMAPA:16896)
GO:0021794	thalamus development	results_in_development_of(EMAPA:16896)
GO:0021983	pituitary gland development	results_in_development_of(EMAPA:16898)
GO:0007420	brain development	results_in_development_of(EMAPA:16898)
GO:0021983	pituitary gland development	results_in_development_of(EMAPA:16899)
GO:0021591	ventricular system development	results_in_development_of(EMAPA:16900)
GO:0021678	third ventricle development	results_in_development_of(EMAPA:16900)
GO:0021591	ventricular system development	results_in_development_of(EMAPA:16900)
GO:0030900	forebrain development	results_in_development_of(EMAPA:16903)
GO:0007418	ventral midline development	results_in_development_of(EMAPA:16903)
GO:0030900	forebrain development	results_in_development_of(EMAPA:16909)
GO:0021537	telencephalon development	results_in_development_of(EMAPA:16910)
GO:0021537	telencephalon development	results_in_development_of(EMAPA:16910)
GO:0021537	telencephalon development	results_in_development_of(EMAPA:16910)
GO:0021537	telencephalon development	results_in_development_of(EMAPA:16910)
GO:0030900	forebrain development	results_in_development_of(EMAPA:16910)
GO:0007420	brain development	results_in_development_of(EMAPA:16910)
GO:0021543	pallium development	results_in_development_of(EMAPA:16910)
GO:0021537	telencephalon development	results_in_development_of(EMAPA:16910)
GO:0030900	forebrain development	results_in_development_of(EMAPA:16910)
GO:0021544	subpallium development	results_in_development_of(EMAPA:16910)
GO:0007417	central nervous system development	results_in_development_of(EMAPA:16910)
GO:0007417	central nervous system development	results_in_development_of(EMAPA:16910)
GO:0021537	telencephalon development	results_in_development_of(EMAPA:16913)
GO:0030900	forebrain development	results_in_development_of(EMAPA:16913)
GO:0021670	lateral ventricle development	results_in_development_of(EMAPA:16914)
GO:0021591	ventricular system development	results_in_development_of(EMAPA:16914)
GO:0021591	ventricular system development	results_in_development_of(EMAPA:16914)
GO:0021591	ventricular system development	results_in_development_of(EMAPA:16914)
GO:0007420	brain development	results_in_development_of(EMAPA:16914)
GO:0030902	hindbrain development	results_in_development_of(EMAPA:16916)
GO:0007420	brain development	results_in_development_of(EMAPA:16917)
GO:0021592	fourth ventricle development	results_in_development_of(EMAPA:16917)
GO:0021568	rhombomere 2 development	results_in_development_of(EMAPA:16925)
GO:0021569	rhombomere 3 development	results_in_development_of(EMAPA:16932)
GO:0021570	rhombomere 4 development	results_in_development_of(EMAPA:16932)
GO:0021570	rhombomere 4 development	results_in_development_of(EMAPA:16939)
GO:0021954	central nervous system neuron development	results_in_development_of(EMAPA:16974)
GO:0007417	central nervous system development	results_in_development_of(EMAPA:16974)
GO:0021915	neural tube development	results_in_development_of(EMAPA:16974)
GO:0030902	hindbrain development	results_in_development_of(EMAPA:16974)
GO:0007417	central nervous system development	results_in_development_of(EMAPA:16974)
GO:0007417	central nervous system development	results_in_development_of(EMAPA:16974)
GO:0030901	midbrain development	results_in_development_of(EMAPA:16974)
GO:0030901	midbrain development	results_in_development_of(EMAPA:16974)
GO:0030901	midbrain development	results_in_development_of(EMAPA:16974)
GO:0021549	cerebellum development	results_in_development_of(EMAPA:16974)
GO:0030901	midbrain development	results_in_development_of(EMAPA:16981)
GO:0048485	sympathetic nervous system development	results_in_development_of(EMAPA:16985)
GO:0043583	ear development	results_in_development_of(EMAPA:16991)
GO:0043583	ear development	results_in_development_of(EMAPA:17001)
GO:0007507	heart development	results_in_development_of(EMAPA:17008)
GO:0060840	artery development	results_in_development_of(EMAPA:17008)
GO:0007507	heart development	results_in_development_of(EMAPA:17011)
GO:0007507	heart development	results_in_development_of(EMAPA:17011)
GO:0007507	heart development	results_in_development_of(EMAPA:17011)
GO:0048856	anatomical structure development	results_in_development_of(EMAPA:17021)
GO:0048565	digestive tract development	results_in_development_of(EMAPA:17021)
GO:0009888	tissue development	results_in_development_of(EMAPA:17023)
GO:0031016	pancreas development	results_in_development_of(EMAPA:17066)
GO:0031016	pancreas development	results_in_development_of(EMAPA:17066)
GO:0031016	pancreas development	results_in_development_of(EMAPA:17067)
GO:0030878	thyroid gland development	results_in_development_of(EMAPA:17068)
GO:0060017	parathyroid gland development	results_in_development_of(EMAPA:17068)
GO:0048485	sympathetic nervous system development	results_in_development_of(EMAPA:17157)
GO:0002088	lens development in camera-type eye	results_in_development_of(EMAPA:17161)
GO:0043010	camera-type eye development	results_in_development_of(EMAPA:17162)
GO:0031077	post-embryonic camera-type eye development	results_in_development_of(EMAPA:17162)
GO:0061303	cornea development in camera-type eye	results_in_development_of(EMAPA:17162)
GO:0043010	camera-type eye development	results_in_development_of(EMAPA:17163)
GO:0043010	camera-type eye development	results_in_development_of(EMAPA:17168)
GO:0043010	camera-type eye development	results_in_development_of(EMAPA:17168)
GO:0060041	retina development in camera-type eye	results_in_development_of(EMAPA:17168)
GO:0043010	camera-type eye development	results_in_development_of(EMAPA:17168)
GO:0043010	camera-type eye development	results_in_development_of(EMAPA:17171)
GO:0060041	retina development in camera-type eye	results_in_development_of(EMAPA:17172)
GO:0060041	retina development in camera-type eye	results_in_development_of(EMAPA:17172)
GO:0007507	heart development	results_in_development_of(EMAPA:17174)
GO:0007507	heart development	results_in_development_of(EMAPA:17176)
GO:0007507	heart development	results_in_development_of(EMAPA:17176)
GO:0043586	tongue development	results_in_development_of(EMAPA:17185)
GO:0061009	common bile duct development	results_in_development_of(EMAPA:17201)
GO:0008406	gonad development	results_in_development_of(EMAPA:17205)
GO:0048389	intermediate mesoderm development	results_in_development_of(EMAPA:17205)
GO:0001822	kidney development	results_in_development_of(EMAPA:17207)
GO:0001656	metanephros development	results_in_development_of(EMAPA:17207)
GO:0001656	metanephros development	results_in_development_of(EMAPA:17208)
GO:0048389	intermediate mesoderm development	results_in_development_of(EMAPA:17208)
GO:0001657	ureteric bud development	results_in_development_of(EMAPA:17209)
GO:0001656	metanephros development	results_in_development_of(EMAPA:17209)
GO:0048706	embryonic skeletal system development	results_in_development_of(EMAPA:17213)
GO:0001501	skeletal system development	results_in_development_of(EMAPA:17213)
GO:0051216	cartilage development	results_in_development_of(EMAPA:17213)
GO:0048706	embryonic skeletal system development	results_in_development_of(EMAPA:17214)
GO:0048706	embryonic skeletal system development	results_in_development_of(EMAPA:17214)
GO:0001501	skeletal system development	results_in_development_of(EMAPA:17214)
GO:0001501	skeletal system development	results_in_development_of(EMAPA:17214)
GO:0048706	embryonic skeletal system development	results_in_development_of(EMAPA:17214)
GO:0001501	skeletal system development	results_in_development_of(EMAPA:17214)
GO:0048318	axial mesoderm development	results_in_development_of(EMAPA:17214)
GO:0001501	skeletal system development	results_in_development_of(EMAPA:17215)
GO:0035116	embryonic hindlimb morphogenesis	results_in_development_of(EMAPA:17251)
GO:0021563	glossopharyngeal nerve development	results_in_development_of(EMAPA:17268)
GO:0048486	parasympathetic nervous system development	results_in_development_of(EMAPA:17270)
GO:0007399	nervous system development	results_in_development_of(EMAPA:17271)
GO:0021564	vagus nerve development	results_in_development_of(EMAPA:17272)
GO:0060872	semicircular canal development	results_in_development_of(EMAPA:17298)
GO:0060872	semicircular canal development	results_in_development_of(EMAPA:17301)
GO:0007507	heart development	results_in_development_of(EMAPA:17313)
GO:0007507	heart development	results_in_development_of(EMAPA:17315)
GO:0048738	cardiac muscle tissue development	results_in_development_of(EMAPA:17318)
GO:0007507	heart development	results_in_development_of(EMAPA:17320)
GO:0007507	heart development	results_in_development_of(EMAPA:17326)
GO:0007507	heart development	results_in_development_of(EMAPA:17327)
GO:0007507	heart development	results_in_development_of(EMAPA:17328)
GO:0003170	heart valve development	results_in_development_of(EMAPA:17328)
GO:0007507	heart development	results_in_development_of(EMAPA:17329)
GO:0007507	heart development	results_in_development_of(EMAPA:17331)
GO:0007507	heart development	results_in_development_of(EMAPA:17331)
GO:0007512	adult heart development	results_in_development_of(EMAPA:17331)
GO:0007512	adult heart development	results_in_development_of(EMAPA:17333)
GO:0007507	heart development	results_in_development_of(EMAPA:17333)
GO:0007507	heart development	results_in_development_of(EMAPA:17333)
GO:0007507	heart development	results_in_development_of(EMAPA:17333)
GO:0003281	ventricular septum development	results_in_development_of(EMAPA:17333)
GO:0007507	heart development	results_in_development_of(EMAPA:17333)
GO:0007507	heart development	results_in_development_of(EMAPA:17333)
GO:0007507	heart development	results_in_development_of(EMAPA:17333)
GO:0007507	heart development	results_in_development_of(EMAPA:17333)
GO:0007507	heart development	results_in_development_of(EMAPA:17333)
GO:0007507	heart development	results_in_development_of(EMAPA:17333)
GO:0007507	heart development	results_in_development_of(EMAPA:17333)
GO:0007507	heart development	results_in_development_of(EMAPA:17333)
GO:0007507	heart development	results_in_development_of(EMAPA:17337)
GO:0007507	heart development	results_in_development_of(EMAPA:17337)
GO:0007507	heart development	results_in_development_of(EMAPA:17337)
GO:0007512	adult heart development	results_in_development_of(EMAPA:17337)
GO:0007507	heart development	results_in_development_of(EMAPA:17339)
GO:0007507	heart development	results_in_development_of(EMAPA:17339)
GO:0007507	heart development	results_in_development_of(EMAPA:17339)
GO:0007507	heart development	results_in_development_of(EMAPA:17339)
GO:0035050	embryonic heart tube development	results_in_development_of(EMAPA:17340)
GO:0007507	heart development	results_in_development_of(EMAPA:17340)
GO:0007507	heart development	results_in_development_of(EMAPA:17340)
GO:0007507	heart development	results_in_development_of(EMAPA:17340)
GO:0007507	heart development	results_in_development_of(EMAPA:17340)
GO:0007507	heart development	results_in_development_of(EMAPA:17340)
GO:0007507	heart development	results_in_development_of(EMAPA:17342)
GO:0007507	heart development	results_in_development_of(EMAPA:17342)
GO:0007507	heart development	results_in_development_of(EMAPA:17342)
GO:0007507	heart development	results_in_development_of(EMAPA:17342)
GO:0007507	heart development	results_in_development_of(EMAPA:17342)
GO:0001822	kidney development	results_in_development_of(EMAPA:17366)
GO:0072001	renal system development	results_in_development_of(EMAPA:17366)
GO:0072001	renal system development	results_in_development_of(EMAPA:17366)
GO:0032835	glomerulus development	results_in_development_of(EMAPA:17366)
GO:0001656	metanephros development	results_in_development_of(EMAPA:17373)
GO:0072210	metanephric nephron development	results_in_development_of(EMAPA:17373)
GO:0001822	kidney development	results_in_development_of(EMAPA:17373)
GO:0001822	kidney development	results_in_development_of(EMAPA:17373)
GO:0001822	kidney development	results_in_development_of(EMAPA:17373)
GO:0001656	metanephros development	results_in_development_of(EMAPA:17373)
GO:0001657	ureteric bud development	results_in_development_of(EMAPA:17376)
GO:0001944	vasculature development	results_in_development_of(EMAPA:17380)
GO:0001655	urogenital system development	results_in_development_of(EMAPA:17380)
GO:0030539	male genitalia development	results_in_development_of(EMAPA:17382)
GO:0008584	male gonad development	results_in_development_of(EMAPA:17383)
GO:0008406	gonad development	results_in_development_of(EMAPA:17383)
GO:0008584	male gonad development	results_in_development_of(EMAPA:17383)
GO:0008584	male gonad development	results_in_development_of(EMAPA:17383)
GO:0007519	skeletal muscle tissue development	results_in_development_of(EMAPA:17412)
GO:0007519	skeletal muscle tissue development	results_in_development_of(EMAPA:17412)
GO:0060173	limb development	results_in_development_of(EMAPA:17412)
GO:0035116	embryonic hindlimb morphogenesis	results_in_development_of(EMAPA:17412)
GO:0035116	embryonic hindlimb morphogenesis	results_in_development_of(EMAPA:17412)
GO:0035116	embryonic hindlimb morphogenesis	results_in_development_of(EMAPA:17417)
GO:0007519	skeletal muscle tissue development	results_in_development_of(EMAPA:17421)
GO:0007519	skeletal muscle tissue development	results_in_development_of(EMAPA:17458)
GO:0060173	limb development	results_in_development_of(EMAPA:17458)
GO:0035116	embryonic hindlimb morphogenesis	results_in_development_of(EMAPA:17458)
GO:0035116	embryonic hindlimb morphogenesis	results_in_development_of(EMAPA:17458)
GO:0035116	embryonic hindlimb morphogenesis	results_in_development_of(EMAPA:17458)
GO:0035116	embryonic hindlimb morphogenesis	results_in_development_of(EMAPA:17459)
GO:0035116	embryonic hindlimb morphogenesis	results_in_development_of(EMAPA:17459)
GO:0035116	embryonic hindlimb morphogenesis	results_in_development_of(EMAPA:17489)
GO:0051216	cartilage development	results_in_development_of(EMAPA:17495)
GO:0007492	endoderm development	results_in_development_of(EMAPA:17503)
GO:0031018	endocrine pancreas development	results_in_development_of(EMAPA:17503)
GO:0031017	exocrine pancreas development	results_in_development_of(EMAPA:17503)
GO:0031016	pancreas development	results_in_development_of(EMAPA:17503)
GO:0055123	digestive system development	results_in_development_of(EMAPA:17503)
GO:0031016	pancreas development	results_in_development_of(EMAPA:17504)
GO:0031016	pancreas development	results_in_development_of(EMAPA:17507)
GO:0021984	adenohypophysis development	results_in_development_of(EMAPA:17514)
GO:0021983	pituitary gland development	results_in_development_of(EMAPA:17514)
GO:0021984	adenohypophysis development	results_in_development_of(EMAPA:17515)
GO:0021984	adenohypophysis development	results_in_development_of(EMAPA:17515)
GO:0021984	adenohypophysis development	results_in_development_of(EMAPA:17516)
GO:0021984	adenohypophysis development	results_in_development_of(EMAPA:17518)
GO:0021985	neurohypophysis development	results_in_development_of(EMAPA:17519)
GO:0048538	thymus development	results_in_development_of(EMAPA:17523)
GO:0043588	skin development	results_in_development_of(EMAPA:17524)
GO:0001942	hair follicle development	results_in_development_of(EMAPA:17524)
GO:0043588	skin development	results_in_development_of(EMAPA:17525)
GO:0003334	keratinocyte development	results_in_development_of(EMAPA:17525)
GO:0001942	hair follicle development	results_in_development_of(EMAPA:17525)
GO:0043588	skin development	results_in_development_of(EMAPA:17527)
GO:0008544	epidermis development	results_in_development_of(EMAPA:17528)
GO:0043588	skin development	results_in_development_of(EMAPA:17528)
GO:0008544	epidermis development	results_in_development_of(EMAPA:17528)
GO:0001942	hair follicle development	results_in_development_of(EMAPA:17529)
GO:0048856	anatomical structure development	results_in_development_of(EMAPA:17529)
GO:0021763	subthalamic nucleus development	results_in_development_of(EMAPA:17536)
GO:0021854	hypothalamus development	results_in_development_of(EMAPA:17536)
GO:0030900	forebrain development	results_in_development_of(EMAPA:17536)
GO:0030900	forebrain development	results_in_development_of(EMAPA:17540)
GO:0021794	thalamus development	results_in_development_of(EMAPA:17540)
GO:0021794	thalamus development	results_in_development_of(EMAPA:17540)
GO:0030900	forebrain development	results_in_development_of(EMAPA:17540)
GO:0030900	forebrain development	results_in_development_of(EMAPA:17540)
GO:0021796	cerebral cortex regionalization	results_in_development_of(EMAPA:17544)
GO:0021695	cerebellar cortex development	results_in_development_of(EMAPA:17544)
GO:0030900	forebrain development	results_in_development_of(EMAPA:17544)
GO:0030900	forebrain development	results_in_development_of(EMAPA:17544)
GO:0021987	cerebral cortex development	results_in_development_of(EMAPA:17544)
GO:0030900	forebrain development	results_in_development_of(EMAPA:17544)
GO:0030900	forebrain development	results_in_development_of(EMAPA:17544)
GO:0021987	cerebral cortex development	results_in_development_of(EMAPA:17544)
GO:0007420	brain development	results_in_development_of(EMAPA:17544)
GO:0030900	forebrain development	results_in_development_of(EMAPA:17544)
GO:0030900	forebrain development	results_in_development_of(EMAPA:17544)
GO:0030900	forebrain development	results_in_development_of(EMAPA:17544)
GO:0007420	brain development	results_in_development_of(EMAPA:17544)
GO:0030900	forebrain development	results_in_development_of(EMAPA:17545)
GO:0030900	forebrain development	results_in_development_of(EMAPA:17546)
GO:0030900	forebrain development	results_in_development_of(EMAPA:17546)
GO:0030900	forebrain development	results_in_development_of(EMAPA:17547)
GO:0030900	forebrain development	results_in_development_of(EMAPA:17547)
GO:0030900	forebrain development	results_in_development_of(EMAPA:17547)
GO:0021544	subpallium development	results_in_development_of(EMAPA:17547)
GO:0030900	forebrain development	results_in_development_of(EMAPA:17548)
GO:0021537	telencephalon development	results_in_development_of(EMAPA:17548)
GO:0030900	forebrain development	results_in_development_of(EMAPA:17549)
GO:0021544	subpallium development	results_in_development_of(EMAPA:17549)
GO:0021768	nucleus accumbens development	results_in_development_of(EMAPA:17549)
GO:0021756	striatum development	results_in_development_of(EMAPA:17549)
GO:0021987	cerebral cortex development	results_in_development_of(EMAPA:17549)
GO:0030902	hindbrain development	results_in_development_of(EMAPA:17563)
GO:0021562	vestibulocochlear nerve development	results_in_development_of(EMAPA:17572)
GO:0021557	oculomotor nerve development	results_in_development_of(EMAPA:17574)
GO:0021554	optic nerve development	results_in_development_of(EMAPA:17575)
GO:0021510	spinal cord development	results_in_development_of(EMAPA:17577)
GO:0021915	neural tube development	results_in_development_of(EMAPA:17577)
GO:0021516	dorsal spinal cord development	results_in_development_of(EMAPA:17577)
GO:0021516	dorsal spinal cord development	results_in_development_of(EMAPA:17586)
GO:0021747	cochlear nucleus development	results_in_development_of(EMAPA:17597)
GO:0090102	cochlea development	results_in_development_of(EMAPA:17597)
GO:0090102	cochlea development	results_in_development_of(EMAPA:17598)
GO:0031077	post-embryonic camera-type eye development	results_in_development_of(EMAPA:17602)
GO:0061303	cornea development in camera-type eye	results_in_development_of(EMAPA:17602)
GO:0061303	cornea development in camera-type eye	results_in_development_of(EMAPA:17602)
GO:0043584	nose development	results_in_development_of(EMAPA:17604)
GO:0009888	tissue development	results_in_development_of(EMAPA:17606)
GO:0051216	cartilage development	results_in_development_of(EMAPA:17608)
GO:0051216	cartilage development	results_in_development_of(EMAPA:17608)
GO:0007507	heart development	results_in_development_of(EMAPA:17618)
GO:0007507	heart development	results_in_development_of(EMAPA:17618)
GO:0048706	embryonic skeletal system development	results_in_development_of(EMAPA:17639)
GO:0060021	palate development	results_in_development_of(EMAPA:17642)
GO:0001656	metanephros development	results_in_development_of(EMAPA:17645)
GO:0060459	left lung development	results_in_development_of(EMAPA:17653)
GO:0030324	lung development	results_in_development_of(EMAPA:17653)
GO:0030324	lung development	results_in_development_of(EMAPA:17653)
GO:0060484	lung-associated mesenchyme development	results_in_development_of(EMAPA:17654)
GO:0060426	lung vasculature development	results_in_development_of(EMAPA:17655)
GO:0030324	lung development	results_in_development_of(EMAPA:17655)
GO:0060021	palate development	results_in_development_of(EMAPA:17655)
GO:0030324	lung development	results_in_development_of(EMAPA:17661)
GO:0060458	right lung development	results_in_development_of(EMAPA:17661)
GO:0060484	lung-associated mesenchyme development	results_in_development_of(EMAPA:17662)
GO:0060426	lung vasculature development	results_in_development_of(EMAPA:17663)
GO:0030324	lung development	results_in_development_of(EMAPA:17663)
GO:0060348	bone development	results_in_development_of(EMAPA:17674)
GO:0048706	embryonic skeletal system development	results_in_development_of(EMAPA:17674)
GO:0048706	embryonic skeletal system development	results_in_development_of(EMAPA:17674)
GO:0051216	cartilage development	results_in_development_of(EMAPA:17679)
GO:0051216	cartilage development	results_in_development_of(EMAPA:17679)
GO:0048706	embryonic skeletal system development	results_in_development_of(EMAPA:17679)
GO:0060348	bone development	results_in_development_of(EMAPA:17680)
GO:0048706	embryonic skeletal system development	results_in_development_of(EMAPA:17680)
GO:0001501	skeletal system development	results_in_development_of(EMAPA:17680)
GO:0001501	skeletal system development	results_in_development_of(EMAPA:17680)
GO:0060348	bone development	results_in_development_of(EMAPA:17680)
GO:0051216	cartilage development	results_in_development_of(EMAPA:17681)
GO:0048706	embryonic skeletal system development	results_in_development_of(EMAPA:17681)
GO:0048706	embryonic skeletal system development	results_in_development_of(EMAPA:17681)
GO:0001501	skeletal system development	results_in_development_of(EMAPA:17682)
GO:0048706	embryonic skeletal system development	results_in_development_of(EMAPA:17682)
GO:0007417	central nervous system development	results_in_development_of(EMAPA:17700)
GO:0007517	muscle organ development	results_in_development_of(EMAPA:17701)
GO:0007519	skeletal muscle tissue development	results_in_development_of(EMAPA:17701)
GO:0060539	diaphragm development	results_in_development_of(EMAPA:17701)
GO:0007519	skeletal muscle tissue development	results_in_development_of(EMAPA:17701)
GO:0007517	muscle organ development	results_in_development_of(EMAPA:17701)
GO:0051216	cartilage development	results_in_development_of(EMAPA:17711)
GO:0035116	embryonic hindlimb morphogenesis	results_in_development_of(EMAPA:17741)
GO:0051216	cartilage development	results_in_development_of(EMAPA:17741)
GO:0001501	skeletal system development	results_in_development_of(EMAPA:17742)
GO:0007517	muscle organ development	results_in_development_of(EMAPA:17743)
GO:0007519	skeletal muscle tissue development	results_in_development_of(EMAPA:17745)
GO:0007517	muscle organ development	results_in_development_of(EMAPA:17748)
GO:0002068	glandular epithelial cell development	results_in_development_of(EMAPA:17751)
GO:0030879	mammary gland development	results_in_development_of(EMAPA:17759)
GO:0060611	mammary gland fat development	results_in_development_of(EMAPA:17759)
GO:0030879	mammary gland development	results_in_development_of(EMAPA:17759)
GO:0030879	mammary gland development	results_in_development_of(EMAPA:17760)
GO:0061180	mammary gland epithelium development	results_in_development_of(EMAPA:17760)
GO:0030879	mammary gland development	results_in_development_of(EMAPA:17760)
GO:0030879	mammary gland development	results_in_development_of(EMAPA:17761)
GO:0030900	forebrain development	results_in_development_of(EMAPA:17769)
GO:0030900	forebrain development	results_in_development_of(EMAPA:17769)
GO:0021772	olfactory bulb development	results_in_development_of(EMAPA:17778)
GO:0030900	forebrain development	results_in_development_of(EMAPA:17778)
GO:0007420	brain development	results_in_development_of(EMAPA:17787)
GO:0030902	hindbrain development	results_in_development_of(EMAPA:17787)
GO:0021549	cerebellum development	results_in_development_of(EMAPA:17787)
GO:0007420	brain development	results_in_development_of(EMAPA:17787)
GO:0030901	midbrain development	results_in_development_of(EMAPA:17795)
GO:0021553	olfactory nerve development	results_in_development_of(EMAPA:17797)
GO:0060322	head development	results_in_development_of(EMAPA:17798)
GO:0021675	nerve development	results_in_development_of(EMAPA:17813)
GO:0060875	lateral semicircular canal development	results_in_development_of(EMAPA:17821)
GO:0060872	semicircular canal development	results_in_development_of(EMAPA:17823)
GO:0001944	vasculature development	results_in_development_of(EMAPA:17828)
GO:0043010	camera-type eye development	results_in_development_of(EMAPA:17829)
GO:0008544	epidermis development	results_in_development_of(EMAPA:17829)
GO:0001654	eye development	results_in_development_of(EMAPA:17829)
GO:0008544	epidermis development	results_in_development_of(EMAPA:17829)
GO:0048839	inner ear development	results_in_development_of(EMAPA:17837)
GO:0043010	camera-type eye development	results_in_development_of(EMAPA:17838)
GO:0002088	lens development in camera-type eye	results_in_development_of(EMAPA:17838)
GO:0043010	camera-type eye development	results_in_development_of(EMAPA:17838)
GO:0043010	camera-type eye development	results_in_development_of(EMAPA:17839)
GO:0002088	lens development in camera-type eye	results_in_development_of(EMAPA:17839)
GO:0043010	camera-type eye development	results_in_development_of(EMAPA:17840)
GO:0002088	lens development in camera-type eye	results_in_development_of(EMAPA:17840)
GO:0043010	camera-type eye development	results_in_development_of(EMAPA:17841)
GO:0007517	muscle organ development	results_in_development_of(EMAPA:17844)
GO:0007519	skeletal muscle tissue development	results_in_development_of(EMAPA:17844)
GO:0043584	nose development	results_in_development_of(EMAPA:17851)
GO:0051216	cartilage development	results_in_development_of(EMAPA:17852)
GO:0007507	heart development	results_in_development_of(EMAPA:17872)
GO:0007519	skeletal muscle tissue development	results_in_development_of(EMAPA:17883)
GO:0048513	animal organ development	results_in_development_of(EMAPA:17891)
GO:0055123	digestive system development	results_in_development_of(EMAPA:17891)
GO:0048566	embryonic digestive tract development	results_in_development_of(EMAPA:17898)
GO:0051216	cartilage development	results_in_development_of(EMAPA:17907)
GO:0051216	cartilage development	results_in_development_of(EMAPA:17907)
GO:0051216	cartilage development	results_in_development_of(EMAPA:17907)
GO:0051216	cartilage development	results_in_development_of(EMAPA:17907)
GO:0048706	embryonic skeletal system development	results_in_development_of(EMAPA:17928)
GO:0048706	embryonic skeletal system development	results_in_development_of(EMAPA:17928)
GO:0001501	skeletal system development	results_in_development_of(EMAPA:17928)
GO:0060023	soft palate development	results_in_development_of(EMAPA:17930)
GO:0060021	palate development	results_in_development_of(EMAPA:17930)
GO:0060021	palate development	results_in_development_of(EMAPA:17932)
GO:0060021	palate development	results_in_development_of(EMAPA:17934)
GO:0001501	skeletal system development	results_in_development_of(EMAPA:17937)
GO:0001656	metanephros development	results_in_development_of(EMAPA:17948)
GO:0001822	kidney development	results_in_development_of(EMAPA:17948)
GO:0048745	smooth muscle tissue development	results_in_development_of(EMAPA:17950)
GO:0001657	ureteric bud development	results_in_development_of(EMAPA:17950)
GO:0001822	kidney development	results_in_development_of(EMAPA:17952)
GO:0001656	metanephros development	results_in_development_of(EMAPA:17954)
GO:0001656	metanephros development	results_in_development_of(EMAPA:17954)
GO:0001822	kidney development	results_in_development_of(EMAPA:17954)
GO:0060612	adipose tissue development	results_in_development_of(EMAPA:17962)
GO:0008585	female gonad development	results_in_development_of(EMAPA:17962)
GO:0001541	ovarian follicle development	results_in_development_of(EMAPA:17962)
GO:0008584	male gonad development	results_in_development_of(EMAPA:17968)
GO:0030539	male genitalia development	results_in_development_of(EMAPA:17969)
GO:0001655	urogenital system development	results_in_development_of(EMAPA:17970)
GO:0048608	reproductive structure development	results_in_development_of(EMAPA:17970)
GO:0030539	male genitalia development	results_in_development_of(EMAPA:17972)
GO:0072520	seminiferous tubule development	results_in_development_of(EMAPA:17972)
GO:0008584	male gonad development	results_in_development_of(EMAPA:17972)
GO:0061448	connective tissue development	results_in_development_of(EMAPA:18008)
GO:0048706	embryonic skeletal system development	results_in_development_of(EMAPA:18010)
GO:0048706	embryonic skeletal system development	results_in_development_of(EMAPA:18010)
GO:0048706	embryonic skeletal system development	results_in_development_of(EMAPA:18010)
GO:0048706	embryonic skeletal system development	results_in_development_of(EMAPA:18010)
GO:0001501	skeletal system development	results_in_development_of(EMAPA:18010)
GO:0001501	skeletal system development	results_in_development_of(EMAPA:18010)
GO:0051216	cartilage development	results_in_development_of(EMAPA:18010)
GO:0060351	cartilage development involved in endochondral bone morphogenesis	results_in_development_of(EMAPA:18010)
GO:0048706	embryonic skeletal system development	results_in_development_of(EMAPA:18011)
GO:0051216	cartilage development	results_in_development_of(EMAPA:18015)
GO:0001501	skeletal system development	results_in_development_of(EMAPA:18025)
GO:0001501	skeletal system development	results_in_development_of(EMAPA:18028)
GO:0001501	skeletal system development	results_in_development_of(EMAPA:18028)
GO:0001501	skeletal system development	results_in_development_of(EMAPA:18028)
GO:0060351	cartilage development involved in endochondral bone morphogenesis	results_in_development_of(EMAPA:18028)
GO:0043588	skin development	results_in_development_of(EMAPA:18051)
GO:0007517	muscle organ development	results_in_development_of(EMAPA:18177)
GO:0007517	muscle organ development	results_in_development_of(EMAPA:18178)
GO:0007517	muscle organ development	results_in_development_of(EMAPA:18179)
GO:0007517	muscle organ development	results_in_development_of(EMAPA:18180)
GO:0007517	muscle organ development	results_in_development_of(EMAPA:18190)
GO:0007399	nervous system development	results_in_development_of(EMAPA:18221)
GO:0051216	cartilage development	results_in_development_of(EMAPA:18228)
GO:0051216	cartilage development	results_in_development_of(EMAPA:18230)
GO:0043010	camera-type eye development	results_in_development_of(EMAPA:18234)
GO:0002074	extraocular skeletal muscle development	results_in_development_of(EMAPA:18234)
GO:0043010	camera-type eye development	results_in_development_of(EMAPA:18238)
GO:0001945	lymph vessel development	results_in_development_of(EMAPA:18248)
GO:0048856	anatomical structure development	results_in_development_of(EMAPA:18256)
GO:0061196	fungiform papilla development	results_in_development_of(EMAPA:18272)
GO:0043586	tongue development	results_in_development_of(EMAPA:18272)
GO:0007517	muscle organ development	results_in_development_of(EMAPA:18276)
GO:0007517	muscle organ development	results_in_development_of(EMAPA:18276)
GO:0007517	muscle organ development	results_in_development_of(EMAPA:18277)
GO:0007517	muscle organ development	results_in_development_of(EMAPA:18277)
GO:0001501	skeletal system development	results_in_development_of(EMAPA:18290)
GO:0048706	embryonic skeletal system development	results_in_development_of(EMAPA:18290)
GO:0060485	mesenchyme development	results_in_development_of(EMAPA:18290)
GO:0001501	skeletal system development	results_in_development_of(EMAPA:18290)
GO:0060157	urinary bladder development	results_in_development_of(EMAPA:18321)
GO:0048745	smooth muscle tissue development	results_in_development_of(EMAPA:18321)
GO:0072054	renal outer medulla development	results_in_development_of(EMAPA:18326)
GO:0072053	renal inner medulla development	results_in_development_of(EMAPA:18326)
GO:0001655	urogenital system development	results_in_development_of(EMAPA:18328)
GO:0001655	urogenital system development	results_in_development_of(EMAPA:18328)
GO:0061205	paramesonephric duct development	results_in_development_of(EMAPA:18328)
GO:0048706	embryonic skeletal system development	results_in_development_of(EMAPA:18337)
GO:0048706	embryonic skeletal system development	results_in_development_of(EMAPA:18338)
GO:0051216	cartilage development	results_in_development_of(EMAPA:18338)
GO:0048706	embryonic skeletal system development	results_in_development_of(EMAPA:18341)
GO:0048706	embryonic skeletal system development	results_in_development_of(EMAPA:18344)
GO:0048706	embryonic skeletal system development	results_in_development_of(EMAPA:18344)
GO:0048706	embryonic skeletal system development	results_in_development_of(EMAPA:18344)
GO:0048706	embryonic skeletal system development	results_in_development_of(EMAPA:18344)
GO:0048706	embryonic skeletal system development	results_in_development_of(EMAPA:18344)
GO:0060348	bone development	results_in_development_of(EMAPA:18344)
GO:0001501	skeletal system development	results_in_development_of(EMAPA:18344)
GO:0048706	embryonic skeletal system development	results_in_development_of(EMAPA:18374)
GO:0030325	adrenal gland development	results_in_development_of(EMAPA:18426)
GO:0030325	adrenal gland development	results_in_development_of(EMAPA:18427)
GO:0009888	tissue development	results_in_development_of(EMAPA:18427)
GO:0030325	adrenal gland development	results_in_development_of(EMAPA:18428)
GO:0048706	embryonic skeletal system development	results_in_development_of(EMAPA:18468)
GO:0048536	spleen development	results_in_development_of(EMAPA:18535)
GO:0048706	embryonic skeletal system development	results_in_development_of(EMAPA:18583)
GO:0043583	ear development	results_in_development_of(EMAPA:18584)
GO:0048706	embryonic skeletal system development	results_in_development_of(EMAPA:18585)
GO:0048706	embryonic skeletal system development	results_in_development_of(EMAPA:18585)
GO:0060041	retina development in camera-type eye	results_in_development_of(EMAPA:18590)
GO:0043010	camera-type eye development	results_in_development_of(EMAPA:18592)
GO:0001944	vasculature development	results_in_development_of(EMAPA:18595)
GO:0007507	heart development	results_in_development_of(EMAPA:18601)
GO:0060840	artery development	results_in_development_of(EMAPA:18601)
GO:0072358	cardiovascular system development	results_in_development_of(EMAPA:18601)
GO:0007507	heart development	results_in_development_of(EMAPA:18601)
GO:0001944	vasculature development	results_in_development_of(EMAPA:18623)
GO:0007420	brain development	results_in_development_of(EMAPA:18631)
GO:0030902	hindbrain development	results_in_development_of(EMAPA:18632)
GO:0021549	cerebellum development	results_in_development_of(EMAPA:18632)
GO:0051216	cartilage development	results_in_development_of(EMAPA:18650)
GO:0048536	spleen development	results_in_development_of(EMAPA:18659)
GO:0001822	kidney development	results_in_development_of(EMAPA:18676)
GO:0008585	female gonad development	results_in_development_of(EMAPA:18681)
GO:0048608	reproductive structure development	results_in_development_of(EMAPA:18682)
GO:0030539	male genitalia development	results_in_development_of(EMAPA:18682)
GO:0008584	male gonad development	results_in_development_of(EMAPA:18685)
GO:0048856	anatomical structure development	results_in_development_of(EMAPA:18692)
GO:0072001	renal system development	results_in_development_of(EMAPA:18692)
GO:0051216	cartilage development	results_in_development_of(EMAPA:18696)
GO:0060534	trachea cartilage development	results_in_development_of(EMAPA:18696)
GO:0051216	cartilage development	results_in_development_of(EMAPA:18698)
GO:0051216	cartilage development	results_in_development_of(EMAPA:18698)
GO:0060534	trachea cartilage development	results_in_development_of(EMAPA:18699)
GO:0051216	cartilage development	results_in_development_of(EMAPA:18699)
GO:0048706	embryonic skeletal system development	results_in_development_of(EMAPA:18708)
GO:0048706	embryonic skeletal system development	results_in_development_of(EMAPA:18708)
GO:0048706	embryonic skeletal system development	results_in_development_of(EMAPA:18715)
GO:0048706	embryonic skeletal system development	results_in_development_of(EMAPA:18715)
GO:0060348	bone development	results_in_development_of(EMAPA:18722)
GO:0060348	bone development	results_in_development_of(EMAPA:18726)
GO:0048536	spleen development	results_in_development_of(EMAPA:18767)
GO:0030097	hemopoiesis	results_in_development_of(EMAPA:18767)
GO:0048538	thymus development	results_in_development_of(EMAPA:18768)
GO:0043588	skin development	results_in_development_of(EMAPA:18769)
GO:0001942	hair follicle development	results_in_development_of(EMAPA:18769)
GO:0001942	hair follicle development	results_in_development_of(EMAPA:18771)
GO:0001942	hair follicle development	results_in_development_of(EMAPA:18771)
GO:0051216	cartilage development	results_in_development_of(EMAPA:18803)
GO:0051216	cartilage development	results_in_development_of(EMAPA:18803)
GO:0048839	inner ear development	results_in_development_of(EMAPA:18803)
GO:0031018	endocrine pancreas development	results_in_development_of(EMAPA:18816)
GO:0031016	pancreas development	results_in_development_of(EMAPA:18816)
GO:0031017	exocrine pancreas development	results_in_development_of(EMAPA:18816)
GO:0031016	pancreas development	results_in_development_of(EMAPA:18816)
GO:0048706	embryonic skeletal system development	results_in_development_of(EMAPA:18839)
GO:0048565	digestive tract development	results_in_development_of(EMAPA:18852)
GO:0048745	smooth muscle tissue development	results_in_development_of(EMAPA:18860)
GO:0007519	skeletal muscle tissue development	results_in_development_of(EMAPA:18860)
GO:0043586	tongue development	results_in_development_of(EMAPA:18870)
GO:0043586	tongue development	results_in_development_of(EMAPA:18875)
GO:0048568	embryonic organ development	results_in_development_of(EMAPA:18889)
GO:0048565	digestive tract development	results_in_development_of(EMAPA:18932)
GO:0048566	embryonic digestive tract development	results_in_development_of(EMAPA:18939)
GO:0048484	enteric nervous system development	results_in_development_of(EMAPA:18939)
GO:0060021	palate development	results_in_development_of(EMAPA:18948)
GO:0048706	embryonic skeletal system development	results_in_development_of(EMAPA:18948)
GO:0060021	palate development	results_in_development_of(EMAPA:18948)
GO:0060021	palate development	results_in_development_of(EMAPA:18948)
GO:0060021	palate development	results_in_development_of(EMAPA:18948)
GO:0060022	hard palate development	results_in_development_of(EMAPA:18952)
GO:0001822	kidney development	results_in_development_of(EMAPA:18976)
GO:0060068	vagina development	results_in_development_of(EMAPA:18986)
GO:0030540	female genitalia development	results_in_development_of(EMAPA:18986)
GO:0048286	lung alveolus development	results_in_development_of(EMAPA:19001)
GO:0048286	lung alveolus development	results_in_development_of(EMAPA:19001)
GO:0048286	lung alveolus development	results_in_development_of(EMAPA:19005)
GO:0001501	skeletal system development	results_in_development_of(EMAPA:19016)
GO:0001501	skeletal system development	results_in_development_of(EMAPA:19019)
GO:0048541	Peyer's patch development	results_in_development_of(EMAPA:19028)
GO:0021542	dentate gyrus development	results_in_development_of(EMAPA:19037)
GO:0007420	brain development	results_in_development_of(EMAPA:19037)
GO:0021987	cerebral cortex development	results_in_development_of(EMAPA:19038)
GO:0021987	cerebral cortex development	results_in_development_of(EMAPA:19038)
GO:0060041	retina development in camera-type eye	results_in_development_of(EMAPA:19065)
GO:0007517	muscle organ development	results_in_development_of(EMAPA:19067)
GO:0007517	muscle organ development	results_in_development_of(EMAPA:19070)
GO:0060538	skeletal muscle organ development	results_in_development_of(EMAPA:19108)
GO:0060538	skeletal muscle organ development	results_in_development_of(EMAPA:19111)
GO:0001501	skeletal system development	results_in_development_of(EMAPA:19142)
GO:0051216	cartilage development	results_in_development_of(EMAPA:19142)
GO:0051216	cartilage development	results_in_development_of(EMAPA:19142)
GO:0001501	skeletal system development	results_in_development_of(EMAPA:19143)
GO:0048706	embryonic skeletal system development	results_in_development_of(EMAPA:19143)
GO:0035116	embryonic hindlimb morphogenesis	results_in_development_of(EMAPA:19143)
GO:0021766	hippocampus development	results_in_development_of(EMAPA:19148)
GO:0030900	forebrain development	results_in_development_of(EMAPA:19148)
GO:0030900	forebrain development	results_in_development_of(EMAPA:19148)
GO:0048839	inner ear development	results_in_development_of(EMAPA:19151)
GO:0048839	inner ear development	results_in_development_of(EMAPA:19151)
GO:0070384	Harderian gland development	results_in_development_of(EMAPA:19153)
GO:0043010	camera-type eye development	results_in_development_of(EMAPA:19154)
GO:0048608	reproductive structure development	results_in_development_of(EMAPA:19180)
GO:0048608	reproductive structure development	results_in_development_of(EMAPA:19180)
GO:0048608	reproductive structure development	results_in_development_of(EMAPA:19180)
GO:0048732	gland development	results_in_development_of(EMAPA:19180)
GO:0030324	lung development	results_in_development_of(EMAPA:19182)
GO:0060428	lung epithelium development	results_in_development_of(EMAPA:19182)
GO:0048286	lung alveolus development	results_in_development_of(EMAPA:19182)
GO:0060430	lung saccule development	results_in_development_of(EMAPA:19182)
GO:0030324	lung development	results_in_development_of(EMAPA:19183)
GO:0060428	lung epithelium development	results_in_development_of(EMAPA:19184)
GO:0060430	lung saccule development	results_in_development_of(EMAPA:19184)
GO:0060428	lung epithelium development	results_in_development_of(EMAPA:19186)
GO:0060430	lung saccule development	results_in_development_of(EMAPA:19186)
GO:0060428	lung epithelium development	results_in_development_of(EMAPA:19188)
GO:0060430	lung saccule development	results_in_development_of(EMAPA:19188)
GO:0060428	lung epithelium development	results_in_development_of(EMAPA:19190)
GO:0048286	lung alveolus development	results_in_development_of(EMAPA:19190)
GO:0060430	lung saccule development	results_in_development_of(EMAPA:19190)
GO:0048706	embryonic skeletal system development	results_in_development_of(EMAPA:19197)
GO:0048706	embryonic skeletal system development	results_in_development_of(EMAPA:19197)
GO:0043583	ear development	results_in_development_of(EMAPA:19197)
GO:0001501	skeletal system development	results_in_development_of(EMAPA:19202)
GO:0048856	anatomical structure development	results_in_development_of(EMAPA:19205)
GO:0060612	adipose tissue development	results_in_development_of(EMAPA:19209)
GO:0060613	fat pad development	results_in_development_of(EMAPA:19209)
GO:0072053	renal inner medulla development	results_in_development_of(EMAPA:19279)
GO:0001822	kidney development	results_in_development_of(EMAPA:19279)
GO:0072236	metanephric loop of Henle development	results_in_development_of(EMAPA:19280)
GO:0030850	prostate gland development	results_in_development_of(EMAPA:19287)
GO:0048608	reproductive structure development	results_in_development_of(EMAPA:19290)
GO:0048608	reproductive structure development	results_in_development_of(EMAPA:19290)
GO:0030878	thyroid gland development	results_in_development_of(EMAPA:19307)
GO:0030878	thyroid gland development	results_in_development_of(EMAPA:19308)
GO:0048706	embryonic skeletal system development	results_in_development_of(EMAPA:19335)
GO:0048706	embryonic skeletal system development	results_in_development_of(EMAPA:19336)
GO:0051216	cartilage development	results_in_development_of(EMAPA:19415)
GO:0048706	embryonic skeletal system development	results_in_development_of(EMAPA:19431)
GO:0048706	embryonic skeletal system development	results_in_development_of(EMAPA:19431)
GO:0048706	embryonic skeletal system development	results_in_development_of(EMAPA:19431)
GO:0048706	embryonic skeletal system development	results_in_development_of(EMAPA:19432)
GO:0048706	embryonic skeletal system development	results_in_development_of(EMAPA:19432)
GO:0048706	embryonic skeletal system development	results_in_development_of(EMAPA:19433)
GO:0048706	embryonic skeletal system development	results_in_development_of(EMAPA:19434)
GO:0048706	embryonic skeletal system development	results_in_development_of(EMAPA:19435)
GO:0048706	embryonic skeletal system development	results_in_development_of(EMAPA:19466)
GO:0048706	embryonic skeletal system development	results_in_development_of(EMAPA:19466)
GO:0048706	embryonic skeletal system development	results_in_development_of(EMAPA:19466)
GO:0048706	embryonic skeletal system development	results_in_development_of(EMAPA:19466)
GO:0048706	embryonic skeletal system development	results_in_development_of(EMAPA:19467)
GO:0048706	embryonic skeletal system development	results_in_development_of(EMAPA:19467)
GO:0048706	embryonic skeletal system development	results_in_development_of(EMAPA:19467)
GO:0048706	embryonic skeletal system development	results_in_development_of(EMAPA:19467)
GO:0001501	skeletal system development	results_in_development_of(EMAPA:19467)
GO:0048706	embryonic skeletal system development	results_in_development_of(EMAPA:19472)
GO:0048706	embryonic skeletal system development	results_in_development_of(EMAPA:19472)
GO:0001501	skeletal system development	results_in_development_of(EMAPA:19472)
GO:0048706	embryonic skeletal system development	results_in_development_of(EMAPA:19472)
GO:0048706	embryonic skeletal system development	results_in_development_of(EMAPA:19529)
GO:0048706	embryonic skeletal system development	results_in_development_of(EMAPA:19530)
GO:0048706	embryonic skeletal system development	results_in_development_of(EMAPA:19541)
GO:0048706	embryonic skeletal system development	results_in_development_of(EMAPA:19542)
GO:0048706	embryonic skeletal system development	results_in_development_of(EMAPA:19542)
GO:0048706	embryonic skeletal system development	results_in_development_of(EMAPA:19542)
GO:0048706	embryonic skeletal system development	results_in_development_of(EMAPA:19542)
GO:0048706	embryonic skeletal system development	results_in_development_of(EMAPA:19543)
GO:0048706	embryonic skeletal system development	results_in_development_of(EMAPA:19543)
GO:0048706	embryonic skeletal system development	results_in_development_of(EMAPA:19543)
GO:0001501	skeletal system development	results_in_development_of(EMAPA:19543)
GO:0048706	embryonic skeletal system development	results_in_development_of(EMAPA:19544)
GO:0048706	embryonic skeletal system development	results_in_development_of(EMAPA:19544)
GO:0001501	skeletal system development	results_in_development_of(EMAPA:19544)
GO:0001501	skeletal system development	results_in_development_of(EMAPA:19544)
GO:0048706	embryonic skeletal system development	results_in_development_of(EMAPA:19545)
GO:0048706	embryonic skeletal system development	results_in_development_of(EMAPA:19545)
GO:0001501	skeletal system development	results_in_development_of(EMAPA:19545)
GO:0048706	embryonic skeletal system development	results_in_development_of(EMAPA:19546)
GO:0001501	skeletal system development	results_in_development_of(EMAPA:19546)
GO:0048706	embryonic skeletal system development	results_in_development_of(EMAPA:19547)
GO:0001501	skeletal system development	results_in_development_of(EMAPA:19547)
GO:0001501	skeletal system development	results_in_development_of(EMAPA:19548)
GO:0048706	embryonic skeletal system development	results_in_development_of(EMAPA:19549)
GO:0001501	skeletal system development	results_in_development_of(EMAPA:19549)
GO:0001501	skeletal system development	results_in_development_of(EMAPA:19549)
GO:0001501	skeletal system development	results_in_development_of(EMAPA:19550)
GO:0001501	skeletal system development	results_in_development_of(EMAPA:19551)
GO:0001501	skeletal system development	results_in_development_of(EMAPA:19552)
GO:0048706	embryonic skeletal system development	results_in_development_of(EMAPA:19570)
GO:0048706	embryonic skeletal system development	results_in_development_of(EMAPA:19570)
GO:0001501	skeletal system development	results_in_development_of(EMAPA:19570)
GO:0048706	embryonic skeletal system development	results_in_development_of(EMAPA:19570)
GO:0048706	embryonic skeletal system development	results_in_development_of(EMAPA:19570)
GO:0048706	embryonic skeletal system development	results_in_development_of(EMAPA:19571)
GO:0048706	embryonic skeletal system development	results_in_development_of(EMAPA:19571)
GO:0001501	skeletal system development	results_in_development_of(EMAPA:19571)
GO:0048706	embryonic skeletal system development	results_in_development_of(EMAPA:19571)
GO:0048706	embryonic skeletal system development	results_in_development_of(EMAPA:19571)
GO:0048706	embryonic skeletal system development	results_in_development_of(EMAPA:19572)
GO:0048706	embryonic skeletal system development	results_in_development_of(EMAPA:19572)
GO:0001501	skeletal system development	results_in_development_of(EMAPA:19572)
GO:0048706	embryonic skeletal system development	results_in_development_of(EMAPA:19572)
GO:0048706	embryonic skeletal system development	results_in_development_of(EMAPA:19572)
GO:0048706	embryonic skeletal system development	results_in_development_of(EMAPA:19573)
GO:0001501	skeletal system development	results_in_development_of(EMAPA:19573)
GO:0048706	embryonic skeletal system development	results_in_development_of(EMAPA:19573)
GO:0001501	skeletal system development	results_in_development_of(EMAPA:19574)
GO:0048706	embryonic skeletal system development	results_in_development_of(EMAPA:19574)
GO:0001501	skeletal system development	results_in_development_of(EMAPA:19588)
GO:0001501	skeletal system development	results_in_development_of(EMAPA:19588)
GO:0048706	embryonic skeletal system development	results_in_development_of(EMAPA:19588)
GO:0001501	skeletal system development	results_in_development_of(EMAPA:19589)
GO:0001501	skeletal system development	results_in_development_of(EMAPA:19589)
GO:0048706	embryonic skeletal system development	results_in_development_of(EMAPA:19589)
GO:0048706	embryonic skeletal system development	results_in_development_of(EMAPA:19589)
GO:0001501	skeletal system development	results_in_development_of(EMAPA:19590)
GO:0001501	skeletal system development	results_in_development_of(EMAPA:19590)
GO:0048706	embryonic skeletal system development	results_in_development_of(EMAPA:19590)
GO:0001501	skeletal system development	results_in_development_of(EMAPA:19591)
GO:0001501	skeletal system development	results_in_development_of(EMAPA:19591)
GO:0048706	embryonic skeletal system development	results_in_development_of(EMAPA:19591)
GO:0001501	skeletal system development	results_in_development_of(EMAPA:19591)
GO:0048706	embryonic skeletal system development	results_in_development_of(EMAPA:19591)
GO:0001501	skeletal system development	results_in_development_of(EMAPA:25111)
GO:0072520	seminiferous tubule development	results_in_development_of(EMAPA:25765)
GO:0001942	hair follicle development	results_in_development_of(EMAPA:26747)
GO:0001655	urogenital system development	results_in_development_of(EMAPA:27665)
GO:0048608	reproductive structure development	results_in_development_of(EMAPA:27665)
GO:0001822	kidney development	results_in_development_of(EMAPA:27782)
GO:0001656	metanephros development	results_in_development_of(EMAPA:28236)
GO:0032835	glomerulus development	results_in_development_of(EMAPA:28239)
GO:0001822	kidney development	results_in_development_of(EMAPA:28239)
GO:0072274	metanephric glomerular basement membrane development	results_in_development_of(EMAPA:28239)
GO:0001822	kidney development	results_in_development_of(EMAPA:28239)
GO:0001822	kidney development	results_in_development_of(EMAPA:28251)
GO:0072060	outer medullary collecting duct development	results_in_development_of(EMAPA:28407)
GO:0072207	metanephric epithelium development	results_in_development_of(EMAPA:28407)
GO:0072205	metanephric collecting duct development	results_in_development_of(EMAPA:28407)
GO:0072061	inner medullary collecting duct development	results_in_development_of(EMAPA:28407)
GO:0001655	urogenital system development	results_in_development_of(EMAPA:28425)
GO:0008584	male gonad development	results_in_development_of(EMAPA:29098)
GO:0030539	male genitalia development	results_in_development_of(EMAPA:29769)
GO:0048608	reproductive structure development	results_in_development_of(EMAPA:29771)
GO:0048732	gland development	results_in_development_of(EMAPA:29771)
GO:0061108	seminal vesicle epithelium development	results_in_development_of(EMAPA:29771)
GO:0060429	epithelium development	results_in_development_of(EMAPA:29771)
GO:0030850	prostate gland development	results_in_development_of(EMAPA:29794)
GO:0001541	ovarian follicle development	results_in_development_of(EMAPA:29886)
GO:0060065	uterus development	results_in_development_of(EMAPA:29915)
GO:0001890	placenta development	results_in_development_of(EMAPA:29915)
GO:0008585	female gonad development	results_in_development_of(EMAPA:29915)
GO:0060065	uterus development	results_in_development_of(EMAPA:29919)
GO:0060067	cervix development	results_in_development_of(EMAPA:29927)
GO:0001541	ovarian follicle development	results_in_development_of(EMAPA:30755)
GO:0072054	renal outer medulla development	results_in_development_of(EMAPA:31414)
GO:0072053	renal inner medulla development	results_in_development_of(EMAPA:31414)
GO:0008584	male gonad development	results_in_development_of(EMAPA:31476)
GO:0072520	seminiferous tubule development	results_in_development_of(EMAPA:31476)
GO:0007519	skeletal muscle tissue development	results_in_development_of(EMAPA:31858)
GO:0001501	skeletal system development	results_in_development_of(EMAPA:31858)
GO:0007498	mesoderm development	results_in_development_of(EMAPA:31862)
GO:0001501	skeletal system development	results_in_development_of(EMAPA:32614)
GO:0021764	amygdala development	results_in_development_of(EMAPA:32672)
GO:0030900	forebrain development	results_in_development_of(EMAPA:32672)
GO:0021591	ventricular system development	results_in_development_of(EMAPA:32674)
GO:0021591	ventricular system development	results_in_development_of(EMAPA:32679)
GO:0048286	lung alveolus development	results_in_development_of(EMAPA:32682)
GO:0060430	lung saccule development	results_in_development_of(EMAPA:32682)
GO:0007512	adult heart development	results_in_development_of(EMAPA:32688)
GO:0048738	cardiac muscle tissue development	results_in_development_of(EMAPA:32688)
GO:0048286	lung alveolus development	results_in_development_of(EMAPA:32692)
GO:0048286	lung alveolus development	results_in_development_of(EMAPA:32692)
GO:0060435	bronchiole development	results_in_development_of(EMAPA:32693)
GO:0060481	lobar bronchus epithelium development	results_in_development_of(EMAPA:32695)
GO:0007519	skeletal muscle tissue development	results_in_development_of(EMAPA:32716)
GO:0048745	smooth muscle tissue development	results_in_development_of(EMAPA:32717)
GO:0007519	skeletal muscle tissue development	results_in_development_of(EMAPA:32717)
GO:0035116	embryonic hindlimb morphogenesis	results_in_development_of(EMAPA:32722)
GO:0035116	embryonic hindlimb morphogenesis	results_in_development_of(EMAPA:32722)
GO:0060173	limb development	results_in_development_of(EMAPA:32722)
GO:0043588	skin development	results_in_development_of(EMAPA:32726)
GO:0048706	embryonic skeletal system development	results_in_development_of(EMAPA:32729)
GO:0003417	growth plate cartilage development	results_in_development_of(EMAPA:32730)
GO:0051216	cartilage development	results_in_development_of(EMAPA:32730)
GO:0051216	cartilage development	results_in_development_of(EMAPA:32730)
GO:0051216	cartilage development	results_in_development_of(EMAPA:32739)
GO:0061448	connective tissue development	results_in_development_of(EMAPA:32739)
GO:0001501	skeletal system development	results_in_development_of(EMAPA:32740)
GO:0001501	skeletal system development	results_in_development_of(EMAPA:32740)
GO:0030097	hemopoiesis	results_in_development_of(EMAPA:32760)
GO:0048539	bone marrow development	results_in_development_of(EMAPA:32760)
GO:0030097	hemopoiesis	results_in_development_of(EMAPA:32760)
GO:0060324	face development	results_in_development_of(EMAPA:32763)
GO:0021987	cerebral cortex development	results_in_development_of(EMAPA:32767)
GO:0021987	cerebral cortex development	results_in_development_of(EMAPA:32767)
GO:0043588	skin development	results_in_development_of(EMAPA:32785)
GO:0043588	skin development	results_in_development_of(EMAPA:32786)
GO:0043588	skin development	results_in_development_of(EMAPA:32786)
GO:0008544	epidermis development	results_in_development_of(EMAPA:32786)
GO:0043588	skin development	results_in_development_of(EMAPA:32787)
GO:0043588	skin development	results_in_development_of(EMAPA:32787)
GO:0003360	brainstem development	results_in_development_of(EMAPA:32790)
GO:0021772	olfactory bulb development	results_in_development_of(EMAPA:32809)
GO:0060429	epithelium development	results_in_development_of(EMAPA:32809)
GO:0060017	parathyroid gland development	results_in_development_of(EMAPA:32812)
GO:0048839	inner ear development	results_in_development_of(EMAPA:32832)
GO:0048541	Peyer's patch development	results_in_development_of(EMAPA:32834)
GO:0030900	forebrain development	results_in_development_of(EMAPA:32845)
GO:0021766	hippocampus development	results_in_development_of(EMAPA:32845)
GO:0030901	midbrain development	results_in_development_of(EMAPA:32869)
GO:0061379	inferior colliculus development	results_in_development_of(EMAPA:32870)
GO:0048537	mucosal-associated lymphoid tissue development	results_in_development_of(EMAPA:32874)
GO:0048565	digestive tract development	results_in_development_of(EMAPA:32874)
GO:0001501	skeletal system development	results_in_development_of(EMAPA:32905)
GO:0001501	skeletal system development	results_in_development_of(EMAPA:32905)
GO:0060429	epithelium development	results_in_development_of(EMAPA:32906)
GO:0031018	endocrine pancreas development	results_in_development_of(EMAPA:32927)
GO:0060612	adipose tissue development	results_in_development_of(EMAPA:35112)
GO:0060840	artery development	results_in_development_of(EMAPA:35147)
GO:0051216	cartilage development	results_in_development_of(EMAPA:35149)
GO:0051216	cartilage development	results_in_development_of(EMAPA:35149)
GO:0003166	bundle of His development	results_in_development_of(EMAPA:35152)
GO:0021987	cerebral cortex development	results_in_development_of(EMAPA:35163)
GO:0021559	trigeminal nerve development	results_in_development_of(EMAPA:35163)
GO:0021987	cerebral cortex development	results_in_development_of(EMAPA:35169)
GO:0001889	liver development	results_in_development_of(EMAPA:35171)
GO:0001944	vasculature development	results_in_development_of(EMAPA:35198)
GO:0030902	hindbrain development	results_in_development_of(EMAPA:35211)
GO:0021679	cerebellar molecular layer development	results_in_development_of(EMAPA:35221)
GO:0007420	brain development	results_in_development_of(EMAPA:35223)
GO:0021680	cerebellar Purkinje cell layer development	results_in_development_of(EMAPA:35223)
GO:0001942	hair follicle development	results_in_development_of(EMAPA:35246)
GO:0035116	embryonic hindlimb morphogenesis	results_in_development_of(EMAPA:35250)
GO:0060348	bone development	results_in_development_of(EMAPA:35250)
GO:0022038	corpus callosum development	results_in_development_of(EMAPA:35253)
GO:0030900	forebrain development	results_in_development_of(EMAPA:35253)
GO:0030900	forebrain development	results_in_development_of(EMAPA:35253)
GO:0021987	cerebral cortex development	results_in_development_of(EMAPA:35256)
GO:0021987	cerebral cortex development	results_in_development_of(EMAPA:35256)
GO:0030900	forebrain development	results_in_development_of(EMAPA:35256)
GO:0021987	cerebral cortex development	results_in_development_of(EMAPA:35257)
GO:0021987	cerebral cortex development	results_in_development_of(EMAPA:35257)
GO:0030900	forebrain development	results_in_development_of(EMAPA:35257)
GO:0030900	forebrain development	results_in_development_of(EMAPA:35260)
GO:0001892	embryonic placenta development	results_in_development_of(EMAPA:35269)
GO:0001893	maternal placenta development	results_in_development_of(EMAPA:35269)
GO:0030902	hindbrain development	results_in_development_of(EMAPA:35272)
GO:0003360	brainstem development	results_in_development_of(EMAPA:35291)
GO:0060351	cartilage development involved in endochondral bone morphogenesis	results_in_development_of(EMAPA:35304)
GO:0048484	enteric nervous system development	results_in_development_of(EMAPA:35312)
GO:0031017	exocrine pancreas development	results_in_development_of(EMAPA:35328)
GO:0003360	brainstem development	results_in_development_of(EMAPA:35338)
GO:0048857	neural nucleus development	results_in_development_of(EMAPA:35338)
GO:0021754	facial nucleus development	results_in_development_of(EMAPA:35338)
GO:0060613	fat pad development	results_in_development_of(EMAPA:35340)
GO:0009888	tissue development	results_in_development_of(EMAPA:35340)
GO:0060611	mammary gland fat development	results_in_development_of(EMAPA:35340)
GO:0021759	globus pallidus development	results_in_development_of(EMAPA:35380)
GO:0021986	habenula development	results_in_development_of(EMAPA:35386)
GO:0001942	hair follicle development	results_in_development_of(EMAPA:35388)
GO:0060976	coronary vasculature development	results_in_development_of(EMAPA:35397)
GO:0021766	hippocampus development	results_in_development_of(EMAPA:35409)
GO:0060351	cartilage development involved in endochondral bone morphogenesis	results_in_development_of(EMAPA:35415)
GO:0021854	hypothalamus development	results_in_development_of(EMAPA:35421)
GO:0007507	heart development	results_in_development_of(EMAPA:35428)
GO:0048286	lung alveolus development	results_in_development_of(EMAPA:35433)
GO:0061144	alveolar secondary septum development	results_in_development_of(EMAPA:35433)
GO:0021987	cerebral cortex development	results_in_development_of(EMAPA:35452)
GO:0007399	nervous system development	results_in_development_of(EMAPA:35463)
GO:0032808	lacrimal gland development	results_in_development_of(EMAPA:35463)
GO:0001501	skeletal system development	results_in_development_of(EMAPA:35495)
GO:0001501	skeletal system development	results_in_development_of(EMAPA:35495)
GO:0021703	locus ceruleus development	results_in_development_of(EMAPA:35502)
GO:0060351	cartilage development involved in endochondral bone morphogenesis	results_in_development_of(EMAPA:35503)
GO:0060351	cartilage development involved in endochondral bone morphogenesis	results_in_development_of(EMAPA:35503)
GO:0051216	cartilage development	results_in_development_of(EMAPA:35508)
GO:0051216	cartilage development	results_in_development_of(EMAPA:35508)
GO:0051216	cartilage development	results_in_development_of(EMAPA:35508)
GO:0051216	cartilage development	results_in_development_of(EMAPA:35508)
GO:0060427	lung connective tissue development	results_in_development_of(EMAPA:35521)
GO:0048535	lymph node development	results_in_development_of(EMAPA:35523)
GO:0001945	lymph vessel development	results_in_development_of(EMAPA:35532)
GO:0030879	mammary gland development	results_in_development_of(EMAPA:35538)
GO:0007431	salivary gland development	results_in_development_of(EMAPA:35574)
GO:0007517	muscle organ development	results_in_development_of(EMAPA:35577)
GO:0007525	somatic muscle development	results_in_development_of(EMAPA:35578)
GO:0007519	skeletal muscle tissue development	results_in_development_of(EMAPA:35578)
GO:0007517	muscle organ development	results_in_development_of(EMAPA:35578)
GO:0035116	embryonic hindlimb morphogenesis	results_in_development_of(EMAPA:35580)
GO:0035116	embryonic hindlimb morphogenesis	results_in_development_of(EMAPA:35580)
GO:0021987	cerebral cortex development	results_in_development_of(EMAPA:35588)
GO:0001822	kidney development	results_in_development_of(EMAPA:35592)
GO:0001822	kidney development	results_in_development_of(EMAPA:35592)
GO:0001541	ovarian follicle development	results_in_development_of(EMAPA:35625)
GO:0001541	ovarian follicle development	results_in_development_of(EMAPA:35627)
GO:0008585	female gonad development	results_in_development_of(EMAPA:35627)
GO:0001541	ovarian follicle development	results_in_development_of(EMAPA:35628)
GO:0001822	kidney development	results_in_development_of(EMAPA:35655)
GO:0001822	kidney development	results_in_development_of(EMAPA:35655)
GO:0030900	forebrain development	results_in_development_of(EMAPA:35666)
GO:0009888	tissue development	results_in_development_of(EMAPA:35679)
GO:0001890	placenta development	results_in_development_of(EMAPA:35689)
GO:0001890	placenta development	results_in_development_of(EMAPA:35689)
GO:0001892	embryonic placenta development	results_in_development_of(EMAPA:35689)
GO:0001890	placenta development	results_in_development_of(EMAPA:35689)
GO:0001892	embryonic placenta development	results_in_development_of(EMAPA:35689)
GO:0001892	embryonic placenta development	results_in_development_of(EMAPA:35689)
GO:0001893	maternal placenta development	results_in_development_of(EMAPA:35689)
GO:0021740	principal sensory nucleus of trigeminal nerve development	results_in_development_of(EMAPA:35692)
GO:0030850	prostate gland development	results_in_development_of(EMAPA:35710)
GO:0021987	cerebral cortex development	results_in_development_of(EMAPA:35745)
GO:0048733	sebaceous gland development	results_in_development_of(EMAPA:35754)
GO:0021559	trigeminal nerve development	results_in_development_of(EMAPA:35756)
GO:0008584	male gonad development	results_in_development_of(EMAPA:35761)
GO:0048566	embryonic digestive tract development	results_in_development_of(EMAPA:35778)
GO:0048565	digestive tract development	results_in_development_of(EMAPA:35784)
GO:0021516	dorsal spinal cord development	results_in_development_of(EMAPA:35790)
GO:0048839	inner ear development	results_in_development_of(EMAPA:35827)
GO:0009888	tissue development	results_in_development_of(EMAPA:35829)
GO:0021762	substantia nigra development	results_in_development_of(EMAPA:35835)
GO:0021854	hypothalamus development	results_in_development_of(EMAPA:35841)
GO:0035989	tendon development	results_in_development_of(EMAPA:35854)
GO:0051216	cartilage development	results_in_development_of(EMAPA:35875)
GO:0003360	brainstem development	results_in_development_of(EMAPA:35882)
GO:0021559	trigeminal nerve development	results_in_development_of(EMAPA:35912)
GO:0001501	skeletal system development	results_in_development_of(EMAPA:35919)
GO:0060612	adipose tissue development	results_in_development_of(EMAPA:35926)
GO:0060613	fat pad development	results_in_development_of(EMAPA:35926)
GO:0031077	post-embryonic camera-type eye development	results_in_development_of(EMAPA:35935)
GO:0001501	skeletal system development	results_in_development_of(EMAPA:35996)
GO:0048732	gland development	results_in_development_of(EMAPA:35998)
GO:0030878	thyroid gland development	results_in_development_of(EMAPA:35998)
GO:0021983	pituitary gland development	results_in_development_of(EMAPA:35998)
GO:0001501	skeletal system development	results_in_development_of(EMAPA:36159)
GO:0001942	hair follicle development	results_in_development_of(EMAPA:36498)
GO:0060613	fat pad development	results_in_development_of(EMAPA:36499)
GO:0060612	adipose tissue development	results_in_development_of(EMAPA:36499)
GO:0009888	tissue development	results_in_development_of(EMAPA:36499)
GO:0008544	epidermis development	results_in_development_of(EMAPA:36502)
GO:0030878	thyroid gland development	results_in_development_of(EMAPA:36504)
GO:0030879	mammary gland development	results_in_development_of(EMAPA:36507)
GO:0043588	skin development	results_in_development_of(EMAPA:36509)
GO:0060429	epithelium development	results_in_development_of(EMAPA:36514)
GO:0070384	Harderian gland development	results_in_development_of(EMAPA:36514)
GO:0061298	retina vasculature development in camera-type eye	results_in_development_of(EMAPA:36520)
GO:0051216	cartilage development	results_in_development_of(EMAPA:36526)
GO:0060749	mammary gland alveolus development	results_in_development_of(EMAPA:36566)
GO:0030879	mammary gland development	results_in_development_of(EMAPA:36566)
GO:0021747	cochlear nucleus development	results_in_development_of(EMAPA:36569)
GO:0061153	trachea gland development	results_in_development_of(EMAPA:36574)
GO:0002068	glandular epithelial cell development	results_in_development_of(EMAPA:36578)
GO:0001501	skeletal system development	results_in_development_of(EMAPA:36579)
GO:0051216	cartilage development	results_in_development_of(EMAPA:36581)
GO:0008544	epidermis development	results_in_development_of(EMAPA:36582)
GO:0048733	sebaceous gland development	results_in_development_of(EMAPA:36582)
GO:0051216	cartilage development	results_in_development_of(EMAPA:36583)
GO:0048706	embryonic skeletal system development	results_in_development_of(EMAPA:36588)
GO:0001656	metanephros development	results_in_development_of(EMAPA:36589)
GO:0043010	camera-type eye development	results_in_development_of(EMAPA:36594)
GO:0048706	embryonic skeletal system development	results_in_development_of(EMAPA:36614)
GO:0060348	bone development	results_in_development_of(EMAPA:36619)
GO:0060538	skeletal muscle organ development	results_in_development_of(EMAPA:36629)
GO:0030879	mammary gland development	results_in_development_of(EMAPA:36633)
GO:0048536	spleen development	results_in_development_of(EMAPA:36650)
GO:0090004	positive regulation of establishment of protein localization to plasma membrane	results_in_development_of(GO:0005903
GO:0090004	positive regulation of establishment of protein localization to plasma membrane	results_in_development_of(GO:0005903)
GO:0090002	establishment of protein localization to plasma membrane	results_in_development_of(GO:0005923)
GO:0090002	establishment of protein localization to plasma membrane	results_in_development_of(GO:0005923)
GO:0090002	establishment of protein localization to plasma membrane	results_in_development_of(GO:0005923)
GO:0090002	establishment of protein localization to plasma membrane	results_in_development_of(GO:0005923)
GO:0090002	establishment of protein localization to plasma membrane	results_in_development_of(GO:0005923)
GO:0035113	embryonic appendage morphogenesis	results_in_development_of(UBERON:0000022)
GO:0016477	cell migration	results_in_development_of(UBERON:0001675)
GO:1990403	embryonic brain development	results_in_development_of(UBERON:0001891)
GO:1990403	embryonic brain development	results_in_development_of(UBERON:0002028)
GO:0048743	positive regulation of skeletal muscle fiber development	results_in_development_of(UBERON:0006908)
GO:1901863	positive regulation of muscle tissue development	results_in_development_of(UBERON:0014783
GO:1990869	cellular response to chemokine	results_in_development_of(UBERON:0014783
GO:0008009	chemokine activity	results_in_development_of(UBERON:0014783
GO:0014812	muscle cell migration	results_in_development_of(UBERON:0014783
GO:0030335	positive regulation of cell migration	results_in_development_of(UBERON:0014783
GO:0007154	cell communication	results_in_development_of(UBERON:0014783
GO:0048666	neuron development	results_in_development_of(WBbt:0003955)
GO:0048666	neuron development	results_in_development_of(WBbt:0005190)
GO:0048666	neuron development	results_in_development_of(WBbt:0005303)
GO:0048666	neuron development	results_in_development_of(WBbt:0005837)
GO:0008356	asymmetric cell division	results_in_division_of(CL:0000023)
GO:0017145	stem cell division	results_in_division_of(CL:0000034)
GO:0048103	somatic stem cell division	results_in_division_of(CL:0000037)
GO:0050679	positive regulation of epithelial cell proliferation	results_in_division_of(CL:0000083)
GO:0051301	cell division	results_in_division_of(CL:0000202)
GO:0051301	cell division	results_in_division_of(CL:0000202)
GO:0021847	ventricular zone neuroblast division	results_in_division_of(CL:0000337)
GO:0021847	ventricular zone neuroblast division	results_in_division_of(CL:0000337)
GO:0010070	zygote asymmetric cell division	results_in_division_of(CL:0000353)
GO:0008284	positive regulation of cell proliferation	results_in_division_of(CL:0000354
GO:0048661	positive regulation of smooth muscle cell proliferation	results_in_division_of(CL:0000359)
GO:0008284	positive regulation of cell proliferation	results_in_division_of(CL:0000669)
GO:0048103	somatic stem cell division	results_in_division_of(CL:0000710)
GO:0021873	forebrain neuroblast division	results_in_division_of(CL:0000710)
GO:1900087	positive regulation of G1/S transition of mitotic cell cycle	results_in_division_of(CL:0002258
GO:0060045	positive regulation of cardiac muscle cell proliferation	results_in_division_of(CL:0002495)
GO:1904707	positive regulation of vascular smooth muscle cell proliferation	results_in_division_of(CL:0002539)
GO:0001937	negative regulation of endothelial cell proliferation	results_in_division_of(CL:0002543)
GO:0001937	negative regulation of endothelial cell proliferation	results_in_division_of(CL:0002543)
GO:0048147	negative regulation of fibroblast proliferation	results_in_division_of(CL:0002548)
GO:0048146	positive regulation of fibroblast proliferation	results_in_division_of(CL:0002548)
GO:1902461	negative regulation of mesenchymal stem cell proliferation	results_in_division_of(CL:0002570)
GO:1904707	positive regulation of vascular smooth muscle cell proliferation	results_in_division_of(CL:0002591
GO:1904706	negative regulation of vascular smooth muscle cell proliferation	results_in_division_of(CL:0002591)
GO:1904707	positive regulation of vascular smooth muscle cell proliferation	results_in_division_of(CL:0002591)
GO:1904706	negative regulation of vascular smooth muscle cell proliferation	results_in_division_of(CL:0002591)
GO:1904707	positive regulation of vascular smooth muscle cell proliferation	results_in_division_of(CL:0002591)
GO:0008285	negative regulation of cell proliferation	results_in_division_of(CL:0002619)
GO:0008284	positive regulation of cell proliferation	results_in_division_of(CL:0002619)
GO:0008284	positive regulation of cell proliferation	results_in_division_of(CL:0002622)
GO:0008284	positive regulation of cell proliferation	results_in_division_of(CL:0002672
GO:2000818	negative regulation of myoblast proliferation	results_in_division_of(CL:0010021)
GO:0008284	positive regulation of cell proliferation	results_in_division_of(CL:0013000
GO:1905563	negative regulation of vascular endothelial cell proliferation	results_in_division_of(CL:2000008)
GO:0001937	negative regulation of endothelial cell proliferation	results_in_division_of(CL:2000008)
GO:1902461	negative regulation of mesenchymal stem cell proliferation	results_in_division_of(CL:2000079
GO:0048815	hermaphrodite genitalia morphogenesis	results_in_division_of(WBbt:0006865)
GO:0060596	mammary placode formation	results_in_formation_of(EMAPA:16039)
GO:0060592	mammary gland formation	results_in_formation_of(EMAPA:16039)
GO:0001841	neural tube formation	results_in_formation_of(EMAPA:16039)
GO:0001707	mesoderm formation	results_in_formation_of(EMAPA:16039)
GO:0001825	blastocyst formation	results_in_formation_of(EMAPA:16039)
GO:0001825	blastocyst formation	results_in_formation_of(EMAPA:16040)
GO:0002041	intussusceptive angiogenesis	results_in_formation_of(EMAPA:16042)
GO:0001707	mesoderm formation	results_in_formation_of(EMAPA:16042)
GO:0001825	blastocyst formation	results_in_formation_of(EMAPA:16044)
GO:0060676	ureteric bud formation	results_in_formation_of(EMAPA:16055)
GO:0001705	ectoderm formation	results_in_formation_of(EMAPA:16069)
GO:0001706	endoderm formation	results_in_formation_of(EMAPA:16070)
GO:0001707	mesoderm formation	results_in_formation_of(EMAPA:16071)
GO:0001707	mesoderm formation	results_in_formation_of(EMAPA:16071)
GO:0001707	mesoderm formation	results_in_formation_of(EMAPA:16071)
GO:0048646	anatomical structure formation involved in morphogenesis	results_in_formation_of(EMAPA:16072)
GO:0001707	mesoderm formation	results_in_formation_of(EMAPA:16072)
GO:0021502	neural fold elevation formation	results_in_formation_of(EMAPA:16073)
GO:0060064	Spemann organizer formation at the anterior end of the primitive streak	results_in_formation_of(EMAPA:16075)
GO:0060214	endocardium formation	results_in_formation_of(EMAPA:16105)
GO:0003144	embryonic heart tube formation	results_in_formation_of(EMAPA:16105)
GO:0003219	cardiac right ventricle formation	results_in_formation_of(EMAPA:16105)
GO:0001841	neural tube formation	results_in_formation_of(EMAPA:16164)
GO:0021508	floor plate formation	results_in_formation_of(EMAPA:16165)
GO:0001707	mesoderm formation	results_in_formation_of(EMAPA:16183)
GO:0030916	otic vesicle formation	results_in_formation_of(EMAPA:16194)
GO:0046619	optic placode formation involved in camera-type eye formation	results_in_formation_of(EMAPA:16198)
GO:0048646	anatomical structure formation involved in morphogenesis	results_in_formation_of(EMAPA:16272)
GO:0021660	rhombomere 3 formation	results_in_formation_of(EMAPA:16297)
GO:0021666	rhombomere 5 formation	results_in_formation_of(EMAPA:16305)
GO:0003219	cardiac right ventricle formation	results_in_formation_of(EMAPA:16333)
GO:0003211	cardiac ventricle formation	results_in_formation_of(EMAPA:16350)
GO:0060174	limb bud formation	results_in_formation_of(EMAPA:16405)
GO:0035992	tendon formation	results_in_formation_of(EMAPA:16405)
GO:0022009	central nervous system vasculogenesis	results_in_formation_of(EMAPA:16470)
GO:0021508	floor plate formation	results_in_formation_of(EMAPA:16473)
GO:0021508	floor plate formation	results_in_formation_of(EMAPA:16481)
GO:0021508	floor plate formation	results_in_formation_of(EMAPA:16485)
GO:0021508	floor plate formation	results_in_formation_of(EMAPA:16489)
GO:0021508	floor plate formation	results_in_formation_of(EMAPA:16493)
GO:0021508	floor plate formation	results_in_formation_of(EMAPA:16497)
GO:0021508	floor plate formation	results_in_formation_of(EMAPA:16501)
GO:0021508	floor plate formation	results_in_formation_of(EMAPA:16505)
GO:0021508	floor plate formation	results_in_formation_of(EMAPA:16509)
GO:0021508	floor plate formation	results_in_formation_of(EMAPA:16509)
GO:0001841	neural tube formation	results_in_formation_of(EMAPA:16530)
GO:0021508	floor plate formation	results_in_formation_of(EMAPA:16531)
GO:0001841	neural tube formation	results_in_formation_of(EMAPA:16531)
GO:0030916	otic vesicle formation	results_in_formation_of(EMAPA:16536)
GO:0048646	anatomical structure formation involved in morphogenesis	results_in_formation_of(EMAPA:16577)
GO:0021905	forebrain-midbrain boundary formation	results_in_formation_of(EMAPA:16640)
GO:0021509	roof plate formation	results_in_formation_of(EMAPA:16651)
GO:0030916	otic vesicle formation	results_in_formation_of(EMAPA:16669)
GO:0060440	trachea formation	results_in_formation_of(EMAPA:16737)
GO:0035992	tendon formation	results_in_formation_of(EMAPA:16748)
GO:0035992	tendon formation	results_in_formation_of(EMAPA:16748)
GO:0001707	mesoderm formation	results_in_formation_of(EMAPA:16751)
GO:0048646	anatomical structure formation involved in morphogenesis	results_in_formation_of(EMAPA:16799)
GO:0030910	olfactory placode formation	results_in_formation_of(EMAPA:16800)
GO:0048646	anatomical structure formation involved in morphogenesis	results_in_formation_of(EMAPA:16833)
GO:0048646	anatomical structure formation involved in morphogenesis	results_in_formation_of(EMAPA:16833)
GO:0048646	anatomical structure formation involved in morphogenesis	results_in_formation_of(EMAPA:16853)
GO:0048646	anatomical structure formation involved in morphogenesis	results_in_formation_of(EMAPA:16853)
GO:0060440	trachea formation	results_in_formation_of(EMAPA:16853)
GO:0048645	animal organ formation	results_in_formation_of(EMAPA:16898)
GO:0001841	neural tube formation	results_in_formation_of(EMAPA:17152)
GO:0048646	anatomical structure formation involved in morphogenesis	results_in_formation_of(EMAPA:17166)
GO:0035992	tendon formation	results_in_formation_of(EMAPA:17412)
GO:0035992	tendon formation	results_in_formation_of(EMAPA:17458)
GO:0060055	angiogenesis involved in wound healing	results_in_formation_of(EMAPA:17458)
GO:0048645	animal organ formation	results_in_formation_of(EMAPA:17523)
GO:0060055	angiogenesis involved in wound healing	results_in_formation_of(EMAPA:17525)
GO:0060789	hair follicle placode formation	results_in_formation_of(EMAPA:17525)
GO:0048646	anatomical structure formation involved in morphogenesis	results_in_formation_of(EMAPA:17544)
GO:0060661	submandibular salivary gland formation	results_in_formation_of(EMAPA:17751)
GO:0035148	tube formation	results_in_formation_of(EMAPA:17759)
GO:0060596	mammary placode formation	results_in_formation_of(EMAPA:17759)
GO:0060659	nipple sheath formation	results_in_formation_of(EMAPA:17759)
GO:0060615	mammary gland bud formation	results_in_formation_of(EMAPA:17759)
GO:0003188	heart valve formation	results_in_formation_of(EMAPA:17869)
GO:0072289	metanephric nephron tubule formation	results_in_formation_of(EMAPA:17954)
GO:0060464	lung lobe formation	results_in_formation_of(EMAPA:17981)
GO:0048646	anatomical structure formation involved in morphogenesis	results_in_formation_of(EMAPA:18008)
GO:0048646	anatomical structure formation involved in morphogenesis	results_in_formation_of(EMAPA:18238)
GO:0061198	fungiform papilla formation	results_in_formation_of(EMAPA:18272)
GO:0048645	animal organ formation	results_in_formation_of(EMAPA:18535)
GO:0048646	anatomical structure formation involved in morphogenesis	results_in_formation_of(EMAPA:18692)
GO:0048645	animal organ formation	results_in_formation_of(EMAPA:18816)
GO:0060513	prostatic bud formation	results_in_formation_of(EMAPA:18995)
GO:0060346	bone trabecula formation	results_in_formation_of(EMAPA:19143)
GO:0048645	animal organ formation	results_in_formation_of(EMAPA:19180)
GO:0048645	animal organ formation	results_in_formation_of(EMAPA:19180)
GO:0060513	prostatic bud formation	results_in_formation_of(EMAPA:19287)
GO:0048645	animal organ formation	results_in_formation_of(EMAPA:19290)
GO:0001946	lymphangiogenesis	results_in_formation_of(EMAPA:19573)
GO:0035992	tendon formation	results_in_formation_of(EMAPA:31857)
GO:0035992	tendon formation	results_in_formation_of(EMAPA:31858)
GO:0021508	floor plate formation	results_in_formation_of(EMAPA:32684)
GO:0060055	angiogenesis involved in wound healing	results_in_formation_of(EMAPA:32743)
GO:0060346	bone trabecula formation	results_in_formation_of(EMAPA:35503)
GO:0060346	bone trabecula formation	results_in_formation_of(EMAPA:35508)
GO:0001946	lymphangiogenesis	results_in_formation_of(EMAPA:35532)
GO:0010842	retina layer formation	results_in_formation_of(EMAPA:35741)
GO:0010842	retina layer formation	results_in_formation_of(EMAPA:35742)
GO:0048646	anatomical structure formation involved in morphogenesis	results_in_formation_of(EMAPA:35772)
GO:0060345	spleen trabecula formation	results_in_formation_of(EMAPA:35808)
GO:0061198	fungiform papilla formation	results_in_formation_of(EMAPA:35850)
GO:0035992	tendon formation	results_in_formation_of(EMAPA:35854)
GO:0035992	tendon formation	results_in_formation_of(EMAPA:35854)
GO:0035992	tendon formation	results_in_formation_of(EMAPA:35854)
GO:0035992	tendon formation	results_in_formation_of(EMAPA:35854)
GO:0035992	tendon formation	results_in_formation_of(EMAPA:35854)
GO:0035992	tendon formation	results_in_formation_of(EMAPA:35854)
GO:0035992	tendon formation	results_in_formation_of(EMAPA:35854)
GO:0048333	mesodermal cell differentiation	results_in_formation_of(UBERON:0001133)
GO:0048333	mesodermal cell differentiation	results_in_formation_of(UBERON:0001134)
GO:0048333	mesodermal cell differentiation	results_in_formation_of(UBERON:0001135)
GO:2001266	Roundabout signaling pathway involved in axon guidance	results_in_formation_of(UBERON:0001675)
GO:0048333	mesodermal cell differentiation	results_in_formation_of(UBERON:0002328)
GO:0048333	mesodermal cell differentiation	results_in_formation_of(UBERON:0003062)
GO:0071896	protein localization to adherens junction	results_in_formation_of(UBERON:0003070)
GO:0098743	cell aggregation	results_in_formation_of(UBERON:0003070)
GO:0001556	oocyte maturation	results_in_maturation_of(CL:0000017)
GO:0048469	cell maturation	results_in_maturation_of(CL:0000019)
GO:0001556	oocyte maturation	results_in_maturation_of(CL:0000023)
GO:0001556	oocyte maturation	results_in_maturation_of(CL:0000023)
GO:0043249	erythrocyte maturation	results_in_maturation_of(CL:0000038)
GO:0048469	cell maturation	results_in_maturation_of(CL:0000062)
GO:0060743	epithelial cell maturation involved in prostate gland development	results_in_maturation_of(CL:0000066)
GO:0060743	epithelial cell maturation involved in prostate gland development	results_in_maturation_of(CL:0000066)
GO:0060743	epithelial cell maturation involved in prostate gland development	results_in_maturation_of(CL:0000066)
GO:0002070	epithelial cell maturation	results_in_maturation_of(CL:0000068)
GO:0002070	epithelial cell maturation	results_in_maturation_of(CL:0000068)
GO:0060743	epithelial cell maturation involved in prostate gland development	results_in_maturation_of(CL:0000068)
GO:0060574	intestinal epithelial cell maturation	results_in_maturation_of(CL:0000075)
GO:0048469	cell maturation	results_in_maturation_of(CL:0000082)
GO:0042551	neuron maturation	results_in_maturation_of(CL:0000108)
GO:0042551	neuron maturation	results_in_maturation_of(CL:0000108)
GO:0048469	cell maturation	results_in_maturation_of(CL:0000128)
GO:0048469	cell maturation	results_in_maturation_of(CL:0000128)
GO:0048469	cell maturation	results_in_maturation_of(CL:0000128)
GO:0048469	cell maturation	results_in_maturation_of(CL:0000128)
GO:0048469	cell maturation	results_in_maturation_of(CL:0000138)
GO:0048469	cell maturation	results_in_maturation_of(CL:0000138)
GO:0002071	glandular epithelial cell maturation	results_in_maturation_of(CL:0000150)
GO:0002070	epithelial cell maturation	results_in_maturation_of(CL:0000150)
GO:0060743	epithelial cell maturation involved in prostate gland development	results_in_maturation_of(CL:0000151)
GO:0060574	intestinal epithelial cell maturation	results_in_maturation_of(CL:0000164)
GO:0002070	epithelial cell maturation	results_in_maturation_of(CL:0000167)
GO:0048469	cell maturation	results_in_maturation_of(CL:0000169)
GO:0048469	cell maturation	results_in_maturation_of(CL:0000169)
GO:0043249	erythrocyte maturation	results_in_maturation_of(CL:0000232)
GO:0043249	erythrocyte maturation	results_in_maturation_of(CL:0000232)
GO:0043249	erythrocyte maturation	results_in_maturation_of(CL:0000232)
GO:0043249	erythrocyte maturation	results_in_maturation_of(CL:0000232)
GO:0043249	erythrocyte maturation	results_in_maturation_of(CL:0000232)
GO:0043249	erythrocyte maturation	results_in_maturation_of(CL:0000232)
GO:0048469	cell maturation	results_in_maturation_of(CL:0000295)
GO:0048469	cell maturation	results_in_maturation_of(CL:0000322)
GO:0048469	cell maturation	results_in_maturation_of(CL:0000322)
GO:0048469	cell maturation	results_in_maturation_of(CL:0000359)
GO:0048469	cell maturation	results_in_maturation_of(CL:0000437)
GO:0060574	intestinal epithelial cell maturation	results_in_maturation_of(CL:0000510)
GO:0048469	cell maturation	results_in_maturation_of(CL:0000510)
GO:0042551	neuron maturation	results_in_maturation_of(CL:0000540)
GO:0060574	intestinal epithelial cell maturation	results_in_maturation_of(CL:0000584)
GO:0042551	neuron maturation	results_in_maturation_of(CL:0000598)
GO:0048469	cell maturation	results_in_maturation_of(CL:0000601)
GO:0048469	cell maturation	results_in_maturation_of(CL:0000617)
GO:0048469	cell maturation	results_in_maturation_of(CL:0000622)
GO:0060691	epithelial cell maturation involved in salivary gland development	results_in_maturation_of(CL:0000622)
GO:0060691	epithelial cell maturation involved in salivary gland development	results_in_maturation_of(CL:0000622)
GO:0002070	epithelial cell maturation	results_in_maturation_of(CL:0000622)
GO:0002070	epithelial cell maturation	results_in_maturation_of(CL:0000622)
GO:0002070	epithelial cell maturation	results_in_maturation_of(CL:0000622)
GO:0048469	cell maturation	results_in_maturation_of(CL:0000623)
GO:0048469	cell maturation	results_in_maturation_of(CL:0000623)
GO:0048469	cell maturation	results_in_maturation_of(CL:0000623)
GO:0048469	cell maturation	results_in_maturation_of(CL:0000623)
GO:0048469	cell maturation	results_in_maturation_of(CL:0000635)
GO:0048469	cell maturation	results_in_maturation_of(CL:0000648)
GO:0001556	oocyte maturation	results_in_maturation_of(CL:0000655)
GO:0048469	cell maturation	results_in_maturation_of(CL:0000681)
GO:0042551	neuron maturation	results_in_maturation_of(CL:0000700)
GO:0042551	neuron maturation	results_in_maturation_of(CL:0000700)
GO:0002070	epithelial cell maturation	results_in_maturation_of(CL:0000710)
GO:0002070	epithelial cell maturation	results_in_maturation_of(CL:0000710)
GO:0048469	cell maturation	results_in_maturation_of(CL:0000738
GO:0048469	cell maturation	results_in_maturation_of(CL:0000743)
GO:0048469	cell maturation	results_in_maturation_of(CL:0000743)
GO:0048469	cell maturation	results_in_maturation_of(CL:0000743)
GO:0042551	neuron maturation	results_in_maturation_of(CL:0000750)
GO:0048469	cell maturation	results_in_maturation_of(CL:0000816)
GO:0048469	cell maturation	results_in_maturation_of(CL:0000816)
GO:0048469	cell maturation	results_in_maturation_of(CL:0000824)
GO:0048469	cell maturation	results_in_maturation_of(CL:0000824)
GO:0001955	blood vessel maturation	results_in_maturation_of(EMAPA:16201)
GO:0001955	blood vessel maturation	results_in_maturation_of(EMAPA:16201)
GO:0001955	blood vessel maturation	results_in_maturation_of(EMAPA:16201)
GO:0001955	blood vessel maturation	results_in_maturation_of(EMAPA:16240)
GO:0001955	blood vessel maturation	results_in_maturation_of(EMAPA:16240)
GO:0001955	blood vessel maturation	results_in_maturation_of(EMAPA:16240)
GO:0048469	cell maturation	results_in_maturation_of(EMAPA:32682)
GO:0048820	hair follicle maturation	results_in_maturation_of(EMAPA:32792)
GO:0021586	pons maturation	results_in_maturation_of(EMAPA:35883)
GO:0048820	hair follicle maturation	results_in_maturation_of(EMAPA:36498)
GO:0048820	hair follicle maturation	results_in_maturation_of(EMAPA:36498)
GO:0050708	regulation of protein secretion	results_in_maturation_of(GO:0005584)
GO:0006457	protein folding	results_in_maturation_of(GO:0005584)
GO:1901874	negative regulation of post-translational protein modification	results_in_maturation_of(GO:0005584)
GO:0061077	chaperone-mediated protein folding	results_in_maturation_of(GO:0005586)
GO:0061077	chaperone-mediated protein folding	results_in_maturation_of(GO:0005586)
GO:0061077	chaperone-mediated protein folding	results_in_maturation_of(GO:0005586)
GO:0061077	chaperone-mediated protein folding	results_in_maturation_of(GO:0005586)
GO:0061077	chaperone-mediated protein folding	results_in_maturation_of(GO:0005586)
GO:0061077	chaperone-mediated protein folding	results_in_maturation_of(GO:0005586)
GO:0061077	chaperone-mediated protein folding	results_in_maturation_of(GO:0005586)
GO:1902115	regulation of organelle assembly	results_in_maturation_of(GO:0005770)
GO:0019862	IgA binding	results_in_maturation_of(GO:0071750)
GO:0032461	positive regulation of protein oligomerization	results_in_maturation_of(GO:0071750)
GO:0016322	neuron remodeling	results_in_maturation_of(WBbt:0005270)
GO:0003382	epithelial cell morphogenesis	results_in_morphogenesis_of(CL:0000059)
GO:0003382	epithelial cell morphogenesis	results_in_morphogenesis_of(CL:0000059)
GO:0003382	epithelial cell morphogenesis	results_in_morphogenesis_of(CL:0000059)
GO:0003382	epithelial cell morphogenesis	results_in_morphogenesis_of(CL:0000059)
GO:0000904	cell morphogenesis involved in differentiation	results_in_morphogenesis_of(CL:0000066)
GO:0003382	epithelial cell morphogenesis	results_in_morphogenesis_of(CL:0000066)
GO:0001886	endothelial cell morphogenesis	results_in_morphogenesis_of(CL:0000071)
GO:0048667	cell morphogenesis involved in neuron differentiation	results_in_morphogenesis_of(CL:0000100)
GO:0001886	endothelial cell morphogenesis	results_in_morphogenesis_of(CL:0000115)
GO:0048667	cell morphogenesis involved in neuron differentiation	results_in_morphogenesis_of(CL:0000121)
GO:0003382	epithelial cell morphogenesis	results_in_morphogenesis_of(CL:0000162)
GO:0002093	auditory receptor cell morphogenesis	results_in_morphogenesis_of(CL:0000202)
GO:0002093	auditory receptor cell morphogenesis	results_in_morphogenesis_of(CL:0000202)
GO:0000904	cell morphogenesis involved in differentiation	results_in_morphogenesis_of(CL:0000223)
GO:0000904	cell morphogenesis involved in differentiation	results_in_morphogenesis_of(CL:0000223)
GO:0000904	cell morphogenesis involved in differentiation	results_in_morphogenesis_of(CL:0000223)
GO:0008360	regulation of cell shape	results_in_morphogenesis_of(CL:0000235)
GO:0003382	epithelial cell morphogenesis	results_in_morphogenesis_of(CL:0000312)
GO:0048667	cell morphogenesis involved in neuron differentiation	results_in_morphogenesis_of(CL:0000540)
GO:0048667	cell morphogenesis involved in neuron differentiation	results_in_morphogenesis_of(CL:0000540)
GO:0000904	cell morphogenesis involved in differentiation	results_in_morphogenesis_of(CL:0000561)
GO:0002093	auditory receptor cell morphogenesis	results_in_morphogenesis_of(CL:0000589)
GO:0003382	epithelial cell morphogenesis	results_in_morphogenesis_of(CL:0000589)
GO:0008594	photoreceptor cell morphogenesis	results_in_morphogenesis_of(CL:0000604)
GO:0000904	cell morphogenesis involved in differentiation	results_in_morphogenesis_of(CL:0000636)
GO:0000904	cell morphogenesis involved in differentiation	results_in_morphogenesis_of(CL:0000681)
GO:0048667	cell morphogenesis involved in neuron differentiation	results_in_morphogenesis_of(CL:0000700)
GO:0001886	endothelial cell morphogenesis	results_in_morphogenesis_of(CL:0002138)
GO:0021612	facial nerve structural organization	results_in_morphogenesis_of(CL:0005023)
GO:0021612	facial nerve structural organization	results_in_morphogenesis_of(CL:0005023)
GO:0021612	facial nerve structural organization	results_in_morphogenesis_of(CL:0005025)
GO:0003207	cardiac chamber formation	results_in_morphogenesis_of(EMAPA:16105)
GO:0048570	notochord morphogenesis	results_in_morphogenesis_of(EMAPA:16191)
GO:0003151	outflow tract morphogenesis	results_in_morphogenesis_of(EMAPA:16346)
GO:0003222	ventricular trabecula myocardium morphogenesis	results_in_morphogenesis_of(EMAPA:16350)
GO:0048617	embryonic foregut morphogenesis	results_in_morphogenesis_of(EMAPA:16553)
GO:0003209	cardiac atrium morphogenesis	results_in_morphogenesis_of(EMAPA:16688)
GO:0060349	bone morphogenesis	results_in_morphogenesis_of(EMAPA:17213)
GO:0032474	otolith morphogenesis	results_in_morphogenesis_of(EMAPA:17290)
GO:0032474	otolith morphogenesis	results_in_morphogenesis_of(EMAPA:17293)
GO:0060411	cardiac septum morphogenesis	results_in_morphogenesis_of(EMAPA:17333)
GO:0003214	cardiac left ventricle morphogenesis	results_in_morphogenesis_of(EMAPA:17337)
GO:0003220	left ventricular cardiac muscle tissue morphogenesis	results_in_morphogenesis_of(EMAPA:17337)
GO:0061114	branching involved in pancreas morphogenesis	results_in_morphogenesis_of(EMAPA:17503)
GO:0061113	pancreas morphogenesis	results_in_morphogenesis_of(EMAPA:17503)
GO:0048853	forebrain morphogenesis	results_in_morphogenesis_of(EMAPA:17544)
GO:0048853	forebrain morphogenesis	results_in_morphogenesis_of(EMAPA:17790)
GO:0003179	heart valve morphogenesis	results_in_morphogenesis_of(EMAPA:17869)
GO:0031069	hair follicle morphogenesis	results_in_morphogenesis_of(EMAPA:18771)
GO:0048853	forebrain morphogenesis	results_in_morphogenesis_of(EMAPA:19037)
GO:0060349	bone morphogenesis	results_in_morphogenesis_of(EMAPA:19431)
GO:0060349	bone morphogenesis	results_in_morphogenesis_of(EMAPA:19432)
GO:0031069	hair follicle morphogenesis	results_in_morphogenesis_of(EMAPA:26720)
GO:0072178	nephric duct morphogenesis	results_in_morphogenesis_of(EMAPA:28425)
GO:0060672	epithelial cell morphogenesis involved in placental branching	results_in_morphogenesis_of(EMAPA:31873)
GO:0048853	forebrain morphogenesis	results_in_morphogenesis_of(EMAPA:32845)
GO:0048853	forebrain morphogenesis	results_in_morphogenesis_of(EMAPA:32921)
GO:0048705	skeletal system morphogenesis	results_in_morphogenesis_of(EMAPA:35919)
GO:0061138	morphogenesis of a branching epithelium	results_in_morphogenesis_of(EMAPA:36515)
GO:0060271	cilium assembly	results_in_morphogenesis_of(GO:0036126)
GO:0061024	membrane organization	results_in_morphogenesis_of(GO:0046691
GO:1904835	dorsal root ganglion morphogenesis	results_in_morphogenesis_of(UBERON:0000044)
GO:0090002	establishment of protein localization to plasma membrane	results_in_morphogenesis_of(UBERON:0000333
GO:0022612	gland morphogenesis	results_in_morphogenesis_of(UBERON:0000333)
GO:0035414	negative regulation of catenin import into nucleus	results_in_morphogenesis_of(UBERON:0000333)
GO:0010468	regulation of gene expression	results_in_morphogenesis_of(UBERON:0000348
GO:0030509	BMP signaling pathway	results_in_morphogenesis_of(UBERON:0000348)
GO:0021637	trigeminal nerve structural organization	results_in_morphogenesis_of(UBERON:0000348)
GO:0010468	regulation of gene expression	results_in_morphogenesis_of(UBERON:0000348)
GO:0021637	trigeminal nerve structural organization	results_in_morphogenesis_of(UBERON:0000348)
GO:0010468	regulation of gene expression	results_in_morphogenesis_of(UBERON:0000348)
GO:0048842	positive regulation of axon extension involved in axon guidance	results_in_morphogenesis_of(UBERON:0000348)
GO:0010468	regulation of gene expression	results_in_morphogenesis_of(UBERON:0000348)
GO:0021637	trigeminal nerve structural organization	results_in_morphogenesis_of(UBERON:0000375)
GO:0021637	trigeminal nerve structural organization	results_in_morphogenesis_of(UBERON:0000377)
GO:0055123	digestive system development	results_in_morphogenesis_of(UBERON:0001199)
GO:0048705	skeletal system morphogenesis	results_in_morphogenesis_of(UBERON:0003221)
GO:1905651	regulation of artery morphogenesis	results_in_morphogenesis_of(UBERON:0005616)
GO:0022604	regulation of cell morphogenesis	results_in_morphogenesis_of(WBbt:0003712)
GO:0016331	morphogenesis of embryonic epithelium	results_in_morphogenesis_of(WBbt:0005733)
GO:0016331	morphogenesis of embryonic epithelium	results_in_morphogenesis_of(WBbt:0005772)
GO:0009653	anatomical structure morphogenesis	results_in_morphogenesis_of(WBbt:0007832)
GO:0016477	cell migration	results_in_movement_of(CL:0000007)
GO:0016477	cell migration	results_in_movement_of(CL:0000007)
GO:0001755	neural crest cell migration	results_in_movement_of(CL:0000008)
GO:0001755	neural crest cell migration	results_in_movement_of(CL:0000008)
GO:0001755	neural crest cell migration	results_in_movement_of(CL:0000008)
GO:1901166	neural crest cell migration involved in autonomic nervous system development	results_in_movement_of(CL:0000008)
GO:0001755	neural crest cell migration	results_in_movement_of(CL:0000008)
GO:0001755	neural crest cell migration	results_in_movement_of(CL:0000008)
GO:0001755	neural crest cell migration	results_in_movement_of(CL:0000008)
GO:0001755	neural crest cell migration	results_in_movement_of(CL:0000008)
GO:0001755	neural crest cell migration	results_in_movement_of(CL:0000011)
GO:0001755	neural crest cell migration	results_in_movement_of(CL:0000011)
GO:1901166	neural crest cell migration involved in autonomic nervous system development	results_in_movement_of(CL:0000011)
GO:0001755	neural crest cell migration	results_in_movement_of(CL:0000011)
GO:0030317	flagellated sperm motility	results_in_movement_of(CL:0000015)
GO:0016477	cell migration	results_in_movement_of(CL:0000019
GO:0030317	flagellated sperm motility	results_in_movement_of(CL:0000019)
GO:0016477	cell migration	results_in_movement_of(CL:0000019)
GO:0001764	neuron migration	results_in_movement_of(CL:0000031)
GO:0001755	neural crest cell migration	results_in_movement_of(CL:0000031)
GO:0001764	neuron migration	results_in_movement_of(CL:0000031)
GO:0016477	cell migration	results_in_movement_of(CL:0000056)
GO:0051451	myoblast migration	results_in_movement_of(CL:0000056)
GO:0051451	myoblast migration	results_in_movement_of(CL:0000056)
GO:0010761	fibroblast migration	results_in_movement_of(CL:0000057)
GO:0016477	cell migration	results_in_movement_of(CL:0000057)
GO:0016477	cell migration	results_in_movement_of(CL:0000057)
GO:0010763	positive regulation of fibroblast migration	results_in_movement_of(CL:0000057)
GO:0006929	substrate-dependent cell migration	results_in_movement_of(CL:0000057)
GO:0001667	ameboidal-type cell migration	results_in_movement_of(CL:0000066)
GO:0043534	blood vessel endothelial cell migration	results_in_movement_of(CL:0000071)
GO:0043542	endothelial cell migration	results_in_movement_of(CL:0000071)
GO:0043542	endothelial cell migration	results_in_movement_of(CL:0000071)
GO:0043534	blood vessel endothelial cell migration	results_in_movement_of(CL:0000071)
GO:0001667	ameboidal-type cell migration	results_in_movement_of(CL:0000071)
GO:0001667	ameboidal-type cell migration	results_in_movement_of(CL:0000071)
GO:0050928	negative regulation of positive chemotaxis	results_in_movement_of(CL:0000071)
GO:0043536	positive regulation of blood vessel endothelial cell migration	results_in_movement_of(CL:0000071)
GO:0050918	positive chemotaxis	results_in_movement_of(CL:0000071)
GO:0002042	cell migration involved in sprouting angiogenesis	results_in_movement_of(CL:0000071)
GO:0002042	cell migration involved in sprouting angiogenesis	results_in_movement_of(CL:0000071)
GO:0016477	cell migration	results_in_movement_of(CL:0000078)
GO:0030595	leukocyte chemotaxis	results_in_movement_of(CL:0000083)
GO:0001667	ameboidal-type cell migration	results_in_movement_of(CL:0000092)
GO:0030595	leukocyte chemotaxis	results_in_movement_of(CL:0000094)
GO:0002690	positive regulation of leukocyte chemotaxis	results_in_movement_of(CL:0000094)
GO:0030593	neutrophil chemotaxis	results_in_movement_of(CL:0000096)
GO:0001764	neuron migration	results_in_movement_of(CL:0000099)
GO:0021795	cerebral cortex cell migration	results_in_movement_of(CL:0000099)
GO:0022029	telencephalon cell migration	results_in_movement_of(CL:0000099)
GO:0001764	neuron migration	results_in_movement_of(CL:0000099)
GO:0001764	neuron migration	results_in_movement_of(CL:0000100)
GO:0001764	neuron migration	results_in_movement_of(CL:0000100)
GO:0001764	neuron migration	results_in_movement_of(CL:0000100)
GO:0001764	neuron migration	results_in_movement_of(CL:0000100)
GO:0001764	neuron migration	results_in_movement_of(CL:0000100)
GO:0001764	neuron migration	results_in_movement_of(CL:0000110)
GO:0001764	neuron migration	results_in_movement_of(CL:0000110)
GO:0043534	blood vessel endothelial cell migration	results_in_movement_of(CL:0000115)
GO:0043542	endothelial cell migration	results_in_movement_of(CL:0000115)
GO:0021795	cerebral cortex cell migration	results_in_movement_of(CL:0000117)
GO:0021885	forebrain cell migration	results_in_movement_of(CL:0000117)
GO:0001764	neuron migration	results_in_movement_of(CL:0000117)
GO:0001764	neuron migration	results_in_movement_of(CL:0000117)
GO:0001764	neuron migration	results_in_movement_of(CL:0000117)
GO:0001764	neuron migration	results_in_movement_of(CL:0000117)
GO:0001764	neuron migration	results_in_movement_of(CL:0000117)
GO:0001764	neuron migration	results_in_movement_of(CL:0000117)
GO:0001764	neuron migration	results_in_movement_of(CL:0000117)
GO:0021799	cerebral cortex radially oriented cell migration	results_in_movement_of(CL:0000117)
GO:0021795	cerebral cortex cell migration	results_in_movement_of(CL:0000117)
GO:0001764	neuron migration	results_in_movement_of(CL:0000117)
GO:0001764	neuron migration	results_in_movement_of(CL:0000117)
GO:0001764	neuron migration	results_in_movement_of(CL:0000117)
GO:0021799	cerebral cortex radially oriented cell migration	results_in_movement_of(CL:0000117)
GO:0001764	neuron migration	results_in_movement_of(CL:0000117)
GO:0001764	neuron migration	results_in_movement_of(CL:0000117)
GO:0001764	neuron migration	results_in_movement_of(CL:0000117)
GO:0001764	neuron migration	results_in_movement_of(CL:0000117)
GO:0001764	neuron migration	results_in_movement_of(CL:0000117)
GO:0001764	neuron migration	results_in_movement_of(CL:0000117)
GO:0001764	neuron migration	results_in_movement_of(CL:0000117)
GO:0001764	neuron migration	results_in_movement_of(CL:0000117)
GO:0021800	cerebral cortex tangential migration	results_in_movement_of(CL:0000117)
GO:0001764	neuron migration	results_in_movement_of(CL:0000117)
GO:0001764	neuron migration	results_in_movement_of(CL:0000117)
GO:0016477	cell migration	results_in_movement_of(CL:0000117)
GO:0001764	neuron migration	results_in_movement_of(CL:0000117)
GO:0001764	neuron migration	results_in_movement_of(CL:0000117)
GO:0001764	neuron migration	results_in_movement_of(CL:0000117)
GO:0001764	neuron migration	results_in_movement_of(CL:0000117)
GO:0001764	neuron migration	results_in_movement_of(CL:0000117)
GO:0001764	neuron migration	results_in_movement_of(CL:0000117)
GO:0001764	neuron migration	results_in_movement_of(CL:0000117)
GO:0001764	neuron migration	results_in_movement_of(CL:0000117)
GO:0001764	neuron migration	results_in_movement_of(CL:0000117)
GO:0021535	cell migration in hindbrain	results_in_movement_of(CL:0000117)
GO:0001764	neuron migration	results_in_movement_of(CL:0000117)
GO:0001764	neuron migration	results_in_movement_of(CL:0000117)
GO:0001764	neuron migration	results_in_movement_of(CL:0000117)
GO:0021933	radial glia guided migration of cerebellar granule cell	results_in_movement_of(CL:0000120)
GO:0001764	neuron migration	results_in_movement_of(CL:0000120)
GO:0001764	neuron migration	results_in_movement_of(CL:0000120)
GO:0001764	neuron migration	results_in_movement_of(CL:0000120)
GO:0001764	neuron migration	results_in_movement_of(CL:0000120)
GO:0001764	neuron migration	results_in_movement_of(CL:0000120)
GO:0021942	radial glia guided migration of Purkinje cell	results_in_movement_of(CL:0000121)
GO:0001764	neuron migration	results_in_movement_of(CL:0000121)
GO:0001764	neuron migration	results_in_movement_of(CL:0000121)
GO:0008347	glial cell migration	results_in_movement_of(CL:0000127)
GO:0008347	glial cell migration	results_in_movement_of(CL:0000128)
GO:0021795	cerebral cortex cell migration	results_in_movement_of(CL:0000129)
GO:0016477	cell migration	results_in_movement_of(CL:0000131)
GO:0001755	neural crest cell migration	results_in_movement_of(CL:0000148)
GO:0016477	cell migration	results_in_movement_of(CL:0000169)
GO:0002194	hepatocyte cell migration	results_in_movement_of(CL:0000182)
GO:0016477	cell migration	results_in_movement_of(CL:0000186)
GO:0014909	smooth muscle cell migration	results_in_movement_of(CL:0000192)
GO:0090134	cell migration involved in mesendoderm migration	results_in_movement_of(CL:0000222)
GO:0090134	cell migration involved in mesendoderm migration	results_in_movement_of(CL:0000222)
GO:0008078	mesodermal cell migration	results_in_movement_of(CL:0000222)
GO:0008078	mesodermal cell migration	results_in_movement_of(CL:0000222)
GO:0042074	cell migration involved in gastrulation	results_in_movement_of(CL:0000222)
GO:0008078	mesodermal cell migration	results_in_movement_of(CL:0000222)
GO:0042074	cell migration involved in gastrulation	results_in_movement_of(CL:0000223)
GO:0090134	cell migration involved in mesendoderm migration	results_in_movement_of(CL:0000223)
GO:0090134	cell migration involved in mesendoderm migration	results_in_movement_of(CL:0000223)
GO:0008078	mesodermal cell migration	results_in_movement_of(CL:0000223)
GO:0008078	mesodermal cell migration	results_in_movement_of(CL:0000223)
GO:0050900	leukocyte migration	results_in_movement_of(CL:0000235)
GO:0002690	positive regulation of leukocyte chemotaxis	results_in_movement_of(CL:0000236
GO:0016477	cell migration	results_in_movement_of(CL:0000306)
GO:0001755	neural crest cell migration	results_in_movement_of(CL:0000333)
GO:0001755	neural crest cell migration	results_in_movement_of(CL:0000333)
GO:0001755	neural crest cell migration	results_in_movement_of(CL:0000333)
GO:0001755	neural crest cell migration	results_in_movement_of(CL:0000333)
GO:0001755	neural crest cell migration	results_in_movement_of(CL:0000333)
GO:0001755	neural crest cell migration	results_in_movement_of(CL:0000333)
GO:0001755	neural crest cell migration	results_in_movement_of(CL:0000333)
GO:0001755	neural crest cell migration	results_in_movement_of(CL:0000333)
GO:0001755	neural crest cell migration	results_in_movement_of(CL:0000333)
GO:0001755	neural crest cell migration	results_in_movement_of(CL:0000333)
GO:0022029	telencephalon cell migration	results_in_movement_of(CL:0000337)
GO:0021799	cerebral cortex radially oriented cell migration	results_in_movement_of(CL:0000337)
GO:0071672	negative regulation of smooth muscle cell chemotaxis	results_in_movement_of(CL:0000359
GO:0071672	negative regulation of smooth muscle cell chemotaxis	results_in_movement_of(CL:0000359)
GO:0016477	cell migration	results_in_movement_of(CL:0000359)
GO:0016477	cell migration	results_in_movement_of(CL:0000359)
GO:0001764	neuron migration	results_in_movement_of(CL:0000402)
GO:0001764	neuron migration	results_in_movement_of(CL:0000402)
GO:0021831	embryonic olfactory bulb interneuron precursor migration	results_in_movement_of(CL:0000402)
GO:0001764	neuron migration	results_in_movement_of(CL:0000402)
GO:0001764	neuron migration	results_in_movement_of(CL:0000402)
GO:0036336	dendritic cell migration	results_in_movement_of(CL:0000451)
GO:0001764	neuron migration	results_in_movement_of(CL:0000498)
GO:0001764	neuron migration	results_in_movement_of(CL:0000498)
GO:0016477	cell migration	results_in_movement_of(CL:0000540)
GO:0001764	neuron migration	results_in_movement_of(CL:0000540)
GO:0001764	neuron migration	results_in_movement_of(CL:0000540)
GO:0001764	neuron migration	results_in_movement_of(CL:0000540)
GO:0001764	neuron migration	results_in_movement_of(CL:0000540)
GO:0001764	neuron migration	results_in_movement_of(CL:0000540)
GO:0001764	neuron migration	results_in_movement_of(CL:0000540)
GO:0001764	neuron migration	results_in_movement_of(CL:0000540)
GO:0001764	neuron migration	results_in_movement_of(CL:0000540)
GO:0021855	hypothalamus cell migration	results_in_movement_of(CL:0000540)
GO:0001755	neural crest cell migration	results_in_movement_of(CL:0000541)
GO:0001764	neuron migration	results_in_movement_of(CL:0000561)
GO:0060326	cell chemotaxis	results_in_movement_of(CL:0000575)
GO:0060326	cell chemotaxis	results_in_movement_of(CL:0000575)
GO:0021799	cerebral cortex radially oriented cell migration	results_in_movement_of(CL:0000598)
GO:0021799	cerebral cortex radially oriented cell migration	results_in_movement_of(CL:0000598)
GO:0001764	neuron migration	results_in_movement_of(CL:0000598)
GO:0001764	neuron migration	results_in_movement_of(CL:0000598)
GO:0021853	cerebral cortex GABAergic interneuron migration	results_in_movement_of(CL:0000617)
GO:0021853	cerebral cortex GABAergic interneuron migration	results_in_movement_of(CL:0000617)
GO:0001764	neuron migration	results_in_movement_of(CL:0000617)
GO:0021799	cerebral cortex radially oriented cell migration	results_in_movement_of(CL:0000617)
GO:0001764	neuron migration	results_in_movement_of(CL:0000617)
GO:0021800	cerebral cortex tangential migration	results_in_movement_of(CL:0000617)
GO:0030335	positive regulation of cell migration	results_in_movement_of(CL:0000653)
GO:0016477	cell migration	results_in_movement_of(CL:0000669)
GO:0016477	cell migration	results_in_movement_of(CL:0000669)
GO:0008354	germ cell migration	results_in_movement_of(CL:0000670)
GO:0008354	germ cell migration	results_in_movement_of(CL:0000670)
GO:0008354	germ cell migration	results_in_movement_of(CL:0000670)
GO:0008347	glial cell migration	results_in_movement_of(CL:0000681)
GO:0008347	glial cell migration	results_in_movement_of(CL:0000681)
GO:0001764	neuron migration	results_in_movement_of(CL:0000700)
GO:0001764	neuron migration	results_in_movement_of(CL:0000700)
GO:0001764	neuron migration	results_in_movement_of(CL:0000700)
GO:0016477	cell migration	results_in_movement_of(CL:0000704)
GO:0016477	cell migration	results_in_movement_of(CL:0000704)
GO:0002687	positive regulation of leukocyte migration	results_in_movement_of(CL:0000738)
GO:0050900	leukocyte migration	results_in_movement_of(CL:0000738)
GO:0030593	neutrophil chemotaxis	results_in_movement_of(CL:0000738)
GO:0002523	leukocyte migration involved in inflammatory response	results_in_movement_of(CL:0000738)
GO:0050900	leukocyte migration	results_in_movement_of(CL:0000738)
GO:0050900	leukocyte migration	results_in_movement_of(CL:0000738)
GO:0002687	positive regulation of leukocyte migration	results_in_movement_of(CL:0000738)
GO:0001764	neuron migration	results_in_movement_of(CL:0000741)
GO:0072677	eosinophil migration	results_in_movement_of(CL:0000771)
GO:0030593	neutrophil chemotaxis	results_in_movement_of(CL:0000775)
GO:0050900	leukocyte migration	results_in_movement_of(CL:0000775)
GO:0030593	neutrophil chemotaxis	results_in_movement_of(CL:0000775)
GO:0072672	neutrophil extravasation	results_in_movement_of(CL:0000775)
GO:0016477	cell migration	results_in_movement_of(CL:0000775)
GO:0002687	positive regulation of leukocyte migration	results_in_movement_of(CL:0000775)
GO:0002408	myeloid dendritic cell chemotaxis	results_in_movement_of(CL:0000782)
GO:0050900	leukocyte migration	results_in_movement_of(CL:0000827)
GO:0050900	leukocyte migration	results_in_movement_of(CL:0000827)
GO:1904848	negative regulation of cell chemotaxis to fibroblast growth factor	results_in_movement_of(CL:0000842)
GO:0016477	cell migration	results_in_movement_of(CL:0000893)
GO:0002522	leukocyte migration involved in immune response	results_in_movement_of(CL:0000902)
GO:0043537	negative regulation of blood vessel endothelial cell migration	results_in_movement_of(CL:0002139)
GO:0060973	cell migration involved in heart development	results_in_movement_of(CL:0002494
GO:0038033	positive regulation of endothelial cell chemotaxis by VEGF-activated vascular endothelial growth factor receptor signaling pathway	results_in_movement_of(CL:0002543)
GO:2000546	positive regulation of endothelial cell chemotaxis to fibroblast growth factor	results_in_movement_of(CL:0002543)
GO:2000545	negative regulation of endothelial cell chemotaxis to fibroblast growth factor	results_in_movement_of(CL:0002544)
GO:0010764	negative regulation of fibroblast migration	results_in_movement_of(CL:0002557)
GO:1904754	positive regulation of vascular associated smooth muscle cell migration	results_in_movement_of(CL:0002591
GO:1904754	positive regulation of vascular associated smooth muscle cell migration	results_in_movement_of(CL:0002591)
GO:0001764	neuron migration	results_in_movement_of(CL:0002609)
GO:0021853	cerebral cortex GABAergic interneuron migration	results_in_movement_of(CL:0011005)
GO:0043536	positive regulation of blood vessel endothelial cell migration	results_in_movement_of(CL:1001568)
GO:0016477	cell migration	results_in_movement_of(CL:2000044)
GO:1902513	regulation of organelle transport along microtubule	results_in_movement_of(GO:0005739)
GO:0051656	establishment of organelle localization	results_in_movement_of(GO:0005764
GO:0090527	actin filament reorganization	results_in_movement_of(GO:0030864
GO:1903307	positive regulation of regulated secretory pathway	results_in_movement_of(GO:0033093)
GO:1903434	negative regulation of constitutive secretory pathway	results_in_movement_of(GO:0033093)
GO:1903435	positive regulation of constitutive secretory pathway	results_in_movement_of(GO:0033093)
GO:1902513	regulation of organelle transport along microtubule	results_in_movement_of(GO:0044194)
GO:0097402	neuroblast migration	results_in_movement_of(WBbt:0004054
GO:0097402	neuroblast migration	results_in_movement_of(WBbt:0004056
GO:1904937	sensory neuron migration	results_in_movement_of(WBbt:0005406
GO:1904936	interneuron migration	results_in_movement_of(WBbt:0006826
GO:0001764	neuron migration	results_in_movement_of(WBbt:0006827
GO:0001764	neuron migration	results_in_movement_of(WBbt:0006827)
GO:0097475	motor neuron migration	results_in_movement_of(WBbt:0006830
GO:0097475	motor neuron migration	results_in_movement_of(WBbt:0006830)
GO:0001708	cell fate specification	results_in_specification_of(CL:0000062)
GO:0021521	ventral spinal cord interneuron specification	results_in_specification_of(CL:0000099)
GO:0021520	spinal cord motor neuron cell fate specification	results_in_specification_of(CL:0000100)
GO:0021520	spinal cord motor neuron cell fate specification	results_in_specification_of(CL:0000100)
GO:0001708	cell fate specification	results_in_specification_of(CL:0000101)
GO:0001708	cell fate specification	results_in_specification_of(CL:0000117)
GO:0001708	cell fate specification	results_in_specification_of(CL:0000117)
GO:0001708	cell fate specification	results_in_specification_of(CL:0000125)
GO:0021778	oligodendrocyte cell fate specification	results_in_specification_of(CL:0000128)
GO:0001708	cell fate specification	results_in_specification_of(CL:0000138)
GO:0001708	cell fate specification	results_in_specification_of(CL:0000222)
GO:0001708	cell fate specification	results_in_specification_of(CL:0000222)
GO:0001708	cell fate specification	results_in_specification_of(CL:0000243)
GO:0001708	cell fate specification	results_in_specification_of(CL:0000312)
GO:0009957	epidermal cell fate specification	results_in_specification_of(CL:0000312)
GO:0048665	neuron fate specification	results_in_specification_of(CL:0000402)
GO:0001708	cell fate specification	results_in_specification_of(CL:0000513)
GO:0001708	cell fate specification	results_in_specification_of(CL:0000540)
GO:0001708	cell fate specification	results_in_specification_of(CL:0000586)
GO:0001708	cell fate specification	results_in_specification_of(CL:0000617)
GO:0048665	neuron fate specification	results_in_specification_of(CL:0000679)
GO:0048665	neuron fate specification	results_in_specification_of(CL:0000679)
GO:0001708	cell fate specification	results_in_specification_of(CL:0000679)
GO:0048665	neuron fate specification	results_in_specification_of(CL:0000700)
GO:0048536	spleen development	results_in_specification_of(CL:0000845)
GO:0048665	neuron fate specification	results_in_specification_of(CL:0000850)
GO:0048665	neuron fate specification	results_in_specification_of(CL:0000850)
GO:0048665	neuron fate specification	results_in_specification_of(CL:0002322)
GO:0048665	neuron fate specification	results_in_specification_of(WBbt:0005671)
GO:0007501	mesodermal cell fate specification	results_in_specification_of(WBbt:0005751)
GO:0001708	cell fate specification	results_in_specification_of(WBbt:0006798)
GO:0001708	cell fate specification	results_in_specification_of(WBbt:0007667)
GO:0001708	cell fate specification	results_in_specification_of(WBbt:0007688
GO:0050821	protein stabilization	stabilizes(UniProtKB:A0MBZ6)
GO:0050821	protein stabilization	stabilizes(UniProtKB:B2RYC4)
GO:0050821	protein stabilization	stabilizes(UniProtKB:G1NFD3)
GO:0050821	protein stabilization	stabilizes(UniProtKB:O60337)
GO:0050821	protein stabilization	stabilizes(UniProtKB:O75718)
GO:0050821	protein stabilization	stabilizes(UniProtKB:P00533
GO:0050821	protein stabilization	stabilizes(UniProtKB:P09619
GO:0050821	protein stabilization	stabilizes(UniProtKB:P35222
GO:0050821	protein stabilization	stabilizes(UniProtKB:P35222)
GO:0050821	protein stabilization	stabilizes(UniProtKB:P63244)
GO:0050821	protein stabilization	stabilizes(UniProtKB:Q02248
GO:0050821	protein stabilization	stabilizes(UniProtKB:Q02248)
GO:0050821	protein stabilization	stabilizes(UniProtKB:Q16236)
GO:0050821	protein stabilization	stabilizes(UniProtKB:Q32P28)
GO:0050821	protein stabilization	stabilizes(UniProtKB:Q5S007)
GO:0031647	regulation of protein stability	stabilizes(UniProtKB:Q5T9L3)
GO:0050821	protein stabilization	stabilizes(UniProtKB:Q6ZQ89)
GO:0050821	protein stabilization	stabilizes(UniProtKB:Q86TM6)
GO:0031647	regulation of protein stability	stabilizes(UniProtKB:Q95ST2)
GO:0050821	protein stabilization	stabilizes(UniProtKB:Q96KQ7)
GO:0050821	protein stabilization	stabilizes(UniProtKB:Q9BUR4)
GO:0050821	protein stabilization	stabilizes(UniProtKB:Q9DBY1)
GO:0050821	protein stabilization	stabilizes(UniProtKB:Q9H3D4)
GO:0050821	protein stabilization	stabilizes(UniProtKB:Q9UBV2)
GO:0050821	protein stabilization	stabilizes(UniProtKB:Q9Y397)
GO:0050821	protein stabilization	stabilizes(UniProtKB:Q9Z2G6)
GO:0006839	mitochondrial transport	transports_or_maintains_localization_of(CHEBI:15435)
GO:0045332	phospholipid translocation	transports_or_maintains_localization_of(CHEBI:16038)
GO:0045332	phospholipid translocation	transports_or_maintains_localization_of(CHEBI:16038)
GO:0032940	secretion by cell	transports_or_maintains_localization_of(CHEBI:18059)
GO:0051180	vitamin transport	transports_or_maintains_localization_of(CHEBI:18145)
GO:0015917	aminophospholipid transport	transports_or_maintains_localization_of(CHEBI:18303)
GO:0045332	phospholipid translocation	transports_or_maintains_localization_of(CHEBI:18303)
GO:0005227	calcium activated cation channel activity	transports_or_maintains_localization_of(CHEBI:29101)
GO:0015245	fatty acid transporter activity	transports_or_maintains_localization_of(CHEBI:36005
GO:0045055	regulated exocytosis	transports_or_maintains_localization_of(CHEBI:36500
GO:0005319	lipid transporter activity	transports_or_maintains_localization_of(CHEBI:36500)
GO:0006869	lipid transport	transports_or_maintains_localization_of(CHEBI:36500)
GO:0034040	lipid-transporting ATPase activity	transports_or_maintains_localization_of(CHEBI:36500)
GO:0032370	positive regulation of lipid transport	transports_or_maintains_localization_of(CHEBI:50211)
GO:0051978	lysophospholipid transporter activity	transports_or_maintains_localization_of(CHEBI:60479
GO:0051977	lysophospholipid transport	transports_or_maintains_localization_of(CHEBI:60479)
GO:0045332	phospholipid translocation	transports_or_maintains_localization_of(CHEBI:64482)
GO:0045332	phospholipid translocation	transports_or_maintains_localization_of(CHEBI:64482)
GO:0045332	phospholipid translocation	transports_or_maintains_localization_of(CHEBI:64482)
GO:0097695	establishment of macromolecular complex localization to telomere	transports_or_maintains_localization_of(GO:0000333)
GO:0072383	plus-end-directed vesicle transport along microtubule	transports_or_maintains_localization_of(GO:0005768)
GO:0008090	retrograde axonal transport	transports_or_maintains_localization_of(GO:0005770
GO:0034629	cellular protein complex localization	transports_or_maintains_localization_of(GO:0030286
GO:0031338	regulation of vesicle fusion	transports_or_maintains_localization_of(GO:0031045)
GO:0031338	regulation of vesicle fusion	transports_or_maintains_localization_of(GO:0031045)
GO:0099637	neurotransmitter receptor transport	transports_or_maintains_localization_of(GO:0032281)
GO:0090118	receptor-mediated endocytosis involved in cholesterol transport	transports_or_maintains_localization_of(GO:0034362
GO:0090118	receptor-mediated endocytosis involved in cholesterol transport	transports_or_maintains_localization_of(GO:0034362)
GO:0001921	positive regulation of receptor recycling	transports_or_maintains_localization_of(GO:0042101
GO:0051640	organelle localization	transports_or_maintains_localization_of(GO:0043186)
GO:0051640	organelle localization	transports_or_maintains_localization_of(GO:0044840)
GO:0090002	establishment of protein localization to plasma membrane	transports_or_maintains_localization_of(GO:0071439)
GO:0072382	minus-end-directed vesicle transport along microtubule	transports_or_maintains_localization_of(GO:0072382)
GO:0031338	regulation of vesicle fusion	transports_or_maintains_localization_of(GO:1990742)
GO:1904914	negative regulation of establishment of macromolecular complex localization to telomere	transports_or_maintains_localization_of(IntAct:EBI-10045577)
GO:0090666	scaRNA localization to Cajal body	transports_or_maintains_localization_of(RNAcentral:URS000026BDF0_9606)
GO:0090671	telomerase RNA localization to Cajal body	transports_or_maintains_localization_of(RNAcentral:URS00004A7003_9606
GO:1904874	positive regulation of telomerase RNA localization to Cajal body	transports_or_maintains_localization_of(RNAcentral:URS00004A7003_9606)
GO:1904874	positive regulation of telomerase RNA localization to Cajal body	transports_or_maintains_localization_of(RNAcentral:URS00004A7003_9606)
GO:1904911	negative regulation of establishment of RNA localization to telomere	transports_or_maintains_localization_of(RNAcentral:URS00004A7003_9606)
GO:0090666	scaRNA localization to Cajal body	transports_or_maintains_localization_of(RNAcentral:URS0000569A4A_9606)
GO:0090666	scaRNA localization to Cajal body	transports_or_maintains_localization_of(RNAcentral:URS000075D68F_9606)
GO:1904491	protein localization to ciliary transition zone	transports_or_maintains_localization_of(UniProtKB:A2A266)
GO:0003031	detection of carbon dioxide	transports_or_maintains_localization_of(UniProtKB:A3QM96
GO:0050907	detection of chemical stimulus involved in sensory perception	transports_or_maintains_localization_of(UniProtKB:A3QM96
GO:1904457	positive regulation of neuronal action potential	transports_or_maintains_localization_of(UniProtKB:A3QM96
GO:0019722	calcium-mediated signaling	transports_or_maintains_localization_of(UniProtKB:A3QM96
GO:0045921	positive regulation of exocytosis	transports_or_maintains_localization_of(UniProtKB:A3QM96)
GO:0042991	transcription factor import into nucleus	transports_or_maintains_localization_of(UniProtKB:A7LH49)
GO:0006611	protein export from nucleus	transports_or_maintains_localization_of(UniProtKB:B0LHV2)
GO:0042991	transcription factor import into nucleus	transports_or_maintains_localization_of(UniProtKB:B5X3E8)
GO:0072661	protein targeting to plasma membrane	transports_or_maintains_localization_of(UniProtKB:B5X4N9)
GO:0042991	transcription factor import into nucleus	transports_or_maintains_localization_of(UniProtKB:B9UYM8)
GO:0042991	transcription factor import into nucleus	transports_or_maintains_localization_of(UniProtKB:B9UYM8)
GO:0042991	transcription factor import into nucleus	transports_or_maintains_localization_of(UniProtKB:C0PUF7)
GO:0042991	transcription factor import into nucleus	transports_or_maintains_localization_of(UniProtKB:C0PUF7)
GO:0042991	transcription factor import into nucleus	transports_or_maintains_localization_of(UniProtKB:C7EY83)
GO:1904491	protein localization to ciliary transition zone	transports_or_maintains_localization_of(UniProtKB:C8JQP7)
GO:1904491	protein localization to ciliary transition zone	transports_or_maintains_localization_of(UniProtKB:C8JQP7)
GO:1904491	protein localization to ciliary transition zone	transports_or_maintains_localization_of(UniProtKB:E1NZ11)
GO:0045184	establishment of protein localization	transports_or_maintains_localization_of(UniProtKB:E9Q9W7)
GO:0045184	establishment of protein localization	transports_or_maintains_localization_of(UniProtKB:E9Q9W7)
GO:2000009	negative regulation of protein localization to cell surface	transports_or_maintains_localization_of(UniProtKB:F1N8P1)
GO:0006611	protein export from nucleus	transports_or_maintains_localization_of(UniProtKB:F1NW42)
GO:0008104	protein localization	transports_or_maintains_localization_of(UniProtKB:F1P1D3)
GO:0008104	protein localization	transports_or_maintains_localization_of(UniProtKB:F1P1D4)
GO:0097112	gamma-aminobutyric acid receptor clustering	transports_or_maintains_localization_of(UniProtKB:G5ECD3)
GO:0072657	protein localization to membrane	transports_or_maintains_localization_of(UniProtKB:O00429)
GO:0035418	protein localization to synapse	transports_or_maintains_localization_of(UniProtKB:O08835)
GO:0072659	protein localization to plasma membrane	transports_or_maintains_localization_of(UniProtKB:O14640)
GO:1903827	regulation of cellular protein localization	transports_or_maintains_localization_of(UniProtKB:O14641)
GO:0070200	establishment of protein localization to telomere	transports_or_maintains_localization_of(UniProtKB:O14746
GO:1904851	positive regulation of establishment of protein localization to telomere	transports_or_maintains_localization_of(UniProtKB:O14746
GO:0070200	establishment of protein localization to telomere	transports_or_maintains_localization_of(UniProtKB:O14746
GO:1904851	positive regulation of establishment of protein localization to telomere	transports_or_maintains_localization_of(UniProtKB:O14746)
GO:0070200	establishment of protein localization to telomere	transports_or_maintains_localization_of(UniProtKB:O14746)
GO:0070200	establishment of protein localization to telomere	transports_or_maintains_localization_of(UniProtKB:O14746)
GO:1904867	protein localization to Cajal body	transports_or_maintains_localization_of(UniProtKB:O14746)
GO:1904491	protein localization to ciliary transition zone	transports_or_maintains_localization_of(UniProtKB:O17269)
GO:0035418	protein localization to synapse	transports_or_maintains_localization_of(UniProtKB:O88712
GO:1904815	negative regulation of protein localization to chromosome, telomeric region	transports_or_maintains_localization_of(UniProtKB:O95271)
GO:0045184	establishment of protein localization	transports_or_maintains_localization_of(UniProtKB:P05132)
GO:0071896	protein localization to adherens junction	transports_or_maintains_localization_of(UniProtKB:P10288
GO:0045176	apical protein localization	transports_or_maintains_localization_of(UniProtKB:P10288)
GO:0045176	apical protein localization	transports_or_maintains_localization_of(UniProtKB:P10288)
GO:0045184	establishment of protein localization	transports_or_maintains_localization_of(UniProtKB:P12367)
GO:0009306	protein secretion	transports_or_maintains_localization_of(UniProtKB:P18835)
GO:0042147	retrograde transport, endosome to Golgi	transports_or_maintains_localization_of(UniProtKB:P20645)
GO:0099639	neurotransmitter receptor transport, endosome to plasma membrane	transports_or_maintains_localization_of(UniProtKB:P21728
GO:0008105	asymmetric protein localization	transports_or_maintains_localization_of(UniProtKB:P25159
GO:0008105	asymmetric protein localization	transports_or_maintains_localization_of(UniProtKB:P25159)
GO:0072595	maintenance of protein localization in organelle	transports_or_maintains_localization_of(UniProtKB:P34643
GO:1903543	positive regulation of exosomal secretion	transports_or_maintains_localization_of(UniProtKB:P37840)
GO:0097120	receptor localization to synapse	transports_or_maintains_localization_of(UniProtKB:P39087
GO:1900181	negative regulation of protein localization to nucleus	transports_or_maintains_localization_of(UniProtKB:P46153
GO:0072659	protein localization to plasma membrane	transports_or_maintains_localization_of(UniProtKB:P51141)
GO:1903441	protein localization to ciliary membrane	transports_or_maintains_localization_of(UniProtKB:P56726)
GO:0072659	protein localization to plasma membrane	transports_or_maintains_localization_of(UniProtKB:P58390
GO:0001921	positive regulation of receptor recycling	transports_or_maintains_localization_of(UniProtKB:P61073
GO:0072657	protein localization to membrane	transports_or_maintains_localization_of(UniProtKB:P61765)
GO:2000009	negative regulation of protein localization to cell surface	transports_or_maintains_localization_of(UniProtKB:P79795)
GO:0034613	cellular protein localization	transports_or_maintains_localization_of(UniProtKB:Q03071)
GO:0072659	protein localization to plasma membrane	transports_or_maintains_localization_of(UniProtKB:Q03100)
GO:1900182	positive regulation of protein localization to nucleus	transports_or_maintains_localization_of(UniProtKB:Q04206
GO:1904816	positive regulation of protein localization to chromosome, telomeric region	transports_or_maintains_localization_of(UniProtKB:Q06609)
GO:1903748	negative regulation of establishment of protein localization to mitochondrion	transports_or_maintains_localization_of(UniProtKB:Q07812)
GO:0072655	establishment of protein localization to mitochondrion	transports_or_maintains_localization_of(UniProtKB:Q07813
GO:0072659	protein localization to plasma membrane	transports_or_maintains_localization_of(UniProtKB:Q14524
GO:0072659	protein localization to plasma membrane	transports_or_maintains_localization_of(UniProtKB:Q14524)
GO:0097500	receptor localization to non-motile cilium	transports_or_maintains_localization_of(UniProtKB:Q18571
GO:1904491	protein localization to ciliary transition zone	transports_or_maintains_localization_of(UniProtKB:Q20687)
GO:1904491	protein localization to ciliary transition zone	transports_or_maintains_localization_of(UniProtKB:Q21191)
GO:1904491	protein localization to ciliary transition zone	transports_or_maintains_localization_of(UniProtKB:Q22804)
GO:1904491	protein localization to ciliary transition zone	transports_or_maintains_localization_of(UniProtKB:Q22804)
GO:1904491	protein localization to ciliary transition zone	transports_or_maintains_localization_of(UniProtKB:Q23481)
GO:1904491	protein localization to ciliary transition zone	transports_or_maintains_localization_of(UniProtKB:Q23481)
GO:1904491	protein localization to ciliary transition zone	transports_or_maintains_localization_of(UniProtKB:Q2A955)
GO:1904491	protein localization to ciliary transition zone	transports_or_maintains_localization_of(UniProtKB:Q2A955)
GO:1904491	protein localization to ciliary transition zone	transports_or_maintains_localization_of(UniProtKB:Q2A955)
GO:0045184	establishment of protein localization	transports_or_maintains_localization_of(UniProtKB:Q2QI47)
GO:0045184	establishment of protein localization	transports_or_maintains_localization_of(UniProtKB:Q2XQY6
GO:1904491	protein localization to ciliary transition zone	transports_or_maintains_localization_of(UniProtKB:Q3U284)
GO:1904491	protein localization to ciliary transition zone	transports_or_maintains_localization_of(UniProtKB:Q3V0J1)
GO:0045184	establishment of protein localization	transports_or_maintains_localization_of(UniProtKB:Q5DU05
GO:0072659	protein localization to plasma membrane	transports_or_maintains_localization_of(UniProtKB:Q5S007)
GO:0042147	retrograde transport, endosome to Golgi	transports_or_maintains_localization_of(UniProtKB:Q5T9L3)
GO:0006890	retrograde vesicle-mediated transport, Golgi to ER	transports_or_maintains_localization_of(UniProtKB:Q5T9L3)
GO:0006611	protein export from nucleus	transports_or_maintains_localization_of(UniProtKB:Q5ZKE6)
GO:1903827	regulation of cellular protein localization	transports_or_maintains_localization_of(UniProtKB:Q60838)
GO:0097120	receptor localization to synapse	transports_or_maintains_localization_of(UniProtKB:Q60934)
GO:0045184	establishment of protein localization	transports_or_maintains_localization_of(UniProtKB:Q61043
GO:0045184	establishment of protein localization	transports_or_maintains_localization_of(UniProtKB:Q61371
GO:0045184	establishment of protein localization	transports_or_maintains_localization_of(UniProtKB:Q61371
GO:0099639	neurotransmitter receptor transport, endosome to plasma membrane	transports_or_maintains_localization_of(UniProtKB:Q61616
GO:0070198	protein localization to chromosome, telomeric region	transports_or_maintains_localization_of(UniProtKB:Q61686)
GO:0045184	establishment of protein localization	transports_or_maintains_localization_of(UniProtKB:Q62252)
GO:1904491	protein localization to ciliary transition zone	transports_or_maintains_localization_of(UniProtKB:Q6A078)
GO:1904491	protein localization to ciliary transition zone	transports_or_maintains_localization_of(UniProtKB:Q7YX41)
GO:1904491	protein localization to ciliary transition zone	transports_or_maintains_localization_of(UniProtKB:Q7YX41)
GO:0045184	establishment of protein localization	transports_or_maintains_localization_of(UniProtKB:Q80VW5)
GO:0008104	protein localization	transports_or_maintains_localization_of(UniProtKB:Q8AWW2)
GO:0045184	establishment of protein localization	transports_or_maintains_localization_of(UniProtKB:Q8BXG3
GO:0045184	establishment of protein localization	transports_or_maintains_localization_of(UniProtKB:Q8VHN7)
GO:1990967	multi-organism toxin transport	transports_or_maintains_localization_of(UniProtKB:Q8Z6A7)
GO:0008104	protein localization	transports_or_maintains_localization_of(UniProtKB:Q90763)
GO:0042147	retrograde transport, endosome to Golgi	transports_or_maintains_localization_of(UniProtKB:Q95ST2
GO:0072661	protein targeting to plasma membrane	transports_or_maintains_localization_of(UniProtKB:Q99835)
GO:1903441	protein localization to ciliary membrane	transports_or_maintains_localization_of(UniProtKB:Q99835)
GO:0070200	establishment of protein localization to telomere	transports_or_maintains_localization_of(UniProtKB:Q9BQ15)
GO:0070200	establishment of protein localization to telomere	transports_or_maintains_localization_of(UniProtKB:Q9BQ15)
GO:1904850	negative regulation of establishment of protein localization to telomere	transports_or_maintains_localization_of(UniProtKB:Q9BQ15)
GO:0035418	protein localization to synapse	transports_or_maintains_localization_of(UniProtKB:Q9BT88)
GO:1904871	positive regulation of protein localization to Cajal body	transports_or_maintains_localization_of(UniProtKB:Q9BUR4
GO:1904491	protein localization to ciliary transition zone	transports_or_maintains_localization_of(UniProtKB:Q9D3H0)
GO:0006607	NLS-bearing protein import into nucleus	transports_or_maintains_localization_of(UniProtKB:Q9EPI6
GO:0072659	protein localization to plasma membrane	transports_or_maintains_localization_of(UniProtKB:Q9H2S1)
GO:0072659	protein localization to plasma membrane	transports_or_maintains_localization_of(UniProtKB:Q9JJV9
GO:0097500	receptor localization to non-motile cilium	transports_or_maintains_localization_of(UniProtKB:Q9N2S7
GO:0072595	maintenance of protein localization in organelle	transports_or_maintains_localization_of(UniProtKB:Q9N4A7
GO:0072600	establishment of protein localization to Golgi	transports_or_maintains_localization_of(UniProtKB:Q9NZ52)
GO:0005049	nuclear export signal receptor activity	transports_or_maintains_localization_of(UniProtKB:Q9PWE8)
GO:1904491	protein localization to ciliary transition zone	transports_or_maintains_localization_of(UniProtKB:Q9QY53)
GO:0035418	protein localization to synapse	transports_or_maintains_localization_of(UniProtKB:Q9R0N3)
GO:0070973	protein localization to endoplasmic reticulum exit site	transports_or_maintains_localization_of(UniProtKB:Q9U1W1)
GO:1904491	protein localization to ciliary transition zone	transports_or_maintains_localization_of(UniProtKB:Q9U2H1)
GO:0072659	protein localization to plasma membrane	transports_or_maintains_localization_of(UniProtKB:Q9WVB9)
GO:0006611	protein export from nucleus	transports_or_maintains_localization_of(UniProtKB:Q9Y3I1)
GO:0051457	maintenance of protein location in nucleus	transports_or_maintains_localization_of(UniProtKB:Q9Y3I1)
GO:1905171	positive regulation of protein localization to phagocytic vesicle	transports_or_maintains_localization_of(UniProtKB:Q9Z1N9
GO:0072659	protein localization to plasma membrane	transports_or_maintains_localization_of(UniProtKB:Q9Z206-2)
GO:0005049	nuclear export signal receptor activity	transports_or_maintains_localization_of(UniProtKB:R9PXM9)
GO:0042991	transcription factor import into nucleus	transports_or_maintains_localization_of(UniProtKB:X2KK07)
GO:0042991	transcription factor import into nucleus	transports_or_maintains_localization_of(UniProtKB:X2KK07)
GO:0042991	transcription factor import into nucleus	transports_or_maintains_localization_of(UniProtKB:X2KN52)
GO:0042991	transcription factor import into nucleus	transports_or_maintains_localization_of(UniProtKB:X2KN52)